BE0003470755;01/03/18;113.00;113.55;111.05;111.50;397113
BE0003470755;02/03/18;111.20;111.40;108.95;109.55;412716
BE0003470755;05/03/18;109.25;111.60;109.25;111.60;319281
CH0012214059;01/03/18;48.56;48.56;47.33;47.82;236273
CH0012214059;02/03/18;46.14;46.35;43.68;44.06;638332
CH0012214059;05/03/18;44.29;45.65;44.06;45.47;318440
FR0000031122;01/03/18;9.746;9.97;9.714;9.912;3640188
FR0000031122;02/03/18;9.812;9.926;9.704;9.80;3917641
FR0000031122;05/03/18;9.80;9.866;9.528;9.816;3421719
FR0000031775;01/03/18;65.60;66.00;65.05;65.70;26285
FR0000031775;02/03/18;65.50;65.55;63.30;63.35;28347
FR0000031775;05/03/18;63.20;64.85;63.00;64.50;38129
FR0000034639;01/03/18;14.89;14.89;14.28;14.33;602789
FR0000034639;02/03/18;14.24;14.30;13.88;13.91;432991
FR0000034639;05/03/18;14.00;14.16;13.94;14.12;390256
FR0000035081;01/03/18;79.80;80.10;79.10;79.15;75361
FR0000035081;02/03/18;79.30;79.70;78.70;78.85;75450
FR0000035081;05/03/18;78.80;79.45;78.40;78.95;69286
FR0000038259;01/03/18;462.20;465.60;458.00;462.00;23873
FR0000038259;02/03/18;459.20;460.80;452.80;453.80;29585
FR0000038259;05/03/18;450.00;464.40;449.40;461.80;28874
FR0000039299;01/03/18;4.62;4.638;4.488;4.516;2035623
FR0000039299;02/03/18;4.472;4.48;4.336;4.35;2312133
FR0000039299;05/03/18;4.33;4.37;4.308;4.314;2522694
FR0000044448;01/03/18;43.42;43.54;42.43;42.66;134686
FR0000044448;02/03/18;42.40;42.70;41.70;42.04;181101
FR0000044448;05/03/18;42.10;43.08;42.00;42.58;189275
FR0000045072;01/03/18;14.10;14.13;13.90;14.035;4884982
FR0000045072;02/03/18;13.915;13.935;13.58;13.70;8938087
FR0000045072;05/03/18;13.645;13.775;13.50;13.55;6372830
FR0000050809;01/03/18;160.00;160.60;155.20;155.30;39333
FR0000050809;02/03/18;155.00;156.50;153.30;156.00;62294
FR0000050809;05/03/18;156.20;160.10;155.10;160.00;39405
FR0000051732;01/03/18;108.55;109.25;106.90;107.05;382544
FR0000051732;02/03/18;106.05;106.40;103.65;104.40;756556
FR0000051732;05/03/18;104.60;107.45;104.40;107.25;424544
FR0000051807;01/03/18;120.90;123.80;119.90;121.40;304568
FR0000051807;02/03/18;121.00;123.50;117.20;123.30;270281
FR0000051807;05/03/18;123.10;124.40;119.40;121.00;233529
FR0000052292;01/03/18;442.20;445.60;438.60;441.60;52926
FR0000052292;02/03/18;437.90;440.80;437.30;440.80;67912
FR0000052292;05/03/18;440.50;445.10;439.70;440.00;54206
FR0000053225;01/03/18;23.30;23.30;22.88;23.00;100271
FR0000053225;02/03/18;22.90;22.94;22.62;22.70;79065
FR0000053225;05/03/18;22.60;22.76;22.38;22.50;77053
FR0000054470;01/03/18;67.86;68.48;66.50;67.30;259948
FR0000054470;02/03/18;66.74;66.88;64.54;65.08;348977
FR0000054470;05/03/18;64.94;66.30;64.76;66.24;208829
FR0000054900;01/03/18;11.59;11.70;11.50;11.62;214863
FR0000054900;02/03/18;11.52;11.61;11.19;11.35;272055
FR0000054900;05/03/18;11.29;11.29;10.96;11.10;223674
FR0000064578;01/03/18;86.00;86.75;85.00;85.65;130034
FR0000064578;02/03/18;85.70;86.65;85.20;85.85;115319
FR0000064578;05/03/18;85.90;86.60;85.70;86.35;89610
FR0000071946;01/03/18;79.20;80.15;79.00;79.25;48852
FR0000071946;02/03/18;78.90;79.45;76.90;76.95;55478
FR0000071946;05/03/18;76.80;77.50;76.40;77.00;42948
FR0000073272;01/03/18;90.68;90.70;88.84;88.96;1091220
FR0000073272;02/03/18;88.12;88.14;84.36;84.84;1605520
FR0000073272;05/03/18;84.76;86.14;84.76;85.34;1103752
FR0000077919;01/03/18;31.84;31.94;30.90;31.16;273546
FR0000077919;02/03/18;31.00;31.14;30.52;30.58;211668
FR0000077919;05/03/18;30.46;31.12;29.82;30.68;193773
FR0000120073;01/03/18;102.80;103.30;101.40;101.65;1412714
FR0000120073;02/03/18;100.80;101.35;99.36;99.62;1338427
FR0000120073;05/03/18;99.44;101.05;99.38;100.75;1084128
FR0000120172;01/03/18;18.12;18.30;17.35;17.81;11741814
FR0000120172;02/03/18;17.615;17.755;17.28;17.395;4701894
FR0000120172;05/03/18;17.43;17.695;17.375;17.48;3228937
FR0000120222;01/03/18;19.98;20.10;19.70;20.04;469693
FR0000120222;02/03/18;19.95;20.02;19.36;19.49;473100
FR0000120222;05/03/18;19.35;19.72;19.35;19.48;570436
FR0000120271;01/03/18;46.63;46.83;46.115;46.41;6723051
FR0000120271;02/03/18;46.15;46.275;45.26;45.50;7026769
FR0000120271;05/03/18;45.445;46.16;45.40;45.95;5349417
FR0000120321;01/03/18;176.55;176.95;172.75;173.30;773820
FR0000120321;02/03/18;172.80;173.55;170.70;171.10;737027
FR0000120321;05/03/18;171.20;175.40;170.50;174.95;574030
FR0000120354;01/03/18;4.421;4.714;4.389;4.566;6930615
FR0000120354;02/03/18;4.61;4.788;4.522;4.635;10637468
FR0000120354;05/03/18;4.643;4.657;4.411;4.46;5515278
FR0000120404;01/03/18;47.00;47.16;45.84;46.06;2063815
FR0000120404;02/03/18;45.77;45.90;45.21;45.43;1142069
FR0000120404;05/03/18;45.40;45.95;45.21;45.54;970447
FR0000120503;01/03/18;41.53;41.66;40.93;40.99;744258
FR0000120503;02/03/18;40.73;40.76;40.11;40.20;896032
FR0000120503;05/03/18;40.20;40.64;40.17;40.53;663799
FR0000120560;01/03/18;24.00;24.02;23.32;23.42;84886
FR0000120560;02/03/18;23.36;23.44;22.86;23.00;90792
FR0000120560;05/03/18;23.12;23.48;22.98;23.36;50056
FR0000120578;01/03/18;64.94;65.26;64.32;64.65;2974078
FR0000120578;02/03/18;64.08;64.24;63.28;63.40;2617608
FR0000120578;05/03/18;63.26;64.68;63.13;64.50;3261975
FR0000120628;01/03/18;25.795;25.945;25.46;25.79;8940154
FR0000120628;02/03/18;25.60;25.66;24.875;25.05;9520060
FR0000120628;05/03/18;23.55;23.875;22.55;22.62;37544898
FR0000120644;01/03/18;65.56;65.93;64.80;65.24;1777490
FR0000120644;02/03/18;64.99;65.30;63.51;63.77;2353702
FR0000120644;05/03/18;63.89;64.89;63.74;64.86;1670043
FR0000120685;01/03/18;7.07;7.108;6.958;7.008;3922163
FR0000120685;02/03/18;6.95;6.96;6.674;6.722;6390787
FR0000120685;05/03/18;6.70;6.774;6.68;6.74;4986810
FR0000120693;01/03/18;134.65;135.30;132.40;133.15;552484
FR0000120693;02/03/18;132.50;133.25;130.00;130.45;619369
FR0000120693;05/03/18;130.45;131.35;130.00;131.10;457928
FR0000120859;01/03/18;83.85;84.00;82.35;82.45;105860
FR0000120859;02/03/18;82.05;82.45;79.20;79.50;87701
FR0000120859;05/03/18;79.60;81.10;79.55;80.65;73492
FR0000120966;01/03/18;86.05;86.50;85.30;85.75;76264
FR0000120966;02/03/18;85.70;85.70;84.20;84.75;85691
FR0000120966;05/03/18;84.60;85.40;84.25;84.60;73832
FR0000121014;01/03/18;246.00;246.45;241.65;244.10;649330
FR0000121014;02/03/18;241.75;242.40;238.00;238.75;807006
FR0000121014;05/03/18;238.45;241.75;237.55;240.75;519966
FR0000121121;01/03/18;78.25;78.40;77.00;77.15;110572
FR0000121121;02/03/18;76.75;76.85;75.05;75.15;134875
FR0000121121;05/03/18;75.00;76.10;74.80;76.00;139693
FR0000121147;01/03/18;69.22;69.26;66.14;66.36;669557
FR0000121147;02/03/18;64.52;64.82;63.30;64.08;799500
FR0000121147;05/03/18;63.10;64.36;62.72;63.56;590286
FR0000121204;01/03/18;142.20;142.90;140.10;140.20;59162
FR0000121204;02/03/18;139.70;140.00;137.20;137.90;61110
FR0000121204;05/03/18;137.50;138.90;137.10;138.20;64582
FR0000121220;01/03/18;100.60;101.20;99.16;99.96;400438
FR0000121220;02/03/18;99.52;99.60;98.90;99.28;455908
FR0000121220;05/03/18;99.14;100.40;99.00;100.20;260544
FR0000121261;01/03/18;126.70;127.55;124.10;124.25;625618
FR0000121261;02/03/18;123.50;124.10;121.60;122.05;589185
FR0000121261;05/03/18;121.40;123.95;120.40;122.65;782799
FR0000121329;01/03/18;91.22;91.96;90.50;91.06;279978
FR0000121329;02/03/18;90.34;90.72;89.02;89.50;387294
FR0000121329;05/03/18;89.30;90.32;89.02;89.72;284173
FR0000121485;01/03/18;389.80;391.90;383.80;384.50;211438
FR0000121485;02/03/18;381.30;382.80;373.20;375.20;246505
FR0000121485;05/03/18;375.10;383.60;374.70;382.70;158630
FR0000121501;01/03/18;19.45;20.15;19.08;19.45;10170693
FR0000121501;02/03/18;19.465;19.555;18.87;19.06;5873241
FR0000121501;05/03/18;18.92;19.49;18.88;19.19;4930657
FR0000121667;01/03/18;110.85;115.65;107.80;113.10;1878577
FR0000121667;02/03/18;113.40;114.10;112.15;112.50;1016661
FR0000121667;05/03/18;112.70;113.45;112.00;113.15;656893
FR0000121709;01/03/18;167.00;167.00;160.50;161.50;84512
FR0000121709;02/03/18;161.30;161.30;156.40;156.40;65428
FR0000121709;05/03/18;156.60;157.20;153.60;153.60;73919
FR0000121725;01/03/18;1436.00;1436.00;1399.00;1419.00;7521
FR0000121725;02/03/18;1403.00;1418.00;1375.00;1375.00;4608
FR0000121725;05/03/18;1405.00;1407.00;1379.00;1383.00;7512
FR0000121964;01/03/18;33.94;34.23;33.71;33.86;783379
FR0000121964;02/03/18;33.81;34.04;33.61;33.73;786685
FR0000121964;05/03/18;33.61;34.01;33.61;33.83;595950
FR0000121972;01/03/18;71.38;71.52;70.44;70.68;1805007
FR0000121972;02/03/18;70.20;70.26;68.24;68.44;2014987
FR0000121972;05/03/18;68.24;70.22;68.18;69.90;1779701
FR0000124141;01/03/18;19.965;20.01;19.66;19.66;2638680
FR0000124141;02/03/18;19.545;19.62;18.94;19.015;2687076
FR0000124141;05/03/18;18.985;19.195;18.905;19.075;2157424
FR0000124570;01/03/18;38.60;38.63;37.55;37.67;200045
FR0000124570;02/03/18;37.66;37.66;36.81;37.15;236638
FR0000124570;05/03/18;36.80;37.30;36.73;37.13;191966
FR0000124711;01/03/18;191.10;192.30;188.95;190.35;404469
FR0000124711;02/03/18;189.40;190.85;186.80;187.40;394747
FR0000124711;05/03/18;187.45;190.70;187.25;190.65;293411
FR0000125007;01/03/18;46.525;46.91;46.18;46.37;3438869
FR0000125007;02/03/18;45.80;45.985;44.755;44.845;3022858
FR0000125007;05/03/18;44.875;45.285;44.545;45.00;2410843
FR0000125338;01/03/18;102.85;103.00;101.05;101.35;593539
FR0000125338;02/03/18;100.40;100.50;98.72;99.30;562742
FR0000125338;05/03/18;99.54;101.30;99.16;100.95;378687
FR0000125346;01/03/18;71.58;72.96;69.80;70.14;559836
FR0000125346;02/03/18;69.56;69.78;68.16;69.70;688123
FR0000125346;05/03/18;69.02;70.22;68.74;69.06;471270
FR0000125486;01/03/18;81.00;81.68;79.94;79.98;1634512
FR0000125486;02/03/18;79.42;79.54;78.54;78.86;1955518
FR0000125486;05/03/18;78.76;80.04;78.72;80.00;1205915
FR0000125585;01/03/18;44.48;45.07;44.17;44.91;681398
FR0000125585;02/03/18;44.75;44.92;43.39;43.68;647996
FR0000125585;05/03/18;43.51;44.48;43.44;44.15;392806
FR0000125684;01/03/18;24.96;24.98;24.95;24.97;106664
FR0000125684;02/03/18;24.93;24.96;24.67;24.67;228543
FR0000125684;05/03/18;24.64;24.67;23.99;24.04;158740
FR0000127771;01/03/18;21.21;21.28;20.70;20.71;4582747
FR0000127771;02/03/18;20.57;20.67;20.31;20.35;5428773
FR0000127771;05/03/18;20.31;20.59;20.30;20.53;3451445
FR0000130213;01/03/18;24.16;24.31;23.87;24.24;368815
FR0000130213;02/03/18;24.03;24.03;23.56;23.78;426335
FR0000130213;05/03/18;23.81;23.97;23.70;23.91;383125
FR0000130395;01/03/18;111.90;112.00;110.50;111.40;90813
FR0000130395;02/03/18;111.30;111.80;108.00;108.10;123723
FR0000130395;05/03/18;108.10;110.80;108.10;109.70;67628
FR0000130452;01/03/18;89.00;91.42;88.76;89.74;554228
FR0000130452;02/03/18;89.10;90.00;88.56;89.22;489269
FR0000130452;05/03/18;88.98;89.80;88.96;89.22;440581
FR0000130577;01/03/18;60.90;60.90;58.26;59.92;1970251
FR0000130577;02/03/18;59.72;60.10;58.64;58.80;762202
FR0000130577;05/03/18;58.86;59.28;58.64;58.96;563905
FR0000130650;01/03/18;105.85;106.20;104.15;104.80;339979
FR0000130650;02/03/18;103.40;103.90;101.80;102.50;385780
FR0000130650;05/03/18;102.00;104.90;101.90;104.45;312322
FR0000130809;01/03/18;46.83;47.00;46.11;46.58;3931493
FR0000130809;02/03/18;46.135;46.225;44.775;45.19;5430466
FR0000130809;05/03/18;44.885;45.64;44.785;45.09;3243319
FR0000131104;01/03/18;65.11;65.20;64.05;64.71;3389069
FR0000131104;02/03/18;64.05;64.26;62.62;62.88;5513707
FR0000131104;05/03/18;62.94;63.33;61.63;62.06;5340815
FR0000131906;01/03/18;89.20;90.54;89.00;90.00;1564612
FR0000131906;02/03/18;89.01;89.55;87.78;88.54;1538873
FR0000131906;05/03/18;87.80;89.17;87.03;88.11;1418306
FR0000133308;01/03/18;13.88;13.99;13.805;13.935;7588935
FR0000133308;02/03/18;13.87;13.945;13.685;13.74;7631730
FR0000133308;05/03/18;13.715;13.93;13.675;13.885;7046677
FR0000184798;01/03/18;98.40;98.58;96.94;97.98;80631
FR0000184798;02/03/18;97.46;97.66;96.16;97.42;101986
FR0000184798;05/03/18;97.00;98.46;96.86;98.26;93978
FR0004035913;01/03/18;192.30;192.80;189.40;192.35;113089
FR0004035913;02/03/18;191.30;191.45;187.50;190.00;138618
FR0004035913;05/03/18;189.35;192.05;188.60;189.70;89025
FR0004125920;01/03/18;66.90;67.48;64.60;64.60;288902
FR0004125920;02/03/18;64.20;64.50;62.66;62.90;255478
FR0004125920;05/03/18;62.70;64.46;62.70;63.56;239996
FR0004163111;01/03/18;23.00;23.10;22.42;22.52;202471
FR0004163111;02/03/18;22.42;22.52;22.00;22.26;221432
FR0004163111;05/03/18;22.08;22.70;22.08;22.58;129243
FR0004188670;01/03/18;29.82;30.20;28.68;29.38;140810
FR0004188670;02/03/18;29.30;29.94;29.00;29.52;121025
FR0004188670;05/03/18;29.36;29.78;29.20;29.30;82283
FR0004254035;01/03/18;122.00;122.00;121.80;121.80;6027
FR0004254035;02/03/18;121.80;122.00;121.80;121.80;13542
FR0004254035;05/03/18;121.80;122.00;121.80;121.80;41697
FR0006174348;01/03/18;21.46;21.88;21.25;21.30;1561055
FR0006174348;02/03/18;21.19;21.45;21.03;21.25;1420609
FR0006174348;05/03/18;21.20;21.66;21.19;21.62;1169728
FR0010040865;01/03/18;144.00;145.20;144.00;144.10;147144
FR0010040865;02/03/18;144.20;144.40;140.80;141.40;153696
FR0010040865;05/03/18;141.20;141.70;139.40;141.00;159962
FR0010112524;01/03/18;51.35;52.00;51.10;51.35;133300
FR0010112524;02/03/18;51.20;51.55;50.00;50.25;121290
FR0010112524;05/03/18;50.05;51.40;50.05;51.30;91440
FR0010208488;01/03/18;12.845;12.94;12.65;12.74;9239767
FR0010208488;02/03/18;12.685;12.70;12.165;12.27;11919883
FR0010208488;05/03/18;12.25;12.60;12.185;12.60;11977737
FR0010220475;01/03/18;34.58;34.89;34.25;34.60;927491
FR0010220475;02/03/18;34.34;34.34;33.31;33.69;1150641
FR0010220475;05/03/18;33.58;33.74;33.10;33.46;741542
FR0010221234;01/03/18;19.175;19.19;18.455;18.95;983576
FR0010221234;02/03/18;18.865;18.865;18.45;18.50;857474
FR0010221234;05/03/18;18.445;18.835;18.125;18.665;1011009
FR0010241638;01/03/18;16.06;16.09;15.89;15.90;139276
FR0010241638;02/03/18;15.89;15.94;15.70;15.91;167837
FR0010241638;05/03/18;15.91;15.98;15.86;15.96;81596
FR0010242511;01/03/18;10.66;10.705;10.525;10.58;2071618
FR0010242511;02/03/18;10.51;10.53;10.15;10.285;3395921
FR0010242511;05/03/18;10.235;10.52;10.18;10.47;1991492
FR0010259150;01/03/18;121.00;122.15;119.40;120.20;128328
FR0010259150;02/03/18;119.00;119.00;116.75;117.90;108376
FR0010259150;05/03/18;117.50;118.50;116.80;117.60;120513
FR0010307819;01/03/18;64.30;64.48;63.16;63.44;755873
FR0010307819;02/03/18;63.00;63.04;61.42;61.76;634113
FR0010307819;05/03/18;61.70;62.90;61.56;62.74;633456
FR0010313833;01/03/18;107.10;107.75;104.55;105.70;227876
FR0010313833;02/03/18;105.05;105.25;102.65;103.95;409191
FR0010313833;05/03/18;103.60;106.35;103.60;106.30;270010
FR0010331421;01/03/18;5.60;5.60;5.475;5.57;114346
FR0010331421;02/03/18;5.50;5.50;5.405;5.415;195406
FR0010331421;05/03/18;5.40;5.615;5.32;5.54;218277
FR0010340141;01/03/18;165.80;166.00;162.70;163.60;75933
FR0010340141;02/03/18;163.20;163.20;158.90;160.10;76000
FR0010340141;05/03/18;159.70;162.90;158.80;161.50;81354
FR0010386334;01/03/18;26.80;26.88;26.50;26.60;137972
FR0010386334;02/03/18;26.58;26.92;26.02;26.64;383755
FR0010386334;05/03/18;26.72;29.26;26.42;28.98;1674729
FR0010411983;01/03/18;34.97;34.97;34.32;34.85;483638
FR0010411983;02/03/18;34.73;34.73;33.50;33.82;693885
FR0010411983;05/03/18;33.40;33.99;33.30;33.93;511453
FR0010417345;01/03/18;34.64;35.22;34.02;34.54;111417
FR0010417345;02/03/18;34.40;35.40;33.70;34.78;136189
FR0010417345;05/03/18;35.00;36.20;34.90;35.08;126345
FR0010451203;01/03/18;14.46;14.595;14.075;14.205;858160
FR0010451203;02/03/18;14.20;14.20;13.68;13.745;719944
FR0010451203;05/03/18;13.70;13.935;13.675;13.895;672659
FR0010533075;01/03/18;10.56;10.595;10.36;10.44;1166470
FR0010533075;02/03/18;10.395;12.49;10.26;11.645;6530090
FR0010533075;05/03/18;11.46;11.69;11.04;11.615;3274621
FR0010613471;01/03/18;11.59;11.60;11.07;11.24;2344754
FR0010613471;02/03/18;11.18;11.22;10.885;10.99;2849428
FR0010613471;05/03/18;10.915;11.125;10.86;11.105;2204088
FR0010908533;01/03/18;28.82;28.95;28.14;28.43;498651
FR0010908533;02/03/18;28.32;28.52;27.31;27.61;1163115
FR0010908533;05/03/18;27.51;27.80;27.48;27.72;761084
FR0010918292;01/03/18;1.861;1.919;1.815;1.881;3049492
FR0010918292;02/03/18;1.95;1.96;1.429;1.46;26416593
FR0010918292;05/03/18;1.479;1.567;1.37;1.389;12205826
FR0011476928;01/03/18;92.20;92.25;90.15;91.25;37249
FR0011476928;02/03/18;91.00;91.00;89.00;89.00;36609
FR0011476928;05/03/18;89.10;89.60;87.75;89.55;48295
FR0011726835;01/03/18;52.30;53.10;51.85;52.30;66012
FR0011726835;02/03/18;52.10;52.30;50.40;51.10;114847
FR0011726835;05/03/18;50.85;51.85;50.80;51.20;75214
FR0011950732;01/03/18;17.92;18.05;17.71;18.01;243848
FR0011950732;02/03/18;17.94;18.00;17.61;17.68;217748
FR0011950732;05/03/18;17.60;18.46;17.56;18.15;448930
FR0011981968;01/03/18;41.70;41.94;41.34;41.76;64187
FR0011981968;02/03/18;41.22;42.14;40.82;41.64;76524
FR0011981968;05/03/18;41.58;42.46;41.56;42.00;70568
FR0012435121;01/03/18;21.00;21.02;20.52;20.72;597330
FR0012435121;02/03/18;20.64;20.92;20.48;20.86;491674
FR0012435121;05/03/18;20.80;20.98;20.76;20.88;399185
FR0012757854;01/03/18;20.36;20.36;20.04;20.26;258985
FR0012757854;02/03/18;20.14;20.22;19.97;20.04;309783
FR0012757854;05/03/18;20.02;20.10;19.82;19.96;184015
FR0012789949;01/03/18;11.00;11.10;10.45;10.51;1621306
FR0012789949;02/03/18;10.50;10.60;9.80;10.26;924586
FR0012789949;05/03/18;10.28;10.33;10.01;10.15;455706
FR0013153541;01/03/18;34.84;35.08;34.20;34.22;78926
FR0013153541;02/03/18;34.30;34.34;33.54;33.64;61813
FR0013153541;05/03/18;34.08;34.38;33.94;34.10;66801
FR0013154002;01/03/18;72.65;73.25;71.95;72.70;46151
FR0013154002;02/03/18;72.30;72.55;69.50;70.35;43873
FR0013154002;05/03/18;70.00;71.55;69.65;71.00;50282
FR0013176526;01/03/18;53.26;53.34;52.50;52.50;1536364
FR0013176526;02/03/18;52.56;52.80;52.00;52.68;1614365
FR0013176526;05/03/18;52.44;53.18;52.12;53.18;1130896
FR0013227113;01/03/18;64.00;64.15;61.75;63.00;125509
FR0013227113;02/03/18;61.40;61.40;58.95;59.85;187165
FR0013227113;05/03/18;59.85;61.85;59.55;60.70;100078
FR0013258662;01/03/18;13.39;13.45;12.94;12.99;142569
FR0013258662;02/03/18;12.95;12.99;12.54;12.61;151822
FR0013258662;05/03/18;12.62;12.93;12.55;12.55;122746
FR0013269123;01/03/18;58.75;58.85;57.65;57.80;169891
FR0013269123;02/03/18;57.50;57.75;56.70;56.90;183989
FR0013269123;05/03/18;56.55;57.50;56.30;57.30;158916
FR0013280286;01/03/18;62.40;63.20;60.10;63.10;360310
FR0013280286;02/03/18;62.90;64.90;62.20;64.10;217951
FR0013280286;05/03/18;64.00;64.60;63.70;64.10;154481
GB00BDSFG982;01/03/18;23.93;23.93;23.53;23.74;1623464
GB00BDSFG982;02/03/18;23.64;23.69;22.90;23.04;1884630
GB00BDSFG982;05/03/18;23.12;23.96;23.10;23.86;1325038
LU0088087324;01/03/18;13.085;13.58;12.895;13.475;1627125
LU0088087324;02/03/18;13.41;13.415;12.955;13.025;1693928
LU0088087324;05/03/18;12.95;12.99;12.705;12.895;1091800
LU0569974404;01/03/18;42.71;43.15;42.53;42.67;174241
LU0569974404;02/03/18;42.50;42.65;41.24;41.67;423525
LU0569974404;05/03/18;41.39;42.14;41.31;41.57;159943
LU1598757687;01/03/18;28.11;28.33;27.625;27.715;6589998
LU1598757687;02/03/18;27.20;27.385;26.255;26.69;10361033
LU1598757687;05/03/18;26.50;26.95;26.145;26.48;5669131
NL0000226223;01/03/18;18.74;18.78;17.915;18.10;2362484
NL0000226223;02/03/18;17.895;17.915;17.475;17.69;2758931
NL0000226223;05/03/18;17.63;18.27;17.54;18.225;1866350
NL0000235190;01/03/18;98.17;98.79;96.14;97.10;1760776
NL0000235190;02/03/18;95.80;95.88;93.57;93.95;2642941
NL0000235190;05/03/18;93.48;95.99;93.34;95.75;1883059
NL0000400653;01/03/18;49.40;49.49;49.27;49.49;517630
NL0000400653;02/03/18;49.50;49.74;49.50;49.74;917206
NL0000400653;05/03/18;49.61;49.84;49.61;49.82;449499
NL0006294274;01/03/18;57.30;57.85;56.85;57.00;147881
NL0006294274;02/03/18;56.70;56.70;55.50;55.80;239925
NL0006294274;05/03/18;55.90;57.50;55.75;57.25;141588
