BE0003470755;19/04/18;114.60;115.40;114.55;115.05;149615
BE0003470755;20/04/18;115.05;115.80;114.25;115.60;207852
CH0012214059;19/04/18;45.37;45.97;45.37;45.92;132364
CH0012214059;20/04/18;45.86;46.49;45.86;46.42;320780
FR0000031122;19/04/18;8.56;8.666;8.41;8.448;3703411
FR0000031122;20/04/18;8.462;8.47;7.95;8.236;8128274
FR0000031775;19/04/18;61.55;62.40;61.55;62.30;18984
FR0000031775;20/04/18;60.80;60.95;59.55;60.25;43973
FR0000034639;19/04/18;12.82;13.02;12.73;12.80;755062
FR0000034639;20/04/18;12.79;12.83;12.61;12.64;589071
FR0000035081;19/04/18;79.55;79.85;78.90;79.30;104624
FR0000035081;20/04/18;79.30;79.80;78.90;79.25;81262
FR0000038259;19/04/18;434.20;436.80;432.20;434.40;23241
FR0000038259;20/04/18;434.00;436.20;431.00;435.40;19510
FR0000039299;19/04/18;4.432;4.516;4.426;4.50;1532115
FR0000039299;20/04/18;4.50;4.54;4.394;4.414;1090000
FR0000044448;19/04/18;43.71;44.67;43.44;44.67;228397
FR0000044448;20/04/18;44.71;44.72;43.94;44.42;120338
FR0000045072;19/04/18;13.46;13.53;13.405;13.50;3219481
FR0000045072;20/04/18;13.525;13.635;13.485;13.585;4221609
FR0000050809;19/04/18;167.80;168.70;166.50;168.10;19918
FR0000050809;20/04/18;167.90;168.20;166.90;167.90;21296
FR0000051732;19/04/18;111.40;111.60;110.05;110.05;234130
FR0000051732;20/04/18;110.15;111.10;109.75;110.35;303597
FR0000051807;19/04/18;130.00;130.80;129.90;130.50;88057
FR0000051807;20/04/18;131.00;131.30;129.80;131.20;114095
FR0000052292;19/04/18;521.80;521.80;514.20;516.00;57961
FR0000052292;20/04/18;516.00;517.60;514.20;517.60;65731
FR0000053225;19/04/18;20.70;21.10;20.58;20.96;64106
FR0000053225;20/04/18;20.96;21.02;20.16;20.54;93494
FR0000054470;19/04/18;79.00;79.74;78.82;79.08;326581
FR0000054470;20/04/18;79.40;79.96;78.78;79.10;366965
FR0000054900;19/04/18;10.44;10.69;10.44;10.60;215233
FR0000054900;20/04/18;10.61;10.65;10.42;10.49;202006
FR0000064578;19/04/18;89.15;89.45;87.90;88.30;156757
FR0000064578;20/04/18;88.20;89.15;88.20;88.75;102901
FR0000071946;19/04/18;79.10;79.50;78.25;78.45;24057
FR0000071946;20/04/18;78.65;79.10;78.40;78.50;27452
FR0000073272;19/04/18;89.98;90.54;89.42;90.18;753487
FR0000073272;20/04/18;90.18;90.46;89.54;90.08;1213607
FR0000077919;19/04/18;29.30;29.66;29.26;29.58;149961
FR0000077919;20/04/18;29.60;29.66;29.30;29.62;154669
FR0000120073;19/04/18;102.95;103.70;102.95;103.65;723476
FR0000120073;20/04/18;103.80;105.00;103.30;104.70;1040272
FR0000120172;19/04/18;16.23;16.53;16.23;16.41;3298983
FR0000120172;20/04/18;16.40;16.63;16.40;16.465;2759491
FR0000120222;19/04/18;21.08;21.28;21.06;21.24;277718
FR0000120222;20/04/18;21.24;21.38;21.20;21.26;312520
FR0000120271;19/04/18;49.745;50.40;49.725;50.30;5886295
FR0000120271;20/04/18;50.30;50.83;49.855;50.64;8508792
FR0000120321;19/04/18;190.20;191.40;189.50;190.10;481261
FR0000120321;20/04/18;190.10;191.65;189.10;191.40;620454
FR0000120354;19/04/18;5.03;5.20;5.006;5.076;7365005
FR0000120354;20/04/18;5.09;5.148;4.985;5.07;4606362
FR0000120404;19/04/18;44.71;45.01;43.96;45.00;976101
FR0000120404;20/04/18;44.99;45.51;44.95;45.51;739676
FR0000120503;19/04/18;42.47;43.00;42.42;42.86;794905
FR0000120503;20/04/18;42.80;43.00;42.63;42.82;743105
FR0000120560;19/04/18;21.90;22.24;21.76;21.84;116015
FR0000120560;20/04/18;21.88;22.16;21.56;21.62;70641
FR0000120578;19/04/18;65.76;66.05;65.35;65.60;2183232
FR0000120578;20/04/18;65.20;65.95;65.08;65.28;3237572
FR0000120628;19/04/18;23.34;23.55;23.32;23.455;6341265
FR0000120628;20/04/18;23.60;23.60;23.35;23.415;9178220
FR0000120644;19/04/18;67.50;67.74;66.01;66.46;1987712
FR0000120644;20/04/18;66.13;66.53;65.89;66.38;2286718
FR0000120685;19/04/18;6.606;6.666;6.58;6.66;3557590
FR0000120685;20/04/18;6.65;6.656;6.574;6.592;3796955
FR0000120693;19/04/18;141.25;141.90;137.50;138.70;583044
FR0000120693;20/04/18;139.05;139.40;138.30;139.00;467468
FR0000120859;19/04/18;80.40;80.65;79.75;80.25;105351
FR0000120859;20/04/18;80.60;81.15;80.10;80.75;89882
FR0000120966;19/04/18;80.65;81.00;80.55;80.90;113797
FR0000120966;20/04/18;80.85;81.50;80.80;80.85;120916
FR0000121014;19/04/18;282.90;282.95;276.10;277.20;610663
FR0000121014;20/04/18;278.50;280.80;276.85;279.25;764368
FR0000121121;19/04/18;74.10;75.05;74.10;74.20;86847
FR0000121121;20/04/18;74.15;74.95;74.15;74.65;93274
FR0000121147;19/04/18;67.64;69.00;67.64;68.74;400876
FR0000121147;20/04/18;69.70;69.96;67.30;68.70;537275
FR0000121204;19/04/18;124.60;125.40;124.30;124.60;63897
FR0000121204;20/04/18;124.90;125.20;123.40;123.40;69604
FR0000121220;19/04/18;79.76;80.86;79.42;80.78;407132
FR0000121220;20/04/18;80.82;82.22;80.70;82.14;455230
FR0000121261;19/04/18;117.00;118.75;116.20;118.30;583143
FR0000121261;20/04/18;118.30;118.30;116.25;117.25;649149
FR0000121329;19/04/18;103.50;104.35;102.95;103.00;276826
FR0000121329;20/04/18;103.10;104.20;102.60;103.40;221738
FR0000121485;19/04/18;434.20;434.50;427.60;429.00;154267
FR0000121485;20/04/18;429.00;435.80;428.20;431.00;204890
FR0000121501;19/04/18;20.50;20.71;20.48;20.57;1852302
FR0000121501;20/04/18;20.50;20.78;20.36;20.78;3185914
FR0000121667;19/04/18;113.30;113.35;112.65;113.35;331555
FR0000121667;20/04/18;113.30;114.45;112.90;114.45;587616
FR0000121709;19/04/18;160.30;161.70;159.20;161.50;44583
FR0000121709;20/04/18;161.50;161.50;154.50;154.70;80736
FR0000121725;19/04/18;1638.00;1649.00;1633.00;1640.00;5579
FR0000121725;20/04/18;1647.00;1686.00;1634.00;1683.00;9671
FR0000121964;19/04/18;34.26;34.65;34.23;34.34;581095
FR0000121964;20/04/18;34.44;34.80;34.43;34.55;572110
FR0000121972;19/04/18;74.64;74.84;73.86;74.18;1822841
FR0000121972;20/04/18;74.50;75.66;74.08;75.36;2162249
FR0000124141;19/04/18;19.32;19.545;19.315;19.42;1339265
FR0000124141;20/04/18;19.375;19.45;19.215;19.305;1278104
FR0000124570;19/04/18;40.39;40.79;40.26;40.72;134139
FR0000124570;20/04/18;40.75;40.77;39.84;40.35;142302
FR0000124711;19/04/18;192.75;194.05;191.70;191.80;297572
FR0000124711;20/04/18;191.30;193.20;191.00;193.00;366926
FR0000125007;19/04/18;43.65;43.975;43.635;43.675;1139566
FR0000125007;20/04/18;43.76;44.165;43.685;44.005;1786090
FR0000125338;19/04/18;104.95;105.65;104.75;105.15;477493
FR0000125338;20/04/18;105.15;105.50;104.65;105.00;351199
FR0000125346;19/04/18;70.68;71.26;70.26;70.64;195828
FR0000125346;20/04/18;70.22;71.02;70.02;70.58;212678
FR0000125486;19/04/18;83.38;83.74;82.90;83.74;1017653
FR0000125486;20/04/18;83.78;84.50;83.60;84.50;1632023
FR0000125585;19/04/18;42.43;42.75;42.15;42.28;508324
FR0000125585;20/04/18;42.37;42.91;42.23;42.44;446972
FR0000127771;19/04/18;20.90;21.76;20.90;21.61;9273032
FR0000127771;20/04/18;21.23;21.39;21.02;21.09;5349627
FR0000130213;19/04/18;23.09;23.57;23.08;23.54;521571
FR0000130213;20/04/18;23.51;23.64;23.29;23.35;531815
FR0000130395;19/04/18;115.90;116.10;114.00;114.00;71745
FR0000130395;20/04/18;113.90;114.30;113.30;113.50;84627
FR0000130452;19/04/18;96.00;96.60;95.78;96.36;220861
FR0000130452;20/04/18;96.52;97.46;96.30;97.10;257864
FR0000130577;19/04/18;58.30;61.00;58.00;60.28;2080111
FR0000130577;20/04/18;60.40;60.46;58.94;59.40;866070
FR0000130650;19/04/18;111.00;111.15;108.65;109.20;253697
FR0000130650;20/04/18;109.25;109.30;107.65;108.35;344791
FR0000130809;19/04/18;44.87;45.42;44.825;45.265;2754871
FR0000130809;20/04/18;45.265;45.635;45.14;45.595;2894109
FR0000131104;19/04/18;62.15;62.82;62.03;62.59;2392061
FR0000131104;20/04/18;62.83;63.37;62.64;63.21;4200385
FR0000131906;19/04/18;94.50;95.20;94.20;94.50;549895
FR0000131906;20/04/18;94.50;94.60;93.70;94.12;673692
FR0000133308;19/04/18;14.53;14.59;14.475;14.51;4718551
FR0000133308;20/04/18;14.515;14.85;14.50;14.76;8261465
FR0000184798;19/04/18;106.45;106.45;105.35;105.75;74734
FR0000184798;20/04/18;105.85;106.10;104.30;104.60;95380
FR0004035913;19/04/18;176.60;177.50;173.35;173.45;138861
FR0004035913;20/04/18;174.10;176.95;172.95;174.55;109929
FR0004125920;19/04/18;66.30;67.02;65.80;66.54;87820
FR0004125920;20/04/18;66.90;67.36;66.50;67.28;110849
FR0004163111;19/04/18;25.08;25.36;24.92;25.02;102712
FR0004163111;20/04/18;24.96;25.10;24.76;24.76;113593
FR0004188670;19/04/18;26.44;26.72;26.44;26.50;71551
FR0004188670;20/04/18;26.50;26.74;26.22;26.32;98053
FR0004254035;19/04/18;122.00;122.20;122.00;122.00;9367
FR0004254035;20/04/18;122.00;122.20;122.00;122.00;6644
FR0006174348;19/04/18;21.11;21.51;21.11;21.44;800909
FR0006174348;20/04/18;21.50;21.58;21.32;21.46;665761
FR0010040865;19/04/18;141.80;142.40;139.90;140.00;156556
FR0010040865;20/04/18;139.80;141.00;139.80;139.90;113807
FR0010112524;19/04/18;52.00;52.25;51.90;52.05;54790
FR0010112524;20/04/18;52.10;52.25;52.00;52.10;97732
FR0010208488;19/04/18;13.985;14.13;13.955;14.09;3975893
FR0010208488;20/04/18;14.105;14.21;14.06;14.135;5064762
FR0010220475;19/04/18;37.47;37.83;37.34;37.68;598675
FR0010220475;20/04/18;37.84;38.15;37.71;38.03;493803
FR0010221234;19/04/18;17.70;18.315;17.69;18.205;821486
FR0010221234;20/04/18;18.195;18.28;17.905;17.995;535587
FR0010241638;19/04/18;15.52;15.82;15.52;15.77;121206
FR0010241638;20/04/18;15.74;15.91;15.71;15.75;116685
FR0010242511;19/04/18;11.89;11.985;11.845;11.96;1686080
FR0010242511;20/04/18;11.70;11.76;11.33;11.465;4465618
FR0010259150;19/04/18;128.85;129.05;126.80;128.00;93074
FR0010259150;20/04/18;127.85;127.85;126.05;127.30;80076
FR0010307819;19/04/18;64.50;65.20;64.48;64.84;829394
FR0010307819;20/04/18;64.94;65.40;64.74;65.20;500058
FR0010313833;19/04/18;110.00;110.35;109.75;109.95;180551
FR0010313833;20/04/18;109.95;111.50;109.50;111.25;199417
FR0010331421;19/04/18;6.80;6.81;6.635;6.65;251163
FR0010331421;20/04/18;6.655;6.67;6.42;6.50;251158
FR0010340141;19/04/18;180.00;182.70;180.00;182.70;68268
FR0010340141;20/04/18;183.10;183.40;180.40;182.70;32667
FR0010386334;19/04/18;27.92;28.00;27.68;27.76;42015
FR0010386334;20/04/18;27.88;27.90;27.44;27.52;103264
FR0010411983;19/04/18;34.96;35.32;34.94;35.25;363359
FR0010411983;20/04/18;35.24;35.39;35.09;35.15;372189
FR0010417345;19/04/18;39.50;39.90;38.88;39.48;71451
FR0010417345;20/04/18;39.26;39.72;38.70;38.84;86900
FR0010451203;19/04/18;13.80;14.125;13.80;14.04;1026929
FR0010451203;20/04/18;14.05;14.26;14.00;14.075;566408
FR0010533075;19/04/18;11.575;11.625;11.53;11.56;864250
FR0010533075;20/04/18;11.60;11.66;11.56;11.62;583730
FR0010613471;19/04/18;11.805;11.945;11.785;11.875;1422937
FR0010613471;20/04/18;11.88;11.93;11.80;11.855;1445640
FR0010908533;19/04/18;29.30;29.41;28.30;28.92;1247105
FR0010908533;20/04/18;28.92;28.99;27.94;28.35;792121
FR0010918292;19/04/18;1.30;1.343;1.293;1.314;4916582
FR0010918292;20/04/18;1.316;1.399;1.295;1.398;7078460
FR0011476928;19/04/18;86.30;90.15;86.15;89.50;47610
FR0011476928;20/04/18;91.00;94.30;90.80;92.55;89147
FR0011726835;19/04/18;51.25;52.00;51.00;51.75;49777
FR0011726835;20/04/18;51.60;52.15;51.05;51.10;49922
FR0011950732;19/04/18;16.93;17.20;16.93;16.95;167532
FR0011950732;20/04/18;16.99;17.06;16.90;16.90;173126
FR0011981968;19/04/18;41.44;41.44;40.74;40.86;40020
FR0011981968;20/04/18;41.20;41.20;40.72;40.78;58542
FR0012435121;19/04/18;18.86;19.33;18.86;19.20;519425
FR0012435121;20/04/18;19.74;20.44;19.74;20.30;938534
FR0012757854;19/04/18;17.91;18.19;17.90;17.93;213734
FR0012757854;20/04/18;17.99;18.06;17.81;17.90;171656
FR0012789949;19/04/18;9.39;9.57;9.29;9.315;278058
FR0012789949;20/04/18;9.35;9.48;9.30;9.425;268905
FR0013153541;19/04/18;32.32;33.02;32.30;32.94;115517
FR0013153541;20/04/18;33.08;33.54;33.00;33.50;92200
FR0013154002;19/04/18;76.85;77.60;76.50;77.60;26669
FR0013154002;20/04/18;77.55;77.55;76.50;76.75;42641
FR0013176526;19/04/18;54.60;55.48;54.54;55.08;782177
FR0013176526;20/04/18;55.08;55.18;54.50;55.16;616922
FR0013227113;19/04/18;65.50;72.90;65.50;72.90;1174349
FR0013227113;20/04/18;72.00;77.20;71.45;72.85;593794
FR0013258662;19/04/18;13.92;14.01;13.88;13.94;44138
FR0013258662;20/04/18;13.98;14.09;13.94;14.00;38628
FR0013269123;19/04/18;61.10;62.15;61.00;61.95;153431
FR0013269123;20/04/18;62.15;62.35;61.35;61.65;98630
FR0013280286;19/04/18;69.20;69.40;65.40;65.80;238303
FR0013280286;20/04/18;65.70;66.20;63.90;64.40;188994
GB00BDSFG982;19/04/18;26.57;27.43;26.55;27.10;1748112
GB00BDSFG982;20/04/18;26.92;27.08;26.51;26.92;1398647
LU0088087324;19/04/18;12.25;13.045;12.25;12.94;1706571
LU0088087324;20/04/18;13.145;13.595;12.96;13.50;2510501
LU0569974404;19/04/18;43.25;44.03;42.28;42.63;548010
LU0569974404;20/04/18;42.75;43.36;42.08;42.66;319441
LU1598757687;19/04/18;28.30;28.62;27.81;28.205;5502049
LU1598757687;20/04/18;28.235;28.78;28.075;28.435;5226069
NL0000226223;19/04/18;18.515;18.575;17.78;17.83;2675406
NL0000226223;20/04/18;17.80;17.80;17.465;17.585;3335322
NL0000235190;19/04/18;94.98;95.42;93.63;94.24;1017502
NL0000235190;20/04/18;95.03;95.63;94.03;94.17;1970111
NL0000400653;19/04/18;50.02;50.14;49.95;49.95;272346
NL0000400653;20/04/18;49.99;50.02;49.94;49.98;329398
NL0006294274;19/04/18;59.85;60.70;59.80;60.25;66225
NL0006294274;20/04/18;60.60;60.70;59.25;59.95;104976
