BE0003470755;23/04/18;115.75;116.85;115.20;116.85;212684
BE0003470755;24/04/18;116.30;117.25;115.90;117.25;239502
BE0003470755;25/04/18;116.55;116.90;114.15;114.65;318436
BE0003470755;26/04/18;114.60;115.70;114.00;115.55;232804
BE0003470755;27/04/18;116.10;117.05;116.05;116.80;202855
BE0003470755;30/04/18;116.50;116.95;115.60;115.60;283269
FR0000031122;23/04/18;8.116;8.196;8.012;8.084;4269424
FR0000031122;24/04/18;8.104;8.16;8.008;8.098;3768539
FR0000031122;25/04/18;8.10;8.20;7.976;8.15;4438675
FR0000031122;26/04/18;8.12;8.15;7.968;8.05;3824673
FR0000031122;27/04/18;8.044;8.108;8.00;8.052;2220434
FR0000031122;30/04/18;8.086;8.242;8.072;8.138;3438772
FR0000031684;23/04/18;32.00;32.10;31.90;32.00;16684
FR0000031684;24/04/18;32.00;32.15;31.75;32.00;34883
FR0000031684;25/04/18;31.90;31.95;31.45;31.45;17935
FR0000031684;26/04/18;31.60;31.80;31.45;31.55;16990
FR0000031684;27/04/18;31.70;31.75;31.35;31.45;15198
FR0000031684;30/04/18;31.50;31.65;31.45;31.45;25509
FR0000031775;23/04/18;60.25;61.70;60.25;61.20;24122
FR0000031775;24/04/18;61.10;61.50;60.55;61.05;23040
FR0000031775;25/04/18;60.80;61.05;59.60;59.95;31859
FR0000031775;26/04/18;60.00;61.20;60.00;60.60;25037
FR0000031775;27/04/18;60.60;61.80;60.55;61.30;12098
FR0000031775;30/04/18;61.00;61.70;60.95;61.05;25843
FR0000034639;23/04/18;12.66;12.69;12.51;12.54;464839
FR0000034639;24/04/18;12.52;12.59;12.45;12.54;585217
FR0000034639;25/04/18;12.52;12.54;12.35;12.42;354304
FR0000034639;26/04/18;12.49;12.80;12.49;12.76;598948
FR0000034639;27/04/18;12.80;12.90;12.64;12.67;510193
FR0000034639;30/04/18;12.67;12.84;12.67;12.80;449631
FR0000035081;23/04/18;79.50;79.55;78.80;78.90;76934
FR0000035081;24/04/18;78.70;79.45;78.70;79.35;111990
FR0000035081;25/04/18;79.45;79.70;79.25;79.60;102526
FR0000035081;26/04/18;79.90;81.60;79.70;81.35;101746
FR0000035081;27/04/18;81.55;81.95;80.30;80.90;165211
FR0000035081;30/04/18;80.70;82.40;80.10;82.35;100889
FR0000038259;23/04/18;436.40;437.20;433.00;435.00;16898
FR0000038259;24/04/18;417.00;417.00;382.20;407.00;154687
FR0000038259;25/04/18;405.80;427.80;403.80;422.20;56929
FR0000038259;26/04/18;422.20;433.00;416.00;430.00;41336
FR0000038259;27/04/18;431.80;436.80;430.00;434.00;35162
FR0000038259;30/04/18;437.80;451.40;434.00;447.80;50203
FR0000039299;23/04/18;4.392;4.488;4.392;4.464;1139735
FR0000039299;24/04/18;4.46;4.494;4.05;4.19;5807427
FR0000039299;25/04/18;4.14;4.16;4.036;4.096;3862847
FR0000039299;26/04/18;4.052;4.242;4.05;4.156;3440938
FR0000039299;27/04/18;4.158;4.166;4.106;4.142;2087572
FR0000039299;30/04/18;4.06;4.194;4.052;4.118;3705702
FR0000044448;23/04/18;44.41;44.50;44.01;44.41;56343
FR0000044448;24/04/18;44.25;44.50;43.76;44.14;111855
FR0000044448;25/04/18;43.67;43.78;42.31;42.49;144124
FR0000044448;26/04/18;42.50;43.65;42.33;43.09;164901
FR0000044448;27/04/18;43.04;43.23;42.74;42.80;156437
FR0000044448;30/04/18;42.75;43.81;42.75;43.79;135050
FR0000045072;23/04/18;13.575;13.755;13.575;13.715;4740055
FR0000045072;24/04/18;13.715;13.745;13.645;13.745;3852029
FR0000045072;25/04/18;13.70;13.73;13.545;13.62;3515984
FR0000045072;26/04/18;13.62;13.685;13.52;13.625;3774331
FR0000045072;27/04/18;13.625;13.735;13.555;13.675;4817240
FR0000045072;30/04/18;13.66;13.765;13.60;13.635;4498369
FR0000050809;23/04/18;167.90;169.80;167.90;169.50;24079
FR0000050809;24/04/18;169.00;170.20;166.90;168.20;32037
FR0000050809;25/04/18;167.70;169.60;167.00;169.40;30443
FR0000050809;26/04/18;169.10;171.70;168.80;171.50;103709
FR0000050809;27/04/18;171.60;177.60;171.60;175.40;57590
FR0000050809;30/04/18;175.40;176.90;174.10;176.90;30097
FR0000051732;23/04/18;110.40;111.20;110.05;110.65;253083
FR0000051732;24/04/18;110.50;110.80;108.35;108.70;348587
FR0000051732;25/04/18;108.00;111.95;107.25;111.25;458583
FR0000051732;26/04/18;112.70;112.70;110.10;110.20;394316
FR0000051732;27/04/18;110.30;113.35;110.30;113.35;438060
FR0000051732;30/04/18;113.75;113.75;111.55;111.90;349533
FR0000051807;23/04/18;131.20;131.40;127.80;128.10;165848
FR0000051807;24/04/18;128.80;130.20;127.00;128.90;131395
FR0000051807;25/04/18;128.00;131.20;126.60;127.10;134509
FR0000051807;26/04/18;127.20;131.40;126.30;130.50;150172
FR0000051807;27/04/18;131.00;134.70;130.90;133.20;162031
FR0000051807;30/04/18;133.50;133.90;132.40;132.90;104237
FR0000052292;23/04/18;517.40;517.60;513.40;517.60;44527
FR0000052292;24/04/18;516.80;519.60;515.40;517.80;59179
FR0000052292;25/04/18;516.80;522.20;516.80;520.20;55953
FR0000052292;26/04/18;522.00;524.80;519.60;524.00;62740
FR0000052292;27/04/18;525.00;534.40;524.00;534.20;63553
FR0000052292;30/04/18;534.80;535.80;532.40;535.80;67625
FR0000053225;23/04/18;20.56;21.00;20.40;20.96;108345
FR0000053225;24/04/18;21.00;21.00;20.06;20.20;144545
FR0000053225;25/04/18;20.16;20.42;20.16;20.24;61168
FR0000053225;26/04/18;20.22;20.38;20.10;20.20;99159
FR0000053225;27/04/18;20.20;20.50;20.06;20.12;101715
FR0000053225;30/04/18;20.08;20.46;20.08;20.40;97194
FR0000054470;23/04/18;79.10;79.94;78.48;79.28;399994
FR0000054470;24/04/18;79.44;80.12;78.68;79.90;346463
FR0000054470;25/04/18;79.44;79.54;76.26;77.44;417708
FR0000054470;26/04/18;79.64;79.82;78.36;79.10;494209
FR0000054470;27/04/18;79.02;79.86;78.60;79.86;330788
FR0000054470;30/04/18;79.50;79.82;78.50;79.26;413290
FR0000054900;23/04/18;10.48;10.55;10.40;10.48;107019
FR0000054900;24/04/18;10.50;10.50;10.22;10.29;299817
FR0000054900;25/04/18;10.30;10.48;10.21;10.23;387282
FR0000054900;26/04/18;10.30;10.31;9.76;10.25;769012
FR0000054900;27/04/18;10.27;10.40;10.23;10.30;325921
FR0000054900;30/04/18;10.08;10.44;10.08;10.35;625378
FR0000064578;23/04/18;88.75;89.10;88.25;89.05;64841
FR0000064578;24/04/18;89.05;89.80;89.00;89.60;110189
FR0000064578;25/04/18;89.60;90.05;88.85;89.65;100816
FR0000064578;26/04/18;89.80;91.50;89.55;90.75;130497
FR0000064578;27/04/18;90.90;91.95;90.85;91.90;100048
FR0000064578;30/04/18;91.95;92.80;91.95;92.65;124632
FR0000071946;23/04/18;78.60;78.95;78.00;78.90;18361
FR0000071946;24/04/18;79.00;80.20;78.75;79.10;43743
FR0000071946;25/04/18;79.20;79.20;77.95;78.15;32717
FR0000071946;26/04/18;79.70;81.75;79.45;80.50;133638
FR0000071946;27/04/18;80.50;81.75;80.50;81.30;42700
FR0000071946;30/04/18;81.30;82.30;80.95;82.30;44889
FR0000073272;23/04/18;89.90;90.00;89.42;89.94;794684
FR0000073272;24/04/18;90.00;90.54;89.62;90.48;979615
FR0000073272;25/04/18;89.52;90.52;89.42;90.52;1016903
FR0000073272;26/04/18;92.34;95.14;92.32;94.74;1682489
FR0000073272;27/04/18;94.88;96.12;94.50;95.24;1100045
FR0000073272;30/04/18;95.28;97.48;95.22;97.46;1143405
FR0000073298;23/04/18;31.04;31.50;30.98;31.50;66039
FR0000073298;24/04/18;31.38;31.54;30.98;31.04;41044
FR0000073298;25/04/18;30.92;31.28;30.80;30.80;48509
FR0000073298;26/04/18;30.86;31.06;30.56;30.86;26448
FR0000073298;27/04/18;30.84;31.96;30.32;31.48;70545
FR0000073298;30/04/18;31.06;31.50;31.02;31.50;97292
FR0000077919;23/04/18;29.66;29.66;28.94;29.04;149410
FR0000077919;24/04/18;29.00;29.32;28.58;29.26;209210
FR0000077919;25/04/18;29.16;29.16;28.88;29.00;136221
FR0000077919;26/04/18;28.90;29.48;28.78;29.36;134936
FR0000077919;27/04/18;29.38;29.54;29.24;29.30;67526
FR0000077919;30/04/18;29.20;29.72;29.20;29.62;122381
FR0000120073;23/04/18;104.40;105.15;103.90;105.00;674263
FR0000120073;24/04/18;104.55;106.00;104.50;106.00;1111643
FR0000120073;25/04/18;104.90;105.65;103.80;105.00;1352764
FR0000120073;26/04/18;105.00;105.85;104.80;105.85;914452
FR0000120073;27/04/18;105.85;107.30;105.85;107.30;823927
FR0000120073;30/04/18;107.20;108.10;107.00;108.05;925321
FR0000120172;23/04/18;16.41;16.515;16.29;16.475;1802216
FR0000120172;24/04/18;16.45;16.585;16.385;16.46;2157349
FR0000120172;25/04/18;16.355;16.65;16.355;16.56;2868298
FR0000120172;26/04/18;16.54;17.22;16.53;17.055;5471136
FR0000120172;27/04/18;17.095;17.12;16.815;16.88;2724493
FR0000120172;30/04/18;16.855;17.12;16.83;17.035;2225003
FR0000120222;23/04/18;21.28;21.62;21.28;21.58;314326
FR0000120222;24/04/18;21.60;21.60;21.28;21.30;422633
FR0000120222;25/04/18;21.26;21.28;21.04;21.10;266460
FR0000120222;26/04/18;21.10;21.28;21.00;21.20;387030
FR0000120222;27/04/18;21.20;21.44;21.20;21.34;281066
FR0000120222;30/04/18;21.34;21.48;21.24;21.24;446258
FR0000120271;23/04/18;50.66;51.16;50.51;51.16;5057373
FR0000120271;24/04/18;51.14;51.84;51.07;51.84;6695098
FR0000120271;25/04/18;51.39;51.57;50.82;51.15;6535854
FR0000120271;26/04/18;51.15;52.10;51.00;51.91;6192656
FR0000120271;27/04/18;52.00;52.10;51.66;52.10;3738929
FR0000120271;30/04/18;51.78;52.33;51.69;52.33;5712854
FR0000120321;23/04/18;190.00;191.45;188.55;191.15;531987
FR0000120321;24/04/18;191.00;193.35;191.00;192.35;780523
FR0000120321;25/04/18;188.90;190.65;188.40;190.30;796280
FR0000120321;26/04/18;190.25;192.55;188.95;192.55;752587
FR0000120321;27/04/18;192.00;196.90;191.85;196.90;891173
FR0000120321;30/04/18;195.00;199.30;194.00;198.85;1129468
FR0000120354;23/04/18;5.052;5.22;5.042;5.22;4061388
FR0000120354;24/04/18;5.24;5.27;5.082;5.144;4601921
FR0000120354;25/04/18;5.072;5.096;4.787;4.837;7542371
FR0000120354;26/04/18;4.867;5.05;4.848;5.034;5594907
FR0000120354;27/04/18;5.078;5.094;4.951;4.961;3356520
FR0000120354;30/04/18;4.952;5.094;4.935;5.00;3511941
FR0000120404;23/04/18;45.51;46.06;45.28;46.00;721469
FR0000120404;24/04/18;45.99;46.07;45.27;45.67;816490
FR0000120404;25/04/18;45.60;45.66;45.08;45.37;541575
FR0000120404;26/04/18;45.42;45.78;45.10;45.75;564338
FR0000120404;27/04/18;45.75;45.98;45.63;45.96;535787
FR0000120404;30/04/18;45.96;47.07;45.94;46.87;871631
FR0000120503;23/04/18;42.82;43.08;42.56;42.90;531416
FR0000120503;24/04/18;42.84;43.12;42.36;42.54;1205521
FR0000120503;25/04/18;42.30;42.58;41.62;41.73;923474
FR0000120503;26/04/18;41.79;42.89;41.65;42.18;1050764
FR0000120503;27/04/18;42.22;42.42;42.10;42.17;635484
FR0000120503;30/04/18;42.16;42.51;42.14;42.25;840051
FR0000120560;23/04/18;21.66;21.70;21.24;21.44;69702
FR0000120560;24/04/18;21.46;21.68;21.36;21.68;54032
FR0000120560;25/04/18;21.68;21.84;21.34;21.46;63973
FR0000120560;26/04/18;21.46;22.26;21.46;21.94;88534
FR0000120560;27/04/18;22.10;22.54;21.86;22.50;74138
FR0000120560;30/04/18;22.50;22.50;22.16;22.36;62913
FR0000120578;23/04/18;65.22;66.03;65.20;65.71;2126531
FR0000120578;24/04/18;65.81;66.07;65.00;65.42;2414512
FR0000120578;25/04/18;65.10;66.40;65.10;65.87;3310614
FR0000120578;26/04/18;66.11;66.62;66.03;66.31;2810739
FR0000120578;27/04/18;66.20;66.29;64.16;65.16;5222817
FR0000120578;30/04/18;65.10;66.11;65.01;65.79;3790446
FR0000120628;23/04/18;23.415;23.665;23.38;23.555;6211914
FR0000120628;24/04/18;23.565;23.62;23.27;23.49;8225437
FR0000120628;25/04/18;23.275;23.52;23.23;23.415;5714597
FR0000120628;26/04/18;23.40;23.555;23.36;23.455;6474271
FR0000120628;27/04/18;23.465;23.60;23.395;23.54;6902012
FR0000120628;30/04/18;23.565;23.82;23.565;23.72;6966648
FR0000120644;23/04/18;65.96;66.05;65.10;65.92;1759481
FR0000120644;24/04/18;65.92;66.40;65.56;65.92;1365792
FR0000120644;25/04/18;65.30;66.25;65.08;66.21;1431241
FR0000120644;26/04/18;66.00;67.20;65.96;66.87;1573061
FR0000120644;27/04/18;67.13;67.52;66.70;67.00;1364313
FR0000120644;30/04/18;66.80;67.22;66.61;67.09;1698039
FR0000120685;23/04/18;6.59;6.678;6.522;6.67;4736194
FR0000120685;24/04/18;6.666;6.74;6.652;6.74;5263645
FR0000120685;25/04/18;6.71;6.73;6.602;6.658;3481544
FR0000120685;26/04/18;6.654;6.748;6.636;6.72;4473615
FR0000120685;27/04/18;6.716;6.76;6.634;6.748;4558442
FR0000120685;30/04/18;6.752;6.812;6.74;6.812;5735924
FR0000120693;23/04/18;138.05;138.50;135.00;136.45;692718
FR0000120693;24/04/18;136.85;137.75;135.10;135.90;712441
FR0000120693;25/04/18;135.30;136.25;135.15;135.90;384279
FR0000120693;26/04/18;136.15;136.55;135.50;136.05;406700
FR0000120693;27/04/18;136.20;138.25;136.15;137.90;391529
FR0000120693;30/04/18;137.80;138.30;137.45;137.55;398763
FR0000120859;23/04/18;81.00;81.35;80.55;81.15;91314
FR0000120859;24/04/18;81.30;81.65;80.80;81.15;53967
FR0000120859;25/04/18;80.25;80.40;79.00;79.40;90566
FR0000120859;26/04/18;79.40;80.50;79.40;79.95;54830
FR0000120859;27/04/18;79.65;80.70;79.65;80.35;62215
FR0000120859;30/04/18;78.70;78.80;75.60;75.60;213780
FR0000120966;23/04/18;81.00;81.90;81.00;81.50;131360
FR0000120966;24/04/18;81.50;82.55;79.65;79.65;135728
FR0000120966;25/04/18;81.00;84.95;80.45;83.70;304115
FR0000120966;26/04/18;83.85;84.70;83.30;83.50;160393
FR0000120966;27/04/18;83.35;84.40;83.35;84.10;159885
FR0000120966;30/04/18;84.10;85.10;83.95;84.45;235533
FR0000121014;23/04/18;279.85;281.05;278.00;281.05;369280
FR0000121014;24/04/18;279.30;281.95;279.10;281.75;595931
FR0000121014;25/04/18;281.15;285.85;278.65;280.65;749480
FR0000121014;26/04/18;280.80;281.90;278.65;281.10;603601
FR0000121014;27/04/18;281.40;284.85;281.30;284.40;456201
FR0000121014;30/04/18;285.00;289.30;284.00;289.30;581543
FR0000121121;23/04/18;67.5737;68.0272;67.5737;67.7551;68577
FR0000121121;24/04/18;67.7551;67.8912;66.8027;67.0748;95914
FR0000121121;25/04/18;66.6667;66.9841;65.2608;65.805;151245
FR0000121121;26/04/18;65.8503;67.3016;65.7596;66.9388;159426
FR0000121121;27/04/18;66.9388;68.2086;66.9388;68.0272;150267
FR0000121121;30/04/18;66.8934;67.1202;66.0318;66.0318;156705
FR0000121147;23/04/18;68.64;68.94;67.86;68.84;359041
FR0000121147;24/04/18;68.72;69.14;68.12;69.14;272759
FR0000121147;25/04/18;68.70;69.14;66.62;67.78;360911
FR0000121147;26/04/18;67.76;68.72;67.46;68.12;313031
FR0000121147;27/04/18;68.20;68.38;67.16;67.56;372821
FR0000121147;30/04/18;68.04;68.30;67.62;67.80;278347
FR0000121204;23/04/18;123.40;124.70;123.30;124.70;42438
FR0000121204;24/04/18;124.90;125.40;123.40;124.00;65913
FR0000121204;25/04/18;123.40;123.70;122.00;122.70;42475
FR0000121204;26/04/18;122.70;125.00;122.50;123.90;66251
FR0000121204;27/04/18;124.00;127.30;124.00;126.50;66209
FR0000121204;30/04/18;126.40;127.10;125.20;125.20;84776
FR0000121220;23/04/18;81.62;81.94;80.70;81.48;396216
FR0000121220;24/04/18;81.18;81.26;79.78;80.10;499563
FR0000121220;25/04/18;79.94;80.14;79.52;79.94;278553
FR0000121220;26/04/18;79.94;80.92;79.62;80.30;370639
FR0000121220;27/04/18;80.34;81.50;80.14;81.50;351069
FR0000121220;30/04/18;81.50;82.48;81.42;82.10;382780
FR0000121261;23/04/18;117.00;118.45;116.85;118.30;501558
FR0000121261;24/04/18;117.50;120.15;116.20;120.15;1043307
FR0000121261;25/04/18;119.70;119.70;115.10;115.55;735020
FR0000121261;26/04/18;115.70;117.40;115.40;115.45;665124
FR0000121261;27/04/18;115.60;116.65;115.30;116.00;414753
FR0000121261;30/04/18;115.95;116.70;115.50;116.55;460237
FR0000121329;23/04/18;103.20;104.10;102.85;103.75;231344
FR0000121329;24/04/18;104.05;104.35;103.35;104.35;274895
FR0000121329;25/04/18;103.80;103.85;101.85;102.20;380492
FR0000121329;26/04/18;102.35;103.70;101.90;103.20;243681
FR0000121329;27/04/18;103.20;104.40;103.20;104.25;165352
FR0000121329;30/04/18;104.10;105.00;103.80;105.00;339251
FR0000121485;23/04/18;400.9143;405.9339;398.9623;405.5621;187160
FR0000121485;24/04/18;407.6071;409.931;402.8664;407.3282;192447
FR0000121485;25/04/18;425.7333;437.6315;425.3615;426.1051;562973
FR0000121485;26/04/18;426.7558;430.9388;421.7363;430.381;239070
FR0000121485;27/04/18;432.1472;443.1159;430.8458;443.1159;294933
FR0000121485;30/04/18;444.3243;445.8116;440.3272;445.8116;214571
FR0000121501;23/04/18;20.69;20.99;20.60;20.73;3905812
FR0000121501;24/04/18;20.70;20.77;20.25;20.53;4352245
FR0000121501;25/04/18;20.45;20.58;20.02;20.18;3122367
FR0000121501;26/04/18;20.16;20.53;20.08;20.31;2229490
FR0000121501;27/04/18;20.32;20.57;20.11;20.35;2597502
FR0000121501;30/04/18;20.30;20.49;20.24;20.42;3566484
FR0000121667;23/04/18;113.95;114.00;113.05;113.45;416072
FR0000121667;24/04/18;113.40;114.10;113.20;113.65;589138
FR0000121667;25/04/18;113.25;113.75;112.70;113.40;487392
FR0000121667;26/04/18;111.80;113.00;110.95;113.00;716660
FR0000121667;27/04/18;111.05;112.35;111.00;112.30;591936
FR0000121667;30/04/18;111.60;113.10;111.15;113.05;576767
FR0000121709;23/04/18;154.30;154.90;152.20;153.40;64344
FR0000121709;24/04/18;152.90;155.40;152.10;155.40;73280
FR0000121709;25/04/18;156.00;157.20;154.90;156.40;58741
FR0000121709;26/04/18;156.40;160.30;156.40;160.30;59218
FR0000121709;27/04/18;160.10;161.00;158.30;159.80;83788
FR0000121709;30/04/18;160.00;161.00;158.90;158.90;84859
FR0000121725;23/04/18;1686.00;1688.00;1651.00;1653.00;7247
FR0000121725;24/04/18;1656.00;1688.00;1641.00;1655.00;6526
FR0000121725;25/04/18;1699.00;1708.00;1652.00;1670.00;8661
FR0000121725;26/04/18;1693.00;1700.00;1666.00;1670.00;5927
FR0000121725;27/04/18;1665.00;1675.00;1657.00;1660.00;9413
FR0000121725;30/04/18;1670.00;1671.00;1652.00;1655.00;9266
FR0000121964;23/04/18;34.56;34.68;34.18;34.55;736217
FR0000121964;24/04/18;34.62;34.68;34.29;34.65;944979
FR0000121964;25/04/18;34.50;34.75;34.32;34.75;683120
FR0000121964;26/04/18;32.89;33.15;32.70;33.07;1072990
FR0000121964;27/04/18;33.08;33.44;33.08;33.42;641991
FR0000121964;30/04/18;33.37;33.92;33.37;33.92;820612
FR0000121972;23/04/18;75.00;76.10;74.42;76.08;1350923
FR0000121972;24/04/18;76.08;76.08;75.30;75.92;1701383
FR0000121972;25/04/18;75.32;75.32;73.34;73.94;1928027
FR0000121972;26/04/18;73.82;74.62;73.56;74.48;1075251
FR0000121972;27/04/18;74.60;75.00;74.18;74.62;1185477
FR0000121972;30/04/18;74.62;75.28;74.50;75.28;1352330
FR0000124141;23/04/18;19.25;19.29;19.14;19.275;1390925
FR0000124141;24/04/18;19.295;19.47;19.19;19.30;1477522
FR0000124141;25/04/18;19.205;19.275;19.135;19.18;1101323
FR0000124141;26/04/18;19.15;19.635;19.125;19.595;2336223
FR0000124141;27/04/18;19.61;19.715;19.52;19.695;1158251
FR0000124141;30/04/18;19.71;19.76;19.635;19.655;1385122
FR0000124570;23/04/18;39.80;40.38;39.76;40.22;192879
FR0000124570;24/04/18;39.70;39.90;38.60;39.80;388145
FR0000124570;25/04/18;39.60;39.67;38.60;38.98;254855
FR0000124570;26/04/18;38.82;39.39;38.72;39.22;166490
FR0000124570;27/04/18;39.20;39.67;39.03;39.47;193019
FR0000124570;30/04/18;39.60;39.98;39.53;39.84;231710
FR0000125007;23/04/18;44.045;44.63;43.96;44.57;1349991
FR0000125007;24/04/18;44.54;44.635;43.835;44.025;1342720
FR0000125007;25/04/18;43.68;43.795;43.095;43.425;1508265
FR0000125007;26/04/18;43.435;43.525;42.80;42.805;2621550
FR0000125007;27/04/18;43.85;44.44;43.595;43.705;2745233
FR0000125007;30/04/18;43.84;43.90;43.25;43.495;1990523
FR0000125338;23/04/18;104.85;106.35;104.85;106.10;357157
FR0000125338;24/04/18;105.95;106.60;105.35;106.15;401420
FR0000125338;25/04/18;105.50;106.15;104.40;104.60;456575
FR0000125338;26/04/18;104.60;106.80;104.10;106.75;540334
FR0000125338;27/04/18;109.40;113.85;109.30;113.85;1089152
FR0000125338;30/04/18;114.10;114.25;113.10;114.00;666888
FR0000125346;23/04/18;70.80;71.60;70.04;70.40;213444
FR0000125346;24/04/18;70.14;70.84;69.14;70.14;316870
FR0000125346;25/04/18;69.80;70.70;69.18;70.18;365024
FR0000125346;26/04/18;70.00;72.34;68.46;72.04;519892
FR0000125346;27/04/18;72.18;72.92;71.56;72.70;270830
FR0000125346;30/04/18;72.70;72.74;71.80;72.40;294800
FR0000125486;23/04/18;84.50;84.78;83.74;84.62;1243848
FR0000125486;24/04/18;83.16;84.08;82.68;83.56;1809580
FR0000125486;25/04/18;83.06;83.20;81.64;82.50;1111378
FR0000125486;26/04/18;82.36;83.56;82.22;82.98;1251113
FR0000125486;27/04/18;82.58;83.02;82.22;82.76;1124828
FR0000125486;30/04/18;82.72;83.14;82.70;83.10;1218101
FR0000125585;23/04/18;42.22;42.56;41.84;41.90;601260
FR0000125585;24/04/18;41.96;42.24;41.70;42.03;564189
FR0000125585;25/04/18;41.89;42.14;41.80;42.03;581528
FR0000125585;26/04/18;41.91;42.90;41.90;42.29;606497
FR0000125585;27/04/18;42.31;42.56;42.11;42.52;339747
FR0000125585;30/04/18;42.55;43.22;42.50;42.96;432830
FR0000127771;23/04/18;21.09;21.13;21.00;21.00;3196365
FR0000127771;24/04/18;21.03;21.10;20.71;20.86;17075500
FR0000127771;25/04/18;20.80;21.19;20.80;21.18;3968625
FR0000127771;26/04/18;21.15;21.51;21.03;21.50;3858488
FR0000127771;27/04/18;21.50;21.55;21.16;21.34;2628890
FR0000127771;30/04/18;21.29;21.89;21.29;21.89;4193209
FR0000130213;23/04/18;23.35;23.37;23.15;23.21;384913
FR0000130213;24/04/18;23.25;23.33;22.91;23.12;386728
FR0000130213;25/04/18;23.13;23.36;23.10;23.32;551099
FR0000130213;26/04/18;23.36;23.84;23.23;23.76;529678
FR0000130213;27/04/18;23.80;23.80;23.61;23.68;410665
FR0000130213;30/04/18;23.64;23.75;23.58;23.68;365942
FR0000130395;23/04/18;113.40;113.40;111.30;112.00;78520
FR0000130395;24/04/18;112.10;113.40;111.90;113.00;80980
FR0000130395;25/04/18;112.70;113.00;111.70;111.90;46548
FR0000130395;26/04/18;111.80;114.10;111.70;113.80;42425
FR0000130395;27/04/18;114.20;114.80;113.60;114.20;37536
FR0000130395;30/04/18;113.80;115.10;113.80;114.10;60615
FR0000130452;23/04/18;97.12;97.22;96.08;97.02;219440
FR0000130452;24/04/18;97.00;98.72;96.98;98.08;357245
FR0000130452;25/04/18;97.80;98.36;96.60;97.52;216652
FR0000130452;26/04/18;97.40;98.90;97.28;98.66;245662
FR0000130452;27/04/18;98.78;98.78;98.08;98.56;198783
FR0000130452;30/04/18;98.62;99.22;98.40;98.70;215193
FR0000130577;23/04/18;59.20;59.20;58.44;59.08;406966
FR0000130577;24/04/18;59.06;59.32;58.58;58.82;435264
FR0000130577;25/04/18;58.60;59.50;58.54;59.02;445613
FR0000130577;26/04/18;59.06;59.72;58.80;59.66;548585
FR0000130577;27/04/18;59.70;60.96;58.96;60.74;728237
FR0000130577;30/04/18;60.68;62.00;60.32;62.00;844859
FR0000130650;23/04/18;108.00;108.65;107.35;107.95;309414
FR0000130650;24/04/18;107.55;109.20;107.55;108.70;448135
FR0000130650;25/04/18;107.90;108.65;103.60;104.60;503072
FR0000130650;26/04/18;104.85;106.75;104.25;106.25;367958
FR0000130650;27/04/18;106.45;108.65;106.45;108.35;265337
FR0000130650;30/04/18;108.20;108.40;106.90;107.25;353633
FR0000130809;23/04/18;45.55;46.00;45.505;46.00;2821115
FR0000130809;24/04/18;45.87;45.955;45.58;45.805;2519268
FR0000130809;25/04/18;45.515;45.815;45.40;45.745;2347434
FR0000130809;26/04/18;45.625;45.88;45.365;45.54;2363321
FR0000130809;27/04/18;45.545;45.665;45.065;45.34;2567800
FR0000130809;30/04/18;45.325;45.66;45.295;45.455;2185395
FR0000131104;23/04/18;63.12;63.96;63.10;63.90;2712026
FR0000131104;24/04/18;63.84;64.03;63.38;64.00;2956134
FR0000131104;25/04/18;63.61;63.87;63.03;63.50;3007775
FR0000131104;26/04/18;63.37;63.89;63.13;63.24;3108985
FR0000131104;27/04/18;63.35;63.60;62.81;63.57;2466984
FR0000131104;30/04/18;63.57;63.98;63.46;63.98;2481770
FR0000131757;23/04/18;147.50;151.40;138.10;139.20;207405
FR0000131757;24/04/18;138.60;147.30;138.10;145.60;132326
FR0000131757;25/04/18;147.00;150.30;142.00;149.60;129899
FR0000131757;26/04/18;149.40;151.00;144.30;148.20;144308
FR0000131757;27/04/18;148.30;149.80;145.20;149.10;58429
FR0000131757;30/04/18;148.60;149.30;143.50;144.10;91173
FR0000131906;23/04/18;94.00;94.73;93.93;94.39;479926
FR0000131906;24/04/18;94.31;94.49;92.68;93.37;878810
FR0000131906;25/04/18;92.94;93.63;91.22;92.76;641257
FR0000131906;26/04/18;92.24;92.97;91.10;92.06;943274
FR0000131906;27/04/18;90.00;90.19;88.05;89.16;1906496
FR0000131906;30/04/18;89.01;90.42;88.71;89.84;706371
FR0000133308;23/04/18;14.71;14.89;14.67;14.88;5649063
FR0000133308;24/04/18;14.865;14.895;14.72;14.81;5173255
FR0000133308;25/04/18;14.735;14.795;14.59;14.77;7757555
FR0000133308;26/04/18;14.77;15.05;14.70;15.025;8802899
FR0000133308;27/04/18;15.00;15.10;14.925;15.035;6354365
FR0000133308;30/04/18;15.075;15.12;15.04;15.115;5794080
FR0000184798;23/04/18;104.85;104.90;103.90;104.20;64350
FR0000184798;24/04/18;104.05;104.30;102.70;103.30;83138
FR0000184798;25/04/18;103.35;103.40;102.05;102.30;69832
FR0000184798;26/04/18;102.80;104.70;102.50;104.45;79140
FR0000184798;27/04/18;104.80;106.45;104.60;105.50;68758
FR0000184798;30/04/18;105.60;106.70;105.50;106.35;56094
FR0004035913;23/04/18;171.70;171.85;169.30;169.75;170177
FR0004035913;24/04/18;169.15;170.40;163.05;163.30;213753
FR0004035913;25/04/18;163.00;164.70;161.65;162.85;85632
FR0004035913;26/04/18;163.20;165.40;162.15;164.40;101367
FR0004035913;27/04/18;164.25;167.35;164.25;166.65;83908
FR0004035913;30/04/18;167.00;167.30;164.90;165.95;99822
FR0004125920;23/04/18;67.32;67.36;66.56;67.14;108238
FR0004125920;24/04/18;67.36;68.00;67.00;67.90;217047
FR0004125920;25/04/18;67.78;67.90;66.06;66.44;103565
FR0004125920;26/04/18;66.28;67.26;66.24;67.00;151244
FR0004125920;27/04/18;69.14;71.10;68.50;69.78;322361
FR0004125920;30/04/18;70.40;71.40;70.00;70.48;221123
FR0004163111;23/04/18;25.66;25.80;24.62;24.66;281249
FR0004163111;24/04/18;24.72;24.84;24.10;24.30;151931
FR0004163111;25/04/18;24.20;24.20;23.64;23.70;130486
FR0004163111;26/04/18;23.70;24.14;23.70;23.98;111912
FR0004163111;27/04/18;24.14;24.24;23.74;23.80;94337
FR0004163111;30/04/18;23.84;23.96;23.50;23.50;128877
FR0004188670;23/04/18;26.26;26.26;25.74;26.02;72449
FR0004188670;24/04/18;26.06;26.06;24.90;25.14;93248
FR0004188670;25/04/18;22.64;23.40;21.38;23.26;973716
FR0004188670;26/04/18;23.60;24.58;23.40;24.44;333632
FR0004188670;27/04/18;24.40;26.34;23.98;25.48;286021
FR0004188670;30/04/18;25.42;25.48;24.20;24.48;156813
FR0005691656;23/04/18;152.00;152.00;150.00;151.60;18396
FR0005691656;24/04/18;150.70;152.50;149.90;150.20;19643
FR0005691656;25/04/18;150.30;150.50;147.60;149.40;23521
FR0005691656;26/04/18;149.70;153.40;149.30;153.00;19403
FR0005691656;27/04/18;153.00;153.80;151.00;153.30;12577
FR0005691656;30/04/18;153.90;157.60;153.60;156.40;19559
FR0006174348;23/04/18;21.42;21.56;21.40;21.50;643234
FR0006174348;24/04/18;21.50;21.63;21.30;21.41;628730
FR0006174348;25/04/18;21.23;21.39;21.14;21.20;540649
FR0006174348;26/04/18;21.16;21.56;21.16;21.52;649811
FR0006174348;27/04/18;21.59;21.87;21.31;21.75;940806
FR0006174348;30/04/18;21.71;21.87;21.57;21.65;733688
FR0010040865;23/04/18;139.60;140.50;139.10;139.50;89059
FR0010040865;24/04/18;140.00;140.40;139.00;139.50;93147
FR0010040865;25/04/18;139.20;140.30;137.30;137.70;90753
FR0010040865;26/04/18;137.70;139.80;137.40;139.60;100322
FR0010040865;27/04/18;139.30;141.40;139.30;140.90;71425
FR0010040865;30/04/18;140.90;143.60;140.90;143.60;141182
FR0010112524;23/04/18;52.15;53.90;52.15;52.90;144387
FR0010112524;24/04/18;53.10;53.15;51.85;52.15;95112
FR0010112524;25/04/18;52.00;52.50;51.35;51.40;101567
FR0010112524;26/04/18;51.00;51.90;49.50;51.80;237041
FR0010112524;27/04/18;51.80;51.90;51.30;51.75;88798
FR0010112524;30/04/18;51.65;51.90;51.45;51.75;100169
FR0010208488;23/04/18;14.135;14.17;14.00;14.165;4089206
FR0010208488;24/04/18;14.155;14.235;14.07;14.15;5517949
FR0010208488;25/04/18;14.10;14.205;14.045;14.18;4054793
FR0010208488;26/04/18;14.165;14.40;14.115;14.33;6699283
FR0010208488;27/04/18;14.345;14.44;14.345;14.435;3352003
FR0010208488;30/04/18;14.395;14.555;14.37;14.55;4690015
FR0010220475;23/04/18;37.92;38.48;37.87;38.37;588151
FR0010220475;24/04/18;38.27;38.37;37.79;38.00;756378
FR0010220475;25/04/18;37.84;38.15;37.27;37.54;780316
FR0010220475;26/04/18;37.48;37.85;37.40;37.75;475843
FR0010220475;27/04/18;37.69;37.89;37.41;37.74;514305
FR0010220475;30/04/18;37.71;38.10;37.13;37.71;684029
FR0010221234;23/04/18;17.94;17.985;17.51;17.605;495671
FR0010221234;24/04/18;17.615;17.815;17.515;17.635;580435
FR0010221234;25/04/18;17.57;18.07;17.55;17.91;543044
FR0010221234;26/04/18;17.905;17.96;17.46;17.56;747472
FR0010221234;27/04/18;17.655;18.18;17.655;17.935;900130
FR0010221234;30/04/18;17.985;18.05;17.865;17.94;497676
FR0010241638;23/04/18;15.80;15.93;15.68;15.75;108026
FR0010241638;24/04/18;15.79;16.17;15.79;16.08;166131
FR0010241638;25/04/18;16.09;16.25;16.00;16.05;182284
FR0010241638;26/04/18;16.08;16.43;16.06;16.36;129298
FR0010241638;27/04/18;16.43;16.56;16.34;16.39;121115
FR0010241638;30/04/18;15.80;15.97;15.80;15.85;105426
FR0010242511;23/04/18;11.42;11.495;11.27;11.28;2371746
FR0010242511;24/04/18;11.285;11.46;11.27;11.435;1991945
FR0010242511;25/04/18;11.38;11.525;11.29;11.45;1470641
FR0010242511;26/04/18;11.455;11.52;11.295;11.475;2537987
FR0010242511;27/04/18;11.47;11.68;11.47;11.585;2151716
FR0010242511;30/04/18;11.58;11.74;11.555;11.65;1794832
FR0010259150;23/04/18;127.50;127.90;126.25;127.90;64117
FR0010259150;24/04/18;128.30;128.65;127.05;127.70;114812
FR0010259150;25/04/18;127.50;127.50;124.75;125.70;80419
FR0010259150;26/04/18;127.50;131.15;127.50;130.60;147970
FR0010259150;27/04/18;131.00;135.70;131.00;135.30;144965
FR0010259150;30/04/18;135.00;137.35;133.30;134.50;146164
FR0010307819;23/04/18;64.86;64.98;64.24;64.48;600683
FR0010307819;24/04/18;64.36;64.84;64.00;64.36;672297
FR0010307819;25/04/18;63.88;64.20;63.26;63.84;532822
FR0010307819;26/04/18;63.94;64.32;63.60;63.96;532625
FR0010307819;27/04/18;63.96;64.54;63.96;64.24;394005
FR0010307819;30/04/18;64.18;64.50;64.00;64.50;427661
FR0010313833;23/04/18;111.00;111.55;110.60;111.50;152202
FR0010313833;24/04/18;111.25;112.90;111.00;112.00;213457
FR0010313833;25/04/18;111.30;111.50;108.20;108.55;245423
FR0010313833;26/04/18;108.30;109.30;108.25;108.85;187719
FR0010313833;27/04/18;108.75;109.85;107.95;109.15;228089
FR0010313833;30/04/18;109.10;109.50;108.50;108.50;185948
FR0010340141;23/04/18;183.00;183.40;181.20;183.30;34061
FR0010340141;24/04/18;183.50;185.30;182.50;184.50;79862
FR0010340141;25/04/18;182.90;182.90;180.60;182.20;39849
FR0010340141;26/04/18;182.50;184.60;181.40;182.30;62740
FR0010340141;27/04/18;182.10;182.80;181.10;182.00;54803
FR0010340141;30/04/18;181.70;182.50;181.30;182.40;73824
FR0010386334;23/04/18;27.58;27.70;27.20;27.42;75881
FR0010386334;24/04/18;27.38;27.48;26.82;27.00;98814
FR0010386334;25/04/18;26.98;27.00;26.54;26.72;90994
FR0010386334;26/04/18;26.70;28.44;26.68;28.32;153861
FR0010386334;27/04/18;28.50;29.40;28.38;28.58;265445
FR0010386334;30/04/18;28.62;29.24;28.48;29.00;149951
FR0010411983;23/04/18;35.08;35.53;35.00;35.43;408085
FR0010411983;24/04/18;35.51;35.63;35.32;35.63;512953
FR0010411983;25/04/18;35.48;35.57;35.05;35.32;392520
FR0010411983;26/04/18;35.32;35.55;34.81;35.40;600212
FR0010411983;27/04/18;35.28;35.66;35.21;35.29;520991
FR0010411983;30/04/18;33.66;33.96;33.48;33.65;520423
FR0010417345;23/04/18;39.00;39.36;38.02;38.14;100561
FR0010417345;24/04/18;38.06;38.50;37.72;37.92;50439
FR0010417345;25/04/18;37.52;37.52;36.56;36.74;61050
FR0010417345;26/04/18;36.54;36.80;36.20;36.56;58846
FR0010417345;27/04/18;36.82;38.28;36.52;37.38;103321
FR0010417345;30/04/18;37.16;37.78;36.90;37.02;60618
FR0010451203;23/04/18;14.095;14.145;13.865;13.92;807443
FR0010451203;24/04/18;13.92;13.97;13.79;13.905;748401
FR0010451203;25/04/18;13.86;13.88;13.59;13.705;786836
FR0010451203;26/04/18;13.72;13.865;13.67;13.74;700653
FR0010451203;27/04/18;13.25;13.28;12.455;12.81;3590603
FR0010451203;30/04/18;12.80;13.08;12.74;12.85;1465677
FR0010533075;23/04/18;11.615;11.755;11.595;11.755;890479
FR0010533075;24/04/18;11.75;11.78;11.685;11.72;932059
FR0010533075;25/04/18;11.71;11.725;11.56;11.60;606076
FR0010533075;26/04/18;11.595;11.675;11.54;11.63;702496
FR0010533075;27/04/18;11.625;11.685;11.595;11.675;564202
FR0010533075;30/04/18;11.67;11.735;11.645;11.69;984365
FR0010613471;23/04/18;11.855;11.855;11.59;11.785;1370557
FR0010613471;24/04/18;11.805;11.88;11.675;11.74;1220907
FR0010613471;25/04/18;11.685;11.79;11.61;11.705;982931
FR0010613471;26/04/18;11.735;11.995;11.705;11.87;1946640
FR0010613471;27/04/18;11.89;12.035;11.87;11.965;1439189
FR0010613471;30/04/18;11.96;12.085;11.92;11.96;1550004
FR0010667147;23/04/18;10.02;10.06;9.95;10.00;139661
FR0010667147;24/04/18;10.04;10.04;9.92;10.00;160737
FR0010667147;25/04/18;10.00;10.06;9.93;10.06;300072
FR0010667147;26/04/18;10.08;10.60;10.00;10.56;429808
FR0010667147;27/04/18;10.56;10.76;10.44;10.48;170017
FR0010667147;30/04/18;10.48;10.66;10.46;10.52;178453
FR0010908533;23/04/18;28.38;28.39;27.93;28.12;524362
FR0010908533;24/04/18;28.05;28.30;28.03;28.30;692798
FR0010908533;25/04/18;28.09;28.25;27.94;27.95;641558
FR0010908533;26/04/18;27.91;28.67;27.76;28.49;629669
FR0010908533;27/04/18;28.50;28.78;28.44;28.56;410667
FR0010908533;30/04/18;28.61;28.78;28.41;28.50;606574
FR0010918292;23/04/18;1.399;1.413;1.33;1.354;4861057
FR0010918292;24/04/18;1.349;1.376;1.338;1.351;2999041
FR0010918292;25/04/18;1.338;1.358;1.321;1.352;2456902
FR0010918292;26/04/18;1.35;1.367;1.152;1.226;22714405
FR0010918292;27/04/18;1.226;1.247;1.196;1.244;8174593
FR0010918292;30/04/18;1.254;1.36;1.236;1.357;12384128
FR0011476928;23/04/18;93.30;93.90;87.85;88.10;80679
FR0011476928;24/04/18;88.20;88.25;84.95;85.15;58635
FR0011476928;25/04/18;85.45;85.50;83.10;83.10;53584
FR0011476928;26/04/18;83.75;85.35;83.00;83.10;38253
FR0011476928;27/04/18;83.50;84.85;83.25;84.10;66538
FR0011476928;30/04/18;84.85;89.00;84.60;89.00;62588
FR0011726835;23/04/18;51.25;51.85;50.85;51.45;36976
FR0011726835;24/04/18;51.30;51.60;51.00;51.55;36692
FR0011726835;25/04/18;51.40;51.40;50.95;51.05;25022
FR0011726835;26/04/18;51.20;52.20;51.00;52.20;53751
FR0011726835;27/04/18;51.95;52.30;51.85;52.15;29620
FR0011726835;30/04/18;52.15;52.15;51.25;51.35;31753
FR0011950732;23/04/18;16.90;17.07;16.80;16.85;226710
FR0011950732;24/04/18;16.85;17.02;16.30;16.30;290275
FR0011950732;25/04/18;16.34;16.37;16.10;16.15;236580
FR0011950732;26/04/18;16.17;16.68;16.14;16.55;331328
FR0011950732;27/04/18;16.55;16.76;16.51;16.75;271140
FR0011950732;30/04/18;16.70;17.14;16.70;16.93;221473
FR0011981968;23/04/18;40.68;41.00;40.32;40.48;62567
FR0011981968;24/04/18;40.30;41.00;40.16;40.36;62321
FR0011981968;25/04/18;40.44;42.00;39.92;41.08;145598
FR0011981968;26/04/18;41.24;41.48;40.84;41.10;96955
FR0011981968;27/04/18;41.36;42.16;41.30;41.50;59565
FR0011981968;30/04/18;41.32;41.80;41.32;41.78;47866
FR0012435121;23/04/18;20.30;20.30;20.18;20.24;482557
FR0012435121;24/04/18;20.24;20.30;20.04;20.14;488894
FR0012435121;25/04/18;20.14;20.16;19.74;19.78;511615
FR0012435121;26/04/18;19.79;20.04;19.58;19.98;394101
FR0012435121;27/04/18;20.06;20.06;19.82;19.88;342676
FR0012435121;30/04/18;19.90;19.98;19.72;19.82;368781
FR0012757854;23/04/18;17.88;17.97;17.55;17.60;274289
FR0012757854;24/04/18;17.66;17.80;17.25;17.36;301960
FR0012757854;25/04/18;17.30;17.46;17.24;17.38;265092
FR0012757854;26/04/18;17.33;17.94;17.33;17.90;325014
FR0012757854;27/04/18;18.30;19.24;18.30;19.04;914392
FR0012757854;30/04/18;19.03;19.09;18.55;18.73;488036
FR0012789949;23/04/18;9.50;9.63;9.40;9.585;415591
FR0012789949;24/04/18;9.63;9.635;9.49;9.55;164533
FR0012789949;25/04/18;9.535;9.535;9.25;9.38;375224
FR0012789949;26/04/18;9.43;9.54;9.38;9.475;315841
FR0012789949;27/04/18;9.54;9.58;9.46;9.56;171248
FR0012789949;30/04/18;9.62;9.685;9.57;9.67;186367
FR0013153541;23/04/18;33.50;33.50;32.92;33.30;90064
FR0013153541;24/04/18;33.36;33.52;33.00;33.20;123525
FR0013153541;25/04/18;33.00;33.50;32.98;33.10;165814
FR0013153541;26/04/18;33.06;33.46;32.86;33.08;66889
FR0013153541;27/04/18;33.22;33.48;33.20;33.42;60151
FR0013153541;30/04/18;33.46;33.92;33.30;33.68;71335
FR0013154002;23/04/18;76.80;77.45;76.80;77.15;26005
FR0013154002;24/04/18;75.20;77.30;72.95;76.50;76475
FR0013154002;25/04/18;76.45;76.45;73.45;74.00;52648
FR0013154002;26/04/18;74.15;75.60;73.60;75.00;53552
FR0013154002;27/04/18;75.10;76.90;75.10;75.55;34358
FR0013154002;30/04/18;75.95;77.80;75.60;77.40;66538
FR0013176526;23/04/18;55.04;55.40;54.84;55.04;625987
FR0013176526;24/04/18;54.94;55.58;54.90;55.58;687293
FR0013176526;25/04/18;54.82;55.10;54.16;54.80;667230
FR0013176526;26/04/18;54.24;55.32;52.74;55.00;1124334
FR0013176526;27/04/18;54.92;54.94;54.24;54.90;787956
FR0013176526;30/04/18;54.76;55.58;54.72;55.44;780962
FR0013181864;23/04/18;1.912;1.94;1.821;1.894;5777527
FR0013181864;24/04/18;1.905;1.914;1.855;1.90;3570872
FR0013181864;25/04/18;1.863;1.948;1.845;1.912;7644156
FR0013181864;26/04/18;1.915;2.012;1.915;1.97;10253039
FR0013181864;27/04/18;1.982;2.002;1.951;1.977;5023761
FR0013181864;30/04/18;1.983;2.036;1.971;2.02;8778553
FR0013227113;23/04/18;72.05;73.40;67.80;69.75;295351
FR0013227113;24/04/18;68.50;69.20;66.55;67.30;201755
FR0013227113;25/04/18;67.40;67.60;65.70;65.90;141292
FR0013227113;26/04/18;66.25;68.55;65.95;68.10;133303
FR0013227113;27/04/18;69.00;69.35;67.35;67.65;62548
FR0013227113;30/04/18;67.35;67.65;66.75;67.50;62813
FR0013258662;23/04/18;14.05;14.15;13.91;14.00;97831
FR0013258662;24/04/18;13.95;14.15;13.90;13.98;57538
FR0013258662;25/04/18;13.90;13.96;13.74;13.96;62202
FR0013258662;26/04/18;13.87;14.07;13.87;13.96;79574
FR0013258662;27/04/18;13.95;14.00;13.81;13.83;31257
FR0013258662;30/04/18;13.90;14.25;13.90;14.02;119333
FR0013269123;23/04/18;61.65;61.65;60.35;60.85;134912
FR0013269123;24/04/18;60.80;61.60;60.60;61.25;120937
FR0013269123;25/04/18;61.05;61.35;60.30;61.20;115390
FR0013269123;26/04/18;61.40;62.90;61.10;62.60;168642
FR0013269123;27/04/18;62.65;64.15;62.40;63.65;187579
FR0013269123;30/04/18;63.80;64.60;63.75;64.50;235179
FR0013280286;23/04/18;64.20;65.70;64.00;65.30;140069
FR0013280286;24/04/18;65.30;66.10;65.00;65.50;104618
FR0013280286;25/04/18;65.40;65.60;63.50;63.80;109858
FR0013280286;26/04/18;63.70;64.90;63.40;64.10;161274
FR0013280286;27/04/18;64.10;66.10;64.00;65.50;133605
FR0013280286;30/04/18;65.40;66.40;65.40;65.60;126036
FR0013326246;23/04/18;193.00;193.10;190.45;191.90;272843
FR0013326246;24/04/18;194.00;194.35;190.95;192.40;441933
FR0013326246;25/04/18;191.90;194.60;191.60;193.25;347824
FR0013326246;26/04/18;194.00;198.25;192.50;196.80;569975
FR0013326246;27/04/18;196.80;198.70;196.20;197.35;321310
FR0013326246;30/04/18;198.05;199.55;197.50;198.90;464496
GB00BDSFG982;23/04/18;26.85;27.42;26.74;27.42;1388293
GB00BDSFG982;24/04/18;27.56;27.87;27.46;27.87;1777517
GB00BDSFG982;25/04/18;27.34;27.72;27.12;27.42;1753759
GB00BDSFG982;26/04/18;27.35;27.95;27.35;27.90;1449745
GB00BDSFG982;27/04/18;27.62;27.80;27.38;27.51;1310291
GB00BDSFG982;30/04/18;27.45;27.64;27.00;27.23;1645874
LU0088087324;23/04/18;12.76;12.765;11.60;11.68;2147485
LU0088087324;24/04/18;11.695;11.995;11.51;11.60;1817166
LU0088087324;25/04/18;11.55;11.80;11.30;11.735;1560782
LU0088087324;26/04/18;11.67;11.795;11.53;11.77;1079268
LU0088087324;27/04/18;12.945;13.615;12.555;12.93;3334763
LU0088087324;30/04/18;12.66;13.055;12.66;12.80;1699791
LU0569974404;23/04/18;43.00;43.16;41.64;42.17;272124
LU0569974404;24/04/18;42.10;42.31;41.78;42.14;190084
LU0569974404;25/04/18;41.80;42.08;40.96;41.57;434510
LU0569974404;26/04/18;41.56;41.64;39.66;40.35;490232
LU0569974404;27/04/18;40.41;40.83;40.03;40.39;250820
LU0569974404;30/04/18;40.50;40.72;40.15;40.37;268299
LU1598757687;23/04/18;28.765;28.80;28.10;28.47;4640273
LU1598757687;24/04/18;28.345;28.89;28.24;28.72;3949785
LU1598757687;25/04/18;28.28;28.375;27.57;27.815;5436911
LU1598757687;26/04/18;27.77;28.045;27.415;27.82;4191305
LU1598757687;27/04/18;28.01;28.11;27.535;27.805;3321342
LU1598757687;30/04/18;27.955;28.335;27.845;28.095;3859421
NL0000226223;23/04/18;17.53;17.80;17.505;17.765;1702764
NL0000226223;24/04/18;17.17;17.865;16.98;17.655;4101444
NL0000226223;25/04/18;18.29;18.595;17.83;18.175;5813423
NL0000226223;26/04/18;18.125;18.40;17.85;18.345;3959834
NL0000226223;27/04/18;18.475;18.55;18.015;18.135;2567560
NL0000226223;30/04/18;18.16;18.16;17.965;18.12;1794001
NL0000235190;23/04/18;94.29;96.34;94.09;96.16;1359855
NL0000235190;24/04/18;96.29;97.10;95.46;96.71;1817238
NL0000235190;25/04/18;95.78;96.03;92.82;94.97;2341877
NL0000235190;26/04/18;95.27;95.91;94.49;95.50;1789280
NL0000235190;27/04/18;95.04;97.95;93.73;96.93;2169494
NL0000235190;30/04/18;96.85;98.26;96.47;97.40;2148527
NL0006294274;23/04/18;59.95;60.15;59.65;60.05;56379
NL0006294274;24/04/18;60.00;60.10;59.55;59.95;71412
NL0006294274;25/04/18;59.80;59.90;58.35;58.60;109811
NL0006294274;26/04/18;58.95;59.75;58.70;59.35;91637
NL0006294274;27/04/18;59.55;59.75;58.85;59.00;54508
NL0006294274;30/04/18;59.25;59.75;58.85;59.40;120664
