BE0003470755;21/03/18;115.00;116.80;114.20;116.45;285305
BE0003470755;22/03/18;116.05;116.15;113.20;114.30;402598
BE0003470755;23/03/18;113.15;113.60;111.05;112.35;379247
BE0003470755;26/03/18;112.85;113.00;110.65;111.10;212362
BE0003470755;27/03/18;112.00;115.25;112.00;114.35;336454
BE0003470755;28/03/18;113.50;113.50;111.85;113.10;296342
BE0003470755;29/03/18;113.20;113.65;112.10;112.85;296102
CH0012214059;21/03/18;45.20;45.49;45.11;45.28;101806
CH0012214059;22/03/18;44.85;45.18;44.33;44.60;216754
CH0012214059;23/03/18;44.31;44.50;43.85;44.14;346173
CH0012214059;26/03/18;43.90;44.95;43.49;43.56;229356
CH0012214059;27/03/18;44.11;44.52;43.98;44.12;183755
CH0012214059;28/03/18;43.89;44.25;43.44;44.25;156705
CH0012214059;29/03/18;44.41;44.80;44.28;44.28;162977
FR0000031122;21/03/18;9.576;9.576;9.228;9.342;2883285
FR0000031122;22/03/18;9.228;9.328;9.118;9.262;3036881
FR0000031122;23/03/18;9.122;9.138;8.854;9.008;3348620
FR0000031122;26/03/18;9.002;9.08;8.842;8.908;2416765
FR0000031122;27/03/18;9.01;9.088;8.754;8.826;2715376
FR0000031122;28/03/18;8.77;8.828;8.65;8.758;2879330
FR0000031122;29/03/18;8.764;9.162;8.76;9.01;3837663
FR0000031775;21/03/18;63.30;63.75;63.30;63.40;36285
FR0000031775;22/03/18;62.95;63.65;62.35;62.75;32152
FR0000031775;23/03/18;62.50;62.90;61.65;62.85;28717
FR0000031775;26/03/18;62.85;62.85;60.55;60.55;33113
FR0000031775;27/03/18;61.25;61.50;60.55;60.80;19367
FR0000031775;28/03/18;60.50;61.75;60.30;61.55;26885
FR0000031775;29/03/18;61.50;61.85;61.10;61.35;30280
FR0000034639;21/03/18;13.91;13.96;13.79;13.86;211004
FR0000034639;22/03/18;13.64;13.66;13.23;13.40;1109333
FR0000034639;23/03/18;12.36;12.66;11.64;11.87;1639274
FR0000034639;26/03/18;11.85;12.19;11.84;11.92;1313919
FR0000034639;27/03/18;12.13;12.65;12.09;12.58;1356018
FR0000034639;28/03/18;12.37;12.56;12.26;12.33;1006852
FR0000034639;29/03/18;12.24;12.47;12.01;12.02;2816406
FR0000035081;21/03/18;79.70;80.00;78.30;78.30;75894
FR0000035081;22/03/18;78.30;78.35;77.70;78.15;83751
FR0000035081;23/03/18;77.65;78.05;77.05;77.15;85506
FR0000035081;26/03/18;77.60;77.70;76.25;76.35;70852
FR0000035081;27/03/18;76.95;77.55;76.50;77.10;85694
FR0000035081;28/03/18;77.00;78.45;76.70;78.30;118823
FR0000035081;29/03/18;77.90;79.35;77.90;78.90;104153
FR0000038259;21/03/18;463.40;463.40;455.60;460.80;24374
FR0000038259;22/03/18;459.00;464.40;454.00;460.60;31056
FR0000038259;23/03/18;458.00;458.60;451.20;457.00;28817
FR0000038259;26/03/18;459.00;459.80;448.80;450.20;22796
FR0000038259;27/03/18;457.80;459.80;453.80;455.80;17933
FR0000038259;28/03/18;450.40;451.40;429.00;434.00;70700
FR0000038259;29/03/18;434.00;438.60;429.00;429.00;38038
FR0000039299;21/03/18;4.438;4.494;4.39;4.396;1489190
FR0000039299;22/03/18;4.38;4.402;4.29;4.352;1388887
FR0000039299;23/03/18;4.32;4.32;4.206;4.274;1947876
FR0000039299;26/03/18;4.266;4.332;4.252;4.31;1587219
FR0000039299;27/03/18;4.374;4.408;4.304;4.304;1251579
FR0000039299;28/03/18;4.27;4.324;4.22;4.316;1218966
FR0000039299;29/03/18;4.304;4.358;4.30;4.33;1557191
FR0000044448;21/03/18;42.99;44.82;42.75;44.18;401457
FR0000044448;22/03/18;43.87;44.20;42.00;42.30;227798
FR0000044448;23/03/18;41.90;44.10;41.90;43.48;368783
FR0000044448;26/03/18;43.58;43.79;41.93;42.05;242462
FR0000044448;27/03/18;42.78;43.18;42.02;42.49;199028
FR0000044448;28/03/18;42.21;42.21;41.60;41.93;162592
FR0000044448;29/03/18;41.96;42.61;41.73;42.00;186284
FR0000045072;21/03/18;13.675;13.71;13.465;13.585;4926829
FR0000045072;22/03/18;13.50;13.62;13.19;13.38;9217233
FR0000045072;23/03/18;13.24;13.24;13.065;13.165;7007759
FR0000045072;26/03/18;13.19;13.245;13.05;13.14;5289476
FR0000045072;27/03/18;13.345;13.39;13.195;13.23;4517519
FR0000045072;28/03/18;13.075;13.255;12.945;13.255;5754470
FR0000045072;29/03/18;13.32;13.40;13.205;13.205;5179244
FR0000050809;21/03/18;168.00;169.50;166.80;169.10;24401
FR0000050809;22/03/18;168.20;168.30;163.20;165.20;41043
FR0000050809;23/03/18;164.00;165.00;161.60;164.80;33206
FR0000050809;26/03/18;164.70;166.10;162.10;162.90;35283
FR0000050809;27/03/18;164.50;167.40;164.20;165.80;27993
FR0000050809;28/03/18;165.00;165.00;162.10;163.70;26016
FR0000050809;29/03/18;163.90;167.70;163.90;165.70;28085
FR0000051732;21/03/18;111.85;112.20;110.75;110.85;268901
FR0000051732;22/03/18;110.10;110.80;108.55;110.20;392418
FR0000051732;23/03/18;108.55;111.80;108.50;110.75;448876
FR0000051732;26/03/18;110.80;111.15;107.95;108.35;332653
FR0000051732;27/03/18;110.10;110.60;108.90;109.25;322590
FR0000051732;28/03/18;107.60;109.35;106.55;109.35;430963
FR0000051732;29/03/18;109.90;111.60;108.90;111.10;403149
FR0000051807;21/03/18;125.50;127.00;124.70;127.00;140932
FR0000051807;22/03/18;126.50;127.00;124.40;126.20;196791
FR0000051807;23/03/18;125.00;125.90;122.70;125.70;138511
FR0000051807;26/03/18;125.70;125.80;123.50;124.10;125731
FR0000051807;27/03/18;124.90;126.50;124.70;125.40;102677
FR0000051807;28/03/18;125.00;125.40;123.40;125.40;116858
FR0000051807;29/03/18;125.60;126.90;125.60;126.00;92026
FR0000052292;21/03/18;456.00;475.90;456.00;464.00;140842
FR0000052292;22/03/18;464.20;467.60;460.50;466.70;85900
FR0000052292;23/03/18;464.80;468.50;458.90;466.30;87129
FR0000052292;26/03/18;469.20;469.40;464.00;466.20;55687
FR0000052292;27/03/18;469.80;475.50;469.60;473.40;92863
FR0000052292;28/03/18;470.30;478.10;469.20;478.10;75871
FR0000052292;29/03/18;480.00;482.70;478.70;481.50;67223
FR0000053225;21/03/18;21.38;21.38;21.06;21.10;74317
FR0000053225;22/03/18;20.98;21.00;20.52;20.68;101875
FR0000053225;23/03/18;20.58;20.70;20.48;20.64;129376
FR0000053225;26/03/18;20.70;20.70;20.34;20.54;67653
FR0000053225;27/03/18;20.70;21.08;20.64;21.06;111901
FR0000053225;28/03/18;20.94;20.94;20.70;20.78;81253
FR0000053225;29/03/18;20.78;21.10;20.72;20.92;93015
FR0000054470;21/03/18;69.04;72.60;68.94;71.16;2246422
FR0000054470;22/03/18;71.36;72.20;69.54;70.68;911627
FR0000054470;23/03/18;70.10;71.90;69.96;70.84;2128392
FR0000054470;26/03/18;70.90;71.06;68.32;68.54;566340
FR0000054470;27/03/18;70.00;70.32;69.16;69.68;369057
FR0000054470;28/03/18;69.24;69.52;67.72;68.18;716414
FR0000054470;29/03/18;68.58;69.20;67.50;68.52;481328
FR0000054900;21/03/18;11.22;11.22;10.91;11.10;207082
FR0000054900;22/03/18;11.00;11.06;10.81;10.88;178495
FR0000054900;23/03/18;10.80;11.00;10.62;10.96;201532
FR0000054900;26/03/18;10.99;10.99;10.70;10.79;164740
FR0000054900;27/03/18;10.85;10.98;10.85;10.92;116650
FR0000054900;28/03/18;10.85;10.87;10.69;10.83;272475
FR0000054900;29/03/18;10.87;11.07;10.82;11.03;192841
FR0000064578;21/03/18;89.80;89.80;88.15;88.50;106847
FR0000064578;22/03/18;88.40;89.20;87.95;89.20;106205
FR0000064578;23/03/18;88.80;89.20;88.40;88.60;91888
FR0000064578;26/03/18;88.90;89.20;87.90;88.40;82656
FR0000064578;27/03/18;89.00;89.35;88.55;88.90;81129
FR0000064578;28/03/18;88.60;89.45;88.05;89.45;130555
FR0000064578;29/03/18;89.40;90.25;89.35;89.65;170260
FR0000071946;21/03/18;78.60;79.30;78.25;78.75;36083
FR0000071946;22/03/18;78.40;78.85;77.05;77.95;56198
FR0000071946;23/03/18;77.20;77.90;75.60;77.90;53544
FR0000071946;26/03/18;78.05;78.90;77.55;78.35;82152
FR0000071946;27/03/18;78.70;80.25;78.30;79.00;68993
FR0000071946;28/03/18;78.60;78.65;76.90;78.30;37595
FR0000071946;29/03/18;78.75;78.75;78.00;78.25;36968
FR0000073272;21/03/18;87.74;87.78;86.24;86.38;620810
FR0000073272;22/03/18;85.96;86.46;84.06;84.96;1233604
FR0000073272;23/03/18;84.20;84.30;82.70;82.96;1592253
FR0000073272;26/03/18;83.16;83.36;81.56;82.00;859192
FR0000073272;27/03/18;83.42;84.74;83.32;84.14;1159098
FR0000073272;28/03/18;83.26;84.70;82.76;84.54;1103589
FR0000073272;29/03/18;84.98;86.34;84.84;85.98;1388244
FR0000077919;21/03/18;28.50;29.06;28.24;28.32;143357
FR0000077919;22/03/18;28.20;28.88;28.14;28.72;304317
FR0000077919;23/03/18;28.52;28.52;27.64;27.84;277371
FR0000077919;26/03/18;27.92;28.08;27.68;27.80;236163
FR0000077919;27/03/18;28.08;28.38;27.92;28.26;268664
FR0000077919;28/03/18;28.94;28.94;28.22;28.68;317035
FR0000077919;29/03/18;28.76;28.76;28.08;28.26;215833
FR0000120073;21/03/18;100.85;101.15;100.15;100.50;694279
FR0000120073;22/03/18;100.15;100.55;98.54;99.62;1286417
FR0000120073;23/03/18;98.74;99.68;97.32;99.24;1537382
FR0000120073;26/03/18;99.54;100.00;97.80;98.30;1222146
FR0000120073;27/03/18;100.05;100.25;98.94;99.50;1023618
FR0000120073;28/03/18;98.50;100.00;97.94;99.86;1336591
FR0000120073;29/03/18;100.20;100.40;99.32;99.48;1071483
FR0000120172;21/03/18;17.005;17.035;16.735;16.85;2456388
FR0000120172;22/03/18;16.75;16.965;16.615;16.94;3610525
FR0000120172;23/03/18;16.80;16.855;16.63;16.755;3560278
FR0000120172;26/03/18;16.755;16.795;16.515;16.54;3269200
FR0000120172;27/03/18;16.65;16.86;16.59;16.665;2979787
FR0000120172;28/03/18;16.625;16.795;16.46;16.795;4141317
FR0000120172;29/03/18;16.865;17.03;16.775;16.85;3852283
FR0000120222;21/03/18;20.94;21.00;20.72;20.94;333326
FR0000120222;22/03/18;20.84;21.04;20.42;20.62;505708
FR0000120222;23/03/18;20.48;20.52;20.22;20.32;539081
FR0000120222;26/03/18;20.34;20.40;20.12;20.12;390308
FR0000120222;27/03/18;20.40;20.58;20.28;20.34;435705
FR0000120222;28/03/18;20.28;20.58;19.97;20.56;512951
FR0000120222;29/03/18;20.58;20.78;20.48;20.50;403220
FR0000120271;21/03/18;46.30;46.625;46.035;46.555;5923941
FR0000120271;22/03/18;46.315;46.635;45.805;46.255;7645861
FR0000120271;23/03/18;45.815;46.195;45.58;45.805;7249624
FR0000120271;26/03/18;45.945;46.195;45.625;45.90;6191513
FR0000120271;27/03/18;46.40;46.50;45.83;46.09;7206582
FR0000120271;28/03/18;45.83;45.96;45.595;45.835;8654871
FR0000120271;29/03/18;45.82;46.45;45.685;46.13;5098808
FR0000120321;21/03/18;181.80;182.20;179.30;180.35;391588
FR0000120321;22/03/18;179.20;181.35;177.70;179.55;653810
FR0000120321;23/03/18;177.75;178.30;175.40;175.95;679806
FR0000120321;26/03/18;176.45;177.10;173.50;174.70;582439
FR0000120321;27/03/18;177.00;177.00;174.85;175.45;567815
FR0000120321;28/03/18;174.65;182.05;174.40;182.05;846910
FR0000120321;29/03/18;182.70;184.50;180.70;183.35;651512
FR0000120354;21/03/18;4.588;4.762;4.549;4.754;7033280
FR0000120354;22/03/18;4.727;4.83;4.503;4.54;8745295
FR0000120354;23/03/18;4.461;4.50;4.334;4.403;7823652
FR0000120354;26/03/18;4.438;4.46;4.326;4.338;5702964
FR0000120354;27/03/18;4.437;4.465;4.315;4.332;3757794
FR0000120354;28/03/18;4.31;4.32;4.203;4.276;6256279
FR0000120354;29/03/18;4.281;4.31;4.25;4.304;3072296
FR0000120404;21/03/18;46.57;46.57;45.67;45.79;585961
FR0000120404;22/03/18;45.47;45.77;44.62;45.08;772295
FR0000120404;23/03/18;44.62;44.78;44.18;44.50;944849
FR0000120404;26/03/18;44.64;44.88;43.82;44.09;752212
FR0000120404;27/03/18;44.47;44.75;43.84;43.99;778166
FR0000120404;28/03/18;43.70;44.25;43.14;44.02;735460
FR0000120404;29/03/18;44.13;44.27;43.68;43.85;836245
FR0000120503;21/03/18;41.40;41.40;40.79;40.95;539641
FR0000120503;22/03/18;40.74;40.97;39.75;39.99;950475
FR0000120503;23/03/18;39.70;39.88;39.18;39.76;954036
FR0000120503;26/03/18;39.85;40.09;39.26;39.35;665081
FR0000120503;27/03/18;40.00;40.57;39.69;40.25;1075670
FR0000120503;28/03/18;40.00;40.44;39.76;40.34;875327
FR0000120503;29/03/18;40.58;41.04;40.51;40.71;757945
FR0000120560;21/03/18;22.26;22.26;21.70;21.70;74398
FR0000120560;22/03/18;21.94;22.00;21.12;21.36;103965
FR0000120560;23/03/18;21.22;21.42;20.96;21.24;128688
FR0000120560;26/03/18;21.48;21.50;21.20;21.42;95242
FR0000120560;27/03/18;20.42;21.48;19.60;20.84;582569
FR0000120560;28/03/18;20.84;20.94;20.18;20.76;231865
FR0000120560;29/03/18;20.96;21.52;20.64;21.40;174737
FR0000120578;21/03/18;65.75;65.76;64.70;65.03;2333485
FR0000120578;22/03/18;64.50;64.74;63.84;64.63;3094207
FR0000120578;23/03/18;64.31;64.68;63.31;63.71;3518241
FR0000120578;26/03/18;64.08;64.68;62.88;63.21;2496743
FR0000120578;27/03/18;64.70;64.72;63.69;63.92;2526225
FR0000120578;28/03/18;63.60;65.05;63.02;64.75;3274390
FR0000120578;29/03/18;64.99;65.44;64.57;65.33;2645180
FR0000120628;21/03/18;22.445;22.465;22.195;22.32;6323312
FR0000120628;22/03/18;22.28;22.315;21.465;21.795;14012928
FR0000120628;23/03/18;21.56;21.63;21.18;21.31;12970822
FR0000120628;26/03/18;21.375;21.50;21.05;21.14;12261010
FR0000120628;27/03/18;21.605;21.675;21.27;21.34;9553127
FR0000120628;28/03/18;21.15;21.43;20.935;21.43;9636399
FR0000120628;29/03/18;21.38;21.835;21.345;21.60;9516119
FR0000120644;21/03/18;66.80;66.94;65.29;65.74;1338675
FR0000120644;22/03/18;65.25;65.57;64.36;65.05;1792647
FR0000120644;23/03/18;64.14;64.98;63.65;64.16;2174609
FR0000120644;26/03/18;64.31;64.55;63.60;63.96;1575804
FR0000120644;27/03/18;64.94;64.95;63.66;64.05;1484740
FR0000120644;28/03/18;63.51;65.36;63.44;65.36;2051386
FR0000120644;29/03/18;65.46;66.32;65.19;65.73;2114781
FR0000120685;21/03/18;6.946;6.976;6.902;6.944;4144943
FR0000120685;22/03/18;6.904;6.948;6.68;6.744;4941284
FR0000120685;23/03/18;6.68;6.694;6.582;6.67;5463908
FR0000120685;26/03/18;6.688;6.72;6.61;6.624;3642943
FR0000120685;27/03/18;6.736;6.806;6.724;6.756;5162703
FR0000120685;28/03/18;6.69;6.694;6.584;6.686;7204060
FR0000120685;29/03/18;6.706;6.754;6.632;6.658;5255534
FR0000120693;21/03/18;133.60;134.05;132.75;133.25;243908
FR0000120693;22/03/18;132.70;133.80;132.30;133.60;458877
FR0000120693;23/03/18;132.50;133.75;131.65;133.35;516843
FR0000120693;26/03/18;133.75;133.85;131.45;132.00;576950
FR0000120693;27/03/18;133.15;133.50;131.50;132.40;540736
FR0000120693;28/03/18;132.00;134.00;131.60;134.00;480277
FR0000120693;29/03/18;134.50;135.90;133.75;135.25;533478
FR0000120859;21/03/18;81.20;81.40;80.00;81.40;73992
FR0000120859;22/03/18;80.75;81.10;77.85;78.95;113149
FR0000120859;23/03/18;78.20;79.20;77.70;79.10;114891
FR0000120859;26/03/18;79.15;79.25;77.80;77.95;85473
FR0000120859;27/03/18;79.30;79.65;78.65;78.70;72241
FR0000120859;28/03/18;78.25;79.00;77.50;79.00;83193
FR0000120859;29/03/18;79.25;79.70;78.75;78.90;66030
FR0000120966;21/03/18;77.75;79.30;77.30;78.35;135515
FR0000120966;22/03/18;78.15;78.60;77.90;78.35;86560
FR0000120966;23/03/18;77.90;79.30;77.75;78.80;82680
FR0000120966;26/03/18;79.00;80.15;78.65;79.45;124029
FR0000120966;27/03/18;79.75;80.10;79.45;79.55;102570
FR0000120966;28/03/18;79.45;80.25;79.15;80.15;100082
FR0000120966;29/03/18;80.05;81.00;79.90;80.85;105986
FR0000121014;21/03/18;251.95;253.65;251.40;252.65;538101
FR0000121014;22/03/18;250.40;252.50;246.50;249.30;721130
FR0000121014;23/03/18;247.20;247.20;242.60;242.90;773835
FR0000121014;26/03/18;244.35;246.40;242.25;243.80;678816
FR0000121014;27/03/18;248.70;249.05;244.45;245.20;547051
FR0000121014;28/03/18;243.05;244.05;239.95;243.90;606379
FR0000121014;29/03/18;246.15;252.35;245.20;250.20;707714
FR0000121121;21/03/18;77.75;77.85;76.75;77.00;72515
FR0000121121;22/03/18;76.75;76.80;74.40;75.20;181032
FR0000121121;23/03/18;74.50;74.55;73.65;74.35;125332
FR0000121121;26/03/18;74.25;75.00;73.75;74.00;92595
FR0000121121;27/03/18;74.90;75.25;74.55;74.55;77441
FR0000121121;28/03/18;74.00;74.50;73.35;74.35;109248
FR0000121121;29/03/18;74.50;75.50;74.35;74.75;156884
FR0000121147;21/03/18;67.00;67.48;66.12;66.34;295481
FR0000121147;22/03/18;65.78;66.80;64.20;65.06;341739
FR0000121147;23/03/18;64.24;64.64;63.28;63.76;378851
FR0000121147;26/03/18;63.88;64.96;63.08;63.52;352016
FR0000121147;27/03/18;64.72;65.38;64.28;64.44;340812
FR0000121147;28/03/18;63.92;65.30;63.28;64.34;526919
FR0000121147;29/03/18;64.54;65.88;64.54;65.72;498138
FR0000121204;21/03/18;144.20;144.20;142.70;143.90;31802
FR0000121204;22/03/18;143.70;143.70;129.80;130.10;216305
FR0000121204;23/03/18;128.50;128.70;121.50;122.20;240614
FR0000121204;26/03/18;122.90;123.50;121.40;123.40;153408
FR0000121204;27/03/18;125.00;125.50;123.60;124.80;109451
FR0000121204;28/03/18;124.20;125.60;123.20;125.60;88600
FR0000121204;29/03/18;126.00;128.50;125.70;126.70;140572
FR0000121220;21/03/18;99.02;100.45;98.74;100.00;409399
FR0000121220;22/03/18;99.38;100.10;98.44;99.00;391525
FR0000121220;23/03/18;98.56;99.14;97.20;98.04;357897
FR0000121220;26/03/18;98.38;98.56;96.90;97.08;266411
FR0000121220;27/03/18;98.06;98.20;97.62;97.96;196854
FR0000121220;28/03/18;97.58;97.82;96.52;97.14;289680
FR0000121220;29/03/18;82.80;85.36;80.20;81.90;2236637
FR0000121261;21/03/18;126.45;126.95;125.85;126.35;338341
FR0000121261;22/03/18;125.20;125.85;122.35;123.05;664200
FR0000121261;23/03/18;120.00;120.80;118.35;119.10;845397
FR0000121261;26/03/18;119.60;120.10;117.85;118.10;474230
FR0000121261;27/03/18;119.80;120.00;117.65;118.30;561535
FR0000121261;28/03/18;117.50;118.35;115.75;117.35;630612
FR0000121261;29/03/18;118.00;120.10;118.00;119.90;722658
FR0000121329;21/03/18;96.82;97.34;96.78;97.00;221589
FR0000121329;22/03/18;96.56;97.20;96.22;96.76;394087
FR0000121329;23/03/18;96.10;96.46;94.44;96.20;359375
FR0000121329;26/03/18;96.50;97.34;96.06;96.34;288937
FR0000121329;27/03/18;97.48;98.06;96.86;97.60;317474
FR0000121329;28/03/18;97.26;99.36;96.96;99.30;486800
FR0000121329;29/03/18;99.30;99.62;98.60;98.94;365438
FR0000121485;21/03/18;389.20;397.00;388.30;394.80;281455
FR0000121485;22/03/18;392.80;397.10;381.20;385.50;218196
FR0000121485;23/03/18;381.70;386.90;376.70;384.90;234162
FR0000121485;26/03/18;385.90;388.00;380.50;382.20;161510
FR0000121485;27/03/18;389.10;390.80;380.80;382.90;163923
FR0000121485;28/03/18;381.90;385.60;377.10;384.30;168679
FR0000121485;29/03/18;387.60;391.80;384.00;388.80;193545
FR0000121501;21/03/18;18.785;18.94;18.75;18.77;2264858
FR0000121501;22/03/18;18.63;18.95;18.34;18.615;2773642
FR0000121501;23/03/18;18.385;18.64;18.115;18.61;2791062
FR0000121501;26/03/18;18.655;18.99;18.585;18.83;2512340
FR0000121501;27/03/18;19.145;19.20;18.815;18.955;2505163
FR0000121501;28/03/18;18.825;18.93;18.595;18.91;2517822
FR0000121501;29/03/18;18.99;19.645;18.975;19.55;5189469
FR0000121667;21/03/18;110.60;111.05;109.95;110.10;422713
FR0000121667;22/03/18;109.45;110.15;107.65;108.55;680471
FR0000121667;23/03/18;107.30;107.95;106.45;107.70;771533
FR0000121667;26/03/18;107.90;108.05;105.50;105.90;663101
FR0000121667;27/03/18;107.00;107.20;105.60;107.20;704831
FR0000121667;28/03/18;106.70;107.80;105.50;107.80;688945
FR0000121667;29/03/18;107.90;109.75;107.15;109.60;622172
FR0000121709;21/03/18;159.40;160.00;158.50;159.80;48707
FR0000121709;22/03/18;159.30;159.60;155.70;157.30;50881
FR0000121709;23/03/18;156.70;157.00;154.30;156.60;39168
FR0000121709;26/03/18;157.00;158.50;155.90;156.40;56549
FR0000121709;27/03/18;158.40;158.90;157.10;157.50;46685
FR0000121709;28/03/18;156.90;156.90;154.00;155.00;49337
FR0000121709;29/03/18;154.90;156.80;154.90;155.20;52879
FR0000121725;21/03/18;1562.00;1571.00;1549.00;1560.00;6822
FR0000121725;22/03/18;1550.00;1564.00;1538.00;1564.00;5762
FR0000121725;23/03/18;1556.00;1556.00;1518.00;1542.00;7198
FR0000121725;26/03/18;1550.00;1554.00;1525.00;1538.00;6265
FR0000121725;27/03/18;1562.00;1577.00;1553.00;1570.00;5442
FR0000121725;28/03/18;1570.00;1581.00;1535.00;1581.00;8325
FR0000121725;29/03/18;1589.00;1589.00;1549.00;1551.00;6925
FR0000121964;21/03/18;32.79;33.25;32.35;32.53;1220071
FR0000121964;22/03/18;32.45;32.59;32.10;32.30;964958
FR0000121964;23/03/18;32.08;32.13;31.68;31.71;1102965
FR0000121964;26/03/18;31.76;32.27;31.55;31.74;805004
FR0000121964;27/03/18;32.22;32.26;31.77;31.88;677583
FR0000121964;28/03/18;31.81;32.82;31.74;32.82;1128871
FR0000121964;29/03/18;32.76;33.17;32.72;32.75;762999
FR0000121972;21/03/18;72.72;72.72;71.94;72.30;1194180
FR0000121972;22/03/18;71.76;71.86;69.58;70.20;1699668
FR0000121972;23/03/18;69.52;69.62;68.46;68.96;2002199
FR0000121972;26/03/18;69.14;69.96;68.34;68.84;1494573
FR0000121972;27/03/18;70.22;71.00;69.90;70.28;1626265
FR0000121972;28/03/18;69.54;70.34;68.86;70.34;1897992
FR0000121972;29/03/18;70.48;71.78;70.24;71.34;2090586
FR0000124141;21/03/18;18.94;19.235;18.93;19.055;1647190
FR0000124141;22/03/18;19.04;19.13;18.69;18.825;1617922
FR0000124141;23/03/18;18.67;18.84;18.605;18.805;2410514
FR0000124141;26/03/18;18.85;18.925;18.57;18.66;1419465
FR0000124141;27/03/18;18.85;18.965;18.78;18.89;1474369
FR0000124141;28/03/18;18.89;19.25;18.77;19.25;1941610
FR0000124141;29/03/18;19.26;19.355;19.11;19.245;1762470
FR0000124570;21/03/18;39.53;39.60;39.23;39.38;128330
FR0000124570;22/03/18;39.24;39.39;38.30;38.74;247848
FR0000124570;23/03/18;38.31;38.33;37.55;38.21;227383
FR0000124570;26/03/18;38.14;38.76;38.10;38.22;217801
FR0000124570;27/03/18;38.70;39.07;38.46;38.56;186761
FR0000124570;28/03/18;38.30;38.31;37.74;38.25;203065
FR0000124570;29/03/18;38.28;38.97;38.23;38.90;219657
FR0000124711;21/03/18;192.10;192.25;190.00;190.00;375467
FR0000124711;22/03/18;189.05;190.40;187.75;189.70;487500
FR0000124711;23/03/18;188.10;189.95;185.25;185.75;505675
FR0000124711;26/03/18;186.60;187.15;182.55;183.55;473616
FR0000124711;27/03/18;180.05;181.80;178.45;180.15;387910
FR0000124711;28/03/18;179.05;183.55;177.35;183.55;552648
FR0000124711;29/03/18;182.50;186.50;182.50;185.65;545132
FR0000125007;21/03/18;45.705;45.705;44.35;45.00;2275926
FR0000125007;22/03/18;44.70;44.86;43.38;43.89;2630647
FR0000125007;23/03/18;43.475;43.475;42.38;42.72;2570619
FR0000125007;26/03/18;42.84;43.03;42.14;42.35;1784592
FR0000125007;27/03/18;43.03;43.07;42.54;42.685;2056193
FR0000125007;28/03/18;42.25;42.725;41.795;42.725;2179417
FR0000125007;29/03/18;42.90;42.97;42.685;42.86;1771440
FR0000125338;21/03/18;104.35;105.15;103.65;103.80;389855
FR0000125338;22/03/18;103.30;104.00;102.25;102.95;759242
FR0000125338;23/03/18;102.00;103.80;101.20;103.15;621262
FR0000125338;26/03/18;103.10;103.65;101.45;101.85;578840
FR0000125338;27/03/18;103.80;104.25;103.00;103.25;426729
FR0000125338;28/03/18;101.95;101.95;99.96;100.70;888552
FR0000125338;29/03/18;101.20;101.70;100.70;101.20;577320
FR0000125346;21/03/18;67.14;68.28;66.02;66.50;464299
FR0000125346;22/03/18;65.00;65.48;62.94;64.26;950914
FR0000125346;23/03/18;63.50;65.14;63.50;64.26;563868
FR0000125346;26/03/18;64.06;65.66;64.06;64.44;370745
FR0000125346;27/03/18;65.18;65.22;64.38;64.92;336340
FR0000125346;28/03/18;64.52;65.48;63.74;65.20;327751
FR0000125346;29/03/18;65.62;66.28;65.12;65.88;344977
FR0000125486;21/03/18;80.82;80.98;80.08;80.36;874264
FR0000125486;22/03/18;80.00;80.40;78.74;79.26;1412669
FR0000125486;23/03/18;78.52;79.30;77.94;78.48;2066636
FR0000125486;26/03/18;78.82;79.50;77.86;78.14;1680563
FR0000125486;27/03/18;79.52;80.06;79.26;79.98;1485647
FR0000125486;28/03/18;79.30;80.32;78.64;79.96;1359885
FR0000125486;29/03/18;80.14;80.22;79.52;79.90;1249232
FR0000125585;21/03/18;39.51;39.65;38.70;38.96;891288
FR0000125585;22/03/18;38.79;39.05;38.11;38.66;771808
FR0000125585;23/03/18;38.39;38.50;37.87;38.05;702121
FR0000125585;26/03/18;38.01;38.41;37.34;37.56;804702
FR0000125585;27/03/18;39.00;41.22;38.72;38.97;2325066
FR0000125585;28/03/18;39.14;39.73;38.77;39.36;972908
FR0000125585;29/03/18;39.49;40.25;39.33;39.81;776455
FR0000127771;21/03/18;21.80;22.07;21.34;21.55;3660027
FR0000127771;22/03/18;21.41;21.47;20.83;21.14;4948754
FR0000127771;23/03/18;20.88;21.27;20.82;21.05;4354875
FR0000127771;26/03/18;21.10;21.18;20.83;21.00;5259871
FR0000127771;27/03/18;21.20;21.27;20.85;21.00;7414949
FR0000127771;28/03/18;21.00;21.08;20.80;20.92;10377906
FR0000127771;29/03/18;21.00;21.08;20.90;21.00;3984205
FR0000130213;21/03/18;23.24;23.25;22.98;23.03;502362
FR0000130213;22/03/18;23.00;23.12;22.81;22.90;382619
FR0000130213;23/03/18;22.83;23.03;22.57;22.99;552067
FR0000130213;26/03/18;23.04;23.49;22.98;23.33;622063
FR0000130213;27/03/18;23.54;23.64;23.12;23.12;376251
FR0000130213;28/03/18;23.11;23.66;23.00;23.53;455060
FR0000130213;29/03/18;23.60;23.60;23.15;23.20;492377
FR0000130395;21/03/18;113.80;114.50;113.00;114.20;47203
FR0000130395;22/03/18;113.60;114.50;112.50;113.30;46130
FR0000130395;23/03/18;112.60;113.10;111.20;112.40;59611
FR0000130395;26/03/18;112.50;113.30;111.70;112.40;52345
FR0000130395;27/03/18;113.10;114.00;112.20;112.70;83662
FR0000130395;28/03/18;112.30;113.70;111.60;113.70;50811
FR0000130395;29/03/18;113.80;116.20;113.60;115.80;70579
FR0000130452;21/03/18;93.42;93.82;92.86;93.26;207528
FR0000130452;22/03/18;92.82;93.94;92.60;93.20;422393
FR0000130452;23/03/18;92.40;93.44;91.40;92.70;453048
FR0000130452;26/03/18;92.88;93.00;91.40;91.66;218288
FR0000130452;27/03/18;92.78;92.96;91.92;92.28;243889
FR0000130452;28/03/18;91.78;93.50;91.62;93.50;292975
FR0000130452;29/03/18;93.60;93.70;92.48;92.48;247606
FR0000130577;21/03/18;57.00;57.48;56.28;56.48;913367
FR0000130577;22/03/18;56.12;56.34;55.02;55.38;909322
FR0000130577;23/03/18;55.00;55.76;54.52;55.68;982666
FR0000130577;26/03/18;55.70;55.82;54.92;55.14;588805
FR0000130577;27/03/18;55.84;56.20;55.22;55.70;438931
FR0000130577;28/03/18;55.42;56.38;54.90;56.38;527270
FR0000130577;29/03/18;56.50;56.84;56.10;56.58;590556
FR0000130650;21/03/18;111.20;111.75;109.90;111.65;202504
FR0000130650;22/03/18;111.00;111.65;109.35;110.25;260609
FR0000130650;23/03/18;109.10;109.85;107.20;109.40;255920
FR0000130650;26/03/18;109.65;110.95;108.90;109.75;272522
FR0000130650;27/03/18;111.10;112.35;110.50;111.00;253479
FR0000130650;28/03/18;109.75;110.55;108.80;110.10;365836
FR0000130650;29/03/18;111.40;111.65;109.90;110.40;320056
FR0000130809;21/03/18;45.375;45.565;44.675;45.095;2564538
FR0000130809;22/03/18;44.68;44.845;43.365;44.105;5295718
FR0000130809;23/03/18;43.66;43.73;43.19;43.55;4317841
FR0000130809;26/03/18;43.655;43.775;42.915;43.26;3093353
FR0000130809;27/03/18;44.00;44.22;43.795;43.86;3864386
FR0000130809;28/03/18;43.385;43.94;42.965;43.94;4006798
FR0000130809;29/03/18;44.12;44.605;44.015;44.16;3278085
FR0000131104;21/03/18;61.51;61.82;60.87;61.23;2937721
FR0000131104;22/03/18;60.64;61.15;59.15;60.11;4860287
FR0000131104;23/03/18;59.56;59.56;58.78;59.24;5100643
FR0000131104;26/03/18;59.44;59.50;58.42;58.88;3416201
FR0000131104;27/03/18;59.99;60.14;59.25;59.53;3727722
FR0000131104;28/03/18;58.77;60.02;58.43;60.02;4349077
FR0000131104;29/03/18;60.52;60.86;60.17;60.17;3588392
FR0000131906;21/03/18;95.03;95.29;93.70;94.03;747893
FR0000131906;22/03/18;93.10;93.98;91.20;92.68;773825
FR0000131906;23/03/18;91.73;92.39;90.28;92.14;713787
FR0000131906;26/03/18;92.66;94.12;92.14;92.45;782594
FR0000131906;27/03/18;94.45;95.03;93.01;93.40;753564
FR0000131906;28/03/18;93.01;93.11;91.57;93.11;676642
FR0000131906;29/03/18;93.51;100.80;93.47;98.50;3449130
FR0000133308;21/03/18;13.91;13.925;13.75;13.805;5118897
FR0000133308;22/03/18;13.73;13.835;13.52;13.63;8140822
FR0000133308;23/03/18;13.53;13.645;13.48;13.555;6616025
FR0000133308;26/03/18;13.59;13.65;13.385;13.47;6178524
FR0000133308;27/03/18;13.67;13.69;13.555;13.625;5327953
FR0000133308;28/03/18;13.535;13.73;13.445;13.73;7112402
FR0000133308;29/03/18;13.75;13.82;13.66;13.785;6218904
FR0000184798;21/03/18;101.20;101.35;100.05;100.95;52433
FR0000184798;22/03/18;100.05;100.35;99.04;99.66;80482
FR0000184798;23/03/18;99.02;99.94;97.62;99.52;81121
FR0000184798;26/03/18;99.50;100.55;98.06;98.76;66815
FR0000184798;27/03/18;100.90;101.00;99.08;99.84;77143
FR0000184798;28/03/18;99.00;101.20;98.86;101.20;173369
FR0000184798;29/03/18;101.25;104.40;101.00;103.25;153072
FR0004035913;21/03/18;173.85;173.90;170.75;171.00;196887
FR0004035913;22/03/18;170.35;171.35;167.75;170.95;193487
FR0004035913;23/03/18;169.40;172.55;168.40;170.95;149379
FR0004035913;26/03/18;171.65;172.35;168.15;168.80;143523
FR0004035913;27/03/18;171.30;171.30;168.30;170.75;136910
FR0004035913;28/03/18;169.60;171.55;168.80;170.75;169387
FR0004035913;29/03/18;171.50;171.75;166.40;168.00;150578
FR0004125920;21/03/18;66.04;66.04;65.50;65.88;97403
FR0004125920;22/03/18;65.50;65.70;63.76;64.64;186117
FR0004125920;23/03/18;63.80;64.46;63.48;64.30;148492
FR0004125920;26/03/18;64.30;65.00;63.76;64.02;179017
FR0004125920;27/03/18;64.84;65.70;64.70;65.30;168791
FR0004125920;28/03/18;65.00;65.18;63.90;65.02;158883
FR0004125920;29/03/18;65.20;65.96;64.70;65.26;133581
FR0004163111;21/03/18;23.02;23.12;22.80;22.86;137090
FR0004163111;22/03/18;22.80;22.86;22.56;22.72;181920
FR0004163111;23/03/18;22.50;23.28;22.46;23.20;214484
FR0004163111;26/03/18;23.30;23.30;22.44;22.56;161142
FR0004163111;27/03/18;23.00;23.12;22.70;23.00;135627
FR0004163111;28/03/18;22.80;24.60;22.60;23.36;543616
FR0004163111;29/03/18;23.56;23.84;23.26;23.50;180591
FR0004188670;21/03/18;28.02;28.46;27.56;27.80;49772
FR0004188670;22/03/18;27.80;28.00;27.22;27.92;97296
FR0004188670;23/03/18;27.78;28.40;27.32;28.18;133816
FR0004188670;26/03/18;28.12;28.36;27.94;28.10;80851
FR0004188670;27/03/18;28.34;28.34;27.36;27.94;119339
FR0004188670;28/03/18;27.88;27.88;27.32;27.48;74665
FR0004188670;29/03/18;27.40;27.76;26.84;27.22;122977
FR0004254035;21/03/18;121.60;121.80;121.60;121.60;6606
FR0004254035;22/03/18;121.60;122.00;121.60;122.00;59577
FR0004254035;23/03/18;121.80;122.20;121.80;122.20;2587
FR0004254035;26/03/18;122.00;122.00;121.80;121.80;4056
FR0004254035;27/03/18;122.00;122.00;121.80;121.80;8610
FR0004254035;28/03/18;121.80;122.00;121.80;122.00;1203
FR0004254035;29/03/18;122.00;122.00;121.80;121.80;12617
FR0006174348;21/03/18;21.72;21.80;21.60;21.73;587816
FR0006174348;22/03/18;21.60;21.72;21.31;21.45;627107
FR0006174348;23/03/18;21.31;21.31;20.68;20.79;1243060
FR0006174348;26/03/18;20.79;20.82;20.39;20.53;761918
FR0006174348;27/03/18;20.83;20.88;20.68;20.81;435746
FR0006174348;28/03/18;21.19;21.20;20.71;21.08;917597
FR0006174348;29/03/18;21.20;21.22;21.03;21.11;615471
FR0010040865;21/03/18;144.20;144.30;141.00;141.60;136079
FR0010040865;22/03/18;141.50;142.40;140.30;142.40;139192
FR0010040865;23/03/18;141.80;142.10;140.50;141.30;128836
FR0010040865;26/03/18;142.00;142.00;138.80;139.80;97910
FR0010040865;27/03/18;141.30;142.30;139.60;140.30;136692
FR0010040865;28/03/18;140.10;141.50;139.00;141.50;125909
FR0010040865;29/03/18;140.80;142.30;140.70;141.10;164637
FR0010112524;21/03/18;53.25;53.25;52.65;52.70;50755
FR0010112524;22/03/18;52.60;53.05;51.95;52.40;97482
FR0010112524;23/03/18;52.10;52.15;51.35;51.65;88366
FR0010112524;26/03/18;51.65;52.00;51.35;51.55;79915
FR0010112524;27/03/18;51.55;52.05;51.50;52.00;86523
FR0010112524;28/03/18;51.95;52.45;51.60;52.35;64071
FR0010112524;29/03/18;52.40;52.65;51.95;52.05;54504
FR0010208488;21/03/18;13.455;13.565;13.44;13.565;4639481
FR0010208488;22/03/18;13.485;13.575;13.305;13.47;7053792
FR0010208488;23/03/18;13.31;13.385;13.185;13.255;7237951
FR0010208488;26/03/18;13.305;13.415;13.155;13.26;5305722
FR0010208488;27/03/18;13.31;13.34;13.12;13.20;6660865
FR0010208488;28/03/18;13.14;13.55;13.11;13.545;7452485
FR0010208488;29/03/18;13.565;13.685;13.45;13.555;7627228
FR0010220475;21/03/18;35.60;36.36;35.31;36.36;975769
FR0010220475;22/03/18;36.08;36.63;35.73;36.25;965431
FR0010220475;23/03/18;35.99;36.09;35.42;35.89;1053571
FR0010220475;26/03/18;35.91;37.19;35.79;36.06;1443047
FR0010220475;27/03/18;36.58;36.85;36.46;36.56;725279
FR0010220475;28/03/18;36.41;36.51;35.81;36.30;731599
FR0010220475;29/03/18;36.44;36.89;36.30;36.61;667476
FR0010221234;21/03/18;17.005;17.135;16.65;16.755;765313
FR0010221234;22/03/18;16.73;16.87;16.61;16.79;563049
FR0010221234;23/03/18;16.64;16.72;16.42;16.62;529630
FR0010221234;26/03/18;16.64;16.685;16.555;16.63;640831
FR0010221234;27/03/18;16.79;16.89;16.35;16.36;591149
FR0010221234;28/03/18;16.36;16.43;15.845;16.075;1288464
FR0010221234;29/03/18;16.03;16.145;15.89;16.10;969493
FR0010241638;21/03/18;16.04;16.16;15.95;15.96;91097
FR0010241638;22/03/18;15.95;16.06;15.81;15.90;110175
FR0010241638;23/03/18;15.90;15.92;15.52;15.59;236314
FR0010241638;26/03/18;15.60;15.62;15.31;15.35;118987
FR0010241638;27/03/18;15.44;15.52;15.31;15.37;137457
FR0010241638;28/03/18;15.37;15.50;15.33;15.50;148195
FR0010241638;29/03/18;15.52;15.70;15.52;15.61;146082
FR0010242511;21/03/18;11.10;11.515;11.07;11.43;3935180
FR0010242511;22/03/18;11.34;11.695;11.33;11.46;3614613
FR0010242511;23/03/18;11.26;11.47;11.12;11.42;3376785
FR0010242511;26/03/18;11.41;11.55;11.30;11.325;2503523
FR0010242511;27/03/18;11.515;11.69;11.47;11.57;2918319
FR0010242511;28/03/18;11.585;11.945;11.45;11.92;4675901
FR0010242511;29/03/18;11.92;11.935;11.66;11.76;3045344
FR0010259150;21/03/18;123.50;126.90;123.10;126.90;139570
FR0010259150;22/03/18;126.00;126.25;122.15;123.15;125669
FR0010259150;23/03/18;122.15;124.45;120.45;122.50;119886
FR0010259150;26/03/18;122.70;124.25;121.55;122.10;82491
FR0010259150;27/03/18;124.00;126.35;123.70;124.95;112922
FR0010259150;28/03/18;119.90;126.45;119.20;125.60;177342
FR0010259150;29/03/18;126.00;127.85;124.95;126.15;144564
FR0010307819;21/03/18;64.84;64.96;64.26;64.50;375402
FR0010307819;22/03/18;64.20;64.52;62.88;63.64;506743
FR0010307819;23/03/18;62.96;63.10;62.24;62.78;504188
FR0010307819;26/03/18;63.02;63.16;62.02;62.30;424767
FR0010307819;27/03/18;63.04;63.54;62.68;63.38;703516
FR0010307819;28/03/18;63.00;64.00;62.42;64.00;863089
FR0010307819;29/03/18;64.06;64.22;63.70;63.70;699749
FR0010313833;21/03/18;109.00;110.30;107.95;109.60;209975
FR0010313833;22/03/18;108.70;109.55;106.25;107.50;272421
FR0010313833;23/03/18;106.45;106.55;104.05;105.05;275285
FR0010313833;26/03/18;105.30;105.90;103.55;103.90;194604
FR0010313833;27/03/18;105.75;107.90;105.45;107.30;242270
FR0010313833;28/03/18;106.20;106.40;105.10;106.35;240163
FR0010313833;29/03/18;106.45;107.15;105.10;106.00;201239
FR0010331421;21/03/18;5.35;5.615;5.31;5.55;253605
FR0010331421;22/03/18;5.515;5.585;5.45;5.54;195024
FR0010331421;23/03/18;5.535;5.70;5.41;5.61;316439
FR0010331421;26/03/18;5.625;5.78;5.625;5.70;264404
FR0010331421;27/03/18;5.76;5.895;5.72;5.825;293149
FR0010331421;28/03/18;5.785;5.88;5.705;5.865;219702
FR0010331421;29/03/18;5.835;5.875;5.70;5.735;186219
FR0010340141;21/03/18;183.00;183.20;179.30;180.20;89508
FR0010340141;22/03/18;179.80;180.70;178.70;179.20;82558
FR0010340141;23/03/18;178.00;182.20;176.60;181.50;101493
FR0010340141;26/03/18;182.30;184.00;178.70;179.50;81409
FR0010340141;27/03/18;182.00;182.40;177.90;178.50;70615
FR0010340141;28/03/18;177.60;178.80;175.60;178.70;56166
FR0010340141;29/03/18;178.90;179.80;177.00;177.00;73005
FR0010386334;21/03/18;27.88;28.10;27.80;27.88;60956
FR0010386334;22/03/18;27.80;27.88;27.12;27.28;104597
FR0010386334;23/03/18;27.18;27.70;26.98;27.40;153943
FR0010386334;26/03/18;27.44;27.62;27.26;27.32;50993
FR0010386334;27/03/18;27.48;28.22;27.42;28.02;165305
FR0010386334;28/03/18;27.80;27.86;27.00;27.12;147128
FR0010386334;29/03/18;27.14;27.76;27.14;27.50;116562
FR0010411983;21/03/18;33.47;33.52;33.02;33.13;418039
FR0010411983;22/03/18;32.90;33.05;32.15;32.55;458603
FR0010411983;23/03/18;32.21;32.58;31.78;32.46;583545
FR0010411983;26/03/18;32.55;32.60;32.21;32.35;493403
FR0010411983;27/03/18;32.70;32.98;32.58;32.67;522178
FR0010411983;28/03/18;32.54;33.47;32.31;33.47;755264
FR0010411983;29/03/18;33.35;33.41;32.75;33.26;681532
FR0010417345;21/03/18;35.62;36.12;35.14;35.76;207632
FR0010417345;22/03/18;35.58;38.20;35.50;37.10;207148
FR0010417345;23/03/18;36.56;36.90;36.02;36.08;110658
FR0010417345;26/03/18;36.38;36.38;35.70;35.80;112229
FR0010417345;27/03/18;36.40;38.60;36.40;37.52;181326
FR0010417345;28/03/18;36.96;37.94;36.70;37.52;123897
FR0010417345;29/03/18;38.00;38.68;37.42;38.54;114656
FR0010451203;21/03/18;14.13;14.14;13.905;14.015;494400
FR0010451203;22/03/18;14.00;14.00;13.58;13.725;1000007
FR0010451203;23/03/18;13.60;13.62;13.30;13.55;889912
FR0010451203;26/03/18;13.55;13.68;13.365;13.445;611939
FR0010451203;27/03/18;13.65;13.765;13.525;13.56;905691
FR0010451203;28/03/18;13.50;13.76;13.335;13.76;1223125
FR0010451203;29/03/18;13.805;14.05;13.75;13.75;1340434
FR0010533075;21/03/18;11.64;11.685;11.605;11.605;933641
FR0010533075;22/03/18;11.60;11.655;11.55;11.59;1131686
FR0010533075;23/03/18;11.58;11.59;11.45;11.49;1008021
FR0010533075;26/03/18;11.485;11.605;11.465;11.555;990012
FR0010533075;27/03/18;11.59;11.65;11.55;11.565;1085469
FR0010533075;28/03/18;11.56;11.575;11.42;11.56;1081904
FR0010533075;29/03/18;11.63;11.695;11.595;11.60;1146559
FR0010613471;21/03/18;11.555;11.67;11.475;11.55;1547323
FR0010613471;22/03/18;11.415;11.43;11.16;11.295;2896053
FR0010613471;23/03/18;11.205;11.325;11.145;11.265;1889255
FR0010613471;26/03/18;11.305;11.445;11.25;11.345;1732827
FR0010613471;27/03/18;11.50;11.575;11.32;11.34;1659447
FR0010613471;28/03/18;11.31;11.815;11.28;11.815;3336526
FR0010613471;29/03/18;11.825;11.91;11.74;11.77;1832688
FR0010908533;21/03/18;28.62;28.69;28.40;28.58;385830
FR0010908533;22/03/18;28.40;28.62;27.74;27.97;684844
FR0010908533;23/03/18;27.75;28.25;27.32;28.25;784411
FR0010908533;26/03/18;28.36;28.36;27.62;27.83;604003
FR0010908533;27/03/18;28.24;28.28;27.91;28.11;475816
FR0010908533;28/03/18;27.96;28.25;27.53;28.25;701770
FR0010908533;29/03/18;28.42;28.45;28.08;28.24;565890
FR0010918292;21/03/18;1.48;1.489;1.423;1.437;3418286
FR0010918292;22/03/18;1.421;1.43;1.39;1.403;4094725
FR0010918292;23/03/18;1.389;1.435;1.353;1.41;4289934
FR0010918292;26/03/18;1.412;1.45;1.375;1.406;3302598
FR0010918292;27/03/18;1.432;1.468;1.414;1.417;2485713
FR0010918292;28/03/18;1.41;1.41;1.37;1.375;4437960
FR0010918292;29/03/18;1.372;1.385;1.331;1.374;4445058
FR0011476928;21/03/18;85.80;85.85;84.50;84.80;14662
FR0011476928;22/03/18;84.75;84.90;83.55;84.05;28223
FR0011476928;23/03/18;83.30;83.30;81.05;81.45;66174
FR0011476928;26/03/18;81.75;85.35;81.75;84.15;67890
FR0011476928;27/03/18;85.95;86.00;84.65;85.00;26472
FR0011476928;28/03/18;84.85;86.05;84.40;86.00;44424
FR0011476928;29/03/18;86.25;87.20;85.70;87.05;57181
FR0011726835;21/03/18;52.45;53.00;51.75;52.55;60303
FR0011726835;22/03/18;52.75;53.50;51.85;52.30;65049
FR0011726835;23/03/18;51.85;51.85;50.90;51.15;53134
FR0011726835;26/03/18;51.20;51.90;50.85;51.10;43632
FR0011726835;27/03/18;51.75;52.70;51.75;52.10;48883
FR0011726835;28/03/18;51.75;52.45;51.25;52.00;56088
FR0011726835;29/03/18;52.00;52.30;50.90;50.90;32680
FR0011950732;21/03/18;17.00;17.08;16.85;16.90;155443
FR0011950732;22/03/18;16.83;16.98;16.69;16.98;236765
FR0011950732;23/03/18;16.86;17.07;16.63;17.00;298572
FR0011950732;26/03/18;17.10;17.28;16.94;17.15;318250
FR0011950732;27/03/18;17.30;17.51;17.26;17.43;357056
FR0011950732;28/03/18;17.38;17.68;17.24;17.57;353919
FR0011950732;29/03/18;17.10;17.71;17.00;17.66;915075
FR0011981968;21/03/18;43.94;43.94;42.76;43.14;62950
FR0011981968;22/03/18;43.02;43.06;42.34;42.76;68525
FR0011981968;23/03/18;42.44;42.82;41.68;42.66;192221
FR0011981968;26/03/18;42.50;42.72;41.44;41.58;92700
FR0011981968;27/03/18;41.92;42.80;41.74;42.52;169924
FR0011981968;28/03/18;42.42;42.64;41.62;42.00;102019
FR0011981968;29/03/18;41.82;42.18;41.14;41.26;61129
FR0012435121;21/03/18;20.72;20.80;20.36;20.40;348396
FR0012435121;22/03/18;20.40;20.54;19.82;20.08;413006
FR0012435121;23/03/18;19.84;19.90;19.61;19.89;357546
FR0012435121;26/03/18;20.00;20.12;19.55;19.64;536595
FR0012435121;27/03/18;19.80;19.97;19.77;19.86;272066
FR0012435121;28/03/18;19.72;20.12;19.51;20.04;487757
FR0012435121;29/03/18;20.20;20.28;19.83;20.10;457824
FR0012757854;21/03/18;18.03;18.08;17.92;17.99;384589
FR0012757854;22/03/18;17.96;18.08;17.65;17.89;400066
FR0012757854;23/03/18;17.75;17.84;17.38;17.66;424731
FR0012757854;26/03/18;17.64;17.80;17.28;17.30;422386
FR0012757854;27/03/18;17.12;17.90;17.11;17.79;516921
FR0012757854;28/03/18;17.54;18.04;17.51;18.00;444258
FR0012757854;29/03/18;18.04;18.20;17.75;17.97;696552
FR0012789949;21/03/18;9.99;10.03;9.575;9.68;613328
FR0012789949;22/03/18;9.62;9.62;9.20;9.33;490287
FR0012789949;23/03/18;9.235;9.38;9.00;9.36;496745
FR0012789949;26/03/18;9.46;9.555;9.14;9.155;577334
FR0012789949;27/03/18;9.325;9.325;9.04;9.065;511038
FR0012789949;28/03/18;9.05;9.065;8.82;8.95;486001
FR0012789949;29/03/18;9.00;9.06;8.91;9.03;263251
FR0013153541;21/03/18;30.50;30.50;29.70;29.80;96549
FR0013153541;22/03/18;29.72;30.18;29.58;29.98;115135
FR0013153541;23/03/18;30.00;30.50;29.62;30.50;114994
FR0013153541;26/03/18;30.50;30.54;29.52;29.68;76773
FR0013153541;27/03/18;29.96;30.48;29.96;30.18;107253
FR0013153541;28/03/18;30.12;30.30;29.46;30.00;84916
FR0013153541;29/03/18;30.00;30.26;29.58;29.66;76649
FR0013154002;21/03/18;73.10;73.60;72.45;73.25;40271
FR0013154002;22/03/18;72.85;73.05;70.85;71.45;43393
FR0013154002;23/03/18;70.85;70.95;69.35;69.55;82130
FR0013154002;26/03/18;69.50;70.25;68.65;68.95;65362
FR0013154002;27/03/18;69.65;71.90;69.65;71.65;71691
FR0013154002;28/03/18;71.30;72.10;70.40;71.70;92432
FR0013154002;29/03/18;72.00;73.85;72.00;73.45;47431
FR0013176526;21/03/18;55.64;55.92;55.42;55.78;646740
FR0013176526;22/03/18;55.38;55.72;54.76;55.66;999530
FR0013176526;23/03/18;55.10;55.18;54.06;54.32;1334503
FR0013176526;26/03/18;54.48;54.62;52.98;53.22;993879
FR0013176526;27/03/18;54.24;54.60;53.26;53.54;884993
FR0013176526;28/03/18;53.00;53.56;52.78;53.48;923381
FR0013176526;29/03/18;53.50;54.10;53.06;53.64;1229921
FR0013227113;21/03/18;64.25;65.00;63.90;64.45;31234
FR0013227113;22/03/18;64.00;64.35;62.00;63.35;85620
FR0013227113;23/03/18;62.10;62.20;60.45;61.00;95831
FR0013227113;26/03/18;61.10;64.20;60.95;62.75;118331
FR0013227113;27/03/18;64.25;64.80;62.85;63.45;75869
FR0013227113;28/03/18;61.05;61.70;58.65;58.90;220995
FR0013227113;29/03/18;59.00;60.00;58.75;58.90;149889
FR0013258662;21/03/18;14.00;14.03;13.68;13.88;67701
FR0013258662;22/03/18;13.79;13.79;13.31;13.45;74679
FR0013258662;23/03/18;13.30;13.40;13.15;13.22;76808
FR0013258662;26/03/18;13.20;13.28;13.16;13.25;99855
FR0013258662;27/03/18;13.28;13.34;13.19;13.23;74674
FR0013258662;28/03/18;13.20;13.22;12.97;13.20;75725
FR0013258662;29/03/18;13.20;13.31;13.16;13.21;108468
FR0013269123;21/03/18;60.85;60.95;59.55;59.85;129043
FR0013269123;22/03/18;59.75;59.75;57.85;59.40;188403
FR0013269123;23/03/18;59.20;59.20;58.00;58.75;195407
FR0013269123;26/03/18;59.05;60.15;58.65;59.15;158772
FR0013269123;27/03/18;59.95;59.95;58.60;59.45;158925
FR0013269123;28/03/18;59.10;59.50;58.85;59.25;145926
FR0013269123;29/03/18;59.50;59.50;58.35;58.65;152289
FR0013280286;21/03/18;65.40;65.40;64.60;65.00;157641
FR0013280286;22/03/18;64.70;64.90;63.70;64.30;91248
FR0013280286;23/03/18;63.70;64.30;63.30;63.90;157331
FR0013280286;26/03/18;63.90;64.60;63.40;63.50;94477
FR0013280286;27/03/18;64.40;66.00;63.80;65.90;140582
FR0013280286;28/03/18;65.90;68.00;65.60;68.00;265185
FR0013280286;29/03/18;68.00;68.00;65.80;67.00;205698
GB00BDSFG982;21/03/18;24.37;25.05;23.97;25.05;1399089
GB00BDSFG982;22/03/18;24.75;24.79;23.86;24.11;1323967
GB00BDSFG982;23/03/18;23.86;24.27;23.53;24.13;1001199
GB00BDSFG982;26/03/18;24.24;24.26;23.43;23.49;992419
GB00BDSFG982;27/03/18;24.04;24.17;23.52;23.66;1335578
GB00BDSFG982;28/03/18;23.44;23.46;23.01;23.19;1202012
GB00BDSFG982;29/03/18;23.37;23.82;23.13;23.63;1119224
LU0088087324;21/03/18;12.605;12.65;11.60;12.09;2344041
LU0088087324;22/03/18;12.10;12.125;11.785;12.065;1006634
LU0088087324;23/03/18;11.99;12.145;11.645;12.07;1200184
LU0088087324;26/03/18;12.10;12.325;11.98;12.11;744642
LU0088087324;27/03/18;12.10;12.18;11.75;11.775;871657
LU0088087324;28/03/18;11.78;11.805;11.39;11.515;1590377
LU0088087324;29/03/18;11.44;11.57;10.705;10.985;2618558
LU0569974404;21/03/18;39.25;39.25;38.70;39.13;396220
LU0569974404;22/03/18;39.05;39.38;38.56;39.05;415706
LU0569974404;23/03/18;38.69;38.99;38.38;38.51;379199
LU0569974404;26/03/18;38.46;38.96;38.17;38.37;226593
LU0569974404;27/03/18;38.82;39.37;38.54;39.18;343475
LU0569974404;28/03/18;38.91;38.92;37.59;38.02;323819
LU0569974404;29/03/18;38.07;39.13;38.05;38.83;303820
LU1598757687;21/03/18;26.085;27.22;26.025;27.22;6532607
LU1598757687;22/03/18;26.975;27.46;25.715;26.175;7237675
LU1598757687;23/03/18;25.60;25.805;25.11;25.29;6622806
LU1598757687;26/03/18;25.255;25.495;24.73;24.905;5898001
LU1598757687;27/03/18;25.50;25.725;25.11;25.165;5222331
LU1598757687;28/03/18;24.80;24.895;24.335;24.68;6485603
LU1598757687;29/03/18;24.93;25.86;24.82;25.70;6314818
NL0000226223;21/03/18;19.90;20.37;19.88;20.34;2435764
NL0000226223;22/03/18;20.10;20.11;19.12;19.41;3368803
NL0000226223;23/03/18;19.04;19.04;18.435;18.665;4281281
NL0000226223;26/03/18;18.755;18.94;18.46;18.615;2146010
NL0000226223;27/03/18;19.165;19.215;18.985;19.085;2250593
NL0000226223;28/03/18;18.45;18.57;17.775;18.05;5293986
NL0000226223;29/03/18;18.195;18.23;17.825;17.985;2762767
NL0000235190;21/03/18;96.27;96.31;94.75;95.51;1306085
NL0000235190;22/03/18;95.00;95.46;92.78;94.63;2307587
NL0000235190;23/03/18;93.55;94.30;91.87;92.92;2232114
NL0000235190;26/03/18;92.93;93.78;92.08;92.88;2131370
NL0000235190;27/03/18;94.64;95.48;94.00;95.10;1603029
NL0000235190;28/03/18;93.89;94.41;92.62;93.98;2342711
NL0000235190;29/03/18;94.48;95.07;93.62;93.80;1787075
NL0000400653;21/03/18;49.43;49.49;49.35;49.43;259092
NL0000400653;22/03/18;49.40;49.60;49.23;49.60;531862
NL0000400653;23/03/18;49.45;49.54;49.17;49.39;499797
NL0000400653;26/03/18;49.37;49.37;49.14;49.25;313607
NL0000400653;27/03/18;49.28;49.43;49.20;49.35;341789
NL0000400653;28/03/18;49.60;49.71;49.47;49.60;1186110
NL0000400653;29/03/18;49.63;49.71;49.56;49.65;274944
NL0006294274;21/03/18;60.50;60.90;60.25;60.30;94756
NL0006294274;22/03/18;60.00;60.50;59.55;59.90;96212
NL0006294274;23/03/18;59.25;59.60;58.00;58.75;115726
NL0006294274;26/03/18;58.80;59.75;58.55;58.80;90409
NL0006294274;27/03/18;59.60;60.50;59.10;60.10;105386
NL0006294274;28/03/18;59.90;59.95;59.15;59.70;98969
NL0006294274;29/03/18;59.90;60.20;59.40;59.40;76761
