BE0003470755;27/09/19;93.00;94.98;93.00;94.62;249222
FR0000031122;27/09/19;9.27;9.518;9.19;9.494;2209745
FR0000031684;27/09/19;26.00;26.50;26.00;26.50;15264
FR0000031775;27/09/19;40.85;40.85;40.30;40.30;11680
FR0000034639;27/09/19;14.445;14.45;14.37;14.42;911975
FR0000035081;27/09/19;81.95;82.15;80.95;81.55;116224
FR0000038259;27/09/19;431.20;435.20;427.40;430.40;18691
FR0000039299;27/09/19;3.742;3.80;3.742;3.792;1364617
FR0000044448;27/09/19;33.44;33.91;33.44;33.68;65205
FR0000045072;27/09/19;11.10;11.21;11.025;11.115;3848837
FR0000050809;27/09/19;113.00;115.00;112.80;114.60;31877
FR0000051732;27/09/19;64.84;65.50;64.80;65.42;285084
FR0000051807;27/09/19;197.60;200.20;196.20;197.00;78108
FR0000052292;27/09/19;632.60;635.60;629.60;630.80;34074
FR0000053225;27/09/19;15.35;15.60;15.02;15.03;73847
FR0000054470;27/09/19;67.32;67.70;66.60;67.28;409172
FR0000054900;27/09/19;7.945;8.00;7.765;7.82;1003654
FR0000064578;27/09/19;96.95;97.05;95.90;96.50;83430
FR0000071946;27/09/19;106.00;106.00;105.00;105.40;34611
FR0000073272;27/09/19;143.95;145.40;143.65;145.00;654521
FR0000073298;27/09/19;26.45;26.50;26.15;26.15;31868
FR0000077919;27/09/19;24.64;25.10;24.56;24.68;209068
FR0000120073;27/09/19;129.50;130.45;128.85;129.40;558586
FR0000120172;27/09/19;16.08;16.305;16.07;16.215;1234948
FR0000120222;27/09/19;17.85;17.87;17.68;17.81;304149
FR0000120271;27/09/19;47.115;47.625;46.915;47.59;8383407
FR0000120321;27/09/19;251.70;253.80;251.40;253.40;366963
FR0000120354;27/09/19;2.394;2.458;2.392;2.442;3719163
FR0000120404;27/09/19;38.10;38.29;37.75;38.14;774623
FR0000120503;27/09/19;35.78;36.13;35.59;36.00;1234214
FR0000120560;27/09/19;20.20;20.56;19.92;19.92;107870
FR0000120578;27/09/19;85.01;85.22;83.99;85.06;2672689
FR0000120628;27/09/19;23.17;23.195;23.06;23.15;3905187
FR0000120644;27/09/19;80.16;80.58;79.98;80.38;1136585
FR0000120685;27/09/19;3.759;3.795;3.733;3.774;4209573
FR0000120693;27/09/19;163.60;164.65;161.95;162.45;391098
FR0000120859;27/09/19;35.28;35.68;35.04;35.66;176220
FR0000120966;27/09/19;60.80;61.80;60.80;61.75;96416
FR0000121014;27/09/19;362.90;364.20;358.05;360.15;510804
FR0000121121;27/09/19;67.50;67.80;67.00;67.80;115179
FR0000121147;27/09/19;43.08;43.98;42.90;43.86;301985
FR0000121204;27/09/19;125.70;126.00;125.10;125.80;54326
FR0000121220;27/09/19;101.45;102.55;100.85;102.55;273495
FR0000121261;27/09/19;101.15;102.00;100.55;101.40;373376
FR0000121329;27/09/19;104.60;105.05;104.15;104.60;307416
FR0000121485;27/09/19;464.75;467.45;463.25;464.75;163150
FR0000121501;27/09/19;22.77;23.09;22.69;23.00;2112126
FR0000121667;27/09/19;131.10;132.10;129.95;130.50;653177
FR0000121709;27/09/19;138.50;139.40;137.30;139.40;57452
FR0000121725;27/09/19;1303.00;1310.00;1283.00;1283.00;5004
FR0000121964;27/09/19;30.59;30.81;30.40;30.81;532213
FR0000121972;27/09/19;78.84;79.58;78.66;79.54;971777
FR0000124141;27/09/19;22.94;23.00;22.76;23.00;1522712
FR0000124570;27/09/19;24.53;25.25;24.37;25.23;202566
FR0000125007;27/09/19;34.555;35.285;34.505;35.235;1750577
FR0000125338;27/09/19;108.20;110.15;107.85;109.95;474918
FR0000125346;27/09/19;90.00;90.00;88.60;90.00;188879
FR0000125486;27/09/19;97.90;98.18;96.84;97.02;815370
FR0000125585;27/09/19;45.10;45.59;44.00;44.67;343881
FR0000127771;27/09/19;25.19;25.39;25.09;25.39;2393112
FR0000130213;27/09/19;20.40;20.40;20.10;20.18;371435
FR0000130395;27/09/19;121.00;121.90;119.90;121.40;119622
FR0000130452;27/09/19;94.98;95.36;93.96;94.40;167519
FR0000130577;27/09/19;45.09;45.22;44.68;44.89;523099
FR0000130650;27/09/19;131.40;133.05;130.70;132.00;376112
FR0000130809;27/09/19;24.985;25.305;24.815;24.94;3020524
FR0000131104;27/09/19;43.905;44.44;43.705;44.19;3159342
FR0000131757;27/09/19;46.30;47.03;46.04;46.71;72496
FR0000131906;27/09/19;53.13;53.54;52.63;53.04;828066
FR0000133308;27/09/19;14.315;14.415;14.27;14.395;6396873
FR0000184798;27/09/19;112.40;113.70;112.10;112.30;163731
FR0004035913;27/09/19;83.02;85.52;83.02;85.50;173344
FR0004125920;27/09/19;62.60;63.80;62.50;63.80;112020
FR0004163111;27/09/19;14.80;14.96;14.55;14.70;173011
FR0004188670;27/09/19;13.04;13.32;12.85;13.28;98025
FR0005691656;27/09/19;71.35;73.40;69.65;72.80;120862
FR0006174348;27/09/19;22.28;22.43;22.11;22.16;679696
FR0010040865;27/09/19;144.50;144.50;142.70;142.80;112719
FR0010112524;27/09/19;42.80;43.30;42.66;43.08;67027
FR0010208488;27/09/19;14.80;14.84;14.585;14.625;5422765
FR0010220475;27/09/19;36.98;37.30;36.74;37.30;663632
FR0010221234;27/09/19;17.25;17.275;17.025;17.15;617221
FR0010241638;27/09/19;12.04;12.04;11.90;12.04;89006
FR0010242511;27/09/19;9.98;10.145;9.952;10.08;1935919
FR0010259150;27/09/19;87.70;87.70;86.80;87.35;100294
FR0010307819;27/09/19;64.00;65.06;64.00;64.88;462904
FR0010313833;27/09/19;82.52;85.24;82.36;85.18;253342
FR0010340141;27/09/19;161.50;163.00;161.00;161.70;56010
FR0010386334;27/09/19;38.00;38.00;37.46;37.76;152104
FR0010411983;27/09/19;38.40;38.40;37.61;37.97;275841
FR0010417345;27/09/19;16.38;16.38;15.82;16.10;162021
FR0010451203;27/09/19;9.862;10.02;9.842;9.99;489065
FR0010533075;27/09/19;13.85;13.88;13.63;13.73;739959
FR0010613471;27/09/19;14.37;14.39;14.19;14.325;1480079
FR0010667147;27/09/19;10.45;10.45;10.32;10.45;79686
FR0010908533;27/09/19;43.99;44.27;43.80;44.22;271755
FR0010918292;27/09/19;0.799;0.8055;0.783;0.80;981233
FR0011476928;27/09/19;57.80;59.25;57.80;58.50;39420
FR0011726835;27/09/19;86.75;88.05;86.00;87.60;47903
FR0011950732;27/09/19;12.20;12.31;12.20;12.23;174735
FR0011981968;27/09/19;58.85;59.40;58.40;58.45;206077
FR0012435121;27/09/19;16.15;16.45;16.15;16.35;316864
FR0012757854;27/09/19;17.99;18.33;17.94;18.27;188314
FR0012789949;27/09/19;5.15;5.245;5.07;5.10;434586
FR0013153541;27/09/19;14.29;14.78;14.29;14.46;250201
FR0013154002;27/09/19;130.00;130.00;127.80;129.20;33996
FR0013176526;27/09/19;29.10;30.11;28.94;30.10;1431049
FR0013181864;27/09/19;2.031;2.051;2.012;2.051;3193446
FR0013227113;27/09/19;88.50;91.10;87.95;91.10;63233
FR0013258662;27/09/19;13.50;13.50;13.30;13.36;65222
FR0013269123;27/09/19;53.55;53.75;53.20;53.35;99913
FR0013280286;27/09/19;75.80;75.95;74.85;75.40;92294
FR0013326246;27/09/19;132.30;132.55;130.85;131.60;366685
GB00BDSFG982;27/09/19;22.09;22.43;21.77;22.40;1296941
LU0088087324;27/09/19;16.735;16.755;16.515;16.715;985298
LU0569974404;27/09/19;22.23;22.61;22.16;22.55;191898
LU1598757687;27/09/19;12.79;13.064;12.75;13.014;6286822
NL0000226223;27/09/19;17.39;17.775;17.26;17.775;2001566
NL0000235190;27/09/19;119.80;120.00;118.34;119.00;1304700
NL0006294274;27/09/19;72.80;74.25;72.50;73.90;157427
