BE0003470755;26/09/19;92.90;93.78;92.26;92.34;195935
FR0000031122;26/09/19;9.10;9.32;9.032;9.252;2127895
FR0000031684;26/09/19;26.00;26.20;25.85;26.00;33532
FR0000031775;26/09/19;40.85;41.20;40.75;40.75;12251
FR0000034639;26/09/19;14.35;14.45;14.35;14.45;687253
FR0000035081;26/09/19;80.80;82.25;80.80;81.80;55631
FR0000038259;26/09/19;432.60;436.80;430.60;431.60;14904
FR0000039299;26/09/19;3.738;3.792;3.728;3.736;838891
FR0000044448;26/09/19;33.26;34.28;33.25;33.49;139148
FR0000045072;26/09/19;11.01;11.215;10.97;11.07;4549566
FR0000050809;26/09/19;111.50;114.50;111.50;112.50;20073
FR0000051732;26/09/19;64.80;65.52;64.26;64.62;374817
FR0000051807;26/09/19;197.20;198.70;196.00;197.50;99365
FR0000052292;26/09/19;622.40;632.80;618.20;630.00;49564
FR0000053225;26/09/19;15.41;15.51;15.26;15.26;70638
FR0000054470;26/09/19;67.16;68.66;67.00;67.38;426577
FR0000054900;26/09/19;8.145;8.175;7.96;7.96;320049
FR0000064578;26/09/19;95.85;97.10;95.75;96.90;130653
FR0000071946;26/09/19;103.50;106.20;103.40;105.90;52979
FR0000073272;26/09/19;142.10;144.50;142.00;143.55;635725
FR0000073298;26/09/19;26.45;26.90;26.45;26.45;31759
FR0000077919;26/09/19;24.40;24.64;24.26;24.54;214246
FR0000120073;26/09/19;128.80;130.15;128.70;129.65;538298
FR0000120172;26/09/19;15.96;16.21;15.96;16.115;1547383
FR0000120222;26/09/19;17.70;17.84;17.64;17.84;418930
FR0000120271;26/09/19;46.945;47.60;46.90;47.38;3982105
FR0000120321;26/09/19;245.60;251.90;244.80;251.10;415576
FR0000120354;26/09/19;2.464;2.479;2.39;2.403;5335851
FR0000120404;26/09/19;38.49;39.00;38.31;38.37;523843
FR0000120503;26/09/19;34.67;35.27;34.48;35.14;1077554
FR0000120560;26/09/19;19.60;21.20;19.60;20.04;211227
FR0000120578;26/09/19;84.50;85.90;84.47;85.25;2652142
FR0000120628;26/09/19;22.875;23.26;22.80;23.055;5878356
FR0000120644;26/09/19;78.60;80.04;78.08;79.88;1003827
FR0000120685;26/09/19;3.755;3.785;3.723;3.767;4008330
FR0000120693;26/09/19;162.65;163.45;161.50;162.85;460139
FR0000120859;26/09/19;35.74;36.22;35.00;35.06;195278
FR0000120966;26/09/19;59.55;60.75;59.55;60.70;125833
FR0000121014;26/09/19;358.40;364.90;356.30;360.90;449539
FR0000121121;26/09/19;66.50;67.10;66.15;67.10;118158
FR0000121147;26/09/19;43.15;43.94;42.72;42.93;423665
FR0000121204;26/09/19;122.60;125.70;122.60;125.40;55748
FR0000121220;26/09/19;99.38;101.40;99.28;101.40;309128
FR0000121261;26/09/19;100.05;101.60;99.62;100.35;337104
FR0000121329;26/09/19;104.30;105.05;104.00;104.70;253188
FR0000121485;26/09/19;457.95;471.15;456.55;463.95;174671
FR0000121501;26/09/19;22.58;23.08;22.41;22.71;2121420
FR0000121667;26/09/19;128.85;131.05;128.55;130.80;494554
FR0000121709;26/09/19;138.00;141.20;137.90;138.00;64248
FR0000121725;26/09/19;1294.00;1310.00;1286.00;1297.00;6192
FR0000121964;26/09/19;30.18;30.53;30.02;30.53;548091
FR0000121972;26/09/19;77.52;79.10;77.50;78.66;1210884
FR0000124141;26/09/19;22.60;22.98;22.54;22.98;1360753
FR0000124570;26/09/19;24.24;25.26;24.15;24.31;268944
FR0000125007;26/09/19;34.10;34.575;34.10;34.38;870609
FR0000125338;26/09/19;105.70;108.05;105.35;108.05;619960
FR0000125346;26/09/19;89.40;90.24;89.20;89.70;235594
FR0000125486;26/09/19;97.20;97.74;96.90;97.42;1007517
FR0000125585;26/09/19;45.84;46.09;45.03;45.15;364798
FR0000127771;26/09/19;24.75;25.05;24.75;24.94;2462464
FR0000130213;26/09/19;20.46;20.64;20.24;20.24;438336
FR0000130395;26/09/19;121.00;122.20;119.70;121.10;120151
FR0000130452;26/09/19;93.66;94.42;93.46;94.42;157026
FR0000130577;26/09/19;44.64;45.58;44.51;45.05;709389
FR0000130650;26/09/19;126.80;131.95;125.95;130.95;516887
FR0000130809;26/09/19;24.80;25.00;24.535;24.93;4041468
FR0000131104;26/09/19;43.225;43.875;43.11;43.845;3078495
FR0000131757;26/09/19;47.40;48.55;45.65;46.05;132452
FR0000131906;26/09/19;53.81;53.87;52.54;52.93;1351053
FR0000133308;26/09/19;14.14;14.31;14.12;14.295;5424689
FR0000184798;26/09/19;112.50;113.60;111.80;111.90;192559
FR0004035913;26/09/19;83.74;84.06;83.04;83.22;142199
FR0004125920;26/09/19;61.60;62.55;61.60;62.40;119070
FR0004163111;26/09/19;15.10;15.24;14.71;14.81;232682
FR0004188670;26/09/19;13.03;13.13;12.69;13.06;139235
FR0005691656;26/09/19;77.55;78.75;71.35;71.35;296101
FR0006174348;26/09/19;22.27;22.63;22.24;22.24;687468
FR0010040865;26/09/19;143.20;144.90;142.70;144.00;115299
FR0010112524;26/09/19;42.50;42.90;42.50;42.68;39982
FR0010208488;26/09/19;14.525;14.795;14.505;14.77;6528926
FR0010220475;26/09/19;37.58;37.70;36.82;36.97;1352031
FR0010221234;26/09/19;16.825;17.17;16.825;16.89;439739
FR0010241638;26/09/19;12.02;12.05;11.91;11.98;112608
FR0010242511;26/09/19;10.07;10.10;9.912;10.00;3174199
FR0010259150;26/09/19;87.25;89.35;86.95;87.50;127679
FR0010307819;26/09/19;64.00;64.62;63.90;64.30;546218
FR0010313833;26/09/19;80.88;82.88;80.84;82.14;397695
FR0010340141;26/09/19;160.00;161.70;159.90;161.30;54527
FR0010386334;26/09/19;38.10;38.20;37.74;37.74;112682
FR0010411983;26/09/19;37.91;38.44;37.85;38.23;462547
FR0010417345;26/09/19;16.51;16.86;16.20;16.21;115166
FR0010451203;26/09/19;9.80;10.07;9.768;9.814;947218
FR0010533075;26/09/19;13.69;13.85;13.68;13.85;730624
FR0010613471;26/09/19;14.095;14.37;14.095;14.35;1528666
FR0010667147;26/09/19;10.40;10.55;10.39;10.40;101804
FR0010908533;26/09/19;43.00;44.05;43.00;44.00;301669
FR0010918292;26/09/19;0.80;0.8115;0.79;0.79;1151344
FR0011476928;26/09/19;56.75;59.10;56.75;57.80;50748
FR0011726835;26/09/19;85.55;87.00;85.20;86.55;49824
FR0011950732;26/09/19;12.40;12.56;12.26;12.26;222775
FR0011981968;26/09/19;58.80;60.05;58.00;58.60;245652
FR0012435121;26/09/19;15.80;16.14;15.80;16.11;393675
FR0012757854;26/09/19;18.08;18.24;17.97;18.10;211354
FR0012789949;26/09/19;5.03;5.21;4.982;5.125;835051
FR0013153541;26/09/19;14.60;14.72;13.95;14.22;375911
FR0013154002;26/09/19;127.30;130.00;127.10;129.50;41676
FR0013176526;26/09/19;28.74;29.43;28.40;28.96;919939
FR0013181864;26/09/19;2.10;2.116;2.023;2.038;3310211
FR0013227113;26/09/19;89.35;90.85;88.90;89.20;78787
FR0013258662;26/09/19;13.50;13.58;13.40;13.50;40063
FR0013269123;26/09/19;52.95;54.60;52.35;53.60;346584
FR0013280286;26/09/19;75.40;76.30;75.15;75.40;57737
FR0013326246;26/09/19;130.25;132.40;129.25;131.80;473725
GB00BDSFG982;26/09/19;22.16;22.31;21.80;22.02;1193324
LU0088087324;26/09/19;16.06;16.775;16.06;16.74;2014501
LU0569974404;26/09/19;22.91;23.12;22.16;22.20;364567
LU1598757687;26/09/19;13.148;13.276;12.65;12.668;8773486
NL0000226223;26/09/19;17.565;17.835;17.51;17.53;1862730
NL0000235190;26/09/19;120.44;121.46;119.06;119.54;1048743
NL0006294274;26/09/19;72.20;73.20;72.00;72.45;104389
