BE0003470755;25/09/19;92.20;92.84;90.84;92.78;232940
FR0000031122;25/09/19;9.206;9.208;9.036;9.124;1569958
FR0000031684;25/09/19;26.20;26.30;25.85;26.00;56272
FR0000031775;25/09/19;41.40;41.40;40.65;41.10;15158
FR0000034639;25/09/19;14.35;14.38;14.28;14.375;895949
FR0000035081;25/09/19;80.35;80.90;79.80;80.80;48491
FR0000038259;25/09/19;432.00;433.40;423.20;433.40;27506
FR0000039299;25/09/19;3.75;3.75;3.67;3.738;1306666
FR0000044448;25/09/19;33.23;33.77;32.00;33.45;213114
FR0000045072;25/09/19;10.90;11.015;10.685;11.015;5200318
FR0000050809;25/09/19;113.00;113.00;110.30;111.90;31128
FR0000051732;25/09/19;65.36;65.60;64.02;64.90;439323
FR0000051807;25/09/19;198.40;198.40;193.50;196.50;123751
FR0000052292;25/09/19;622.00;623.00;614.60;621.00;43812
FR0000053225;25/09/19;15.62;15.75;15.33;15.41;58552
FR0000054470;25/09/19;67.96;68.22;66.18;67.14;646329
FR0000054900;25/09/19;8.305;8.305;7.97;8.07;238337
FR0000064578;25/09/19;94.90;95.70;94.35;95.70;108026
FR0000071946;25/09/19;105.60;106.00;102.30;103.00;61288
FR0000073272;25/09/19;141.45;142.30;140.50;142.30;828140
FR0000073298;25/09/19;27.10;27.10;26.45;26.70;59784
FR0000077919;25/09/19;24.92;24.96;24.00;24.36;240623
FR0000120073;25/09/19;129.65;130.05;127.95;129.00;624868
FR0000120172;25/09/19;16.04;16.20;15.85;16.035;1755485
FR0000120222;25/09/19;17.70;17.71;17.44;17.71;321944
FR0000120271;25/09/19;47.04;47.265;46.655;47.19;6821799
FR0000120321;25/09/19;248.50;249.10;246.00;246.30;437859
FR0000120354;25/09/19;2.452;2.452;2.352;2.424;9536716
FR0000120404;25/09/19;38.71;38.81;37.78;38.43;646343
FR0000120503;25/09/19;34.83;34.92;34.06;34.61;912612
FR0000120560;25/09/19;18.75;19.96;18.75;19.38;124973
FR0000120578;25/09/19;85.03;85.53;84.24;84.87;2866866
FR0000120628;25/09/19;22.90;22.985;22.605;22.985;6124062
FR0000120644;25/09/19;80.40;80.40;78.34;78.80;1738291
FR0000120685;25/09/19;3.72;3.766;3.64;3.766;5077693
FR0000120693;25/09/19;165.40;165.40;161.55;162.00;485268
FR0000120859;25/09/19;36.46;36.64;35.48;36.02;163188
FR0000120966;25/09/19;58.95;59.75;58.60;59.70;111495
FR0000121014;25/09/19;368.25;369.40;358.85;361.20;558283
FR0000121121;25/09/19;66.25;66.75;65.55;66.75;179019
FR0000121147;25/09/19;42.10;42.93;41.34;42.93;626595
FR0000121204;25/09/19;121.70;123.50;119.90;123.50;74492
FR0000121220;25/09/19;100.05;100.05;98.18;99.36;236598
FR0000121261;25/09/19;99.94;100.45;97.90;99.82;616152
FR0000121329;25/09/19;104.50;104.60;102.85;104.15;334897
FR0000121485;25/09/19;457.50;460.40;451.45;458.90;211901
FR0000121501;25/09/19;22.59;22.90;22.25;22.57;2576050
FR0000121667;25/09/19;131.35;131.55;126.20;128.80;946136
FR0000121709;25/09/19;139.00;139.00;135.40;137.90;46585
FR0000121725;25/09/19;1285.00;1297.00;1263.00;1290.00;9382
FR0000121964;25/09/19;29.63;30.17;29.56;30.17;466882
FR0000121972;25/09/19;77.00;77.72;76.56;77.62;1130137
FR0000124141;25/09/19;22.70;22.78;22.40;22.53;1387624
FR0000124570;25/09/19;24.59;24.70;23.71;24.30;218178
FR0000125007;25/09/19;34.215;34.225;33.665;34.21;1240470
FR0000125338;25/09/19;106.20;106.30;103.70;105.40;537182
FR0000125346;25/09/19;87.50;88.98;86.64;88.98;152416
FR0000125486;25/09/19;98.48;98.60;96.68;97.20;1133697
FR0000125585;25/09/19;46.01;46.81;45.96;46.32;311444
FR0000127771;25/09/19;24.93;24.98;24.54;24.82;3189048
FR0000130213;25/09/19;20.54;20.64;20.24;20.46;250672
FR0000130395;25/09/19;120.40;121.60;118.80;120.50;148270
FR0000130452;25/09/19;94.00;94.32;92.72;93.42;221105
FR0000130577;25/09/19;45.10;45.10;44.03;44.70;710933
FR0000130650;25/09/19;125.40;125.65;123.45;125.10;304116
FR0000130809;25/09/19;24.85;24.995;24.29;24.915;4898342
FR0000131104;25/09/19;43.415;43.64;42.46;43.51;4003795
FR0000131757;25/09/19;46.60;47.27;45.45;47.16;184215
FR0000131906;25/09/19;53.93;54.48;52.60;53.74;1059205
FR0000133308;25/09/19;14.225;14.28;14.115;14.175;5214048
FR0000184798;25/09/19;109.90;112.50;108.30;112.00;247075
FR0004035913;25/09/19;82.30;83.54;81.00;83.36;207422
FR0004125920;25/09/19;62.20;62.20;60.65;61.55;145498
FR0004163111;25/09/19;15.50;15.62;14.93;15.14;215302
FR0004188670;25/09/19;12.93;13.08;12.62;13.08;161558
FR0005691656;25/09/19;92.80;92.80;89.60;91.25;26062
FR0006174348;25/09/19;22.20;22.32;21.87;22.22;780960
FR0010040865;25/09/19;142.60;143.90;140.80;142.50;139887
FR0010112524;25/09/19;42.30;42.66;41.46;42.62;110170
FR0010208488;25/09/19;14.59;14.66;14.375;14.50;5809217
FR0010220475;25/09/19;38.22;38.24;37.26;37.50;1016779
FR0010221234;25/09/19;16.89;16.915;16.54;16.80;559655
FR0010241638;25/09/19;11.95;12.02;11.81;12.02;105033
FR0010242511;25/09/19;10.20;10.34;9.914;10.00;6841366
FR0010259150;25/09/19;89.70;89.70;86.50;87.40;85975
FR0010307819;25/09/19;64.40;64.46;63.36;63.92;402179
FR0010313833;25/09/19;82.08;82.56;80.24;81.44;462683
FR0010340141;25/09/19;160.50;160.50;158.60;159.80;61076
FR0010386334;25/09/19;38.06;38.06;37.06;38.02;136500
FR0010411983;25/09/19;38.00;38.04;37.53;38.00;254441
FR0010417345;25/09/19;16.35;16.51;15.93;16.51;216653
FR0010451203;25/09/19;9.90;9.924;9.448;9.78;1088838
FR0010533075;25/09/19;13.70;13.77;13.52;13.73;759419
FR0010613471;25/09/19;14.175;14.25;13.97;14.09;1249166
FR0010667147;25/09/19;10.64;10.70;10.39;10.47;118524
FR0010908533;25/09/19;43.70;43.93;42.83;43.28;385311
FR0010918292;25/09/19;0.81;0.81;0.7845;0.7975;1080574
FR0011476928;25/09/19;57.35;57.75;55.15;56.50;108491
FR0011726835;25/09/19;85.05;85.20;83.65;85.15;35568
FR0011950732;25/09/19;12.40;12.45;12.16;12.42;228235
FR0011981968;25/09/19;59.10;59.20;58.10;58.95;229862
FR0012435121;25/09/19;15.90;15.97;15.54;15.88;500580
FR0012757854;25/09/19;18.17;18.19;17.57;18.06;322475
FR0012789949;25/09/19;5.01;5.03;4.752;4.936;787425
FR0013153541;25/09/19;14.75;14.81;14.30;14.55;206211
FR0013154002;25/09/19;132.00;132.00;126.40;127.80;58324
FR0013176526;25/09/19;28.24;28.78;27.86;28.78;766642
FR0013181864;25/09/19;2.096;2.096;2.021;2.078;5248330
FR0013227113;25/09/19;88.90;88.95;86.70;88.85;103888
FR0013258662;25/09/19;13.80;13.80;13.44;13.46;48161
FR0013269123;25/09/19;52.50;52.50;51.25;51.65;139841
FR0013280286;25/09/19;75.10;75.75;74.55;75.60;84760
FR0013326246;25/09/19;129.30;130.30;128.00;129.75;472001
GB00BDSFG982;25/09/19;21.63;22.00;21.26;22.00;1375970
LU0088087324;25/09/19;15.775;16.16;15.575;16.07;1660268
LU0569974404;25/09/19;22.77;22.98;22.26;22.81;584945
LU1598757687;25/09/19;12.75;13.124;12.428;13.12;9570702
NL0000226223;25/09/19;17.305;17.50;17.03;17.50;2715593
NL0000235190;25/09/19;118.20;120.96;117.88;120.96;1277126
NL0006294274;25/09/19;72.25;72.25;70.85;72.00;144021
