BE0003470755;24/09/19;95.00;95.00;92.28;92.48;309439
FR0000031122;24/09/19;9.25;9.384;9.222;9.23;1796005
FR0000031684;24/09/19;26.50;26.50;26.05;26.25;51924
FR0000031775;24/09/19;41.35;41.70;41.35;41.40;25278
FR0000034639;24/09/19;14.46;14.50;14.355;14.365;837769
FR0000035081;24/09/19;80.25;81.05;80.25;80.60;58281
FR0000038259;24/09/19;429.00;437.40;428.40;432.80;23250
FR0000039299;24/09/19;3.81;3.81;3.746;3.75;993032
FR0000044448;24/09/19;34.15;35.30;34.15;34.47;206236
FR0000045072;24/09/19;11.17;11.23;10.93;10.97;4394564
FR0000050809;24/09/19;112.70;114.40;111.70;113.20;33630
FR0000051732;24/09/19;64.56;65.84;64.08;65.70;411554
FR0000051807;24/09/19;195.70;201.40;195.50;199.90;137670
FR0000052292;24/09/19;627.80;631.60;625.00;625.00;38224
FR0000053225;24/09/19;15.82;15.82;15.65;15.70;37370
FR0000054470;24/09/19;68.78;69.50;67.94;67.94;378301
FR0000054900;24/09/19;8.375;8.375;8.255;8.26;185376
FR0000064578;24/09/19;95.45;96.00;95.00;95.00;162813
FR0000071946;24/09/19;102.00;106.20;101.60;105.60;79978
FR0000073272;24/09/19;141.45;142.50;140.75;141.55;494788
FR0000073298;24/09/19;27.00;27.20;26.85;27.10;35988
FR0000077919;24/09/19;24.72;25.16;24.72;24.88;189482
FR0000120073;24/09/19;130.85;130.90;129.90;130.05;540930
FR0000120172;24/09/19;16.325;16.385;15.985;16.04;2698389
FR0000120222;24/09/19;17.95;17.98;17.64;17.71;265633
FR0000120271;24/09/19;49.20;49.245;47.555;47.745;6678815
FR0000120321;24/09/19;246.80;249.60;245.90;248.80;384797
FR0000120354;24/09/19;2.529;2.549;2.462;2.487;5391862
FR0000120404;24/09/19;38.84;39.11;38.76;38.97;490262
FR0000120503;24/09/19;35.24;35.43;34.88;34.90;542339
FR0000120560;24/09/19;18.00;18.00;17.44;17.60;70284
FR0000120578;24/09/19;84.00;85.33;83.78;85.09;3211508
FR0000120628;24/09/19;23.155;23.28;22.91;22.97;4551297
FR0000120644;24/09/19;80.68;81.24;80.52;80.90;913544
FR0000120685;24/09/19;3.789;3.821;3.729;3.739;4907907
FR0000120693;24/09/19;164.50;166.15;164.05;165.60;394809
FR0000120859;24/09/19;37.14;37.50;36.50;36.50;172321
FR0000120966;24/09/19;60.00;60.50;58.95;59.00;148595
FR0000121014;24/09/19;366.95;371.25;366.15;370.05;390213
FR0000121121;24/09/19;65.95;66.70;65.95;66.35;144860
FR0000121147;24/09/19;43.29;43.89;42.25;42.38;428608
FR0000121204;24/09/19;121.90;123.20;121.80;122.60;32592
FR0000121220;24/09/19;99.92;100.55;99.54;100.05;180031
FR0000121261;24/09/19;101.05;101.70;100.10;100.25;356121
FR0000121329;24/09/19;103.80;105.05;103.25;104.50;359645
FR0000121485;24/09/19;456.70;461.25;453.70;458.30;158252
FR0000121501;24/09/19;22.97;23.18;22.81;22.92;1924287
FR0000121667;24/09/19;132.50;132.95;131.60;132.60;457991
FR0000121709;24/09/19;140.00;140.50;138.70;139.60;57519
FR0000121725;24/09/19;1296.00;1302.00;1282.00;1285.00;8846
FR0000121964;24/09/19;29.69;30.17;29.53;29.74;608857
FR0000121972;24/09/19;79.12;79.62;78.14;78.36;1044720
FR0000124141;24/09/19;22.52;22.93;22.48;22.70;1604112
FR0000124570;24/09/19;25.34;25.49;24.73;24.76;107094
FR0000125007;24/09/19;34.74;34.945;34.295;34.385;862312
FR0000125338;24/09/19;105.80;107.30;105.60;106.30;283209
FR0000125346;24/09/19;87.00;88.98;87.00;88.12;150467
FR0000125486;24/09/19;98.00;98.94;97.82;98.70;748155
FR0000125585;24/09/19;46.10;46.42;45.12;46.35;300333
FR0000127771;24/09/19;24.96;25.11;24.87;24.94;1711472
FR0000130213;24/09/19;20.88;21.00;20.40;20.54;319987
FR0000130395;24/09/19;125.40;125.60;122.20;122.60;195873
FR0000130452;24/09/19;93.46;94.76;93.46;94.30;142198
FR0000130577;24/09/19;45.74;46.06;45.13;45.13;645378
FR0000130650;24/09/19;127.00;127.30;125.40;126.05;352162
FR0000130809;24/09/19;25.50;25.63;24.965;25.01;4203002
FR0000131104;24/09/19;44.18;44.53;43.515;43.735;2733297
FR0000131757;24/09/19;49.20;49.75;47.40;47.40;157783
FR0000131906;24/09/19;55.00;55.14;54.35;54.46;656096
FR0000133308;24/09/19;14.305;14.355;14.25;14.25;3998300
FR0000184798;24/09/19;107.80;110.80;107.70;109.90;133852
FR0004035913;24/09/19;81.04;83.70;80.88;82.42;229053
FR0004125920;24/09/19;63.00;63.50;62.15;62.25;116490
FR0004163111;24/09/19;15.70;15.75;15.50;15.51;111951
FR0004188670;24/09/19;13.08;13.22;12.88;13.04;74743
FR0005691656;24/09/19;93.10;93.60;91.80;93.15;21180
FR0006174348;24/09/19;22.00;22.28;21.95;22.26;604659
FR0010040865;24/09/19;142.50;143.50;142.30;142.50;75711
FR0010112524;24/09/19;43.00;43.10;42.22;42.38;115101
FR0010208488;24/09/19;14.315;14.595;14.28;14.57;6153477
FR0010220475;24/09/19;38.04;38.59;37.85;38.33;851641
FR0010221234;24/09/19;16.895;16.97;16.825;16.895;492668
FR0010241638;24/09/19;12.01;12.05;11.92;11.98;122361
FR0010242511;24/09/19;10.645;10.785;10.59;10.705;1353599
FR0010259150;24/09/19;89.50;90.35;89.40;89.70;63737
FR0010307819;24/09/19;65.08;65.42;64.60;64.80;315092
FR0010313833;24/09/19;83.62;84.06;82.66;82.80;220302
FR0010340141;24/09/19;159.00;161.10;158.80;161.00;45794
FR0010386334;24/09/19;37.00;38.24;36.98;38.06;240374
FR0010411983;24/09/19;38.21;38.40;37.91;38.15;457604
FR0010417345;24/09/19;16.90;16.95;15.95;16.50;275544
FR0010451203;24/09/19;10.05;10.14;9.902;9.91;835359
FR0010533075;24/09/19;13.65;13.80;13.63;13.73;862974
FR0010613471;24/09/19;14.235;14.41;14.20;14.20;1524657
FR0010667147;24/09/19;10.58;10.81;10.54;10.61;111997
FR0010908533;24/09/19;43.79;43.93;43.40;43.93;418438
FR0010918292;24/09/19;0.80;0.8115;0.785;0.795;1255858
FR0011476928;24/09/19;59.80;60.15;57.40;57.40;56897
FR0011726835;24/09/19;86.55;87.50;85.95;86.35;38235
FR0011950732;24/09/19;12.40;12.47;12.32;12.33;262535
FR0011981968;24/09/19;59.95;60.15;59.30;59.35;258157
FR0012435121;24/09/19;15.93;16.12;15.83;15.87;367803
FR0012757854;24/09/19;18.09;18.60;18.08;18.32;266983
FR0012789949;24/09/19;5.025;5.10;4.884;4.936;776586
FR0013153541;24/09/19;14.90;15.01;14.71;14.72;158879
FR0013154002;24/09/19;128.80;132.60;128.30;131.90;52595
FR0013176526;24/09/19;28.88;29.17;28.48;28.55;767130
FR0013181864;24/09/19;2.133;2.144;2.096;2.096;2941662
FR0013227113;24/09/19;90.30;91.50;89.70;90.00;67617
FR0013258662;24/09/19;13.92;13.94;13.84;13.88;54425
FR0013269123;24/09/19;52.25;52.65;52.20;52.50;79393
FR0013280286;24/09/19;74.50;75.95;74.45;75.30;78561
FR0013326246;24/09/19;130.05;130.30;128.00;128.50;587278
GB00BDSFG982;24/09/19;22.30;22.30;21.83;21.94;1073567
LU0088087324;24/09/19;15.30;15.975;15.30;15.775;1465624
LU0569974404;24/09/19;23.44;23.59;22.93;23.00;481905
LU1598757687;24/09/19;13.076;13.17;12.756;12.78;8161260
NL0000226223;24/09/19;17.69;17.79;17.50;17.55;1545361
NL0000235190;24/09/19;119.88;120.04;117.80;118.80;998744
NL0006294274;24/09/19;71.70;72.40;71.70;72.05;92630
