BE0003470755;03/04/18;112.05;112.30;110.50;112.00;296219
BE0003470755;04/04/18;112.10;112.15;109.20;109.80;359443
CH0012214059;03/04/18;43.88;44.21;43.77;43.99;208817
CH0012214059;04/04/18;43.85;44.05;43.30;43.48;168272
FR0000031122;03/04/18;8.906;8.94;8.506;8.616;4745643
FR0000031122;04/04/18;8.616;8.642;8.422;8.528;2584292
FR0000031775;03/04/18;60.90;62.25;60.75;61.60;20984
FR0000031775;04/04/18;61.50;61.85;60.80;61.10;20463
FR0000034639;03/04/18;11.80;11.96;11.65;11.73;3251677
FR0000034639;04/04/18;11.68;11.83;11.65;11.75;933847
FR0000035081;03/04/18;78.90;79.05;78.00;78.75;91942
FR0000035081;04/04/18;78.80;78.95;78.00;78.60;100914
FR0000038259;03/04/18;422.60;424.60;406.80;420.00;58542
FR0000038259;04/04/18;422.80;428.60;409.00;411.40;44636
FR0000039299;03/04/18;4.30;4.338;4.278;4.332;1637862
FR0000039299;04/04/18;4.318;4.326;4.218;4.262;2034087
FR0000044448;03/04/18;41.99;42.11;41.44;41.73;121170
FR0000044448;04/04/18;41.87;41.90;39.69;41.10;353824
FR0000045072;03/04/18;13.10;13.275;13.10;13.225;5012393
FR0000045072;04/04/18;13.245;13.265;12.92;13.14;5366373
FR0000050809;03/04/18;165.00;165.00;162.20;163.20;24921
FR0000050809;04/04/18;163.30;163.30;159.10;159.50;26177
FR0000051732;03/04/18;110.00;110.35;108.70;109.40;389630
FR0000051732;04/04/18;109.55;109.65;106.70;106.85;391574
FR0000051807;03/04/18;125.80;125.90;121.60;123.20;185471
FR0000051807;04/04/18;123.30;123.40;121.00;123.10;157248
FR0000052292;03/04/18;481.80;486.10;479.60;484.20;57290
FR0000052292;04/04/18;487.90;491.00;482.10;491.00;83119
FR0000053225;03/04/18;20.78;20.78;20.38;20.50;63057
FR0000053225;04/04/18;20.54;20.68;20.40;20.64;90820
FR0000054470;03/04/18;67.86;69.00;67.04;69.00;499096
FR0000054470;04/04/18;69.42;69.60;65.88;66.68;536258
FR0000054900;03/04/18;10.88;10.91;10.11;10.40;858985
FR0000054900;04/04/18;10.41;10.46;10.20;10.31;508689
FR0000064578;03/04/18;89.35;89.95;88.80;89.95;126829
FR0000064578;04/04/18;90.20;90.20;89.50;90.05;105244
FR0000071946;03/04/18;77.90;78.10;76.70;76.95;30880
FR0000071946;04/04/18;77.05;77.10;76.30;76.70;41963
FR0000073272;03/04/18;85.44;86.24;84.36;85.60;1094385
FR0000073272;04/04/18;85.56;86.06;83.30;83.60;1230529
FR0000077919;03/04/18;28.06;28.12;27.44;27.44;224130
FR0000077919;04/04/18;27.52;27.72;27.16;27.70;287204
FR0000120073;03/04/18;99.14;99.74;98.56;98.88;1041834
FR0000120073;04/04/18;99.00;99.12;97.26;98.56;1109789
FR0000120172;03/04/18;16.74;16.94;16.575;16.695;3427707
FR0000120172;04/04/18;16.70;16.82;16.565;16.61;3634043
FR0000120222;03/04/18;20.44;20.80;20.38;20.72;439213
FR0000120222;04/04/18;20.80;20.80;20.30;20.44;425718
FR0000120271;03/04/18;46.27;47.035;46.235;46.705;7557631
FR0000120271;04/04/18;47.01;47.28;46.67;47.28;7706321
FR0000120321;03/04/18;183.85;184.70;182.35;183.40;649933
FR0000120321;04/04/18;184.05;186.75;182.05;186.75;912835
FR0000120354;03/04/18;4.249;4.297;4.173;4.282;4494282
FR0000120354;04/04/18;4.298;4.298;4.152;4.202;5217300
FR0000120404;03/04/18;43.56;43.92;43.30;43.77;597032
FR0000120404;04/04/18;43.81;43.81;43.02;43.41;878617
FR0000120503;03/04/18;40.27;40.92;40.26;40.77;786314
FR0000120503;04/04/18;40.88;40.88;40.15;40.52;691573
FR0000120560;03/04/18;21.44;22.62;21.32;22.50;228593
FR0000120560;04/04/18;22.62;22.64;21.84;22.26;160376
FR0000120578;03/04/18;65.00;65.20;63.97;64.37;2299510
FR0000120578;04/04/18;64.47;64.85;64.23;64.45;2175347
FR0000120628;03/04/18;21.50;21.675;21.43;21.59;5940379
FR0000120628;04/04/18;21.57;21.605;21.185;21.51;6680425
FR0000120644;03/04/18;65.40;65.53;64.77;64.77;1600222
FR0000120644;04/04/18;64.71;64.75;64.03;64.61;1692845
FR0000120685;03/04/18;6.594;6.664;6.534;6.65;5372694
FR0000120685;04/04/18;6.65;6.65;6.376;6.434;7576762
FR0000120693;03/04/18;134.70;135.90;134.15;135.90;618742
FR0000120693;04/04/18;136.00;137.70;134.90;137.70;674756
FR0000120859;03/04/18;78.75;78.75;77.70;78.45;65320
FR0000120859;04/04/18;78.35;78.50;76.75;77.60;100809
FR0000120966;03/04/18;80.50;80.65;78.95;79.20;86680
FR0000120966;04/04/18;79.30;79.85;78.70;79.65;54425
FR0000121014;03/04/18;249.05;256.30;248.70;256.00;891386
FR0000121014;04/04/18;256.60;257.50;251.60;255.85;1030027
FR0000121121;03/04/18;74.40;74.40;73.50;73.75;142544
FR0000121121;04/04/18;73.50;74.00;72.05;72.55;144216
FR0000121147;03/04/18;64.92;65.42;63.90;65.00;480990
FR0000121147;04/04/18;64.92;65.26;62.32;63.38;609306
FR0000121204;03/04/18;125.90;126.40;123.00;124.00;107658
FR0000121204;04/04/18;124.20;124.50;120.60;121.20;87245
FR0000121220;03/04/18;80.22;80.22;76.00;78.18;1852183
FR0000121220;04/04/18;78.06;78.90;76.84;78.10;898405
FR0000121261;03/04/18;119.15;119.70;117.00;118.30;644149
FR0000121261;04/04/18;118.20;118.75;116.80;118.40;741344
FR0000121329;03/04/18;98.44;100.70;98.00;99.66;442287
FR0000121329;04/04/18;99.74;99.90;98.28;98.92;388683
FR0000121485;03/04/18;390.70;402.70;389.00;401.50;257123
FR0000121485;04/04/18;402.30;405.70;395.10;400.80;287060
FR0000121501;03/04/18;19.45;19.64;19.245;19.43;3413024
FR0000121501;04/04/18;19.515;19.555;19.13;19.515;2808095
FR0000121667;03/04/18;109.20;109.90;108.75;109.70;760686
FR0000121667;04/04/18;109.55;110.10;109.20;110.10;645323
FR0000121709;03/04/18;154.90;156.40;153.30;155.50;46667
FR0000121709;04/04/18;155.50;155.70;152.50;154.50;50463
FR0000121725;03/04/18;1545.00;1555.00;1542.00;1551.00;8500
FR0000121725;04/04/18;1558.00;1574.00;1523.00;1535.00;8418
FR0000121964;03/04/18;32.75;32.77;32.30;32.40;1062706
FR0000121964;04/04/18;32.50;32.66;32.26;32.54;550608
FR0000121972;03/04/18;71.00;71.00;69.44;69.86;2152111
FR0000121972;04/04/18;69.86;70.10;68.38;68.98;1810379
FR0000124141;03/04/18;19.12;19.265;19.05;19.14;1686094
FR0000124141;04/04/18;19.17;19.17;18.96;19.06;1253103
FR0000124570;03/04/18;38.54;38.76;38.05;38.67;266330
FR0000124570;04/04/18;38.66;38.73;37.72;38.32;233409
FR0000124711;03/04/18;185.55;185.90;183.95;184.70;433032
FR0000124711;04/04/18;184.95;186.50;182.90;186.25;466656
FR0000125007;03/04/18;42.575;42.855;42.25;42.64;1391954
FR0000125007;04/04/18;42.785;42.845;41.975;42.44;1609133
FR0000125338;03/04/18;100.25;100.75;99.60;100.25;444845
FR0000125338;04/04/18;100.60;100.80;98.20;98.84;551808
FR0000125346;03/04/18;65.00;65.20;63.28;63.84;441009
FR0000125346;04/04/18;64.54;65.44;62.52;64.50;763600
FR0000125486;03/04/18;79.20;79.72;78.98;78.98;1107475
FR0000125486;04/04/18;78.94;79.08;77.60;78.32;1237373
FR0000125585;03/04/18;39.86;39.91;38.70;38.84;1059974
FR0000125585;04/04/18;39.13;39.72;38.71;39.51;890652
FR0000127771;03/04/18;20.85;21.02;20.80;20.90;6593966
FR0000127771;04/04/18;20.94;21.11;20.80;20.80;8859944
FR0000130213;03/04/18;23.13;23.14;22.76;22.83;533813
FR0000130213;04/04/18;22.92;23.56;22.90;23.00;669788
FR0000130395;03/04/18;115.10;116.10;114.80;115.10;75234
FR0000130395;04/04/18;115.30;117.70;114.90;116.00;144690
FR0000130452;03/04/18;91.98;92.76;91.40;92.58;326668
FR0000130452;04/04/18;92.70;92.80;90.96;91.24;392361
FR0000130577;03/04/18;56.00;56.14;55.28;55.28;533504
FR0000130577;04/04/18;55.32;55.64;54.80;55.28;704647
FR0000130650;03/04/18;109.65;110.65;109.15;110.15;289813
FR0000130650;04/04/18;110.20;110.20;107.75;108.55;294741
FR0000130809;03/04/18;43.805;44.105;43.45;43.74;2383311
FR0000130809;04/04/18;43.71;43.725;42.59;43.425;3278755
FR0000131104;03/04/18;60.14;60.28;59.36;59.69;2699041
FR0000131104;04/04/18;59.76;59.89;58.33;59.44;3378693
FR0000131906;03/04/18;97.00;97.79;95.95;96.42;1358057
FR0000131906;04/04/18;96.44;96.81;94.44;95.43;821834
FR0000133308;03/04/18;13.725;13.835;13.65;13.715;4296203
FR0000133308;04/04/18;13.735;13.765;13.58;13.72;6326757
FR0000184798;03/04/18;103.25;103.75;102.80;103.50;86760
FR0000184798;04/04/18;103.50;103.55;101.75;101.85;107781
FR0004035913;03/04/18;167.20;167.25;163.70;163.70;191824
FR0004035913;04/04/18;164.15;164.15;160.10;160.35;224600
FR0004125920;03/04/18;64.40;64.46;62.82;63.24;231645
FR0004125920;04/04/18;63.14;63.16;61.32;62.42;320292
FR0004163111;03/04/18;23.40;24.26;23.30;24.04;151254
FR0004163111;04/04/18;24.02;24.12;23.16;23.36;144817
FR0004188670;03/04/18;27.22;27.22;26.52;27.06;85451
FR0004188670;04/04/18;27.12;27.38;26.66;27.04;104025
FR0004254035;03/04/18;122.00;122.00;121.80;122.00;34808
FR0004254035;04/04/18;122.00;122.00;121.80;121.80;23445
FR0006174348;03/04/18;20.90;20.93;20.50;20.68;906864
FR0006174348;04/04/18;20.66;20.75;20.41;20.58;921433
FR0010040865;03/04/18;141.00;142.30;140.00;141.60;130445
FR0010040865;04/04/18;143.70;143.80;139.80;140.70;106638
FR0010112524;03/04/18;51.90;52.60;51.50;52.40;95200
FR0010112524;04/04/18;52.70;53.15;52.00;53.05;97377
FR0010208488;03/04/18;13.515;13.71;13.50;13.665;5152248
FR0010208488;04/04/18;13.85;13.865;13.70;13.795;7668881
FR0010220475;03/04/18;36.44;36.68;36.10;36.24;768408
FR0010220475;04/04/18;36.24;36.33;35.44;35.86;668029
FR0010221234;03/04/18;16.085;16.175;15.97;16.14;715653
FR0010221234;04/04/18;16.14;16.715;16.13;16.55;1523947
FR0010241638;03/04/18;15.64;15.64;15.35;15.40;112114
FR0010241638;04/04/18;15.43;15.55;15.30;15.54;174805
FR0010242511;03/04/18;11.65;11.66;11.46;11.63;2742624
FR0010242511;04/04/18;11.635;11.725;11.455;11.46;3334807
FR0010259150;03/04/18;124.00;125.40;123.75;124.85;172341
FR0010259150;04/04/18;125.00;126.80;123.75;124.70;141433
FR0010307819;03/04/18;63.36;63.36;62.56;62.72;589043
FR0010307819;04/04/18;62.78;62.94;62.00;62.44;560299
FR0010313833;03/04/18;105.20;106.45;104.65;105.80;183081
FR0010313833;04/04/18;106.00;106.00;102.90;103.95;273935
FR0010331421;03/04/18;5.775;5.88;5.765;5.83;177015
FR0010331421;04/04/18;5.84;6.10;5.84;6.07;621917
FR0010340141;03/04/18;176.00;179.00;174.70;177.90;70139
FR0010340141;04/04/18;178.50;179.50;174.50;177.50;85639
FR0010386334;03/04/18;27.40;28.02;27.24;27.86;102788
FR0010386334;04/04/18;27.86;27.88;26.98;26.98;131265
FR0010411983;03/04/18;33.00;33.83;33.00;33.78;666418
FR0010411983;04/04/18;33.78;33.90;33.35;33.80;719520
FR0010417345;03/04/18;37.90;38.62;37.50;38.30;98823
FR0010417345;04/04/18;38.48;38.62;37.56;37.72;101413
FR0010451203;03/04/18;13.69;13.705;13.46;13.61;1030649
FR0010451203;04/04/18;13.60;13.66;13.305;13.485;973638
FR0010533075;03/04/18;11.595;11.615;11.48;11.55;802118
FR0010533075;04/04/18;11.545;11.545;11.29;11.32;931979
FR0010613471;03/04/18;11.675;11.675;11.505;11.625;2213996
FR0010613471;04/04/18;11.655;11.655;11.435;11.46;1985482
FR0010908533;03/04/18;28.05;28.50;27.83;28.46;775916
FR0010908533;04/04/18;28.65;28.77;27.84;28.14;928099
FR0010918292;03/04/18;1.37;1.37;1.312;1.328;5056047
FR0010918292;04/04/18;1.321;1.353;1.315;1.321;2997053
FR0011476928;03/04/18;87.00;87.05;86.45;86.80;34768
FR0011476928;04/04/18;87.15;87.25;84.75;85.00;34799
FR0011726835;03/04/18;50.70;51.60;50.55;51.20;34968
FR0011726835;04/04/18;51.20;51.30;49.44;50.15;51339
FR0011950732;03/04/18;17.56;17.56;16.70;16.76;763795
FR0011950732;04/04/18;16.80;16.80;16.15;16.58;739623
FR0011981968;03/04/18;41.00;41.12;39.90;40.74;140201
FR0011981968;04/04/18;40.98;41.04;39.74;40.10;60501
FR0012435121;03/04/18;20.02;20.12;19.59;19.85;761236
FR0012435121;04/04/18;19.90;19.97;19.37;19.42;570086
FR0012757854;03/04/18;17.89;17.89;17.46;17.70;361816
FR0012757854;04/04/18;17.73;17.73;17.43;17.60;327872
FR0012789949;03/04/18;9.055;9.125;8.59;8.75;696238
FR0012789949;04/04/18;8.765;8.86;8.69;8.72;429130
FR0013153541;03/04/18;29.54;29.88;29.42;29.70;85052
FR0013153541;04/04/18;29.78;29.78;29.02;29.32;131810
FR0013154002;03/04/18;72.75;73.90;72.55;73.45;57894
FR0013154002;04/04/18;73.45;73.50;72.25;73.00;75371
FR0013176526;03/04/18;53.66;53.70;52.78;53.12;1121928
FR0013176526;04/04/18;53.22;53.36;52.44;53.34;809561
FR0013227113;03/04/18;58.10;58.10;56.35;57.20;146112
FR0013227113;04/04/18;57.65;57.95;54.85;56.40;144569
FR0013258662;03/04/18;13.23;13.31;12.92;13.12;122136
FR0013258662;04/04/18;13.01;13.49;13.00;13.42;72915
FR0013269123;03/04/18;58.55;59.05;57.95;58.90;203967
FR0013269123;04/04/18;59.15;59.20;57.95;58.25;163162
FR0013280286;03/04/18;66.80;66.80;64.90;65.40;174943
FR0013280286;04/04/18;65.60;65.90;64.30;64.40;159715
GB00BDSFG982;03/04/18;23.21;23.46;23.02;23.37;1407232
GB00BDSFG982;04/04/18;23.81;23.82;23.07;23.21;1029795
LU0088087324;03/04/18;10.98;11.025;10.725;10.95;1455856
LU0088087324;04/04/18;10.985;11.235;10.83;11.10;1501719
LU0569974404;03/04/18;38.56;38.89;37.57;37.61;344947
LU0569974404;04/04/18;37.66;37.76;37.04;37.12;247276
LU1598757687;03/04/18;25.50;25.895;25.13;25.67;4870862
LU1598757687;04/04/18;25.595;25.675;24.59;24.715;7109312
NL0000226223;03/04/18;17.50;17.64;17.325;17.425;4621111
NL0000226223;04/04/18;17.34;17.42;16.57;17.035;3624572
NL0000235190;03/04/18;92.88;94.05;91.55;93.60;1394820
NL0000235190;04/04/18;93.23;94.53;92.13;92.81;2566788
NL0000400653;03/04/18;49.59;49.76;49.56;49.65;476596
NL0000400653;04/04/18;49.66;49.90;49.63;49.64;564507
NL0006294274;03/04/18;58.35;58.95;58.10;58.60;177531
NL0006294274;04/04/18;58.70;58.95;57.60;58.00;136999
