FR0000120404;01/09/16;33.825;34.545;33.825;34.33;1225510
FR0000120404;02/09/16;35.24;35.74;35.065;35.56;1912888
FR0000120404;05/09/16;35.77;36.28;35.70;35.88;1288663
FR0000120404;06/09/16;35.905;36.055;35.50;35.785;1120305
FR0000120404;07/09/16;35.925;36.145;35.445;35.98;1111894
FR0000120404;08/09/16;36.005;36.38;35.695;36.145;1192028
FR0000120404;09/09/16;35.955;36.21;35.705;35.805;1002304
FR0000120404;12/09/16;35.235;35.34;34.52;34.835;1733609
FR0000120404;13/09/16;35.015;35.17;34.59;34.745;1262107
FR0000120404;14/09/16;34.83;34.99;34.49;34.87;1138848
FR0000120404;15/09/16;34.675;35.53;34.675;35.395;1210362
FR0000120404;16/09/16;35.235;35.38;34.815;34.925;2543556
FR0000120404;19/09/16;34.925;35.45;34.765;35.375;803930
FR0000120404;20/09/16;35.28;35.50;35.04;35.275;644156
FR0000120404;21/09/16;35.695;35.805;35.12;35.14;856888
FR0000120404;22/09/16;35.36;35.845;35.255;35.505;967711
FR0000120404;23/09/16;35.415;36.10;35.415;35.995;948848
FR0000120404;26/09/16;35.60;35.635;34.885;34.98;1494715
FR0000120404;27/09/16;35.16;35.36;34.43;35.035;1203685
FR0000120404;28/09/16;35.135;35.75;35.135;35.275;988935
FR0000120404;29/09/16;35.64;35.955;35.22;35.335;874566
FR0000120404;30/09/16;34.85;35.415;34.40;35.31;1219126
FR0000120404;03/10/16;35.25;35.765;34.99;35.515;821066
FR0000120404;04/10/16;35.52;36.095;35.39;35.82;1247556
FR0000120404;05/10/16;35.60;35.60;34.455;34.455;1722560
FR0000120404;06/10/16;34.67;34.685;33.735;33.915;1847784
FR0000120404;07/10/16;33.98;33.98;33.26;33.59;1549679
FR0000120404;10/10/16;33.59;33.68;33.10;33.395;882889
FR0000120404;11/10/16;33.37;33.68;33.21;33.425;961235
FR0000120404;12/10/16;33.50;33.60;33.045;33.17;925298
FR0000120404;13/10/16;33.02;33.085;32.60;32.90;1337339
FR0000120404;14/10/16;32.60;33.17;32.285;32.94;1293820
FR0000120404;17/10/16;32.855;32.91;32.12;32.23;1791395
FR0000120404;18/10/16;32.30;33.355;32.30;33.035;1286385
FR0000120404;19/10/16;34.17;34.895;33.94;34.695;2505315
FR0000120404;20/10/16;34.81;34.885;34.425;34.635;1020165
FR0000120404;21/10/16;34.63;35.105;34.40;34.58;742331
FR0000120404;24/10/16;34.58;35.21;34.56;34.96;1116510
FR0000120404;25/10/16;35.00;35.145;34.46;34.60;650653
FR0000120404;26/10/16;34.565;34.665;34.105;34.47;763431
FR0000120404;27/10/16;34.47;34.865;34.12;34.47;884804
FR0000120404;28/10/16;34.29;34.99;33.93;34.935;899040
FR0000120404;31/10/16;34.90;34.985;34.465;34.585;755502
FR0000120404;01/11/16;34.675;34.80;34.105;34.20;645949
FR0000120404;02/11/16;33.995;33.995;33.455;33.565;1000230
FR0000120404;03/11/16;33.57;33.705;33.17;33.46;1165320
FR0000120404;04/11/16;33.325;33.325;32.535;32.655;1539178
FR0000120404;07/11/16;33.255;33.57;33.01;33.35;1151265
FR0000120404;08/11/16;33.36;33.68;33.17;33.405;538261
FR0000120404;09/11/16;32.305;33.855;32.23;33.85;1446335
FR0000120404;10/11/16;34.00;34.38;33.76;34.21;1318896
FR0000120404;11/11/16;34.29;34.52;33.31;33.395;1107544
FR0000120404;14/11/16;33.725;33.915;32.905;32.935;1098506
FR0000120404;15/11/16;33.01;33.465;32.77;33.375;959072
FR0000120404;16/11/16;33.455;33.535;32.53;33.39;1155226
FR0000120404;17/11/16;33.43;33.54;33.15;33.50;660505
FR0000120404;18/11/16;33.65;33.84;33.22;33.76;991670
FR0000120404;21/11/16;33.90;33.975;33.33;33.61;621484
FR0000120404;22/11/16;33.75;34.035;33.665;33.925;860188
FR0000120404;23/11/16;33.95;34.225;33.67;33.69;732756
FR0000120404;24/11/16;33.69;34.00;33.465;33.725;599116
FR0000120404;25/11/16;33.775;33.885;33.50;33.81;703842
FR0000120404;28/11/16;33.715;33.87;32.85;33.265;1148389
FR0000120404;29/11/16;33.25;33.525;32.96;33.515;1023522
FR0000120404;30/11/16;33.59;33.75;33.18;33.43;1026152
FR0000120404;01/12/16;33.31;33.585;32.94;33.205;1209799
FR0000120404;02/12/16;33.015;33.165;32.64;33.075;993693
FR0000120404;05/12/16;32.925;33.71;32.915;33.54;896268
FR0000120404;06/12/16;33.50;33.915;33.295;33.79;843758
FR0000120404;07/12/16;34.05;35.10;34.01;35.035;1499053
FR0000120404;08/12/16;35.195;35.625;34.645;34.84;1252552
FR0000120404;09/12/16;34.92;35.165;34.435;34.785;1196147
FR0000120404;12/12/16;34.785;34.84;34.445;34.65;912230
FR0000120404;13/12/16;34.59;34.86;34.40;34.745;1189344
FR0000120404;14/12/16;35.00;35.68;34.86;35.51;1484322
FR0000120404;15/12/16;35.655;36.875;35.475;36.77;2809751
FR0000120404;16/12/16;36.725;36.99;36.40;36.97;2597569
FR0000120404;19/12/16;37.025;37.455;36.845;36.88;1045679
FR0000120404;20/12/16;36.80;36.81;35.925;36.32;1515455
FR0000120404;21/12/16;36.285;36.405;35.69;35.89;1244140
FR0000120404;22/12/16;35.96;36.27;35.79;35.885;952232
FR0000120404;23/12/16;35.855;36.06;35.765;36.005;470987
FR0000120404;27/12/16;36.01;36.10;35.875;35.95;243841
FR0000120404;28/12/16;36.025;36.025;35.375;35.40;945104
FR0000120404;29/12/16;35.31;35.67;35.20;35.58;438038
FR0000120404;30/12/16;35.60;35.63;35.235;35.43;412497
FR0000120404;02/01/17;35.545;35.835;35.17;35.715;353327
FR0000120404;03/01/17;35.945;37.005;35.945;36.585;1398057
FR0000120404;04/01/17;37.24;37.50;36.985;37.415;1690703
FR0000120404;05/01/17;37.34;37.99;37.295;37.99;1241250
FR0000120404;06/01/17;37.81;38.04;37.415;37.885;1037050
FR0000120404;09/01/17;38.00;38.08;37.605;38.08;954952
FR0000120404;10/01/17;38.33;39.03;38.24;38.315;1524332
FR0000120404;11/01/17;38.36;38.76;38.01;38.38;1304665
FR0000120404;12/01/17;38.075;38.27;37.57;38.17;1078919
FR0000120404;13/01/17;38.25;38.78;38.225;38.59;1075407
FR0000120404;16/01/17;38.325;38.325;37.90;38.005;607700
FR0000120404;17/01/17;38.01;38.705;37.69;38.445;1138880
FR0000120404;18/01/17;38.745;38.745;37.935;38.355;724634
FR0000120404;19/01/17;38.435;38.435;37.89;38.18;739621
FR0000120404;20/01/17;38.16;38.275;37.79;38.105;984781
FR0000120404;23/01/17;37.965;38.155;37.74;37.88;692169
FR0000120404;24/01/17;38.00;38.275;37.72;38.26;716564
FR0000120404;25/01/17;38.475;38.87;38.405;38.575;1301836
FR0000120404;26/01/17;38.595;38.675;38.375;38.405;896465
FR0000120404;27/01/17;38.50;38.95;38.375;38.71;861385
FR0000120404;30/01/17;38.485;38.55;37.96;38.145;761857
FR0000120404;31/01/17;38.20;38.305;37.505;37.505;911555
FR0000120404;01/02/17;37.755;38.355;37.73;38.005;681727
FR0000120404;02/02/17;37.82;38.49;37.74;38.05;643964
FR0000120404;03/02/17;38.16;39.28;38.13;39.145;1245063
FR0000120404;06/02/17;39.11;39.455;38.32;38.615;1381509
FR0000120404;07/02/17;38.59;38.85;38.425;38.425;946640
FR0000120404;08/02/17;38.53;39.225;38.22;38.59;1029283
FR0000120404;09/02/17;38.655;38.795;38.10;38.51;689980
FR0000120404;10/02/17;38.51;38.82;38.335;38.785;481994
FR0000120404;13/02/17;38.82;39.13;38.73;38.94;646367
FR0000120404;14/02/17;38.885;39.045;38.73;38.845;615194
FR0000120404;15/02/17;38.90;39.00;38.57;38.835;591750
FR0000120404;16/02/17;38.90;38.95;38.475;38.53;615166
FR0000120404;17/02/17;38.585;38.64;38.075;38.50;667774
FR0000120404;20/02/17;38.555;38.73;38.265;38.715;525478
FR0000120404;21/02/17;38.80;38.98;38.455;38.62;660563
FR0000120404;22/02/17;39.00;39.00;37.365;37.695;1922770
FR0000120404;23/02/17;37.70;37.885;37.37;37.80;1012412
FR0000120404;24/02/17;37.79;37.91;37.23;37.285;1075920
FR0000120404;27/02/17;37.495;37.515;36.87;37.20;1050337
FR0000120404;28/02/17;37.25;37.44;36.805;37.25;1248423
FR0000120404;01/03/17;37.495;37.59;37.225;37.52;1199037
FR0000120404;02/03/17;37.54;37.55;37.295;37.305;770058
FR0000120404;03/03/17;37.34;37.405;37.01;37.295;802780
FR0000120404;06/03/17;37.25;37.365;36.985;37.25;738309
FR0000120404;07/03/17;37.35;37.645;37.125;37.485;955195
FR0000120404;08/03/17;37.415;37.53;37.22;37.25;892223
FR0000120404;09/03/17;37.355;38.145;37.175;38.015;1306355
FR0000120404;10/03/17;38.12;38.37;38.065;38.10;979516
FR0000120404;13/03/17;38.18;38.18;37.705;37.80;655649
FR0000120404;14/03/17;37.88;37.92;37.63;37.77;576840
FR0000120404;15/03/17;37.69;37.87;37.56;37.61;695205
FR0000120404;16/03/17;37.90;38.015;37.415;37.515;1063132
FR0000120404;17/03/17;37.315;37.98;37.315;37.885;992845
FR0000120404;20/03/17;37.86;37.915;37.555;37.83;548786
FR0000120404;21/03/17;37.90;38.125;37.80;37.97;646495
FR0000120404;22/03/17;37.745;37.755;37.26;37.44;769574
FR0000120404;23/03/17;37.425;37.85;37.375;37.85;657831
FR0000120404;24/03/17;37.935;37.95;37.525;37.76;710003
FR0000120404;27/03/17;37.45;38.225;37.42;38.225;772113
FR0000120404;28/03/17;38.21;39.335;38.20;39.155;1707202
FR0000120404;29/03/17;39.26;39.28;38.68;38.80;794786
FR0000120404;30/03/17;38.795;39.065;38.725;39.02;497528
FR0000120404;31/03/17;38.945;39.05;38.83;39.05;763254
FR0000120404;03/04/17;39.05;39.26;38.855;38.895;808286
FR0000120404;04/04/17;39.39;39.76;38.94;39.215;1260720
FR0000120404;05/04/17;39.16;39.66;39.05;39.575;854993
FR0000120404;06/04/17;39.41;40.12;39.275;39.67;1023047
FR0000120404;07/04/17;39.42;40.06;39.155;39.96;1093003
FR0000120404;10/04/17;40.00;40.09;39.41;39.415;699331
FR0000120404;11/04/17;39.275;39.70;39.17;39.50;748886
FR0000120404;12/04/17;39.495;39.64;39.13;39.265;906674
FR0000120404;13/04/17;39.10;39.40;38.95;39.335;769892
FR0000120404;18/04/17;39.395;39.49;38.56;38.73;1095915
FR0000120404;19/04/17;38.72;39.23;38.72;39.23;1092557
FR0000120404;20/04/17;38.915;39.81;38.90;39.55;1431281
FR0000120404;21/04/17;38.80;40.29;38.80;40.14;2019923
FR0000120404;24/04/17;41.895;42.125;41.34;41.77;2802235
FR0000120404;25/04/17;41.70;41.87;41.39;41.53;1105864
FR0000120404;26/04/17;41.515;41.55;41.32;41.405;898574
FR0000120404;27/04/17;41.27;41.63;41.16;41.63;800860
FR0000120404;28/04/17;41.655;42.105;41.41;41.845;1293683
FR0000120404;02/05/17;42.06;42.09;41.515;41.60;1124580
FR0000120404;03/05/17;41.42;41.53;40.47;40.525;1930635
FR0000120404;04/05/17;40.775;42.585;40.71;42.00;2549356
FR0000120404;05/05/17;42.20;42.425;41.855;42.04;1705280
FR0000120404;08/05/17;42.415;42.90;41.835;42.075;1319907
FR0000120404;09/05/17;42.135;42.25;41.645;41.90;1142218
FR0000120404;10/05/17;41.885;42.665;41.765;42.645;1123931
FR0000120404;11/05/17;42.735;42.735;41.565;41.94;1188207
FR0000120404;12/05/17;40.805;41.43;40.685;40.89;891417
FR0000120404;15/05/17;41.00;41.10;40.72;41.10;742877
FR0000120404;16/05/17;41.125;42.195;41.00;42.08;1534160
FR0000120404;17/05/17;41.885;41.95;41.065;41.28;978162
FR0000120404;18/05/17;41.075;41.455;40.93;41.28;1086947
FR0000120404;19/05/17;41.225;41.51;41.085;41.365;1329392
FR0000120404;22/05/17;41.385;41.775;40.93;41.58;850311
FR0000120404;23/05/17;41.625;42.145;41.43;41.73;770517
FR0000120404;24/05/17;42.115;42.425;41.795;42.255;937907
FR0000120404;25/05/17;42.465;42.59;42.075;42.335;843369
FR0000120404;26/05/17;42.20;42.40;41.88;42.30;694555
FR0000120404;29/05/17;42.205;42.37;42.15;42.22;373728
FR0000120404;30/05/17;42.085;42.395;41.98;42.295;649618
FR0000120404;31/05/17;42.36;42.47;42.06;42.265;1863052
FR0000120404;01/06/17;42.40;43.03;42.37;42.89;1055187
FR0000120404;02/06/17;43.10;43.60;43.015;43.35;1107070
FR0000120404;05/06/17;43.30;43.355;42.755;42.85;546689
FR0000120404;06/06/17;42.805;42.81;41.91;42.095;830481
FR0000120404;07/06/17;42.07;42.27;41.64;41.82;674628
FR0000120404;08/06/17;41.90;42.07;41.485;41.665;597394
FR0000120404;09/06/17;41.705;41.855;41.37;41.56;671129
FR0000120404;12/06/17;41.495;41.66;41.05;41.145;638878
FR0000120404;13/06/17;41.235;42.035;41.235;41.87;770493
FR0000120404;14/06/17;42.005;42.42;41.995;42.00;794929
FR0000120404;15/06/17;42.035;42.045;41.21;41.54;964398
FR0000120404;16/06/17;41.70;42.08;41.475;41.55;1281707
FR0000120404;19/06/17;41.885;42.175;41.69;41.855;845164
FR0000120404;20/06/17;42.00;42.225;41.42;41.45;1065849
FR0000120404;21/06/17;41.33;41.635;40.90;41.50;794200
FR0000120404;22/06/17;41.435;41.68;41.28;41.56;736698
FR0000120404;23/06/17;41.405;41.545;41.125;41.36;760301
FR0000120404;26/06/17;41.485;42.38;41.375;42.205;1045198
FR0000120404;27/06/17;42.055;42.185;41.585;41.655;1124007
FR0000120404;28/06/17;41.515;41.685;41.185;41.33;958310
FR0000120404;29/06/17;41.485;41.635;41.005;41.275;1292249
FR0000120404;30/06/17;41.275;41.765;41.015;41.045;1365806
FR0000120404;03/07/17;41.335;41.335;40.855;40.885;818854
FR0000120404;04/07/17;40.81;41.03;40.71;40.78;504836
FR0000120404;05/07/17;40.795;40.925;40.535;40.68;682278
FR0000120404;06/07/17;40.71;40.71;39.70;40.47;1024953
FR0000120404;07/07/17;40.445;40.465;39.91;40.24;803242
FR0000120404;10/07/17;40.25;40.685;40.21;40.54;675836
FR0000120404;11/07/17;40.60;40.89;40.545;40.60;726242
FR0000120404;12/07/17;40.665;41.705;40.665;41.59;927765
FR0000120404;13/07/17;41.605;41.90;41.485;41.90;874436
FR0000120404;14/07/17;41.99;42.115;41.735;41.895;575853
FR0000120404;17/07/17;41.895;42.22;41.675;42.145;464960
FR0000120404;18/07/17;42.105;42.22;41.885;42.00;1503929
FR0000120404;19/07/17;42.12;42.12;41.765;42.00;711719
FR0000120404;20/07/17;42.16;42.20;41.225;41.395;1325448
FR0000120404;21/07/17;41.27;41.435;40.39;40.755;996106
FR0000120404;24/07/17;40.895;40.965;40.43;40.60;615568
FR0000120404;25/07/17;40.95;41.555;40.95;41.395;1103162
FR0000120404;26/07/17;41.595;41.98;41.33;41.33;862415
FR0000120404;27/07/17;41.85;42.07;39.955;40.005;1974050
FR0000120404;28/07/17;39.90;40.165;39.225;39.55;1386832
FR0000120404;31/07/17;39.675;40.045;39.175;39.26;1349632
FR0000120404;01/08/17;39.41;40.015;38.995;39.785;1030719
FR0000120404;02/08/17;39.915;40.725;39.865;40.305;1134730
FR0000120404;03/08/17;40.375;40.53;39.93;40.505;999191
FR0000120404;04/08/17;40.41;40.795;40.325;40.595;804426
FR0000120404;07/08/17;40.595;40.625;40.415;40.49;451774
FR0000120404;08/08/17;40.345;40.485;40.17;40.29;819970
FR0000120404;09/08/17;40.05;40.085;39.51;39.895;935303
FR0000120404;10/08/17;39.93;39.95;39.41;39.50;712180
FR0000120404;11/08/17;39.285;39.41;38.81;39.06;997020
FR0000120404;14/08/17;39.135;39.45;39.095;39.315;581205
FR0000120404;15/08/17;39.375;39.505;39.20;39.295;574075
FR0000120404;16/08/17;39.375;39.825;39.32;39.425;679380
FR0000120404;17/08/17;39.33;39.70;39.25;39.375;678484
FR0000120404;18/08/17;39.005;39.095;38.51;39.095;1104002
FR0000120404;21/08/17;39.00;39.10;38.82;39.035;869482
FR0000120404;22/08/17;39.315;39.485;38.96;39.205;767853
FR0000120404;23/08/17;39.15;39.31;38.905;39.085;884116
FR0000120404;24/08/17;39.135;39.315;39.00;39.06;876486
FR0000120404;25/08/17;39.10;39.185;39.00;39.02;626250
FR0000120404;28/08/17;38.945;39.12;38.87;38.995;451325
FR0000120404;29/08/17;38.755;38.93;38.53;38.695;1009638
FR0000120404;30/08/17;38.765;38.92;38.655;38.68;744792
FR0000120404;31/08/17;38.83;39.125;38.77;38.90;825071
FR0000120404;01/09/17;39.00;39.20;38.805;39.065;791963
FR0000120404;04/09/17;38.82;39.29;38.79;39.225;542944
FR0000120404;05/09/17;39.335;40.05;39.22;39.78;1129340
FR0000120404;06/09/17;39.65;39.785;39.465;39.66;841570
FR0000120404;07/09/17;39.735;40.09;39.64;39.935;857711
FR0000120404;08/09/17;39.875;40.07;39.815;40.07;823595
FR0000120404;11/09/17;40.265;40.755;40.265;40.52;782305
FR0000120404;12/09/17;40.64;40.93;40.465;40.855;772613
FR0000120404;13/09/17;40.885;40.91;40.455;40.68;786306
FR0000120404;14/09/17;40.64;40.795;40.585;40.76;626988
FR0000120404;15/09/17;40.70;40.72;40.085;40.24;1104537
FR0000120404;18/09/17;40.335;40.65;40.32;40.585;714156
FR0000120404;19/09/17;40.46;40.84;40.455;40.75;586030
