FR0000045072;01/09/16;8.555;8.739;8.443;8.516;8072812
FR0000045072;02/09/16;8.588;8.70;8.415;8.688;7500450
FR0000045072;05/09/16;8.732;8.789;8.616;8.683;4684290
FR0000045072;06/09/16;8.719;8.719;8.512;8.537;5035650
FR0000045072;07/09/16;8.539;8.638;8.402;8.621;5849845
FR0000045072;08/09/16;8.607;8.80;8.525;8.781;7720152
FR0000045072;09/09/16;8.737;8.945;8.693;8.786;6529108
FR0000045072;12/09/16;8.617;8.668;8.46;8.647;7404189
FR0000045072;13/09/16;8.701;8.733;8.481;8.496;4787654
FR0000045072;14/09/16;8.559;8.607;8.439;8.548;7420666
FR0000045072;15/09/16;8.511;8.71;8.472;8.705;7386461
FR0000045072;16/09/16;8.779;8.825;8.596;8.64;12084882
FR0000045072;19/09/16;8.70;8.738;8.601;8.609;5226076
FR0000045072;20/09/16;8.60;8.648;8.472;8.589;5655553
FR0000045072;21/09/16;8.764;8.946;8.75;8.841;9269590
FR0000045072;22/09/16;8.895;9.043;8.825;8.953;5953635
FR0000045072;23/09/16;8.912;8.939;8.812;8.877;3701205
FR0000045072;26/09/16;8.802;8.802;8.551;8.634;6156459
FR0000045072;27/09/16;8.699;8.74;8.43;8.543;6893011
FR0000045072;28/09/16;8.579;8.795;8.566;8.702;6438388
FR0000045072;29/09/16;8.805;8.852;8.646;8.695;4212526
FR0000045072;30/09/16;8.47;8.815;8.255;8.778;12824351
FR0000045072;03/10/16;8.84;8.857;8.652;8.779;5073273
FR0000045072;04/10/16;8.807;8.938;8.747;8.887;6574637
FR0000045072;05/10/16;8.784;9.093;8.753;9.08;7941580
FR0000045072;06/10/16;9.084;9.234;9.02;9.114;8324925
FR0000045072;07/10/16;9.115;9.22;9.021;9.105;5878147
FR0000045072;10/10/16;9.027;9.20;8.965;9.189;5644291
FR0000045072;11/10/16;9.105;9.274;9.105;9.255;6384699
FR0000045072;12/10/16;9.155;9.461;9.154;9.35;12025149
FR0000045072;13/10/16;9.194;9.20;8.993;9.049;8606369
FR0000045072;14/10/16;9.003;9.342;9.003;9.21;7672765
FR0000045072;17/10/16;9.10;9.33;9.10;9.264;5036387
FR0000045072;18/10/16;9.28;9.427;9.28;9.409;6244717
FR0000045072;19/10/16;9.343;9.435;9.284;9.387;5062698
FR0000045072;20/10/16;9.325;9.554;9.325;9.527;7448872
FR0000045072;21/10/16;9.467;9.594;9.467;9.54;6512025
FR0000045072;24/10/16;9.638;9.91;9.63;9.859;10042163
FR0000045072;25/10/16;9.812;9.939;9.788;9.898;7483227
FR0000045072;26/10/16;9.81;9.933;9.81;9.925;5924091
FR0000045072;27/10/16;9.88;9.97;9.83;9.945;7366198
FR0000045072;28/10/16;9.837;9.942;9.765;9.937;6169422
FR0000045072;31/10/16;9.801;9.913;9.793;9.832;6955465
FR0000045072;01/11/16;9.808;9.874;9.66;9.69;5730615
FR0000045072;02/11/16;9.551;9.642;9.42;9.504;7004708
FR0000045072;03/11/16;9.422;9.776;9.409;9.667;8252808
FR0000045072;04/11/16;9.54;9.582;9.383;9.519;6454967
FR0000045072;07/11/16;9.683;9.773;9.669;9.731;4686402
FR0000045072;08/11/16;10.19;10.36;10.08;10.28;17761719
FR0000045072;09/11/16;9.828;10.67;9.80;10.67;16443439
FR0000045072;10/11/16;10.80;10.975;10.47;10.59;17332509
FR0000045072;11/11/16;10.655;10.795;10.54;10.685;9958204
FR0000045072;14/11/16;10.825;10.99;10.775;10.85;10813043
FR0000045072;15/11/16;10.86;10.925;10.675;10.885;6988754
FR0000045072;16/11/16;10.895;10.95;10.665;10.79;6762635
FR0000045072;17/11/16;10.71;10.79;10.505;10.79;6851540
FR0000045072;18/11/16;10.85;10.915;10.635;10.81;6179810
FR0000045072;21/11/16;10.88;10.925;10.73;10.775;5592038
FR0000045072;22/11/16;10.895;11.095;10.86;10.995;8625906
FR0000045072;23/11/16;11.00;11.00;10.75;10.915;6351484
FR0000045072;24/11/16;10.89;10.935;10.78;10.88;3748362
FR0000045072;25/11/16;10.885;10.90;10.76;10.835;2591570
FR0000045072;28/11/16;10.80;10.80;10.54;10.60;6631786
FR0000045072;29/11/16;10.545;10.69;10.45;10.65;7938594
FR0000045072;30/11/16;10.65;10.765;10.54;10.65;10944038
FR0000045072;01/12/16;10.64;10.805;10.62;10.75;7186506
FR0000045072;02/12/16;10.70;10.72;10.555;10.60;6482930
FR0000045072;05/12/16;10.50;10.87;10.405;10.855;9864212
FR0000045072;06/12/16;10.86;11.31;10.785;11.275;10418252
FR0000045072;07/12/16;11.40;11.52;11.275;11.38;10198522
FR0000045072;08/12/16;11.415;11.715;11.31;11.615;12996303
FR0000045072;09/12/16;11.595;11.63;11.435;11.495;8364704
FR0000045072;12/12/16;11.575;11.695;11.465;11.565;9488715
FR0000045072;13/12/16;11.57;11.68;11.475;11.52;7408857
FR0000045072;14/12/16;11.595;11.735;11.54;11.54;8238666
FR0000045072;15/12/16;11.595;11.985;11.595;11.975;13071561
FR0000045072;16/12/16;11.95;12.00;11.835;11.90;10512097
FR0000045072;19/12/16;11.90;11.90;11.695;11.735;6373207
FR0000045072;20/12/16;11.775;11.99;11.745;11.945;7218158
FR0000045072;21/12/16;11.89;11.99;11.825;11.965;6052780
FR0000045072;22/12/16;11.90;12.06;11.90;12.01;4827220
FR0000045072;23/12/16;12.035;12.07;11.875;11.905;2871037
FR0000045072;27/12/16;11.91;11.97;11.85;11.88;2272426
FR0000045072;28/12/16;11.84;11.895;11.825;11.88;2588676
FR0000045072;29/12/16;11.81;11.865;11.72;11.735;3067986
FR0000045072;30/12/16;11.73;11.845;11.71;11.78;2650882
FR0000045072;02/01/17;11.77;11.915;11.75;11.86;1770512
FR0000045072;03/01/17;11.935;12.315;11.895;12.245;5699550
FR0000045072;04/01/17;12.315;12.41;12.225;12.30;5019206
FR0000045072;05/01/17;12.295;12.54;12.20;12.33;6846325
FR0000045072;06/01/17;12.29;12.395;12.185;12.335;4525120
FR0000045072;09/01/17;12.325;12.335;12.025;12.125;4849070
FR0000045072;10/01/17;12.135;12.16;11.985;12.085;4828702
FR0000045072;11/01/17;12.045;12.135;11.955;12.065;4518023
FR0000045072;12/01/17;12.025;12.22;11.965;12.12;5418696
FR0000045072;13/01/17;12.18;12.59;12.165;12.59;7654632
FR0000045072;16/01/17;12.50;12.52;12.38;12.45;5595971
FR0000045072;17/01/17;12.38;12.60;12.325;12.44;7106625
FR0000045072;18/01/17;12.425;12.44;12.205;12.35;5891774
FR0000045072;19/01/17;12.34;12.475;12.305;12.385;6839214
FR0000045072;20/01/17;12.35;12.49;12.28;12.39;4783892
FR0000045072;23/01/17;12.17;12.255;12.02;12.055;8143297
FR0000045072;24/01/17;12.07;12.25;12.06;12.24;4387206
FR0000045072;25/01/17;12.34;12.59;12.33;12.505;7327358
FR0000045072;26/01/17;12.57;12.695;12.53;12.545;7071233
FR0000045072;27/01/17;12.52;12.52;12.365;12.475;4900875
FR0000045072;30/01/17;12.40;12.505;12.265;12.285;7321309
FR0000045072;31/01/17;12.30;12.58;12.26;12.265;7290344
FR0000045072;01/02/17;12.36;12.455;12.03;12.33;10205977
FR0000045072;02/02/17;12.33;12.385;12.105;12.15;6409749
FR0000045072;03/02/17;12.185;12.325;12.11;12.275;4400935
FR0000045072;06/02/17;12.32;12.36;11.95;11.97;5962941
FR0000045072;07/02/17;11.80;11.865;11.665;11.68;8032191
FR0000045072;08/02/17;11.70;11.75;11.165;11.415;10649201
FR0000045072;09/02/17;11.51;11.635;11.395;11.46;7401185
FR0000045072;10/02/17;11.58;11.605;11.35;11.40;7752083
FR0000045072;13/02/17;11.45;11.73;11.42;11.58;6204528
FR0000045072;14/02/17;11.63;11.755;11.51;11.755;5928224
FR0000045072;15/02/17;12.20;12.43;12.10;12.315;12052269
FR0000045072;16/02/17;12.445;12.45;12.085;12.145;7146894
FR0000045072;17/02/17;12.13;12.15;11.725;11.82;9320238
FR0000045072;20/02/17;11.94;12.05;11.56;11.605;6947291
FR0000045072;21/02/17;11.615;11.705;11.44;11.575;6085489
FR0000045072;22/02/17;11.625;11.68;11.45;11.62;7011016
FR0000045072;23/02/17;11.635;11.68;11.355;11.39;9291711
FR0000045072;24/02/17;11.35;11.44;11.06;11.215;6358347
FR0000045072;27/02/17;11.27;11.405;11.19;11.29;6595649
FR0000045072;28/02/17;11.325;11.45;11.29;11.395;7031932
FR0000045072;01/03/17;11.55;11.895;11.55;11.81;10022435
FR0000045072;02/03/17;11.90;12.045;11.86;11.86;6106506
FR0000045072;03/03/17;11.82;12.34;11.775;12.195;9308677
FR0000045072;06/03/17;12.13;12.325;12.07;12.095;4759337
FR0000045072;07/03/17;12.15;12.15;11.96;12.065;3449441
FR0000045072;08/03/17;12.065;12.165;11.87;12.065;5880155
FR0000045072;09/03/17;12.07;12.44;12.00;12.395;7567112
FR0000045072;10/03/17;12.445;12.65;12.415;12.645;11536807
FR0000045072;13/03/17;12.61;12.69;12.51;12.515;5353361
FR0000045072;14/03/17;12.525;12.525;12.275;12.335;4674853
FR0000045072;15/03/17;12.30;12.415;12.22;12.37;4236050
FR0000045072;16/03/17;12.525;12.57;12.34;12.35;6913841
FR0000045072;17/03/17;12.42;12.54;12.26;12.305;7913107
FR0000045072;20/03/17;12.25;12.315;12.185;12.245;2741296
FR0000045072;21/03/17;12.36;12.49;12.195;12.28;6196729
FR0000045072;22/03/17;12.15;12.25;11.955;12.20;5378775
FR0000045072;23/03/17;12.28;12.40;12.12;12.355;6554271
FR0000045072;24/03/17;12.36;12.365;12.21;12.28;2793101
FR0000045072;27/03/17;12.10;12.25;12.025;12.245;4257579
FR0000045072;28/03/17;12.42;12.74;12.415;12.71;10253019
FR0000045072;29/03/17;12.75;12.865;12.57;12.64;6771724
FR0000045072;30/03/17;12.69;12.695;12.515;12.64;3447633
FR0000045072;31/03/17;12.58;12.705;12.535;12.70;3821683
FR0000045072;03/04/17;12.70;12.70;12.45;12.49;4781511
FR0000045072;04/04/17;12.53;12.56;12.31;12.445;5966920
FR0000045072;05/04/17;12.495;12.71;12.49;12.555;5892563
FR0000045072;06/04/17;12.45;12.555;12.31;12.52;6472208
FR0000045072;07/04/17;12.46;12.67;12.42;12.57;4814265
FR0000045072;10/04/17;12.665;12.68;12.37;12.385;5619489
FR0000045072;11/04/17;12.31;12.49;12.16;12.24;8721078
FR0000045072;12/04/17;12.285;12.36;12.05;12.11;7009348
FR0000045072;13/04/17;12.09;12.095;11.805;11.905;8537414
FR0000045072;18/04/17;11.855;11.89;11.595;11.685;9981075
FR0000045072;19/04/17;11.71;12.045;11.695;11.995;8536586
FR0000045072;20/04/17;11.95;12.38;11.91;12.285;11432574
FR0000045072;21/04/17;12.29;12.49;12.13;12.43;11811567
FR0000045072;24/04/17;13.67;13.78;13.25;13.78;29895086
FR0000045072;25/04/17;13.70;13.90;13.60;13.80;10471333
FR0000045072;26/04/17;13.82;13.86;13.675;13.76;9684934
FR0000045072;27/04/17;13.71;13.74;13.54;13.575;7569978
FR0000045072;28/04/17;13.51;13.80;13.435;13.65;7554721
FR0000045072;02/05/17;13.70;13.815;13.675;13.795;5207258
FR0000045072;03/05/17;13.82;13.95;13.77;13.95;6221348
FR0000045072;04/05/17;13.95;14.235;13.805;14.13;9723409
FR0000045072;05/05/17;14.13;14.565;14.07;14.48;11311189
FR0000045072;08/05/17;14.63;14.645;14.18;14.385;10884147
FR0000045072;09/05/17;14.50;14.50;14.24;14.24;7262066
FR0000045072;10/05/17;14.205;14.365;14.04;14.31;6976403
FR0000045072;11/05/17;14.61;14.695;14.045;14.18;9099148
FR0000045072;12/05/17;14.315;14.36;14.11;14.285;6558833
FR0000045072;15/05/17;14.33;14.40;14.18;14.40;4960747
FR0000045072;16/05/17;14.435;14.475;14.305;14.36;4241403
FR0000045072;17/05/17;14.275;14.455;13.94;14.055;8234163
FR0000045072;18/05/17;13.97;14.23;13.715;14.18;13292029
FR0000045072;19/05/17;14.25;14.445;14.17;14.315;6896803
FR0000045072;22/05/17;14.395;14.455;14.275;14.37;5574153
FR0000045072;23/05/17;14.415;14.645;14.32;14.625;6671955
FR0000045072;24/05/17;14.635;14.725;14.475;14.52;5643403
FR0000045072;25/05/17;14.575;14.665;14.46;14.56;4292058
FR0000045072;26/05/17;14.51;14.56;14.22;14.50;6576305
FR0000045072;29/05/17;13.98;13.98;13.835;13.905;8490907
FR0000045072;30/05/17;13.81;13.92;13.715;13.78;8610368
FR0000045072;31/05/17;13.80;13.925;13.64;13.64;9051374
FR0000045072;01/06/17;13.61;13.715;13.415;13.71;6250019
FR0000045072;02/06/17;13.84;14.105;13.74;13.79;7428012
FR0000045072;05/06/17;13.83;13.87;13.605;13.715;3228908
FR0000045072;06/06/17;13.66;13.705;13.58;13.705;4305742
FR0000045072;07/06/17;13.875;14.075;13.72;13.975;7224102
FR0000045072;08/06/17;14.03;14.24;13.925;14.13;8177719
FR0000045072;09/06/17;14.15;14.365;14.075;14.25;5628466
FR0000045072;12/06/17;14.245;14.25;13.945;14.015;5644353
FR0000045072;13/06/17;14.07;14.225;14.015;14.11;4648147
FR0000045072;14/06/17;14.165;14.225;13.87;13.895;5973249
FR0000045072;15/06/17;13.905;13.935;13.635;13.885;9015031
FR0000045072;16/06/17;13.945;14.05;13.78;13.85;7920286
FR0000045072;19/06/17;14.00;14.165;13.98;14.06;5192652
FR0000045072;20/06/17;14.15;14.225;13.945;13.945;5359223
FR0000045072;21/06/17;13.895;13.965;13.57;13.925;6239296
FR0000045072;22/06/17;13.905;13.935;13.725;13.865;4862682
FR0000045072;23/06/17;13.84;13.935;13.735;13.835;3345071
FR0000045072;26/06/17;13.925;14.13;13.91;13.925;3694482
FR0000045072;27/06/17;13.92;14.12;13.795;14.095;5188322
FR0000045072;28/06/17;14.055;14.34;13.945;14.315;7768272
FR0000045072;29/06/17;14.45;14.585;14.23;14.305;9295285
FR0000045072;30/06/17;14.315;14.375;14.075;14.085;6253497
FR0000045072;03/07/17;14.185;14.55;14.175;14.47;6268981
FR0000045072;04/07/17;14.385;14.65;14.365;14.615;6437708
FR0000045072;05/07/17;14.64;14.715;14.565;14.645;6711858
FR0000045072;06/07/17;14.66;14.795;14.575;14.73;6283437
FR0000045072;07/07/17;14.70;14.785;14.555;14.695;5288715
FR0000045072;10/07/17;14.775;14.815;14.595;14.66;4435992
FR0000045072;11/07/17;14.65;14.805;14.63;14.705;3926935
FR0000045072;12/07/17;14.785;14.92;14.725;14.745;5457285
FR0000045072;13/07/17;14.805;14.965;14.76;14.90;5632503
FR0000045072;14/07/17;14.895;14.895;14.56;14.65;4292749
FR0000045072;17/07/17;14.685;14.72;14.575;14.66;3528560
FR0000045072;18/07/17;14.61;14.725;14.415;14.535;5361203
FR0000045072;19/07/17;14.59;14.615;14.455;14.575;5234318
FR0000045072;20/07/17;14.605;14.695;14.485;14.53;4399597
FR0000045072;21/07/17;14.55;14.585;14.275;14.39;6446323
FR0000045072;24/07/17;14.39;14.55;14.17;14.505;6329672
FR0000045072;25/07/17;14.47;14.95;14.44;14.845;7922094
FR0000045072;26/07/17;14.845;15.00;14.815;15.00;5249730
FR0000045072;27/07/17;14.91;15.115;14.835;15.075;5843055
FR0000045072;28/07/17;14.97;15.00;14.83;14.945;7494982
FR0000045072;31/07/17;14.92;14.99;14.785;14.85;4982365
FR0000045072;01/08/17;14.845;14.96;14.80;14.845;4436628
FR0000045072;02/08/17;14.89;14.98;14.635;14.80;6426121
FR0000045072;03/08/17;14.845;14.865;14.485;14.815;6059552
FR0000045072;04/08/17;14.82;15.085;14.815;14.97;7299883
FR0000045072;07/08/17;15.00;15.27;14.965;15.25;6560232
FR0000045072;08/08/17;15.285;15.675;15.21;15.675;8752487
FR0000045072;09/08/17;15.55;15.56;15.165;15.35;7988775
FR0000045072;10/08/17;15.30;15.325;15.075;15.205;6042814
FR0000045072;11/08/17;15.05;15.18;14.78;15.085;7673616
FR0000045072;14/08/17;15.18;15.415;15.155;15.21;5663882
FR0000045072;15/08/17;15.345;15.49;15.225;15.375;4449203
FR0000045072;16/08/17;15.45;15.54;15.385;15.465;4477156
FR0000045072;17/08/17;15.405;15.46;15.055;15.16;5692689
FR0000045072;18/08/17;15.00;15.355;14.91;15.335;5828102
FR0000045072;21/08/17;15.235;15.245;15.03;15.105;4677642
FR0000045072;22/08/17;15.19;15.29;15.175;15.25;5071667
FR0000045072;23/08/17;15.235;15.29;15.04;15.09;4775562
FR0000045072;24/08/17;15.16;15.185;15.065;15.075;3782719
FR0000045072;25/08/17;15.12;15.145;14.91;14.915;6396625
FR0000045072;28/08/17;14.855;15.04;14.80;14.95;2489702
FR0000045072;29/08/17;14.84;14.845;14.43;14.61;9354258
FR0000045072;30/08/17;14.74;14.75;14.405;14.515;6746451
FR0000045072;31/08/17;14.61;14.845;14.575;14.81;8420208
FR0000045072;01/09/17;14.90;14.965;14.80;14.885;4324889
FR0000045072;04/09/17;14.73;14.875;14.695;14.84;2426786
FR0000045072;05/09/17;14.865;14.97;14.52;14.58;5035377
FR0000045072;06/09/17;14.51;14.735;14.495;14.585;4073439
FR0000045072;07/09/17;14.69;14.775;14.46;14.505;4555591
FR0000045072;08/09/17;14.41;14.75;14.385;14.655;4958852
FR0000045072;11/09/17;14.785;15.05;14.785;15.025;5705434
FR0000045072;12/09/17;15.125;15.35;15.095;15.25;5951976
FR0000045072;13/09/17;15.245;15.37;15.17;15.34;5996254
FR0000045072;14/09/17;15.275;15.365;15.17;15.285;4579141
FR0000045072;15/09/17;15.25;15.29;15.095;15.215;7801887
FR0000045072;18/09/17;15.30;15.335;15.00;15.035;5375362
FR0000045072;19/09/17;15.05;15.09;14.87;14.91;5355484
