NL0000235190;01/09/16;52.48;52.83;51.72;51.85;1609600
NL0000235190;02/09/16;52.04;53.32;51.92;53.19;1845849
NL0000235190;05/09/16;53.43;53.94;53.15;53.86;1468401
NL0000235190;06/09/16;54.30;54.84;54.06;54.40;2197597
NL0000235190;07/09/16;54.50;54.75;53.92;54.75;1697911
NL0000235190;08/09/16;54.55;55.53;54.54;55.50;2850333
NL0000235190;09/09/16;55.34;56.04;55.17;55.63;2329269
NL0000235190;12/09/16;54.75;55.00;53.88;54.50;2296790
NL0000235190;13/09/16;54.87;55.06;53.82;53.82;1550369
NL0000235190;14/09/16;54.34;54.39;52.90;53.06;2050740
NL0000235190;15/09/16;53.00;53.08;52.25;52.81;2153016
NL0000235190;16/09/16;52.65;53.29;52.18;52.58;4023510
NL0000235190;19/09/16;52.94;53.15;52.22;52.82;1610682
NL0000235190;20/09/16;52.84;53.26;52.43;52.47;1118211
NL0000235190;21/09/16;53.04;53.33;52.60;52.65;1193493
NL0000235190;22/09/16;53.16;54.40;52.96;53.72;2086233
NL0000235190;23/09/16;53.60;54.08;53.55;53.81;1439977
NL0000235190;26/09/16;53.46;53.46;52.40;52.49;1827168
NL0000235190;27/09/16;52.77;52.91;51.58;52.14;1463661
NL0000235190;28/09/16;52.39;53.21;52.39;52.71;1549301
NL0000235190;29/09/16;52.98;53.39;52.89;53.30;1292491
NL0000235190;30/09/16;52.81;54.10;52.20;53.84;2246480
NL0000235190;03/10/16;53.84;54.00;53.36;53.74;741270
NL0000235190;04/10/16;53.72;55.00;53.57;54.85;1742148
NL0000235190;05/10/16;54.24;55.19;53.76;55.08;1632242
NL0000235190;06/10/16;55.13;55.39;54.43;54.43;1852426
NL0000235190;07/10/16;54.48;54.48;53.30;53.83;1974540
NL0000235190;10/10/16;53.80;54.36;53.30;54.33;1225772
NL0000235190;11/10/16;54.00;54.00;52.76;53.03;2883787
NL0000235190;12/10/16;52.97;53.00;52.14;52.48;1823512
NL0000235190;13/10/16;52.11;52.45;51.72;52.42;2058276
NL0000235190;14/10/16;51.58;52.97;51.50;52.60;2349514
NL0000235190;17/10/16;52.33;53.05;52.33;52.71;1547620
NL0000235190;18/10/16;53.19;53.81;53.01;53.63;1661161
NL0000235190;19/10/16;53.70;54.25;53.61;54.13;1300353
NL0000235190;20/10/16;53.89;54.58;53.69;54.27;1944450
NL0000235190;21/10/16;54.26;54.75;53.87;54.26;2059661
NL0000235190;24/10/16;54.14;54.87;54.12;54.83;1691755
NL0000235190;25/10/16;54.46;54.67;52.93;53.39;3239120
NL0000235190;26/10/16;52.30;55.90;52.24;55.40;3933335
NL0000235190;27/10/16;55.50;55.65;54.69;55.45;2509713
NL0000235190;28/10/16;55.06;55.54;54.81;55.00;2147076
NL0000235190;31/10/16;54.51;54.82;53.81;54.15;2045307
NL0000235190;01/11/16;54.45;54.75;53.16;53.32;1471384
NL0000235190;02/11/16;52.94;52.99;52.38;52.59;1672488
NL0000235190;03/11/16;52.36;52.85;52.08;52.08;1284607
NL0000235190;04/11/16;51.84;52.00;51.08;51.92;1718126
NL0000235190;07/11/16;52.36;53.32;52.36;53.15;1668234
NL0000235190;08/11/16;53.21;53.64;52.01;52.82;1936975
NL0000235190;09/11/16;51.04;54.28;51.00;54.26;3335069
NL0000235190;10/11/16;54.54;56.37;54.36;55.35;3773862
NL0000235190;11/11/16;55.42;55.76;54.43;54.76;1443238
NL0000235190;14/11/16;55.38;56.48;55.32;56.37;2440317
NL0000235190;15/11/16;56.45;56.93;55.82;56.47;2033321
NL0000235190;16/11/16;56.45;56.66;54.56;54.82;2289687
NL0000235190;17/11/16;54.94;55.54;54.50;55.53;1680754
NL0000235190;18/11/16;56.00;56.49;54.90;55.24;2047907
NL0000235190;21/11/16;55.24;57.82;55.23;57.68;2777491
NL0000235190;22/11/16;58.50;59.35;58.06;58.40;2497154
NL0000235190;23/11/16;58.49;60.15;58.46;59.78;3200839
NL0000235190;24/11/16;59.74;60.25;59.49;60.04;1870516
NL0000235190;25/11/16;60.11;60.55;59.52;60.31;1367036
NL0000235190;28/11/16;60.02;60.37;59.88;60.05;1980670
NL0000235190;29/11/16;60.00;60.58;59.69;60.43;1806188
NL0000235190;30/11/16;60.11;60.77;59.98;60.27;2346424
NL0000235190;01/12/16;60.26;60.45;59.75;60.05;2137738
NL0000235190;02/12/16;59.74;59.94;58.73;58.99;2624607
NL0000235190;05/12/16;58.80;60.60;58.80;59.88;1911000
NL0000235190;06/12/16;60.20;60.20;58.96;59.40;2135187
NL0000235190;07/12/16;60.08;60.26;58.17;58.58;2950648
NL0000235190;08/12/16;59.32;59.72;58.09;59.32;2590346
NL0000235190;09/12/16;59.29;59.63;58.73;59.58;1926839
NL0000235190;12/12/16;59.70;60.61;59.46;60.45;2140698
NL0000235190;13/12/16;60.50;62.90;60.33;62.85;3806669
NL0000235190;14/12/16;62.47;62.72;61.99;62.40;2011188
NL0000235190;15/12/16;62.75;64.29;62.75;64.10;3946033
NL0000235190;16/12/16;63.88;64.98;63.53;64.18;5086102
NL0000235190;19/12/16;64.17;64.29;62.98;63.25;1977850
NL0000235190;20/12/16;63.20;63.99;62.57;63.84;2101962
NL0000235190;21/12/16;63.56;64.14;62.72;63.00;1695783
NL0000235190;22/12/16;62.45;62.88;61.94;62.72;1758530
NL0000235190;23/12/16;62.84;63.03;62.44;62.90;775843
NL0000235190;27/12/16;62.90;63.05;62.32;62.92;500179
NL0000235190;28/12/16;62.69;63.03;62.45;62.72;881555
NL0000235190;29/12/16;62.55;62.56;62.01;62.36;803596
NL0000235190;30/12/16;62.43;62.84;61.73;62.84;1215943
NL0000235190;02/01/17;62.68;63.33;62.31;62.82;594839
NL0000235190;03/01/17;63.10;63.94;62.98;63.50;2076307
NL0000235190;04/01/17;63.50;63.62;62.76;63.40;1734908
NL0000235190;05/01/17;64.41;65.39;64.21;64.60;2332246
NL0000235190;06/01/17;64.68;65.31;63.95;65.14;1962633
NL0000235190;09/01/17;65.06;65.29;64.19;65.28;1802559
NL0000235190;10/01/17;65.40;66.05;65.10;65.20;1851165
NL0000235190;11/01/17;65.01;65.77;64.55;65.46;2154981
NL0000235190;12/01/17;65.31;65.60;64.52;64.69;1754768
NL0000235190;13/01/17;65.00;65.64;64.46;65.64;1630054
NL0000235190;16/01/17;65.11;65.38;64.80;65.18;997832
NL0000235190;17/01/17;64.82;65.60;64.52;65.35;1819558
NL0000235190;18/01/17;65.46;65.60;64.32;64.84;1697190
NL0000235190;19/01/17;64.81;65.94;64.73;65.48;2143368
NL0000235190;20/01/17;65.23;65.92;65.00;65.34;2218246
NL0000235190;23/01/17;65.00;65.61;64.61;65.45;1615128
NL0000235190;24/01/17;65.40;65.79;65.24;65.56;1400523
NL0000235190;25/01/17;65.74;66.32;65.18;65.39;1932070
NL0000235190;26/01/17;65.50;65.54;64.45;64.91;1800381
NL0000235190;27/01/17;64.88;65.20;64.42;64.67;1136342
NL0000235190;30/01/17;64.54;64.71;63.19;63.29;1814170
NL0000235190;31/01/17;63.20;63.86;62.76;62.76;1919417
NL0000235190;01/02/17;62.58;63.23;62.46;63.10;1638153
NL0000235190;02/02/17;62.97;63.50;62.70;62.84;1634905
NL0000235190;03/02/17;62.81;63.60;62.62;63.06;1476569
NL0000235190;06/02/17;63.03;63.95;62.94;63.11;1550256
NL0000235190;07/02/17;63.00;64.09;62.76;62.88;1594809
NL0000235190;08/02/17;63.06;63.86;62.46;62.77;1602170
NL0000235190;09/02/17;62.74;64.14;62.74;64.00;1493430
NL0000235190;10/02/17;64.10;64.52;63.87;64.39;1354851
NL0000235190;13/02/17;64.48;66.08;64.42;65.85;1622878
NL0000235190;14/02/17;65.74;66.26;65.44;66.21;1361242
NL0000235190;15/02/17;66.21;66.84;66.08;66.32;1488267
NL0000235190;16/02/17;66.00;66.30;65.31;65.77;1689453
NL0000235190;17/02/17;65.67;66.30;64.66;65.40;1805130
NL0000235190;20/02/17;65.60;66.67;65.60;66.53;1250908
NL0000235190;21/02/17;66.49;67.24;66.30;67.24;1796213
NL0000235190;22/02/17;66.75;67.83;65.60;66.70;3178074
NL0000235190;23/02/17;67.75;69.48;67.68;69.05;2859863
NL0000235190;24/02/17;68.93;69.75;68.23;68.35;2537992
NL0000235190;27/02/17;68.39;68.74;68.12;68.35;1563780
NL0000235190;28/02/17;68.35;69.49;68.35;69.32;2297393
NL0000235190;01/03/17;69.69;71.40;69.64;71.12;2496301
NL0000235190;02/03/17;71.16;71.70;70.93;71.70;1562954
NL0000235190;03/03/17;71.57;71.85;70.92;71.17;1968675
NL0000235190;06/03/17;70.65;71.47;70.50;71.05;1926655
NL0000235190;07/03/17;70.94;70.96;69.90;70.19;1942419
NL0000235190;08/03/17;69.89;70.74;69.64;70.47;1262311
NL0000235190;09/03/17;70.25;70.50;69.78;70.06;1559193
NL0000235190;10/03/17;70.20;70.78;70.06;70.06;1299185
NL0000235190;13/03/17;70.25;70.39;69.91;69.95;942671
NL0000235190;14/03/17;70.20;70.57;69.89;70.20;1031487
NL0000235190;15/03/17;70.40;70.47;69.98;70.43;1397171
NL0000235190;16/03/17;70.81;70.90;69.85;70.36;1547533
NL0000235190;17/03/17;69.00;70.05;68.99;70.01;2785113
NL0000235190;20/03/17;69.70;70.79;69.62;70.60;1052748
NL0000235190;21/03/17;70.70;71.01;69.34;69.61;1691796
NL0000235190;22/03/17;69.00;69.33;68.28;68.90;1942474
NL0000235190;23/03/17;68.83;70.01;68.54;69.85;1433698
NL0000235190;24/03/17;69.73;70.24;69.44;70.02;1138325
NL0000235190;27/03/17;69.31;69.50;68.78;69.33;1342929
NL0000235190;28/03/17;69.52;70.85;69.52;70.83;1089990
NL0000235190;29/03/17;71.00;71.85;70.93;71.62;1341066
NL0000235190;30/03/17;71.62;72.12;71.46;71.64;1117112
NL0000235190;31/03/17;71.10;71.47;70.86;71.33;2074757
NL0000235190;03/04/17;71.40;71.82;71.30;71.36;1272288
NL0000235190;04/04/17;71.19;71.84;70.90;71.82;1165031
NL0000235190;05/04/17;71.82;72.12;71.52;71.57;1311847
NL0000235190;06/04/17;71.12;72.60;70.96;72.52;1382952
NL0000235190;07/04/17;72.03;72.51;71.65;72.50;1424663
NL0000235190;10/04/17;72.25;72.25;71.09;71.09;1920441
NL0000235190;11/04/17;70.54;71.34;70.45;71.30;1967151
NL0000235190;12/04/17;71.33;72.35;71.16;71.93;1625849
NL0000235190;13/04/17;71.62;71.99;71.29;71.33;1754341
NL0000235190;18/04/17;70.50;71.02;69.23;69.53;2099125
NL0000235190;19/04/17;69.50;70.12;69.45;69.94;1324250
NL0000235190;20/04/17;69.53;72.34;69.44;72.27;2341444
NL0000235190;21/04/17;71.97;72.36;71.40;71.57;2834463
NL0000235190;24/04/17;73.50;74.20;72.83;73.96;3392539
NL0000235190;25/04/17;73.95;74.10;73.31;74.10;2035966
NL0000235190;26/04/17;74.00;74.59;73.26;74.09;2711216
NL0000235190;27/04/17;72.60;75.78;72.60;75.00;2791834
NL0000235190;28/04/17;74.75;74.87;73.75;74.23;2041707
NL0000235190;02/05/17;74.41;75.02;73.95;74.65;1514930
NL0000235190;03/05/17;74.45;74.49;73.22;73.92;1892839
NL0000235190;04/05/17;74.33;75.03;73.91;75.03;3074091
NL0000235190;05/05/17;74.80;75.88;74.12;75.88;2373314
NL0000235190;08/05/17;75.12;75.81;75.12;75.41;1865781
NL0000235190;09/05/17;75.50;76.07;75.27;75.50;1843290
NL0000235190;10/05/17;75.28;75.75;75.09;75.24;1626911
NL0000235190;11/05/17;75.30;75.33;73.56;74.00;2034389
NL0000235190;12/05/17;74.21;74.72;73.53;74.46;1549001
NL0000235190;15/05/17;74.55;74.77;74.07;74.27;1451526
NL0000235190;16/05/17;74.14;74.45;73.88;74.19;1916654
NL0000235190;17/05/17;73.80;74.16;72.28;72.73;2506050
NL0000235190;18/05/17;72.93;73.52;71.75;73.22;2246008
NL0000235190;19/05/17;73.27;74.13;73.08;73.76;1879911
NL0000235190;22/05/17;74.02;74.19;72.46;72.63;1346452
NL0000235190;23/05/17;72.24;73.36;72.20;72.41;1472739
NL0000235190;24/05/17;72.35;72.90;72.18;72.42;1453146
NL0000235190;25/05/17;72.90;73.29;72.22;73.10;1188382
NL0000235190;26/05/17;72.99;73.90;72.76;73.90;1287651
NL0000235190;29/05/17;73.71;73.92;73.48;73.72;496934
NL0000235190;30/05/17;73.30;73.93;73.04;73.27;1022310
NL0000235190;31/05/17;73.37;74.06;73.07;73.07;2291693
NL0000235190;01/06/17;73.22;75.25;73.19;75.23;1903343
NL0000235190;02/06/17;75.60;75.75;75.01;75.60;1548696
NL0000235190;05/06/17;75.43;75.50;74.55;74.76;1393976
NL0000235190;06/06/17;74.30;75.22;74.16;74.70;1778237
NL0000235190;07/06/17;74.47;74.49;73.47;73.47;2075635
NL0000235190;08/06/17;73.26;74.13;72.26;73.75;2064322
NL0000235190;09/06/17;73.98;75.50;73.80;75.41;1696443
NL0000235190;12/06/17;75.05;75.14;73.92;74.27;1453664
NL0000235190;13/06/17;74.33;74.97;74.07;74.60;950069
NL0000235190;14/06/17;74.96;75.85;74.84;75.13;1554647
NL0000235190;15/06/17;74.88;74.94;73.13;73.28;2453122
NL0000235190;16/06/17;73.59;74.93;73.42;74.93;2946719
NL0000235190;19/06/17;75.28;76.98;75.28;76.40;1754422
NL0000235190;20/06/17;76.72;77.25;75.82;75.95;1901702
NL0000235190;21/06/17;75.51;75.76;74.41;75.25;1599386
NL0000235190;22/06/17;74.98;75.23;74.40;75.04;1168764
NL0000235190;23/06/17;75.10;75.83;74.91;75.70;1390598
NL0000235190;26/06/17;75.98;76.45;75.73;75.95;1341540
NL0000235190;27/06/17;75.72;75.72;74.30;74.48;1823710
NL0000235190;28/06/17;74.00;74.08;72.52;73.80;2237554
NL0000235190;29/06/17;73.81;73.93;71.58;72.22;2917366
NL0000235190;30/06/17;72.22;72.94;72.00;72.00;2020251
NL0000235190;03/07/17;72.72;73.32;72.45;73.10;1203565
NL0000235190;04/07/17;72.66;73.45;72.58;73.10;928386
NL0000235190;05/07/17;72.98;73.97;72.92;73.91;1634111
NL0000235190;06/07/17;74.00;74.22;73.71;74.13;2021366
NL0000235190;07/07/17;74.10;74.72;73.98;74.10;1455702
NL0000235190;10/07/17;74.29;74.70;73.74;74.36;918705
NL0000235190;11/07/17;74.31;75.01;74.09;74.44;1121368
NL0000235190;12/07/17;74.68;74.87;73.95;74.64;1783606
NL0000235190;13/07/17;74.67;75.31;74.29;75.00;1193906
NL0000235190;14/07/17;74.86;74.96;73.98;74.56;1282579
NL0000235190;17/07/17;74.56;74.65;73.60;73.64;1365880
NL0000235190;18/07/17;73.39;73.53;72.25;72.46;1872482
NL0000235190;19/07/17;72.85;73.87;72.12;73.69;1678068
NL0000235190;20/07/17;74.00;74.17;72.17;72.36;1974974
NL0000235190;21/07/17;71.74;72.55;71.06;71.37;2615668
NL0000235190;24/07/17;71.01;72.18;70.50;71.63;1346583
NL0000235190;25/07/17;71.53;73.26;71.52;72.63;1647862
NL0000235190;26/07/17;72.35;74.65;72.23;74.65;2222491
NL0000235190;27/07/17;72.00;72.73;71.18;72.27;3596345
NL0000235190;28/07/17;71.92;73.09;71.79;72.38;2280881
NL0000235190;31/07/17;72.22;72.45;70.50;70.60;2298622
NL0000235190;01/08/17;72.00;72.28;70.86;72.03;1619840
NL0000235190;02/08/17;72.24;72.39;70.74;71.01;1526417
NL0000235190;03/08/17;70.97;72.01;70.89;71.28;1428208
NL0000235190;04/08/17;71.24;73.56;70.95;73.32;1756136
NL0000235190;07/08/17;73.60;73.71;72.23;72.43;1207571
NL0000235190;08/08/17;72.51;72.60;71.50;72.11;1250049
NL0000235190;09/08/17;71.79;71.80;70.88;71.49;1606046
NL0000235190;10/08/17;71.48;71.65;70.81;71.00;1252798
NL0000235190;11/08/17;70.64;71.08;70.17;70.75;1701738
NL0000235190;14/08/17;71.09;71.89;71.00;71.72;931951
NL0000235190;15/08/17;72.15;72.73;71.67;72.34;985503
NL0000235190;16/08/17;72.55;73.98;72.51;72.88;1481599
NL0000235190;17/08/17;72.60;72.91;71.88;72.19;1850067
NL0000235190;18/08/17;71.78;71.78;70.79;71.50;1858123
NL0000235190;21/08/17;71.32;71.38;70.39;70.84;1230288
NL0000235190;22/08/17;71.40;71.45;70.84;71.25;1071112
NL0000235190;23/08/17;71.27;71.46;70.63;70.81;856121
NL0000235190;24/08/17;70.83;70.98;70.37;70.37;1189469
NL0000235190;25/08/17;70.50;71.52;70.37;70.86;1122032
NL0000235190;28/08/17;70.56;70.68;69.86;70.17;635646
NL0000235190;29/08/17;69.56;69.56;68.42;68.72;1811805
NL0000235190;30/08/17;69.25;69.87;68.87;69.81;1060053
NL0000235190;31/08/17;70.17;71.05;69.98;70.61;1604178
NL0000235190;01/09/17;72.08;72.80;71.24;71.30;1721058
NL0000235190;04/09/17;70.70;71.36;70.57;71.09;532563
NL0000235190;05/09/17;71.18;71.65;70.97;71.24;845190
NL0000235190;06/09/17;70.82;71.49;70.46;71.41;1181595
NL0000235190;07/09/17;71.51;71.87;70.32;70.43;1968192
NL0000235190;08/09/17;70.17;70.51;69.52;70.50;1252913
NL0000235190;11/09/17;70.90;71.63;70.74;70.82;1315227
NL0000235190;12/09/17;70.95;71.32;70.55;70.67;1325716
NL0000235190;13/09/17;70.55;71.00;70.35;70.95;1529955
NL0000235190;14/09/17;70.68;71.30;70.65;71.08;1344735
NL0000235190;15/09/17;70.87;72.00;70.86;72.00;5935680
NL0000235190;18/09/17;72.39;73.73;72.14;73.60;1712269
NL0000235190;19/09/17;73.50;74.09;73.14;74.00;1900806
