FR0000051732;01/09/16;88.27;89.67;88.27;89.05;179201
FR0000051732;02/09/16;89.21;90.05;88.91;90.00;198210
FR0000051732;05/09/16;90.13;90.60;89.62;89.76;111059
FR0000051732;06/09/16;89.61;90.14;89.31;89.75;164260
FR0000051732;07/09/16;89.69;90.43;89.63;90.10;177525
FR0000051732;08/09/16;90.05;90.65;89.40;89.90;185334
FR0000051732;09/09/16;89.57;90.97;89.35;90.40;238852
FR0000051732;12/09/16;89.05;90.37;88.35;90.27;275645
FR0000051732;13/09/16;91.00;92.18;89.79;89.94;375157
FR0000051732;14/09/16;90.05;90.66;89.91;90.36;230498
FR0000051732;15/09/16;90.30;90.97;89.82;90.97;261009
FR0000051732;16/09/16;90.94;91.31;90.06;90.96;382877
FR0000051732;19/09/16;91.78;92.98;91.67;92.64;209649
FR0000051732;20/09/16;92.58;92.74;92.11;92.11;183147
FR0000051732;21/09/16;94.25;96.55;94.25;94.91;359161
FR0000051732;22/09/16;95.43;96.63;95.13;96.15;189930
FR0000051732;23/09/16;95.95;95.96;94.93;95.02;261641
FR0000051732;26/09/16;95.83;97.68;94.58;94.90;341061
FR0000051732;27/09/16;95.83;95.83;93.41;95.16;216548
FR0000051732;28/09/16;95.26;96.20;95.26;96.17;178044
FR0000051732;29/09/16;97.00;97.17;95.00;95.24;271733
FR0000051732;30/09/16;94.25;96.09;93.62;95.92;254884
FR0000051732;03/10/16;95.65;97.17;95.29;96.94;154177
FR0000051732;04/10/16;97.07;98.49;96.95;97.81;288834
FR0000051732;05/10/16;96.92;97.48;96.47;97.32;176935
FR0000051732;06/10/16;97.24;97.66;96.82;97.09;171919
FR0000051732;07/10/16;97.01;97.03;95.60;95.79;297420
FR0000051732;10/10/16;95.80;96.56;95.50;96.30;228184
FR0000051732;11/10/16;96.21;96.21;95.06;95.56;198248
FR0000051732;12/10/16;95.35;96.34;95.21;95.39;273614
FR0000051732;13/10/16;95.00;95.05;93.88;95.02;234008
FR0000051732;14/10/16;94.86;95.47;94.36;95.02;221366
FR0000051732;17/10/16;95.16;95.26;94.22;94.61;220727
FR0000051732;18/10/16;95.05;96.52;95.04;95.91;279454
FR0000051732;19/10/16;96.08;97.12;95.59;97.05;287535
FR0000051732;20/10/16;99.00;99.60;94.37;96.11;595459
FR0000051732;21/10/16;96.11;96.95;95.57;96.00;330020
FR0000051732;24/10/16;96.50;97.84;96.50;97.14;328539
FR0000051732;25/10/16;97.38;97.67;95.43;95.65;254303
FR0000051732;26/10/16;95.65;95.65;93.59;94.92;255429
FR0000051732;27/10/16;95.30;96.03;94.28;94.84;266067
FR0000051732;28/10/16;94.35;95.54;93.54;94.90;245418
FR0000051732;31/10/16;94.75;95.44;94.46;94.62;249089
FR0000051732;01/11/16;95.04;95.29;93.40;93.57;164907
FR0000051732;02/11/16;93.34;93.57;92.60;92.76;203628
FR0000051732;03/11/16;92.27;94.22;92.20;93.80;260288
FR0000051732;04/11/16;93.59;94.60;93.09;94.00;392802
FR0000051732;07/11/16;94.88;95.28;93.18;93.85;377905
FR0000051732;08/11/16;94.73;95.43;93.00;94.70;444972
FR0000051732;09/11/16;92.48;97.85;90.75;97.53;549288
FR0000051732;10/11/16;97.95;98.98;93.38;93.46;520985
FR0000051732;11/11/16;93.66;94.37;92.40;92.53;276887
FR0000051732;14/11/16;93.57;94.36;91.97;91.97;335985
FR0000051732;15/11/16;92.00;93.69;91.51;92.72;328180
FR0000051732;16/11/16;93.03;94.14;92.96;94.06;195387
FR0000051732;17/11/16;94.15;95.86;94.11;95.47;240533
FR0000051732;18/11/16;95.85;96.44;95.24;96.30;191425
FR0000051732;21/11/16;96.51;97.28;95.39;96.33;232964
FR0000051732;22/11/16;96.70;97.27;96.05;96.64;216427
FR0000051732;23/11/16;96.70;97.50;95.93;96.10;286215
FR0000051732;24/11/16;95.97;98.06;95.87;97.97;238791
FR0000051732;25/11/16;97.80;98.11;97.38;97.63;177396
FR0000051732;28/11/16;97.60;97.87;96.94;97.37;228478
FR0000051732;29/11/16;97.28;98.50;97.05;98.22;233434
FR0000051732;30/11/16;98.10;98.54;97.24;97.53;527280
FR0000051732;01/12/16;97.20;97.41;95.49;95.70;287891
FR0000051732;02/12/16;95.00;95.35;93.84;94.98;308170
FR0000051732;05/12/16;94.59;96.73;94.36;96.47;324104
FR0000051732;06/12/16;96.43;96.98;95.34;96.45;319958
FR0000051732;07/12/16;97.13;98.28;96.62;98.28;277940
FR0000051732;08/12/16;98.50;98.70;97.48;98.22;339081
FR0000051732;09/12/16;98.42;99.11;97.14;97.35;401760
FR0000051732;12/12/16;97.16;98.10;96.02;96.53;362542
FR0000051732;13/12/16;96.47;96.92;95.00;95.70;504309
FR0000051732;14/12/16;95.35;95.67;94.25;95.00;379665
FR0000051732;15/12/16;95.27;97.50;94.45;96.96;334311
FR0000051732;16/12/16;97.01;98.02;95.86;97.90;379039
FR0000051732;19/12/16;97.70;98.07;97.06;97.87;213319
FR0000051732;20/12/16;97.50;98.18;97.31;97.97;242451
FR0000051732;21/12/16;97.84;98.90;97.76;98.84;285551
FR0000051732;22/12/16;98.50;99.15;97.68;98.50;183857
FR0000051732;23/12/16;98.40;100.60;98.33;100.25;208585
FR0000051732;27/12/16;100.15;101.15;100.15;100.80;104848
FR0000051732;28/12/16;100.60;101.30;100.40;100.65;176045
FR0000051732;29/12/16;100.10;101.00;100.05;100.90;106990
FR0000051732;30/12/16;100.65;100.95;100.05;100.25;153779
FR0000051732;02/01/17;100.30;101.70;99.90;101.70;105355
FR0000051732;03/01/17;102.00;104.05;102.00;102.75;360859
FR0000051732;04/01/17;102.85;102.90;101.55;102.00;219129
FR0000051732;05/01/17;101.75;102.25;101.25;102.00;148004
FR0000051732;06/01/17;102.00;102.90;101.75;102.80;148616
FR0000051732;09/01/17;103.00;103.20;102.25;102.80;181777
FR0000051732;10/01/17;102.80;104.50;102.20;102.95;215969
FR0000051732;11/01/17;103.25;104.00;102.15;102.35;208646
FR0000051732;12/01/17;102.20;102.45;101.30;102.05;239818
FR0000051732;13/01/17;102.35;103.10;102.10;103.10;128431
FR0000051732;16/01/17;102.50;102.60;101.60;101.70;123792
FR0000051732;17/01/17;101.70;102.60;101.35;101.75;163584
FR0000051732;18/01/17;102.00;102.90;101.25;101.90;229203
FR0000051732;19/01/17;102.15;102.35;100.85;101.30;213612
FR0000051732;20/01/17;101.50;101.50;99.91;100.65;250452
FR0000051732;23/01/17;100.15;100.65;99.21;99.26;266358
FR0000051732;24/01/17;99.00;100.05;98.42;99.37;403321
FR0000051732;25/01/17;99.79;102.40;99.17;100.85;315414
FR0000051732;26/01/17;101.60;102.00;100.80;100.80;317603
FR0000051732;27/01/17;101.15;101.15;99.72;99.72;308015
FR0000051732;30/01/17;99.53;99.84;97.94;98.66;367975
FR0000051732;31/01/17;99.00;100.05;98.49;98.49;356108
FR0000051732;01/02/17;98.53;100.35;98.53;99.81;265148
FR0000051732;02/02/17;99.73;101.65;99.67;100.90;250528
FR0000051732;03/02/17;100.95;103.05;100.95;102.50;265971
FR0000051732;06/02/17;102.60;102.75;101.15;101.70;189153
FR0000051732;07/02/17;101.70;101.70;100.65;100.70;221473
FR0000051732;08/02/17;101.25;102.20;100.80;101.75;225905
FR0000051732;09/02/17;102.00;102.25;101.20;102.25;168753
FR0000051732;10/02/17;102.70;103.60;102.45;103.50;180088
FR0000051732;13/02/17;103.50;105.25;103.15;104.85;213417
FR0000051732;14/02/17;104.80;105.55;104.40;105.15;205694
FR0000051732;15/02/17;105.30;105.95;105.15;105.20;311655
FR0000051732;16/02/17;105.40;105.90;104.90;105.90;207285
FR0000051732;17/02/17;105.65;105.80;104.30;105.05;295764
FR0000051732;20/02/17;105.50;106.75;104.80;105.20;189199
FR0000051732;21/02/17;105.00;106.00;104.65;105.60;218798
FR0000051732;22/02/17;106.80;108.40;105.15;107.80;445538
FR0000051732;23/02/17;107.15;109.30;107.15;108.60;425907
FR0000051732;24/02/17;108.20;109.95;108.10;108.80;354842
FR0000051732;27/02/17;109.45;112.90;109.20;112.00;455323
FR0000051732;28/02/17;111.95;112.10;110.85;111.50;394781
FR0000051732;01/03/17;111.65;112.50;109.55;111.30;387363
FR0000051732;02/03/17;111.50;111.85;109.70;110.55;429122
FR0000051732;03/03/17;110.40;111.25;110.15;110.65;250019
FR0000051732;06/03/17;110.65;110.75;109.85;110.30;167856
FR0000051732;07/03/17;110.30;111.60;110.15;110.85;289102
FR0000051732;08/03/17;110.35;110.95;109.85;110.70;185253
FR0000051732;09/03/17;110.70;112.35;110.00;112.20;325132
FR0000051732;10/03/17;113.00;113.00;110.90;111.85;451567
FR0000051732;13/03/17;112.05;112.85;111.65;112.60;227687
FR0000051732;14/03/17;112.95;113.80;111.50;113.30;279518
FR0000051732;15/03/17;113.60;113.65;112.65;112.95;209283
FR0000051732;16/03/17;113.35;114.10;113.35;114.00;226784
FR0000051732;17/03/17;113.40;113.40;111.40;111.40;2071600
FR0000051732;20/03/17;111.10;112.70;110.15;111.45;374095
FR0000051732;21/03/17;111.95;112.05;110.75;110.95;217096
FR0000051732;22/03/17;110.30;111.25;109.45;111.25;319212
FR0000051732;23/03/17;111.00;112.20;110.55;111.85;232764
FR0000051732;24/03/17;112.00;113.25;111.75;113.20;241609
FR0000051732;27/03/17;112.65;113.15;111.70;113.15;272542
FR0000051732;28/03/17;113.80;114.45;113.35;113.70;228225
FR0000051732;29/03/17;113.60;114.60;113.30;114.60;179956
FR0000051732;30/03/17;114.50;115.05;114.00;115.00;200106
FR0000051732;31/03/17;114.65;116.20;114.40;115.95;228496
FR0000051732;03/04/17;116.50;116.65;115.05;115.35;199413
FR0000051732;04/04/17;115.55;116.05;114.60;115.05;194180
FR0000051732;05/04/17;114.70;115.65;114.25;115.50;240255
FR0000051732;06/04/17;115.55;115.60;114.70;115.55;216647
FR0000051732;07/04/17;115.10;115.80;114.70;115.70;176960
FR0000051732;10/04/17;115.70;116.20;114.85;115.20;188286
FR0000051732;11/04/17;114.50;115.45;113.50;114.40;266628
FR0000051732;12/04/17;114.40;114.90;113.65;114.20;231193
FR0000051732;13/04/17;114.00;114.75;113.25;114.75;241911
FR0000051732;18/04/17;114.75;115.85;113.25;113.25;338639
FR0000051732;19/04/17;113.20;114.10;112.95;113.55;331667
FR0000051732;20/04/17;113.65;117.00;113.40;116.60;330388
FR0000051732;21/04/17;116.50;116.50;114.05;114.05;327038
FR0000051732;24/04/17;118.00;119.75;116.45;118.15;406512
FR0000051732;25/04/17;115.70;118.75;114.25;117.70;549868
FR0000051732;26/04/17;117.70;119.00;116.60;119.00;352613
FR0000051732;27/04/17;118.95;120.35;117.85;120.35;275120
FR0000051732;28/04/17;120.65;120.90;119.80;120.30;314417
FR0000051732;02/05/17;121.35;122.65;121.05;122.10;392124
FR0000051732;03/05/17;122.55;122.60;120.05;120.75;213934
FR0000051732;04/05/17;121.35;124.05;120.90;124.05;320740
FR0000051732;05/05/17;124.80;126.90;123.60;126.75;455332
FR0000051732;08/05/17;126.75;126.90;125.35;126.30;256551
FR0000051732;09/05/17;126.35;126.65;125.15;125.50;333827
FR0000051732;10/05/17;125.20;125.95;124.95;125.65;286401
FR0000051732;11/05/17;126.00;126.55;125.20;126.25;306099
FR0000051732;12/05/17;126.40;126.75;125.60;126.45;189898
FR0000051732;15/05/17;126.95;127.30;125.25;126.25;200653
FR0000051732;16/05/17;126.40;126.70;123.15;124.70;529935
FR0000051732;17/05/17;124.30;124.40;121.90;122.20;310656
FR0000051732;18/05/17;122.20;123.10;119.75;122.15;366184
FR0000051732;19/05/17;122.20;123.85;122.15;123.20;260997
FR0000051732;22/05/17;123.85;124.15;121.95;122.60;216275
FR0000051732;23/05/17;122.80;123.80;122.65;123.70;243357
FR0000051732;24/05/17;123.90;124.35;123.10;124.35;266705
FR0000051732;25/05/17;124.80;125.05;123.70;124.10;151525
FR0000051732;26/05/17;122.80;123.75;122.20;123.15;215444
FR0000051732;29/05/17;123.15;124.10;122.90;123.25;81190
FR0000051732;30/05/17;123.25;126.35;122.75;126.25;274749
FR0000051732;31/05/17;126.30;128.15;125.20;127.70;804279
FR0000051732;01/06/17;127.80;129.80;126.90;129.80;289952
FR0000051732;02/06/17;130.00;131.10;129.70;130.60;257746
FR0000051732;05/06/17;130.80;130.85;130.30;130.45;142080
FR0000051732;06/06/17;130.35;130.55;129.15;130.25;216325
FR0000051732;07/06/17;129.95;132.05;129.35;131.70;299769
FR0000051732;08/06/17;131.55;132.50;131.15;131.15;312763
FR0000051732;09/06/17;131.30;132.15;129.80;130.75;292892
FR0000051732;12/06/17;129.00;129.00;124.65;124.80;450144
FR0000051732;13/06/17;125.25;126.80;125.15;126.30;265400
FR0000051732;14/06/17;127.30;128.50;126.95;126.95;345362
FR0000051732;15/06/17;126.70;126.75;124.60;125.35;299032
FR0000051732;16/06/17;125.75;126.80;125.45;126.15;442917
FR0000051732;19/06/17;128.30;128.65;127.65;128.25;244377
FR0000051732;20/06/17;128.90;130.10;128.10;128.30;244472
FR0000051732;21/06/17;128.00;128.80;127.00;128.75;205989
FR0000051732;22/06/17;129.05;129.05;127.55;127.75;250318
FR0000051732;23/06/17;127.80;128.30;127.10;127.40;198428
FR0000051732;26/06/17;128.05;128.55;127.55;128.00;176768
FR0000051732;27/06/17;127.75;127.95;125.65;125.90;246415
FR0000051732;28/06/17;125.00;125.85;123.80;125.80;290729
FR0000051732;29/06/17;126.40;126.55;121.05;121.05;320150
FR0000051732;30/06/17;121.45;123.60;120.35;122.90;398419
FR0000051732;03/07/17;123.30;123.65;122.55;123.05;268771
FR0000051732;04/07/17;122.80;123.20;121.90;122.20;234587
FR0000051732;05/07/17;121.80;122.65;121.05;122.50;271971
FR0000051732;06/07/17;122.60;122.85;120.75;121.80;233772
FR0000051732;07/07/17;122.10;123.20;120.70;123.20;240011
FR0000051732;10/07/17;123.45;124.30;123.00;123.75;233210
FR0000051732;11/07/17;123.80;124.05;122.05;122.45;204795
FR0000051732;12/07/17;122.65;124.35;122.50;124.20;222072
FR0000051732;13/07/17;124.50;124.95;124.15;124.75;190434
FR0000051732;14/07/17;125.05;125.30;124.20;125.30;159642
FR0000051732;17/07/17;125.55;126.40;125.05;125.35;239275
FR0000051732;18/07/17;125.35;126.10;124.70;125.00;286466
FR0000051732;19/07/17;125.40;126.85;125.10;126.75;216435
FR0000051732;20/07/17;128.80;128.80;124.85;125.40;327828
FR0000051732;21/07/17;125.60;125.75;122.35;123.35;233634
FR0000051732;24/07/17;124.05;124.40;122.00;123.15;288647
FR0000051732;25/07/17;123.20;126.90;123.20;125.65;386091
FR0000051732;26/07/17;125.70;130.05;125.55;129.10;428271
FR0000051732;27/07/17;128.75;129.40;127.45;129.00;423639
FR0000051732;28/07/17;128.10;128.10;126.30;128.00;419179
FR0000051732;31/07/17;127.70;129.05;127.10;128.45;339683
FR0000051732;01/08/17;128.00;129.35;127.70;129.15;377088
FR0000051732;02/08/17;129.00;129.90;128.10;128.50;367151
FR0000051732;03/08/17;128.30;129.30;127.90;128.00;366256
FR0000051732;04/08/17;128.10;129.00;127.50;128.25;211710
FR0000051732;07/08/17;128.25;128.60;127.70;128.15;168354
FR0000051732;08/08/17;128.15;128.95;127.35;128.65;145176
FR0000051732;09/08/17;128.20;128.50;127.15;128.40;265347
FR0000051732;10/08/17;128.15;128.55;126.75;126.90;228068
FR0000051732;11/08/17;126.10;126.15;124.20;124.70;278327
FR0000051732;14/08/17;125.30;126.65;125.15;126.35;168307
FR0000051732;15/08/17;126.60;127.25;126.00;127.05;174647
FR0000051732;16/08/17;127.30;128.80;127.25;128.65;163121
FR0000051732;17/08/17;128.70;129.20;128.00;128.55;238769
FR0000051732;18/08/17;127.75;127.75;126.25;127.30;186896
FR0000051732;21/08/17;126.95;127.85;126.70;127.55;133610
FR0000051732;22/08/17;128.00;128.95;127.15;127.65;206791
FR0000051732;23/08/17;127.95;128.40;127.25;127.35;129140
FR0000051732;24/08/17;127.65;127.70;126.55;126.55;139962
FR0000051732;25/08/17;126.60;127.80;126.40;126.95;135006
FR0000051732;28/08/17;126.25;127.70;125.80;127.05;117926
FR0000051732;29/08/17;126.25;126.25;123.60;124.65;243620
FR0000051732;30/08/17;125.50;127.50;124.95;126.95;181557
FR0000051732;31/08/17;128.00;129.80;127.75;129.60;326903
FR0000051732;01/09/17;129.60;130.85;129.45;129.75;215204
FR0000051732;04/09/17;128.95;128.95;127.60;127.95;127899
FR0000051732;05/09/17;128.00;128.60;127.45;127.70;177864
FR0000051732;06/09/17;127.15;127.30;125.90;126.20;241595
FR0000051732;07/09/17;127.00;128.25;126.70;127.70;217315
FR0000051732;08/09/17;127.40;127.70;126.40;127.60;175290
FR0000051732;11/09/17;128.15;129.35;128.00;128.55;217229
FR0000051732;12/09/17;129.00;129.60;128.15;128.25;282722
FR0000051732;13/09/17;128.25;129.10;128.15;128.80;250312
FR0000051732;14/09/17;128.45;129.20;128.25;128.85;183195
FR0000051732;15/09/17;128.55;129.30;128.30;128.85;305344
FR0000051732;18/09/17;129.45;129.90;129.05;129.80;95434
FR0000051732;19/09/17;129.75;131.75;129.70;130.80;204930
