FR0000131104;01/09/16;46.025;47.395;45.985;46.83;6625222
FR0000131104;02/09/16;47.26;47.965;46.39;47.82;5280566
FR0000131104;05/09/16;47.98;48.18;47.295;47.38;3498667
FR0000131104;06/09/16;47.525;47.66;46.685;46.72;2740401
FR0000131104;07/09/16;46.89;47.20;46.21;46.975;2832553
FR0000131104;08/09/16;46.99;47.89;46.51;47.825;4367876
FR0000131104;09/09/16;47.735;48.69;47.345;47.93;3766809
FR0000131104;12/09/16;46.92;47.28;46.13;46.875;3757390
FR0000131104;13/09/16;47.18;47.385;46.015;46.015;3078132
FR0000131104;14/09/16;46.36;46.505;45.72;45.945;4109031
FR0000131104;15/09/16;45.805;46.465;45.17;45.685;3884763
FR0000131104;16/09/16;45.50;45.65;44.50;44.64;8031661
FR0000131104;19/09/16;45.095;45.345;44.725;44.93;2738348
FR0000131104;20/09/16;44.98;45.34;44.60;44.955;2763759
FR0000131104;21/09/16;46.06;46.50;45.82;46.24;4645652
FR0000131104;22/09/16;46.675;47.475;46.375;47.30;5030250
FR0000131104;23/09/16;46.955;47.35;46.585;46.955;3697080
FR0000131104;26/09/16;46.575;46.645;45.13;45.42;3919481
FR0000131104;27/09/16;45.80;45.92;44.525;45.185;4208048
FR0000131104;28/09/16;45.215;46.24;45.185;45.615;3447639
FR0000131104;29/09/16;46.09;46.34;45.20;45.405;2463934
FR0000131104;30/09/16;43.90;45.85;43.235;45.77;6379925
FR0000131104;03/10/16;45.80;45.995;45.125;45.615;1773168
FR0000131104;04/10/16;45.725;46.48;45.485;46.03;2739790
FR0000131104;05/10/16;45.755;47.60;45.575;47.60;5192510
FR0000131104;06/10/16;47.86;48.87;47.755;48.55;5924485
FR0000131104;07/10/16;48.465;49.48;48.125;49.31;6422293
FR0000131104;10/10/16;49.00;49.39;48.49;49.10;3801568
FR0000131104;11/10/16;48.77;49.18;48.265;48.55;5893035
FR0000131104;12/10/16;48.65;48.67;47.96;48.335;3989760
FR0000131104;13/10/16;47.905;47.905;46.545;46.935;4343630
FR0000131104;14/10/16;47.19;48.925;47.08;48.195;4201634
FR0000131104;17/10/16;47.895;48.86;47.865;48.50;2779677
FR0000131104;18/10/16;48.74;49.68;48.685;49.315;4579118
FR0000131104;19/10/16;49.85;50.07;49.21;50.00;5396558
FR0000131104;20/10/16;49.95;51.06;49.855;51.06;6512978
FR0000131104;21/10/16;51.16;51.64;50.79;51.64;4924105
FR0000131104;24/10/16;51.86;53.09;51.86;52.69;4845525
FR0000131104;25/10/16;52.69;52.82;52.16;52.82;3465059
FR0000131104;26/10/16;52.92;53.29;52.42;52.91;3627195
FR0000131104;27/10/16;53.18;53.50;52.73;53.50;4723863
FR0000131104;28/10/16;52.74;54.00;52.44;53.97;4182906
FR0000131104;31/10/16;53.30;54.00;52.71;52.84;4015008
FR0000131104;01/11/16;53.24;53.33;52.42;52.74;3134880
FR0000131104;02/11/16;51.69;51.90;50.76;50.76;4858376
FR0000131104;03/11/16;50.75;52.04;50.32;51.51;3754115
FR0000131104;04/11/16;51.26;51.38;50.40;50.64;3112732
FR0000131104;07/11/16;51.97;52.53;51.67;52.53;3680697
FR0000131104;08/11/16;52.40;53.32;52.09;53.12;3607638
FR0000131104;09/11/16;51.41;54.80;51.05;54.80;7603787
FR0000131104;10/11/16;55.77;57.05;55.12;55.41;7805322
FR0000131104;11/11/16;55.97;56.29;54.23;54.75;4636310
FR0000131104;14/11/16;55.40;56.46;55.18;55.66;4745943
FR0000131104;15/11/16;55.65;55.85;54.93;55.49;3442268
FR0000131104;16/11/16;55.55;55.93;53.95;54.18;4367648
FR0000131104;17/11/16;53.70;54.60;53.39;54.60;3669850
FR0000131104;18/11/16;55.00;55.26;53.98;54.39;4165710
FR0000131104;21/11/16;54.75;54.99;54.21;54.50;2437502
FR0000131104;22/11/16;55.10;56.45;54.48;55.77;4327502
FR0000131104;23/11/16;55.79;56.16;54.84;55.65;3287660
FR0000131104;24/11/16;55.58;56.09;55.08;55.29;1710239
FR0000131104;25/11/16;55.42;55.52;54.62;54.94;2036402
FR0000131104;28/11/16;54.66;54.78;53.24;53.50;3796934
FR0000131104;29/11/16;53.37;54.50;53.12;54.39;2899217
FR0000131104;30/11/16;54.40;55.27;53.97;54.78;3968076
FR0000131104;01/12/16;54.68;55.90;54.57;55.90;4231297
FR0000131104;02/12/16;55.50;55.66;54.31;54.59;3954371
FR0000131104;05/12/16;54.08;55.75;53.78;55.30;5112389
FR0000131104;06/12/16;54.92;58.49;54.87;58.15;7167999
FR0000131104;07/12/16;59.21;60.23;58.67;59.46;6624205
FR0000131104;08/12/16;59.45;61.66;58.92;60.61;7038460
FR0000131104;09/12/16;60.60;60.88;59.65;60.00;4746014
FR0000131104;12/12/16;60.00;60.57;59.09;59.21;4261340
FR0000131104;13/12/16;58.79;60.30;58.00;59.73;4297010
FR0000131104;14/12/16;59.32;60.29;58.58;58.59;4813554
FR0000131104;15/12/16;58.99;62.00;58.90;61.70;6876754
FR0000131104;16/12/16;61.50;62.00;60.96;60.96;7851503
FR0000131104;19/12/16;60.78;61.00;60.19;60.50;2991202
FR0000131104;20/12/16;60.57;61.47;60.31;61.47;2986537
FR0000131104;21/12/16;61.44;61.89;60.69;61.21;2459596
FR0000131104;22/12/16;60.93;61.92;60.93;61.58;2029868
FR0000131104;23/12/16;61.70;62.00;60.89;61.17;1820720
FR0000131104;27/12/16;60.60;60.95;60.51;60.68;1269821
FR0000131104;28/12/16;60.67;60.90;60.26;60.65;1464169
FR0000131104;29/12/16;60.23;60.46;59.64;59.85;1523556
FR0000131104;30/12/16;59.81;60.64;59.56;60.55;2143675
FR0000131104;02/01/17;60.12;60.69;59.85;60.35;1259445
FR0000131104;03/01/17;60.93;62.48;60.56;61.92;3185009
FR0000131104;04/01/17;62.38;63.06;61.98;62.80;3705545
FR0000131104;05/01/17;62.32;63.04;61.59;62.22;3288420
FR0000131104;06/01/17;61.87;62.71;61.29;62.49;3017783
FR0000131104;09/01/17;62.48;62.48;60.65;61.19;3069806
FR0000131104;10/01/17;61.30;61.40;60.64;60.85;3176613
FR0000131104;11/01/17;60.87;61.14;60.37;60.62;2747204
FR0000131104;12/01/17;60.39;61.70;60.19;60.55;2660775
FR0000131104;13/01/17;61.09;62.51;61.02;62.16;3252712
FR0000131104;16/01/17;61.02;61.55;60.90;61.21;2079490
FR0000131104;17/01/17;60.84;61.91;60.51;60.56;2627533
FR0000131104;18/01/17;60.60;60.72;59.17;59.69;3151600
FR0000131104;19/01/17;60.11;60.46;59.42;59.76;2644796
FR0000131104;20/01/17;59.59;60.44;59.23;60.06;4119832
FR0000131104;23/01/17;59.50;59.78;58.93;59.18;2142810
FR0000131104;24/01/17;59.55;60.06;59.40;59.90;2029944
FR0000131104;25/01/17;60.68;62.54;60.60;62.39;4714420
FR0000131104;26/01/17;62.59;63.35;61.55;61.64;4045961
FR0000131104;27/01/17;61.54;61.57;60.61;61.45;2455773
FR0000131104;30/01/17;61.03;61.46;59.88;60.28;2726655
FR0000131104;31/01/17;60.43;61.45;59.18;59.18;3697937
FR0000131104;01/02/17;59.88;60.75;59.54;60.63;2939274
FR0000131104;02/02/17;60.39;60.66;59.72;60.26;2570213
FR0000131104;03/02/17;60.77;61.57;60.34;61.14;3001101
FR0000131104;06/02/17;61.50;62.00;60.01;60.01;3173177
FR0000131104;07/02/17;57.05;58.23;56.99;57.15;6259760
FR0000131104;08/02/17;57.00;57.11;54.79;56.06;6207122
FR0000131104;09/02/17;57.00;57.00;55.83;56.69;4888367
FR0000131104;10/02/17;57.07;57.08;55.51;55.70;4233612
FR0000131104;13/02/17;56.00;56.72;55.48;56.35;3554095
FR0000131104;14/02/17;56.32;56.82;55.82;56.78;2541744
FR0000131104;15/02/17;56.98;58.28;56.98;57.49;3734421
FR0000131104;16/02/17;57.49;57.65;57.01;57.02;2728041
FR0000131104;17/02/17;57.02;57.11;55.38;55.75;4155644
FR0000131104;20/02/17;56.32;56.72;55.35;55.63;2330028
FR0000131104;21/02/17;55.41;56.20;54.96;55.79;3196159
FR0000131104;22/02/17;55.96;56.55;54.70;55.80;4064843
FR0000131104;23/02/17;56.00;56.51;55.15;55.62;3164717
FR0000131104;24/02/17;55.20;55.73;53.96;54.68;4135354
FR0000131104;27/02/17;55.19;55.41;54.67;54.74;2935247
FR0000131104;28/02/17;54.75;55.43;54.62;55.13;3605152
FR0000131104;01/03/17;55.89;57.96;55.74;57.59;5436640
FR0000131104;02/03/17;57.91;58.11;57.49;57.67;3819429
FR0000131104;03/03/17;57.70;59.94;57.53;59.31;4950723
FR0000131104;06/03/17;58.99;59.48;58.46;58.70;2809388
FR0000131104;07/03/17;59.00;59.09;58.09;58.84;2755034
FR0000131104;08/03/17;59.00;59.89;58.56;59.35;3422590
FR0000131104;09/03/17;59.33;61.17;59.22;60.79;5616477
FR0000131104;10/03/17;60.96;62.24;60.84;61.86;6413094
FR0000131104;13/03/17;61.30;61.98;61.14;61.18;3102950
FR0000131104;14/03/17;61.22;61.32;59.65;59.85;4114290
FR0000131104;15/03/17;59.38;60.22;59.28;60.09;3492638
FR0000131104;16/03/17;61.22;62.00;60.52;60.69;5450793
FR0000131104;17/03/17;60.87;61.87;60.06;60.28;6076097
FR0000131104;20/03/17;60.03;60.43;59.60;59.65;2123537
FR0000131104;21/03/17;60.35;61.85;60.04;60.26;4120914
FR0000131104;22/03/17;59.41;60.86;58.96;60.29;3657229
FR0000131104;23/03/17;60.55;61.54;59.95;61.10;3635753
FR0000131104;24/03/17;61.10;61.11;60.22;60.46;2643444
FR0000131104;27/03/17;59.40;60.59;59.16;60.36;2867677
FR0000131104;28/03/17;60.58;62.07;60.30;61.92;3658366
FR0000131104;29/03/17;62.45;62.78;61.45;62.04;4058229
FR0000131104;30/03/17;62.80;62.80;61.09;61.80;3106664
FR0000131104;31/03/17;61.49;62.43;61.28;62.43;4030526
FR0000131104;03/04/17;62.48;62.50;60.60;61.22;3344854
FR0000131104;04/04/17;61.06;61.37;60.04;60.71;3359772
FR0000131104;05/04/17;60.98;61.40;60.10;60.10;4681167
FR0000131104;06/04/17;59.58;60.80;59.05;60.75;3907978
FR0000131104;07/04/17;60.67;61.14;60.29;60.90;2703926
FR0000131104;10/04/17;60.93;60.97;59.82;60.00;2942441
FR0000131104;11/04/17;59.50;60.23;59.01;59.39;4574423
FR0000131104;12/04/17;59.65;59.96;58.72;59.10;3248594
FR0000131104;13/04/17;59.25;59.25;57.90;58.30;4836489
FR0000131104;18/04/17;58.50;58.74;57.24;57.32;5836104
FR0000131104;19/04/17;57.47;58.72;57.30;58.34;4987203
FR0000131104;20/04/17;58.11;60.96;57.86;60.65;7687773
FR0000131104;21/04/17;60.89;62.28;60.25;62.00;9830775
FR0000131104;24/04/17;68.00;68.40;65.94;66.66;15378827
FR0000131104;25/04/17;66.87;67.44;66.45;66.95;5475011
FR0000131104;26/04/17;66.50;66.72;65.60;65.80;5537058
FR0000131104;27/04/17;65.52;65.60;64.64;64.99;4839559
FR0000131104;28/04/17;64.59;65.77;64.40;64.78;4471038
FR0000131104;02/05/17;64.80;65.77;64.80;65.77;4603584
FR0000131104;03/05/17;66.10;66.36;65.43;66.15;4251092
FR0000131104;04/05/17;65.00;66.67;64.89;66.37;7120746
FR0000131104;05/05/17;65.95;68.00;65.83;67.88;7417648
FR0000131104;08/05/17;68.17;68.20;66.37;66.84;9427090
FR0000131104;09/05/17;67.90;67.90;66.38;66.66;4960753
FR0000131104;10/05/17;66.60;67.23;65.83;66.78;3944703
FR0000131104;11/05/17;67.14;67.18;65.84;66.41;4500596
FR0000131104;12/05/17;66.20;66.80;65.95;66.56;3123427
FR0000131104;15/05/17;67.00;67.07;66.01;67.07;3542313
FR0000131104;16/05/17;67.20;67.54;66.75;67.21;3225549
FR0000131104;17/05/17;66.69;67.42;64.85;65.11;4902431
FR0000131104;18/05/17;64.80;65.61;63.60;64.36;6770991
FR0000131104;19/05/17;64.70;65.88;64.40;65.67;5064001
FR0000131104;22/05/17;66.02;66.17;65.41;65.46;3327832
FR0000131104;23/05/17;65.20;66.78;65.02;66.18;3776186
FR0000131104;24/05/17;66.28;66.90;65.77;66.84;3396154
FR0000131104;25/05/17;67.10;67.34;66.51;66.56;2793722
FR0000131104;26/05/17;66.52;66.68;65.26;66.39;3753319
FR0000131104;29/05/17;66.21;66.59;65.81;66.35;2266692
FR0000131104;30/05/17;63.10;63.61;62.62;63.60;5403406
FR0000131104;31/05/17;63.70;64.07;62.80;62.82;5190374
FR0000131104;01/06/17;63.00;63.18;62.09;62.99;3261801
FR0000131104;02/06/17;63.85;64.49;63.09;63.40;4343283
FR0000131104;05/06/17;63.40;63.69;62.64;63.10;1771291
FR0000131104;06/06/17;62.69;62.94;61.96;62.45;3271002
FR0000131104;07/06/17;62.34;64.35;62.23;63.48;4585164
FR0000131104;08/06/17;63.82;64.48;62.83;63.72;4052677
FR0000131104;09/06/17;64.05;64.94;63.39;64.51;4733126
FR0000131104;12/06/17;64.47;64.90;63.04;63.39;3405206
FR0000131104;13/06/17;63.75;63.92;63.09;63.35;2565311
FR0000131104;14/06/17;63.73;64.00;62.27;62.40;3996069
FR0000131104;15/06/17;62.24;62.37;61.08;61.85;5378476
FR0000131104;16/06/17;62.38;62.88;61.68;62.05;10471570
FR0000131104;19/06/17;62.86;63.60;62.75;63.06;3238334
FR0000131104;20/06/17;63.50;63.68;62.55;62.55;2552864
FR0000131104;21/06/17;62.29;62.42;61.11;62.14;4040572
FR0000131104;22/06/17;61.91;62.00;61.18;61.93;3356928
FR0000131104;23/06/17;62.16;62.51;61.18;61.50;2919202
FR0000131104;26/06/17;61.80;62.46;61.39;61.60;2765463
FR0000131104;27/06/17;61.53;63.07;61.08;62.65;4960829
FR0000131104;28/06/17;62.55;64.56;62.16;64.33;5874039
FR0000131104;29/06/17;64.94;65.46;63.64;63.97;5940081
FR0000131104;30/06/17;64.10;64.45;62.82;63.06;4945911
FR0000131104;03/07/17;63.49;64.94;63.40;64.94;4643571
FR0000131104;04/07/17;64.55;65.30;64.52;64.68;2708977
FR0000131104;05/07/17;64.90;65.19;64.26;64.47;3638074
FR0000131104;06/07/17;64.55;65.66;64.06;65.34;4822785
FR0000131104;07/07/17;65.95;66.19;65.18;65.52;3635307
FR0000131104;10/07/17;65.95;66.05;65.09;65.56;2444378
FR0000131104;11/07/17;65.88;66.03;65.04;65.26;2590408
FR0000131104;12/07/17;65.63;66.47;65.27;65.99;3665306
FR0000131104;13/07/17;66.08;67.12;65.96;66.92;3212170
FR0000131104;14/07/17;67.02;67.04;65.71;66.30;3192918
FR0000131104;17/07/17;66.47;66.49;65.53;65.86;2519843
FR0000131104;18/07/17;65.60;65.88;64.38;64.76;4170565
FR0000131104;19/07/17;65.15;65.15;64.00;64.84;4175125
FR0000131104;20/07/17;65.00;65.04;63.98;64.29;3971838
FR0000131104;21/07/17;64.18;64.52;63.31;63.64;4642756
FR0000131104;24/07/17;63.77;64.71;63.25;64.23;3163575
FR0000131104;25/07/17;64.14;65.80;64.11;65.17;4083693
FR0000131104;26/07/17;65.20;65.90;65.12;65.90;3087146
FR0000131104;27/07/17;65.14;66.03;65.01;66.00;3221333
FR0000131104;28/07/17;65.39;66.43;65.05;66.10;4158297
FR0000131104;31/07/17;65.95;66.40;65.57;65.57;3582205
FR0000131104;01/08/17;66.36;66.99;65.79;66.79;3276531
FR0000131104;02/08/17;66.91;66.99;66.04;66.56;3016521
FR0000131104;03/08/17;66.30;67.54;66.09;67.22;3115321
FR0000131104;04/08/17;66.87;68.12;66.64;68.12;3262506
FR0000131104;07/08/17;68.20;68.55;67.93;68.55;2564334
FR0000131104;08/08/17;68.46;68.89;68.34;68.89;2799465
FR0000131104;09/08/17;68.17;68.29;66.70;67.27;3957968
FR0000131104;10/08/17;67.30;67.43;66.01;66.69;3216825
FR0000131104;11/08/17;66.13;66.51;65.05;65.69;3731598
FR0000131104;14/08/17;66.19;67.15;65.85;66.69;2820929
FR0000131104;15/08/17;67.00;67.43;66.61;67.19;1815987
FR0000131104;16/08/17;67.60;67.87;67.23;67.24;2124985
FR0000131104;17/08/17;66.89;66.98;65.57;66.20;3343834
FR0000131104;18/08/17;65.12;66.16;64.95;65.99;3331532
FR0000131104;21/08/17;65.49;65.49;64.25;64.68;3030840
FR0000131104;22/08/17;65.25;65.40;64.74;65.12;2123303
FR0000131104;23/08/17;65.07;65.45;63.97;64.17;2528458
FR0000131104;24/08/17;64.56;64.84;64.27;64.39;1801447
FR0000131104;25/08/17;64.66;64.98;64.22;64.22;1569124
FR0000131104;28/08/17;63.86;64.50;63.86;63.95;1160759
FR0000131104;29/08/17;63.37;63.51;62.92;63.23;3260166
FR0000131104;30/08/17;63.75;63.76;62.96;63.16;1742352
FR0000131104;31/08/17;63.83;64.30;63.79;63.91;3212976
FR0000131104;01/09/17;64.48;64.65;63.84;64.35;2106272
FR0000131104;04/09/17;63.81;64.14;63.72;63.88;1499093
FR0000131104;05/09/17;64.09;64.23;62.53;62.68;2715400
FR0000131104;06/09/17;62.41;62.86;62.21;62.59;2212165
FR0000131104;07/09/17;62.95;63.60;62.13;62.52;3158751
FR0000131104;08/09/17;62.20;63.47;62.12;62.99;2872797
FR0000131104;11/09/17;63.58;64.30;63.53;64.30;2647173
FR0000131104;12/09/17;64.70;66.38;64.56;65.84;3882152
FR0000131104;13/09/17;65.95;66.64;65.74;66.40;3216036
FR0000131104;14/09/17;66.16;66.98;65.98;66.54;2823918
FR0000131104;15/09/17;66.19;66.56;65.58;65.99;9212604
FR0000131104;18/09/17;66.28;66.51;65.96;66.21;2539642
FR0000131104;19/09/17;66.41;66.54;65.81;66.17;2032434
