BE0003470755;01/02/17;108.30;110.45;108.30;109.85;289339
BE0003470755;02/02/17;109.50;110.20;109.20;109.65;198510
BE0003470755;03/02/17;109.40;109.70;108.95;109.25;159924
BE0003470755;06/02/17;108.90;109.55;107.70;107.70;199355
BE0003470755;07/02/17;107.50;108.40;107.20;108.15;199250
BE0003470755;08/02/17;108.35;108.70;107.80;108.55;170892
BE0003470755;09/02/17;108.65;109.50;107.80;109.40;182184
BE0003470755;10/02/17;109.75;110.85;109.50;110.85;237954
BE0003470755;13/02/17;110.90;113.50;110.90;113.10;279187
BE0003470755;14/02/17;113.25;113.25;112.30;112.55;190827
BE0003470755;15/02/17;112.50;113.70;111.85;113.65;248359
BE0003470755;16/02/17;113.35;114.10;113.35;113.90;189161
BE0003470755;17/02/17;115.00;116.55;114.95;115.90;467720
BE0003470755;20/02/17;116.15;116.95;115.90;116.25;200083
BE0003470755;21/02/17;115.95;116.75;115.20;116.35;227322
BE0003470755;22/02/17;116.40;116.80;114.50;115.10;334892
BE0003470755;23/02/17;115.20;115.55;114.25;114.70;213525
BE0003470755;24/02/17;113.00;114.00;110.65;111.95;461045
BE0003470755;27/02/17;110.90;111.05;109.65;110.00;316676
BE0003470755;28/02/17;110.30;110.50;108.40;109.95;333646
CH0012214059;01/02/17;50.80;51.11;50.22;50.34;396143
CH0012214059;02/02/17;50.10;50.83;49.995;50.61;319202
CH0012214059;03/02/17;50.74;51.94;50.55;51.41;342123
CH0012214059;06/02/17;51.30;51.88;50.96;51.14;420247
CH0012214059;07/02/17;51.26;51.39;50.80;50.80;374891
CH0012214059;08/02/17;50.95;51.27;50.45;50.95;325482
CH0012214059;09/02/17;51.04;52.24;50.99;52.23;253998
CH0012214059;10/02/17;52.50;53.19;52.42;52.64;274550
CH0012214059;13/02/17;52.66;53.34;52.66;52.98;216517
CH0012214059;14/02/17;52.89;52.89;52.34;52.70;209660
CH0012214059;15/02/17;53.10;53.40;52.73;53.24;315179
CH0012214059;16/02/17;53.42;53.42;52.75;52.75;308080
CH0012214059;17/02/17;52.95;53.10;52.06;52.34;382373
CH0012214059;20/02/17;52.90;53.86;52.77;53.32;331594
CH0012214059;21/02/17;53.51;54.25;52.97;53.90;213782
CH0012214059;22/02/17;54.05;54.98;53.76;54.08;315089
CH0012214059;23/02/17;54.00;54.48;53.26;53.36;254249
CH0012214059;24/02/17;53.37;53.37;51.43;52.31;418679
CH0012214059;27/02/17;52.61;52.98;51.98;52.98;263755
CH0012214059;28/02/17;53.14;53.90;52.80;53.69;348834
FR0000045072;01/02/17;12.36;12.455;12.03;12.33;10205977
FR0000045072;02/02/17;12.33;12.385;12.105;12.15;6409749
FR0000045072;03/02/17;12.185;12.325;12.11;12.275;4400935
FR0000045072;06/02/17;12.32;12.36;11.95;11.97;5962941
FR0000045072;07/02/17;11.80;11.865;11.665;11.68;8032191
FR0000045072;08/02/17;11.70;11.75;11.165;11.415;10649201
FR0000045072;09/02/17;11.51;11.635;11.395;11.46;7401185
FR0000045072;10/02/17;11.58;11.605;11.35;11.40;7752083
FR0000045072;13/02/17;11.45;11.73;11.42;11.58;6204528
FR0000045072;14/02/17;11.63;11.755;11.51;11.755;5928224
FR0000045072;15/02/17;12.20;12.43;12.10;12.315;12052269
FR0000045072;16/02/17;12.445;12.45;12.085;12.145;7146894
FR0000045072;17/02/17;12.13;12.15;11.725;11.82;9320238
FR0000045072;20/02/17;11.94;12.05;11.56;11.605;6947291
FR0000045072;21/02/17;11.615;11.705;11.44;11.575;6085489
FR0000045072;22/02/17;11.625;11.68;11.45;11.62;7011016
FR0000045072;23/02/17;11.635;11.68;11.355;11.39;9291711
FR0000045072;24/02/17;11.35;11.44;11.06;11.215;6358347
FR0000045072;27/02/17;11.27;11.405;11.19;11.29;6595649
FR0000045072;28/02/17;11.325;11.45;11.29;11.395;7031932
FR0000051732;01/02/17;98.53;100.35;98.53;99.81;265148
FR0000051732;02/02/17;99.73;101.65;99.67;100.90;250528
FR0000051732;03/02/17;100.95;103.05;100.95;102.50;265971
FR0000051732;06/02/17;102.60;102.75;101.15;101.70;189153
FR0000051732;07/02/17;101.70;101.70;100.65;100.70;221473
FR0000051732;08/02/17;101.25;102.20;100.80;101.75;225905
FR0000051732;09/02/17;102.00;102.25;101.20;102.25;168753
FR0000051732;10/02/17;102.70;103.60;102.45;103.50;180088
FR0000051732;13/02/17;103.50;105.25;103.15;104.85;213417
FR0000051732;14/02/17;104.80;105.55;104.40;105.15;205694
FR0000051732;15/02/17;105.30;105.95;105.15;105.20;311655
FR0000051732;16/02/17;105.40;105.90;104.90;105.90;207285
FR0000051732;17/02/17;105.65;105.80;104.30;105.05;295764
FR0000051732;20/02/17;105.50;106.75;104.80;105.20;189199
FR0000051732;21/02/17;105.00;106.00;104.65;105.60;218798
FR0000051732;22/02/17;106.80;108.40;105.15;107.80;445538
FR0000051732;23/02/17;107.15;109.30;107.15;108.60;425907
FR0000051732;24/02/17;108.20;109.95;108.10;108.80;354842
FR0000051732;27/02/17;109.45;112.90;109.20;112.00;455323
FR0000051732;28/02/17;111.95;112.10;110.85;111.50;394781
FR0000073272;01/02/17;61.77;62.85;61.51;62.73;1266666
FR0000073272;02/02/17;62.51;63.42;62.22;63.14;1004994
FR0000073272;03/02/17;63.20;63.95;62.97;63.51;872648
FR0000073272;06/02/17;63.45;63.74;62.98;63.05;915590
FR0000073272;07/02/17;63.00;63.46;62.98;63.34;1192146
FR0000073272;08/02/17;63.35;63.57;63.15;63.47;1319058
FR0000073272;09/02/17;63.55;63.88;63.45;63.68;1015022
FR0000073272;10/02/17;64.00;64.10;63.56;63.88;758567
FR0000073272;13/02/17;63.93;64.53;63.87;64.32;1060673
FR0000073272;14/02/17;64.30;64.63;63.98;64.20;783007
FR0000073272;15/02/17;64.85;66.18;64.85;66.05;1594969
FR0000073272;16/02/17;65.46;65.46;64.54;64.90;1619262
FR0000073272;17/02/17;64.70;64.95;64.04;64.38;1122735
FR0000073272;20/02/17;64.51;65.32;64.51;65.24;521454
FR0000073272;21/02/17;65.20;65.49;65.01;65.17;734309
FR0000073272;22/02/17;65.10;65.31;64.60;64.73;853940
FR0000073272;23/02/17;64.78;67.55;64.78;65.99;1253238
FR0000073272;24/02/17;66.01;66.35;65.11;65.50;1312936
FR0000073272;27/02/17;65.98;66.00;65.50;65.77;889164
FR0000073272;28/02/17;65.95;67.16;65.90;67.16;1492544
FR0000120073;01/02/17;91.2727;92.4091;91.0455;91.1818;891325
FR0000120073;02/02/17;91.00;91.9091;91.00;91.3182;744934
FR0000120073;03/02/17;91.3636;92.4091;91.0455;91.7273;699055
FR0000120073;06/02/17;91.5909;91.9091;90.2727;90.4091;751852
FR0000120073;07/02/17;90.8455;91.4545;90.5455;91.0909;687857
FR0000120073;08/02/17;91.3636;91.6364;90.6546;91.0455;841392
FR0000120073;09/02/17;91.1364;92.6364;91.0455;92.1364;689107
FR0000120073;10/02/17;92.4091;92.6364;92.0455;92.3636;670128
FR0000120073;13/02/17;92.3636;94.3636;92.3636;93.8636;857799
FR0000120073;14/02/17;92.1364;93.8182;91.9091;93.3182;812874
FR0000120073;15/02/17;92.2727;96.2727;91.3636;96.1818;1889141
FR0000120073;16/02/17;96.00;96.1818;94.8636;95.3636;1070973
FR0000120073;17/02/17;95.2273;95.8182;92.8182;95.2727;1228937
FR0000120073;20/02/17;95.8636;96.1364;94.8636;95.3636;604762
FR0000120073;21/02/17;95.00;95.4091;94.5909;95.0455;736619
FR0000120073;22/02/17;95.0455;95.8182;93.3182;93.7727;1094537
FR0000120073;23/02/17;93.7273;94.2727;93.00;93.3182;797702
FR0000120073;24/02/17;93.1818;93.50;92.2727;92.8636;920196
FR0000120073;27/02/17;93.2727;93.7727;92.5909;93.1364;510815
FR0000120073;28/02/17;93.50;93.5909;92.5455;92.6364;1001763
FR0000120172;01/02/17;22.775;22.925;22.65;22.72;1557835
FR0000120172;02/02/17;22.685;22.92;22.47;22.735;2084904
FR0000120172;03/02/17;22.755;22.885;22.73;22.785;1227764
FR0000120172;06/02/17;22.78;22.84;22.36;22.45;2274136
FR0000120172;07/02/17;22.445;22.475;22.285;22.34;1916614
FR0000120172;08/02/17;22.41;22.575;22.19;22.535;1825436
FR0000120172;09/02/17;22.62;22.725;22.455;22.585;1910933
FR0000120172;10/02/17;22.65;22.85;22.60;22.695;2024445
FR0000120172;13/02/17;22.675;22.905;22.65;22.78;1618491
FR0000120172;14/02/17;22.78;23.01;22.72;22.97;1813900
FR0000120172;15/02/17;23.07;23.07;22.815;22.91;1947323
FR0000120172;16/02/17;22.965;23.02;22.60;22.74;2420046
FR0000120172;17/02/17;22.76;22.835;22.50;22.60;2753721
FR0000120172;20/02/17;22.50;22.53;22.16;22.305;3248713
FR0000120172;21/02/17;22.40;22.40;22.105;22.305;3245097
FR0000120172;22/02/17;22.45;22.645;22.17;22.37;2499198
FR0000120172;23/02/17;22.42;22.53;22.34;22.385;1810673
FR0000120172;24/02/17;22.43;22.465;22.15;22.16;3078467
FR0000120172;27/02/17;22.30;22.43;22.15;22.215;2174043
FR0000120172;28/02/17;22.44;22.745;22.22;22.54;3476020
FR0000120271;01/02/17;47.10;47.19;46.54;46.72;4173501
FR0000120271;02/02/17;46.715;46.96;46.415;46.495;5013938
FR0000120271;03/02/17;46.76;47.43;46.675;47.15;5078979
FR0000120271;06/02/17;47.67;47.69;46.93;47.105;4321648
FR0000120271;07/02/17;47.105;47.19;46.565;46.625;4127214
FR0000120271;08/02/17;46.765;46.89;46.14;46.83;5766458
FR0000120271;09/02/17;47.70;47.76;46.80;47.425;5309145
FR0000120271;10/02/17;47.56;48.295;47.13;47.925;5211328
FR0000120271;13/02/17;48.215;48.53;47.845;48.075;4236376
FR0000120271;14/02/17;48.075;48.305;47.725;47.945;3400626
FR0000120271;15/02/17;48.085;48.295;47.92;47.955;3965147
FR0000120271;16/02/17;48.09;48.215;47.725;47.82;4380816
FR0000120271;17/02/17;47.68;47.77;46.99;47.44;6270097
FR0000120271;20/02/17;47.75;47.925;47.505;47.575;3287606
FR0000120271;21/02/17;47.75;48.815;47.605;48.40;5859517
FR0000120271;22/02/17;48.92;48.985;47.99;48.305;5444431
FR0000120271;23/02/17;48.215;48.585;48.10;48.29;3904254
FR0000120271;24/02/17;48.11;48.35;47.12;47.735;4937387
FR0000120271;27/02/17;47.40;47.60;47.195;47.24;4542744
FR0000120271;28/02/17;47.00;47.30;46.97;47.05;6772050
FR0000120321;01/02/17;169.30;170.35;168.50;168.90;696908
FR0000120321;02/02/17;168.10;171.40;167.75;170.60;553937
FR0000120321;03/02/17;170.85;172.35;170.60;171.05;442246
FR0000120321;06/02/17;171.05;171.50;169.30;170.20;430337
FR0000120321;07/02/17;170.40;172.45;170.20;171.50;378083
FR0000120321;08/02/17;172.55;173.65;171.00;173.35;566869
FR0000120321;09/02/17;173.40;174.00;172.35;174.00;531297
FR0000120321;10/02/17;171.55;173.45;169.15;170.10;856511
FR0000120321;13/02/17;170.90;174.15;170.65;173.70;869205
FR0000120321;14/02/17;172.90;174.05;172.55;172.55;741034
FR0000120321;15/02/17;172.90;174.15;172.45;173.80;651118
FR0000120321;16/02/17;173.00;173.00;170.35;171.85;756058
FR0000120321;17/02/17;171.10;176.10;170.40;176.10;1352434
FR0000120321;20/02/17;175.00;175.00;172.05;172.65;711588
FR0000120321;21/02/17;171.85;173.55;171.85;173.45;631626
FR0000120321;22/02/17;172.80;176.50;172.50;176.50;975577
FR0000120321;23/02/17;176.00;177.00;175.10;176.90;613702
FR0000120321;24/02/17;177.00;177.25;174.80;175.55;666000
FR0000120321;27/02/17;176.45;177.20;175.10;175.30;498571
FR0000120321;28/02/17;175.95;176.05;173.85;175.55;614893
FR0000120404;01/02/17;37.755;38.355;37.73;38.005;681727
FR0000120404;02/02/17;37.82;38.49;37.74;38.05;643964
FR0000120404;03/02/17;38.16;39.28;38.13;39.145;1245063
FR0000120404;06/02/17;39.11;39.455;38.32;38.615;1381509
FR0000120404;07/02/17;38.59;38.85;38.425;38.425;946640
FR0000120404;08/02/17;38.53;39.225;38.22;38.59;1029283
FR0000120404;09/02/17;38.655;38.795;38.10;38.51;689980
FR0000120404;10/02/17;38.51;38.82;38.335;38.785;481994
FR0000120404;13/02/17;38.82;39.13;38.73;38.94;646367
FR0000120404;14/02/17;38.885;39.045;38.73;38.845;615194
FR0000120404;15/02/17;38.90;39.00;38.57;38.835;591750
FR0000120404;16/02/17;38.90;38.95;38.475;38.53;615166
FR0000120404;17/02/17;38.585;38.64;38.075;38.50;667774
FR0000120404;20/02/17;38.555;38.73;38.265;38.715;525478
FR0000120404;21/02/17;38.80;38.98;38.455;38.62;660563
FR0000120404;22/02/17;39.00;39.00;37.365;37.695;1922770
FR0000120404;23/02/17;37.70;37.885;37.37;37.80;1012412
FR0000120404;24/02/17;37.79;37.91;37.23;37.285;1075920
FR0000120404;27/02/17;37.495;37.515;36.87;37.20;1050337
FR0000120404;28/02/17;37.25;37.44;36.805;37.25;1248423
FR0000120503;01/02/17;33.85;34.81;33.85;34.445;1005466
FR0000120503;02/02/17;34.30;34.89;34.205;34.63;948056
FR0000120503;03/02/17;34.635;34.895;34.60;34.60;436629
FR0000120503;06/02/17;35.00;35.175;34.205;34.265;695526
FR0000120503;07/02/17;34.23;34.41;33.58;33.65;738539
FR0000120503;08/02/17;33.815;34.32;33.80;34.205;740687
FR0000120503;09/02/17;34.35;34.445;34.03;34.29;641170
FR0000120503;10/02/17;34.45;34.60;34.22;34.25;463037
FR0000120503;13/02/17;34.30;35.095;34.30;34.64;669352
FR0000120503;14/02/17;35.26;35.88;34.89;35.065;1230680
FR0000120503;15/02/17;35.335;35.52;35.015;35.475;603707
FR0000120503;16/02/17;35.39;35.595;35.225;35.41;566465
FR0000120503;17/02/17;35.50;35.66;34.905;35.045;543247
FR0000120503;20/02/17;35.18;35.415;34.645;34.75;518653
FR0000120503;21/02/17;34.555;34.825;34.345;34.70;671885
FR0000120503;22/02/17;34.85;34.965;34.365;34.60;487717
FR0000120503;23/02/17;35.50;36.845;35.36;36.015;1824223
FR0000120503;24/02/17;35.99;36.15;35.375;35.70;923958
FR0000120503;27/02/17;35.80;36.06;35.565;35.925;817958
FR0000120503;28/02/17;36.175;36.415;35.92;36.37;998153
FR0000120578;01/02/17;75.03;75.87;74.60;75.78;2637145
FR0000120578;02/02/17;75.48;75.48;74.51;74.98;2066273
FR0000120578;03/02/17;75.50;75.94;75.42;75.62;1690147
FR0000120578;06/02/17;75.64;76.15;75.10;75.64;1908999
FR0000120578;07/02/17;75.70;76.53;75.70;75.90;2041106
FR0000120578;08/02/17;76.73;78.75;75.92;76.65;3339235
FR0000120578;09/02/17;77.24;80.49;77.12;80.19;3816910
FR0000120578;10/02/17;80.20;81.05;79.89;80.15;2019469
FR0000120578;13/02/17;80.00;80.72;79.95;80.38;1785296
FR0000120578;14/02/17;80.15;81.03;80.01;80.50;1848219
FR0000120578;15/02/17;80.94;81.46;80.77;81.20;2024762
FR0000120578;16/02/17;81.50;82.45;81.27;81.63;2213853
FR0000120578;17/02/17;81.79;82.11;80.90;81.49;2100660
FR0000120578;20/02/17;81.71;81.96;80.19;80.55;1574441
FR0000120578;21/02/17;80.17;80.69;79.88;80.53;2412682
FR0000120578;22/02/17;80.86;80.86;79.81;80.27;2216606
FR0000120578;23/02/17;80.45;81.22;80.01;80.13;1893774
FR0000120578;24/02/17;80.34;80.91;79.50;80.58;2439934
FR0000120578;27/02/17;80.98;81.00;80.15;80.43;1670007
FR0000120578;28/02/17;81.00;81.38;80.35;81.33;2286819
FR0000120628;01/02/17;22.955;23.39;22.825;23.16;6365082
FR0000120628;02/02/17;23.02;23.20;22.63;22.745;6414156
FR0000120628;03/02/17;22.885;23.365;22.76;23.16;6489398
FR0000120628;06/02/17;23.17;23.285;22.645;22.725;5961411
FR0000120628;07/02/17;22.63;22.63;22.29;22.42;7858376
FR0000120628;08/02/17;22.35;22.64;21.81;22.15;8081725
FR0000120628;09/02/17;22.155;22.745;22.155;22.66;6987252
FR0000120628;10/02/17;22.735;22.75;22.465;22.605;5219649
FR0000120628;13/02/17;22.595;23.125;22.595;23.005;5269670
FR0000120628;14/02/17;23.00;23.135;22.85;23.095;5081664
FR0000120628;15/02/17;23.06;23.385;22.965;23.10;5623707
FR0000120628;16/02/17;22.93;23.06;22.75;22.87;5620831
FR0000120628;17/02/17;22.925;23.09;22.25;22.465;8657459
FR0000120628;20/02/17;22.515;22.745;22.32;22.355;5012306
FR0000120628;21/02/17;22.48;22.645;22.105;22.495;6826628
FR0000120628;22/02/17;22.48;23.01;22.42;22.825;9728207
FR0000120628;23/02/17;22.605;22.895;22.415;22.60;7955661
FR0000120628;24/02/17;22.555;22.68;21.915;22.195;8076329
FR0000120628;27/02/17;22.26;22.385;21.955;22.07;7509580
FR0000120628;28/02/17;22.17;22.33;21.88;22.27;7323068
FR0000120644;01/02/17;58.37;58.88;58.06;58.46;1717878
FR0000120644;02/02/17;58.55;58.79;58.26;58.36;1388057
FR0000120644;03/02/17;58.62;59.31;58.60;59.10;1653766
FR0000120644;06/02/17;59.03;59.42;58.84;58.98;1210873
FR0000120644;07/02/17;58.78;59.73;58.78;59.24;1150971
FR0000120644;08/02/17;59.36;60.85;58.93;60.65;2337998
FR0000120644;09/02/17;60.53;60.78;60.17;60.45;1428047
FR0000120644;10/02/17;60.38;60.68;59.84;60.05;1723334
FR0000120644;13/02/17;59.98;60.93;59.98;60.65;1129873
FR0000120644;14/02/17;60.54;60.89;59.64;60.03;1887516
FR0000120644;15/02/17;60.00;60.58;59.33;59.94;2231457
FR0000120644;16/02/17;60.16;60.16;58.55;59.15;2785502
FR0000120644;17/02/17;59.50;61.77;59.00;61.00;4469639
FR0000120644;20/02/17;61.30;61.39;60.54;60.95;1909194
FR0000120644;21/02/17;60.96;61.04;60.54;60.89;1876631
FR0000120644;22/02/17;60.78;62.70;60.75;62.33;2646263
FR0000120644;23/02/17;62.39;62.95;62.09;62.79;2085755
FR0000120644;24/02/17;62.96;63.04;62.31;62.65;1485428
FR0000120644;27/02/17;62.90;63.00;62.16;62.71;1348577
FR0000120644;28/02/17;62.90;63.06;62.04;62.56;1754585
FR0000120693;01/02/17;108.90;109.05;107.35;107.55;586050
FR0000120693;02/02/17;107.45;109.05;107.00;108.40;406965
FR0000120693;03/02/17;108.75;109.95;108.45;109.40;432073
FR0000120693;06/02/17;109.40;109.50;108.75;108.90;415079
FR0000120693;07/02/17;108.70;109.95;108.70;108.90;311134
FR0000120693;08/02/17;108.70;109.70;107.85;108.45;581219
FR0000120693;09/02/17;108.30;108.75;106.80;107.05;697083
FR0000120693;10/02/17;107.20;108.20;106.70;107.90;567973
FR0000120693;13/02/17;108.00;109.80;107.70;108.95;449679
FR0000120693;14/02/17;108.85;108.90;107.25;107.30;561462
FR0000120693;15/02/17;107.85;108.45;107.30;107.75;481343
FR0000120693;16/02/17;108.20;108.45;107.55;108.05;508808
FR0000120693;17/02/17;108.00;108.80;107.70;108.20;549819
FR0000120693;20/02/17;109.00;109.05;107.65;107.95;429088
FR0000120693;21/02/17;107.65;108.50;107.45;108.30;427656
FR0000120693;22/02/17;108.15;108.80;107.70;108.40;486477
FR0000120693;23/02/17;108.15;109.25;107.85;109.00;409108
FR0000120693;24/02/17;108.65;109.00;107.50;107.95;405405
FR0000120693;27/02/17;108.25;108.80;108.00;108.40;279275
FR0000120693;28/02/17;108.85;108.90;107.45;107.90;451569
FR0000121014;01/02/17;188.80;189.95;187.40;188.00;686228
FR0000121014;02/02/17;187.50;188.40;186.65;187.50;647543
FR0000121014;03/02/17;188.05;189.50;187.65;188.95;515680
FR0000121014;06/02/17;188.45;188.55;185.10;185.15;575473
FR0000121014;07/02/17;185.30;187.10;184.10;184.45;450870
FR0000121014;08/02/17;184.75;185.00;181.95;182.35;693463
FR0000121014;09/02/17;183.35;185.60;182.50;185.50;572748
FR0000121014;10/02/17;186.00;186.50;184.20;185.10;519881
FR0000121014;13/02/17;185.45;190.50;185.45;189.80;667560
FR0000121014;14/02/17;189.80;190.40;188.75;190.15;496114
FR0000121014;15/02/17;190.55;190.55;188.30;188.70;485787
FR0000121014;16/02/17;189.85;190.80;188.45;189.70;432702
FR0000121014;17/02/17;188.90;189.80;186.50;186.85;723993
FR0000121014;20/02/17;188.15;188.55;187.05;188.10;372236
FR0000121014;21/02/17;187.65;190.85;187.65;190.00;536679
FR0000121014;22/02/17;190.85;193.70;190.50;192.50;664657
FR0000121014;23/02/17;191.95;193.10;191.65;192.20;378595
FR0000121014;24/02/17;191.55;192.40;188.55;190.70;512276
FR0000121014;27/02/17;191.95;192.35;189.20;189.85;347830
FR0000121014;28/02/17;190.50;190.90;188.35;189.45;538523
FR0000121220;01/02/17;102.60;103.40;102.00;102.15;224107
FR0000121220;02/02/17;102.00;103.85;102.00;103.40;253663
FR0000121220;03/02/17;103.90;104.05;103.35;103.35;243283
FR0000121220;06/02/17;101.40;102.00;100.00;100.75;297812
FR0000121220;07/02/17;100.55;101.80;100.45;101.35;202328
FR0000121220;08/02/17;101.30;102.45;101.20;101.85;240767
FR0000121220;09/02/17;102.40;102.50;101.50;101.65;270842
FR0000121220;10/02/17;101.85;102.40;101.35;102.15;218908
FR0000121220;13/02/17;102.25;103.30;101.90;102.60;210050
FR0000121220;14/02/17;102.25;103.65;102.25;103.25;252074
FR0000121220;15/02/17;103.40;104.10;102.60;103.75;272164
FR0000121220;16/02/17;104.25;104.40;103.15;103.65;241802
FR0000121220;17/02/17;103.45;104.15;103.15;103.75;279509
FR0000121220;20/02/17;104.25;104.30;103.45;103.80;144141
FR0000121220;21/02/17;104.00;104.15;103.05;103.30;227294
FR0000121220;22/02/17;103.35;104.20;103.05;103.50;210197
FR0000121220;23/02/17;103.45;104.30;103.30;103.30;224856
FR0000121220;24/02/17;103.15;104.05;102.30;102.75;140803
FR0000121220;27/02/17;103.10;103.50;102.55;103.05;149790
FR0000121220;28/02/17;103.25;103.65;102.85;103.55;243736
FR0000121261;01/02/17;102.90;103.50;102.00;102.45;1009583
FR0000121261;02/02/17;102.00;102.60;101.40;102.15;733264
FR0000121261;03/02/17;104.20;107.80;103.20;103.40;1121101
FR0000121261;06/02/17;103.15;103.60;101.85;102.20;556901
FR0000121261;07/02/17;102.00;102.70;101.25;101.35;567056
FR0000121261;08/02/17;101.60;102.35;99.87;100.10;1077539
FR0000121261;09/02/17;100.45;101.65;98.93;101.50;796379
FR0000121261;10/02/17;101.80;102.30;101.35;101.50;511796
FR0000121261;13/02/17;101.70;104.45;101.60;104.00;683066
FR0000121261;14/02/17;106.50;107.00;104.95;105.75;920062
FR0000121261;15/02/17;105.80;106.55;104.90;106.35;777982
FR0000121261;16/02/17;106.50;106.95;105.35;105.90;546122
FR0000121261;17/02/17;105.45;105.80;104.75;105.35;463408
FR0000121261;20/02/17;105.75;106.10;104.75;105.35;337631
FR0000121261;21/02/17;105.05;107.10;105.05;106.95;473588
FR0000121261;22/02/17;107.40;109.10;106.50;107.55;493233
FR0000121261;23/02/17;107.45;108.65;107.45;107.75;475122
FR0000121261;24/02/17;107.90;108.45;105.65;106.55;539134
FR0000121261;27/02/17;107.05;107.30;105.80;106.10;345531
FR0000121261;28/02/17;106.15;106.50;105.85;106.05;488299
FR0000121485;01/02/17;221.30;224.50;220.85;221.65;276599
FR0000121485;02/02/17;220.90;224.05;220.30;222.70;174954
FR0000121485;03/02/17;223.00;225.80;223.00;223.15;155539
FR0000121485;06/02/17;223.20;223.90;220.70;221.80;154626
FR0000121485;07/02/17;220.75;223.85;220.75;221.60;143417
FR0000121485;08/02/17;222.05;222.50;219.40;219.85;207472
FR0000121485;09/02/17;220.35;224.40;219.65;224.40;258609
FR0000121485;10/02/17;234.80;235.00;227.90;230.30;393009
FR0000121485;13/02/17;232.50;233.00;230.70;232.00;270835
FR0000121485;14/02/17;232.35;232.50;230.80;232.25;189825
FR0000121485;15/02/17;232.90;232.90;228.55;229.55;225241
FR0000121485;16/02/17;230.05;230.50;227.00;228.95;267346
FR0000121485;17/02/17;228.95;228.95;225.05;225.70;196790
FR0000121485;20/02/17;227.30;228.05;226.65;227.60;115441
FR0000121485;21/02/17;227.55;228.75;226.40;228.40;135903
FR0000121485;22/02/17;229.30;231.60;229.30;231.05;173188
FR0000121485;23/02/17;230.90;232.00;229.95;230.45;105732
FR0000121485;24/02/17;230.85;232.70;227.60;229.65;164142
FR0000121485;27/02/17;231.25;232.70;230.65;231.00;204658
FR0000121485;28/02/17;232.00;233.50;229.75;229.75;221728
FR0000121501;01/02/17;17.49;17.70;17.28;17.505;2162735
FR0000121501;02/02/17;17.385;17.64;17.29;17.505;2445604
FR0000121501;03/02/17;17.53;17.705;17.505;17.515;2231472
FR0000121501;06/02/17;17.52;17.525;17.185;17.21;2153765
FR0000121501;07/02/17;17.165;17.365;17.05;17.07;1914062
FR0000121501;08/02/17;17.045;17.42;16.99;17.21;2623357
FR0000121501;09/02/17;17.21;17.325;16.905;17.31;4367978
FR0000121501;10/02/17;17.18;17.63;17.035;17.385;3090819
FR0000121501;13/02/17;17.39;18.095;17.34;17.925;3990056
FR0000121501;14/02/17;17.92;19.165;17.545;18.70;11374307
FR0000121501;15/02/17;18.80;18.90;18.12;18.54;6617240
FR0000121501;16/02/17;18.505;18.655;18.345;18.49;2737839
FR0000121501;17/02/17;18.46;18.565;17.965;18.525;4564026
FR0000121501;20/02/17;18.625;18.75;18.145;18.305;3075006
FR0000121501;21/02/17;18.295;18.61;18.26;18.405;2800615
FR0000121501;22/02/17;18.51;18.745;18.23;18.745;4105547
FR0000121501;23/02/17;18.95;18.985;18.105;18.45;5888227
FR0000121501;24/02/17;18.38;18.45;17.74;17.93;5028157
FR0000121501;27/02/17;18.02;18.115;17.94;17.99;2509709
FR0000121501;28/02/17;18.015;18.085;17.90;17.96;2561602
FR0000121667;01/02/17;108.80;109.25;106.30;106.40;878473
FR0000121667;02/02/17;106.45;108.40;105.85;108.05;708863
FR0000121667;03/02/17;108.80;109.45;108.35;108.55;417613
FR0000121667;06/02/17;108.50;108.50;106.40;107.15;500227
FR0000121667;07/02/17;107.30;108.25;107.00;107.85;413107
FR0000121667;08/02/17;107.80;108.30;106.90;107.65;495804
FR0000121667;09/02/17;108.15;109.45;107.55;109.20;389269
FR0000121667;10/02/17;109.70;109.70;107.85;108.55;421152
FR0000121667;13/02/17;108.55;109.80;108.40;109.45;455138
FR0000121667;14/02/17;109.90;110.40;109.25;110.25;441077
FR0000121667;15/02/17;110.50;111.05;110.00;110.00;526654
FR0000121667;16/02/17;110.75;110.75;108.55;108.55;775730
FR0000121667;17/02/17;109.05;110.15;106.90;107.75;676696
FR0000121667;20/02/17;109.60;109.60;107.20;107.85;498694
FR0000121667;21/02/17;107.60;108.05;106.90;107.50;514554
FR0000121667;22/02/17;107.60;108.90;107.20;108.20;474516
FR0000121667;23/02/17;107.75;108.30;107.30;107.85;439308
FR0000121667;24/02/17;108.10;109.10;107.80;108.75;555176
FR0000121667;27/02/17;109.45;109.60;107.90;108.25;362858
FR0000121667;28/02/17;108.25;108.75;107.25;108.15;423125
FR0000121972;01/02/17;67.09;69.53;66.99;68.38;2406530
FR0000121972;02/02/17;68.08;68.56;67.92;68.13;1441687
FR0000121972;03/02/17;68.31;68.49;67.83;67.83;1175896
FR0000121972;06/02/17;67.85;67.93;66.87;67.07;865186
FR0000121972;07/02/17;67.08;67.52;66.82;67.26;912821
FR0000121972;08/02/17;67.26;67.58;66.84;67.05;1157653
FR0000121972;09/02/17;67.25;67.69;66.81;67.34;882662
FR0000121972;10/02/17;67.37;67.79;67.13;67.48;846472
FR0000121972;13/02/17;67.74;68.80;67.46;68.62;942032
FR0000121972;14/02/17;68.48;68.50;68.05;68.40;785231
FR0000121972;15/02/17;68.55;68.96;67.91;68.87;1421418
FR0000121972;16/02/17;66.90;67.18;65.46;66.00;3113073
FR0000121972;17/02/17;66.32;66.32;64.59;65.06;2275103
FR0000121972;20/02/17;65.61;65.74;64.86;65.15;1167411
FR0000121972;21/02/17;65.30;66.43;64.87;66.02;1229343
FR0000121972;22/02/17;66.18;66.38;65.10;65.48;1441364
FR0000121972;23/02/17;65.70;65.74;64.68;64.79;1387652
FR0000121972;24/02/17;64.98;65.12;63.36;64.03;1498682
FR0000121972;27/02/17;64.23;64.41;63.72;64.16;1119756
FR0000121972;28/02/17;64.37;64.49;63.75;63.89;1593092
FR0000124141;01/02/17;15.785;15.83;15.41;15.485;3411634
FR0000124141;02/02/17;15.49;15.71;15.38;15.615;3607264
FR0000124141;03/02/17;15.675;15.755;15.56;15.71;1904553
FR0000124141;06/02/17;15.85;15.895;15.505;15.565;2075522
FR0000124141;07/02/17;15.585;15.77;15.485;15.545;2992037
FR0000124141;08/02/17;15.595;16.125;15.465;16.105;3287885
FR0000124141;09/02/17;16.15;16.32;16.115;16.275;2605162
FR0000124141;10/02/17;16.28;16.36;16.195;16.29;2195379
FR0000124141;13/02/17;16.305;16.415;16.215;16.25;2443120
FR0000124141;14/02/17;16.30;16.40;16.215;16.245;2027689
FR0000124141;15/02/17;16.32;16.405;16.255;16.35;1836449
FR0000124141;16/02/17;16.31;16.425;16.135;16.175;2967109
FR0000124141;17/02/17;16.20;16.235;15.96;16.00;2594435
FR0000124141;20/02/17;16.095;16.135;15.845;16.01;1838687
FR0000124141;21/02/17;16.065;16.125;15.905;16.02;2060142
FR0000124141;22/02/17;16.07;16.255;15.995;16.165;3352952
FR0000124141;23/02/17;15.65;15.65;15.005;15.23;10100256
FR0000124141;24/02/17;15.28;15.295;15.055;15.125;5269791
FR0000124141;27/02/17;15.20;15.48;15.09;15.435;3769387
FR0000124141;28/02/17;15.47;15.51;15.30;15.45;2851956
FR0000124711;01/02/17;214.60;214.60;212.90;214.00;268691
FR0000124711;02/02/17;215.20;216.70;211.80;213.65;400058
FR0000124711;03/02/17;214.00;215.25;213.60;215.05;284893
FR0000124711;06/02/17;214.85;215.10;212.60;212.60;290031
FR0000124711;07/02/17;213.15;216.70;212.85;215.90;314885
FR0000124711;08/02/17;216.25;219.95;215.15;219.50;344169
FR0000124711;09/02/17;220.55;222.25;218.60;220.10;328007
FR0000124711;10/02/17;220.10;220.15;218.05;219.00;300362
FR0000124711;13/02/17;219.80;219.80;217.95;218.40;265929
FR0000124711;14/02/17;218.75;220.15;217.25;219.65;236677
FR0000124711;15/02/17;220.45;222.15;220.00;222.10;266575
FR0000124711;16/02/17;222.65;223.35;220.55;223.35;341448
FR0000124711;17/02/17;223.55;223.55;220.15;220.65;416273
FR0000124711;20/02/17;222.50;222.75;219.80;220.65;160782
FR0000124711;21/02/17;220.40;220.40;217.30;218.20;272741
FR0000124711;22/02/17;217.75;218.75;216.35;216.65;309335
FR0000124711;23/02/17;216.75;219.00;216.75;218.05;223453
FR0000124711;24/02/17;219.00;219.20;215.90;216.85;266527
FR0000124711;27/02/17;217.25;217.50;214.30;215.15;235786
FR0000124711;28/02/17;215.55;215.80;213.60;215.35;373787
FR0000125007;01/02/17;46.08;46.82;45.94;46.195;1840631
FR0000125007;02/02/17;46.04;46.425;45.885;46.085;1072261
FR0000125007;03/02/17;46.21;46.465;45.97;46.005;1170586
FR0000125007;06/02/17;45.945;46.25;45.305;45.42;1058292
FR0000125007;07/02/17;45.39;45.70;45.155;45.275;1044065
FR0000125007;08/02/17;45.45;45.665;45.01;45.355;1374877
FR0000125007;09/02/17;45.50;45.81;45.115;45.365;1170663
FR0000125007;10/02/17;45.44;45.97;45.37;45.695;1112688
FR0000125007;13/02/17;45.80;46.67;45.72;46.425;1161900
FR0000125007;14/02/17;46.375;46.685;46.105;46.64;1125476
FR0000125007;15/02/17;46.68;46.735;46.325;46.635;1086243
FR0000125007;16/02/17;46.80;46.80;45.765;45.98;1651118
FR0000125007;17/02/17;46.10;46.10;45.22;45.46;1695917
FR0000125007;20/02/17;45.74;46.045;45.615;45.80;984388
FR0000125007;21/02/17;45.65;46.15;45.15;45.925;1674258
FR0000125007;22/02/17;45.88;46.045;45.005;45.445;2317444
FR0000125007;23/02/17;45.25;45.765;45.095;45.27;1549530
FR0000125007;24/02/17;45.50;45.50;43.395;44.37;2649019
FR0000125007;27/02/17;44.64;45.12;44.00;45.08;2359784
FR0000125007;28/02/17;45.515;45.59;44.885;45.23;1563481
FR0000125338;01/02/17;75.73;76.43;75.71;76.03;800707
FR0000125338;02/02/17;76.20;77.71;75.93;77.50;532758
FR0000125338;03/02/17;77.60;77.98;77.15;77.15;468518
FR0000125338;06/02/17;77.32;77.32;75.74;75.93;442999
FR0000125338;07/02/17;76.01;76.99;75.75;76.34;505482
FR0000125338;08/02/17;76.63;76.77;75.97;76.37;444105
FR0000125338;09/02/17;76.45;76.97;76.14;76.94;431240
FR0000125338;10/02/17;77.00;77.67;76.80;77.38;428128
FR0000125338;13/02/17;77.62;78.20;77.11;78.09;370671
FR0000125338;14/02/17;78.07;78.69;77.60;78.62;427318
FR0000125338;15/02/17;78.73;79.59;78.25;79.08;816395
FR0000125338;16/02/17;81.00;81.95;80.10;81.49;1338478
FR0000125338;17/02/17;81.67;82.40;81.02;82.02;951884
FR0000125338;20/02/17;82.40;83.38;81.57;82.60;526086
FR0000125338;21/02/17;82.51;82.51;81.80;81.96;605255
FR0000125338;22/02/17;82.15;82.57;81.33;81.76;668426
FR0000125338;23/02/17;81.59;81.69;80.40;80.91;713140
FR0000125338;24/02/17;81.10;81.34;80.67;80.95;586200
FR0000125338;27/02/17;81.38;81.48;80.43;80.86;394154
FR0000125338;28/02/17;81.36;81.80;80.63;80.69;628378
FR0000125486;01/02/17;65.17;65.78;65.08;65.28;1177550
FR0000125486;02/02/17;65.07;66.67;64.96;66.19;1401809
FR0000125486;03/02/17;66.19;66.93;66.03;66.54;1009542
FR0000125486;06/02/17;66.57;66.60;65.66;65.82;990420
FR0000125486;07/02/17;65.68;65.80;64.90;65.22;1234132
FR0000125486;08/02/17;66.70;68.77;66.70;68.27;3234172
FR0000125486;09/02/17;68.40;68.81;67.67;68.81;2091885
FR0000125486;10/02/17;68.84;68.99;68.46;68.76;1418066
FR0000125486;13/02/17;69.00;69.59;68.69;69.36;1358885
FR0000125486;14/02/17;69.27;69.74;68.77;68.82;1233819
FR0000125486;15/02/17;68.98;69.85;68.76;69.40;1359178
FR0000125486;16/02/17;69.59;69.78;68.71;68.90;1323954
FR0000125486;17/02/17;68.85;69.15;68.14;68.21;1500979
FR0000125486;20/02/17;68.60;68.98;68.40;68.53;812723
FR0000125486;21/02/17;68.68;68.83;68.24;68.31;1283041
FR0000125486;22/02/17;68.20;68.62;67.97;68.49;1315843
FR0000125486;23/02/17;68.44;68.86;68.05;68.17;968167
FR0000125486;24/02/17;68.47;68.56;67.16;67.49;1478918
FR0000125486;27/02/17;67.76;67.81;67.01;67.44;959970
FR0000125486;28/02/17;67.93;68.22;67.13;68.01;1183448
FR0000127771;01/02/17;17.045;17.24;16.94;17.095;2718308
FR0000127771;02/02/17;17.11;17.165;17.02;17.02;2084386
FR0000127771;03/02/17;17.045;17.10;16.925;16.98;2919446
FR0000127771;06/02/17;16.925;17.045;16.85;16.95;3231565
FR0000127771;07/02/17;16.985;17.105;16.905;16.94;1991624
FR0000127771;08/02/17;16.915;17.00;16.875;16.945;2599170
FR0000127771;09/02/17;16.955;17.20;16.89;17.175;2581395
FR0000127771;10/02/17;17.16;17.165;16.99;17.07;2278032
FR0000127771;13/02/17;17.10;17.455;17.10;17.265;3374014
FR0000127771;14/02/17;17.155;17.30;17.13;17.13;3004458
FR0000127771;15/02/17;17.265;17.265;16.90;16.99;3275980
FR0000127771;16/02/17;17.075;17.075;16.905;16.98;2457492
FR0000127771;17/02/17;16.98;17.03;16.825;16.97;3469952
FR0000127771;20/02/17;17.10;17.10;16.835;16.835;2620644
FR0000127771;21/02/17;16.84;17.025;16.81;16.945;3433955
FR0000127771;22/02/17;16.985;17.13;16.88;17.02;3937341
FR0000127771;23/02/17;16.95;17.055;16.78;16.99;3536908
FR0000127771;24/02/17;16.385;16.61;15.96;16.32;9866573
FR0000127771;27/02/17;16.30;16.55;16.165;16.515;5483340
FR0000127771;28/02/17;16.57;16.81;16.495;16.655;6478191
FR0000130577;01/02/17;63.79;63.89;63.37;63.50;711852
FR0000130577;02/02/17;63.26;63.36;62.58;62.73;1146601
FR0000130577;03/02/17;62.83;62.83;62.43;62.59;944954
FR0000130577;06/02/17;62.62;62.63;61.49;61.50;912010
FR0000130577;07/02/17;61.40;61.97;61.32;61.97;1537206
FR0000130577;08/02/17;62.01;63.23;61.97;63.08;908412
FR0000130577;09/02/17;60.00;62.85;59.27;62.14;2929600
FR0000130577;10/02/17;61.86;62.46;61.62;62.46;1288146
FR0000130577;13/02/17;62.35;63.80;62.31;63.62;988899
FR0000130577;14/02/17;64.00;64.63;63.58;63.61;1143991
FR0000130577;15/02/17;63.81;63.89;63.39;63.53;692970
FR0000130577;16/02/17;63.72;63.79;63.06;63.21;611783
FR0000130577;17/02/17;63.35;63.80;63.16;63.47;445362
FR0000130577;20/02/17;63.66;63.90;62.82;62.97;571194
FR0000130577;21/02/17;62.86;63.72;62.80;63.52;551535
FR0000130577;22/02/17;63.79;64.04;62.42;63.07;714922
FR0000130577;23/02/17;63.00;63.21;62.64;62.92;545441
FR0000130577;24/02/17;62.80;63.07;62.31;62.93;668514
FR0000130577;27/02/17;63.27;63.36;62.67;63.22;628960
FR0000130577;28/02/17;63.62;63.79;63.21;63.63;625298
FR0000130809;01/02/17;45.76;46.18;45.41;46.025;3477043
FR0000130809;02/02/17;45.94;46.33;45.375;45.675;2914016
FR0000130809;03/02/17;46.00;46.155;45.49;45.865;2782659
FR0000130809;06/02/17;46.015;46.215;44.705;44.755;3284566
FR0000130809;07/02/17;43.80;44.005;43.015;43.635;5384847
FR0000130809;08/02/17;43.105;43.735;41.65;42.73;5590365
FR0000130809;09/02/17;44.31;44.43;43.155;43.71;5586934
FR0000130809;10/02/17;44.245;44.295;42.23;42.385;5062790
FR0000130809;13/02/17;42.85;43.05;42.48;42.765;3828372
FR0000130809;14/02/17;42.80;43.20;42.31;43.185;3450975
FR0000130809;15/02/17;43.465;44.47;43.405;43.745;3763689
FR0000130809;16/02/17;43.795;44.21;43.42;43.52;3070547
FR0000130809;17/02/17;43.45;43.475;42.02;42.40;4118868
FR0000130809;20/02/17;42.715;42.99;41.65;41.805;3435038
FR0000130809;21/02/17;41.81;42.265;41.395;41.79;3198516
FR0000130809;22/02/17;41.975;42.23;40.955;41.845;4719134
FR0000130809;23/02/17;41.98;42.615;41.67;41.945;3826625
FR0000130809;24/02/17;41.865;42.105;40.655;41.43;4412068
FR0000130809;27/02/17;41.655;42.185;41.50;41.535;3286047
FR0000130809;28/02/17;41.745;42.12;41.54;41.91;3391540
FR0000131104;01/02/17;59.88;60.75;59.54;60.63;2939274
FR0000131104;02/02/17;60.39;60.66;59.72;60.26;2570213
FR0000131104;03/02/17;60.77;61.57;60.34;61.14;3001101
FR0000131104;06/02/17;61.50;62.00;60.01;60.01;3173177
FR0000131104;07/02/17;57.05;58.23;56.99;57.15;6259760
FR0000131104;08/02/17;57.00;57.11;54.79;56.06;6207122
FR0000131104;09/02/17;57.00;57.00;55.83;56.69;4888367
FR0000131104;10/02/17;57.07;57.08;55.51;55.70;4233612
FR0000131104;13/02/17;56.00;56.72;55.48;56.35;3554095
FR0000131104;14/02/17;56.32;56.82;55.82;56.78;2541744
FR0000131104;15/02/17;56.98;58.28;56.98;57.49;3734421
FR0000131104;16/02/17;57.49;57.65;57.01;57.02;2728041
FR0000131104;17/02/17;57.02;57.11;55.38;55.75;4155644
FR0000131104;20/02/17;56.32;56.72;55.35;55.63;2330028
FR0000131104;21/02/17;55.41;56.20;54.96;55.79;3196159
FR0000131104;22/02/17;55.96;56.55;54.70;55.80;4064843
FR0000131104;23/02/17;56.00;56.51;55.15;55.62;3164717
FR0000131104;24/02/17;55.20;55.73;53.96;54.68;4135354
FR0000131104;27/02/17;55.19;55.41;54.67;54.74;2935247
FR0000131104;28/02/17;54.75;55.43;54.62;55.13;3605152
FR0000131906;01/02/17;84.90;85.92;84.10;84.95;711415
FR0000131906;02/02/17;84.67;85.11;83.89;84.99;654653
FR0000131906;03/02/17;85.00;85.84;84.83;84.83;574808
FR0000131906;06/02/17;84.80;84.80;83.42;83.66;741852
FR0000131906;07/02/17;83.46;84.59;82.55;82.61;772411
FR0000131906;08/02/17;82.92;84.37;82.46;83.60;613160
FR0000131906;09/02/17;83.39;83.83;81.65;82.79;943717
FR0000131906;10/02/17;86.17;86.20;83.33;83.81;1169059
FR0000131906;13/02/17;84.29;88.18;84.20;87.50;1257104
FR0000131906;14/02/17;87.15;90.74;87.15;90.18;1741716
FR0000131906;15/02/17;90.63;90.76;88.47;88.85;1115491
FR0000131906;16/02/17;89.28;89.35;87.63;88.16;724028
FR0000131906;17/02/17;87.93;88.05;85.96;87.08;977851
FR0000131906;20/02/17;87.35;88.04;86.17;86.44;499403
FR0000131906;21/02/17;86.21;87.48;85.96;86.86;625642
FR0000131906;22/02/17;87.20;87.78;85.63;86.45;748524
FR0000131906;23/02/17;86.66;86.84;85.35;85.41;749199
FR0000131906;24/02/17;85.44;85.45;82.79;83.91;986921
FR0000131906;27/02/17;84.34;84.73;83.19;83.85;604993
FR0000131906;28/02/17;84.26;84.28;83.61;83.71;598475
FR0000133308;01/02/17;14.40;14.51;14.21;14.265;6206105
FR0000133308;02/02/17;14.18;14.415;14.11;14.28;5579127
FR0000133308;03/02/17;14.325;14.42;14.295;14.365;2985959
FR0000133308;06/02/17;14.555;14.605;14.28;14.28;4697309
FR0000133308;07/02/17;14.275;14.31;14.105;14.15;4635709
FR0000133308;08/02/17;14.225;14.295;14.07;14.28;4400142
FR0000133308;09/02/17;14.325;14.50;14.28;14.45;4457365
FR0000133308;10/02/17;14.455;14.50;14.335;14.405;4667217
FR0000133308;13/02/17;14.43;14.525;14.34;14.405;4244107
FR0000133308;14/02/17;14.65;14.71;14.455;14.495;8177072
FR0000133308;15/02/17;14.60;14.665;14.51;14.595;4818283
FR0000133308;16/02/17;14.615;14.70;14.55;14.655;4224136
FR0000133308;17/02/17;14.695;14.695;14.30;14.395;6996257
FR0000133308;20/02/17;14.50;14.51;14.28;14.35;6248693
FR0000133308;21/02/17;14.51;14.52;14.42;14.455;5998017
FR0000133308;22/02/17;14.49;14.70;14.405;14.54;6424217
FR0000133308;23/02/17;14.75;14.795;14.50;14.61;6574233
FR0000133308;24/02/17;14.65;14.685;14.355;14.42;7580534
FR0000133308;27/02/17;14.49;14.50;14.215;14.265;5689177
FR0000133308;28/02/17;14.32;14.34;14.14;14.265;6305347
FR0010208488;01/02/17;11.165;11.165;10.855;10.885;7717750
FR0010208488;02/02/17;10.87;11.05;10.765;11.01;7182289
FR0010208488;03/02/17;11.08;11.165;10.975;11.08;5307439
FR0010208488;06/02/17;11.14;11.175;10.93;10.99;4782276
FR0010208488;07/02/17;11.005;11.085;11.005;11.025;4279211
FR0010208488;08/02/17;11.07;11.255;10.92;11.24;7483454
FR0010208488;09/02/17;11.275;11.345;11.25;11.31;5339910
FR0010208488;10/02/17;11.33;11.36;11.145;11.17;5592352
FR0010208488;13/02/17;11.16;11.31;11.125;11.31;4710130
FR0010208488;14/02/17;11.31;11.405;11.205;11.235;5522492
FR0010208488;15/02/17;11.27;11.30;11.12;11.18;4435068
FR0010208488;16/02/17;11.24;11.265;11.16;11.195;5345388
FR0010208488;17/02/17;11.205;11.215;11.005;11.08;5449274
FR0010208488;20/02/17;11.165;11.17;11.025;11.09;3442652
FR0010208488;21/02/17;11.15;11.29;11.08;11.24;6192707
FR0010208488;22/02/17;11.26;11.36;11.25;11.30;5920806
FR0010208488;23/02/17;11.29;11.31;11.16;11.265;4978034
FR0010208488;24/02/17;11.285;11.335;11.185;11.225;4931295
FR0010208488;27/02/17;11.23;11.505;11.22;11.505;6814234
FR0010208488;28/02/17;11.55;11.575;11.38;11.54;7071518
FR0010307819;01/02/17;54.00;54.84;53.95;54.17;608318
FR0010307819;02/02/17;54.09;54.72;53.95;54.29;594496
FR0010307819;03/02/17;54.30;54.40;53.94;53.97;514659
FR0010307819;06/02/17;54.00;54.08;53.21;53.32;498044
FR0010307819;07/02/17;53.38;53.77;53.17;53.25;401657
FR0010307819;08/02/17;53.41;53.48;52.94;53.00;515991
FR0010307819;09/02/17;53.00;55.20;52.74;53.05;848880
FR0010307819;10/02/17;54.12;54.49;53.75;53.75;872771
FR0010307819;13/02/17;53.85;54.38;53.48;54.09;527343
FR0010307819;14/02/17;54.00;54.28;53.66;54.00;437142
FR0010307819;15/02/17;54.12;54.93;54.00;54.88;799066
FR0010307819;16/02/17;54.90;55.38;54.73;55.38;1075610
FR0010307819;17/02/17;55.39;55.50;54.92;55.23;810143
FR0010307819;20/02/17;55.40;55.65;55.03;55.21;447651
FR0010307819;21/02/17;55.00;55.50;54.98;55.33;471599
FR0010307819;22/02/17;55.23;55.45;54.30;54.56;645237
FR0010307819;23/02/17;54.53;54.61;54.06;54.13;584226
FR0010307819;24/02/17;54.19;54.36;53.21;53.36;538398
FR0010307819;27/02/17;53.56;53.57;52.87;53.42;594266
FR0010307819;28/02/17;53.58;53.74;53.19;53.22;647170
FR0013176526;01/02/17;57.11;57.93;56.66;57.45;585046
FR0013176526;02/02/17;57.06;57.75;56.77;57.03;516682
FR0013176526;03/02/17;57.06;58.12;56.85;57.34;500266
FR0013176526;06/02/17;57.35;57.35;56.36;56.42;689461
FR0013176526;07/02/17;56.44;57.21;56.28;56.50;542509
FR0013176526;08/02/17;56.61;57.67;56.37;56.99;647962
FR0013176526;09/02/17;57.12;57.23;55.81;56.35;693713
FR0013176526;10/02/17;56.27;57.24;56.06;57.00;513853
FR0013176526;13/02/17;57.11;59.10;57.07;58.86;610060
FR0013176526;14/02/17;58.58;59.60;58.43;59.43;998788
FR0013176526;15/02/17;59.60;60.33;59.27;60.32;1064647
FR0013176526;16/02/17;60.36;60.50;58.66;59.00;1138384
FR0013176526;17/02/17;58.01;58.90;57.90;58.77;1060283
FR0013176526;20/02/17;59.00;59.47;58.61;58.85;446342
FR0013176526;21/02/17;58.80;59.86;58.80;59.74;646214
FR0013176526;22/02/17;59.97;60.39;59.49;60.12;667221
FR0013176526;23/02/17;60.06;60.49;59.63;59.63;732495
FR0013176526;24/02/17;59.65;59.71;57.90;58.60;709628
FR0013176526;27/02/17;58.86;59.01;58.04;58.19;518210
FR0013176526;28/02/17;58.67;59.34;57.92;58.01;1130443
GB00BDSFG982;01/02/17;30.92;31.41;30.80;31.35;1601576
GB00BDSFG982;02/02/17;31.42;31.42;30.30;30.30;2050426
GB00BDSFG982;03/02/17;30.45;30.91;30.17;30.81;1244784
GB00BDSFG982;06/02/17;30.80;30.835;30.12;30.12;1239474
GB00BDSFG982;07/02/17;30.00;30.04;29.18;29.18;1957443
GB00BDSFG982;08/02/17;29.30;29.49;28.605;29.01;2008260
GB00BDSFG982;09/02/17;29.00;29.515;28.86;29.29;1209205
GB00BDSFG982;10/02/17;29.25;29.735;28.875;29.55;1610637
GB00BDSFG982;13/02/17;29.65;30.26;29.65;30.00;1283909
GB00BDSFG982;14/02/17;30.18;30.595;29.77;30.08;1386860
GB00BDSFG982;15/02/17;30.27;30.995;30.27;30.85;1575544
GB00BDSFG982;16/02/17;31.04;31.04;30.28;30.635;1795595
GB00BDSFG982;17/02/17;30.40;30.565;29.97;30.19;1208557
GB00BDSFG982;20/02/17;30.08;30.86;30.08;30.835;791501
GB00BDSFG982;21/02/17;30.90;31.075;30.295;30.90;874958
GB00BDSFG982;22/02/17;30.86;31.125;30.705;31.125;850020
GB00BDSFG982;23/02/17;31.095;31.53;30.805;30.95;1174328
GB00BDSFG982;24/02/17;30.84;30.875;29.91;30.38;1576077
GB00BDSFG982;27/02/17;30.60;30.915;29.625;30.65;1991765
GB00BDSFG982;28/02/17;31.02;31.095;30.325;30.445;1974981
LU1598757687;01/02/17;21.687;22.749;21.687;22.02;6945090
LU1598757687;02/02/17;22.59;22.95;22.35;22.632;8726165
LU1598757687;03/02/17;22.11;22.464;22.008;22.113;7270448
LU1598757687;06/02/17;22.221;22.407;21.915;22.02;4772854
LU1598757687;07/02/17;22.02;22.32;22.002;22.08;3928396
LU1598757687;08/02/17;22.281;22.398;21.552;22.047;5572473
LU1598757687;09/02/17;22.161;22.65;21.591;22.554;8130291
LU1598757687;10/02/17;23.34;24.744;23.274;24.66;18355979
LU1598757687;13/02/17;26.061;26.115;24.84;25.848;12857947
LU1598757687;14/02/17;26.10;26.10;25.398;25.767;7302528
LU1598757687;15/02/17;25.932;26.313;25.599;26.25;6652580
LU1598757687;16/02/17;26.085;26.10;25.773;25.899;6592502
LU1598757687;17/02/17;25.743;25.779;25.44;25.644;5266257
LU1598757687;20/02/17;25.95;26.211;25.827;26.049;3643458
LU1598757687;21/02/17;26.25;26.52;26.172;26.295;4715062
LU1598757687;22/02/17;26.43;26.484;25.755;25.821;5508327
LU1598757687;23/02/17;25.995;26.523;25.14;25.248;7866231
LU1598757687;24/02/17;24.99;25.275;24.129;24.885;9467682
LU1598757687;27/02/17;24.987;25.317;24.492;25.239;6024053
LU1598757687;28/02/17;25.068;25.212;24.735;24.93;5101709
NL0000226223;01/02/17;12.30;12.74;12.30;12.615;2518618
NL0000226223;02/02/17;12.68;13.235;12.63;13.235;3925565
NL0000226223;03/02/17;13.24;13.355;13.02;13.275;3699067
NL0000226223;06/02/17;13.31;13.325;13.01;13.19;1990956
NL0000226223;07/02/17;13.205;13.465;13.15;13.39;2104111
NL0000226223;08/02/17;13.45;13.60;12.98;13.015;3400701
NL0000226223;09/02/17;13.13;13.235;12.56;12.85;3895506
NL0000226223;10/02/17;12.90;12.935;12.47;12.72;3236107
NL0000226223;13/02/17;12.79;13.02;12.75;12.915;1758550
NL0000226223;14/02/17;12.93;12.97;12.765;12.97;1421478
NL0000226223;15/02/17;13.015;13.175;12.84;13.13;1556935
NL0000226223;16/02/17;13.145;13.49;13.125;13.345;2609471
NL0000226223;17/02/17;13.45;13.45;13.075;13.315;2676564
NL0000226223;20/02/17;13.39;13.585;13.225;13.585;1896691
NL0000226223;21/02/17;13.535;13.82;13.46;13.755;2223171
NL0000226223;22/02/17;13.985;14.45;13.945;14.165;3643294
NL0000226223;23/02/17;14.225;14.405;14.175;14.27;2242271
NL0000226223;24/02/17;14.31;14.44;13.915;14.16;2394230
NL0000226223;27/02/17;14.27;14.59;14.205;14.49;2257306
NL0000226223;28/02/17;14.60;14.645;14.26;14.40;2050376
NL0000235190;01/02/17;62.58;63.23;62.46;63.10;1638153
NL0000235190;02/02/17;62.97;63.50;62.70;62.84;1634905
NL0000235190;03/02/17;62.81;63.60;62.62;63.06;1476569
NL0000235190;06/02/17;63.03;63.95;62.94;63.11;1550256
NL0000235190;07/02/17;63.00;64.09;62.76;62.88;1594809
NL0000235190;08/02/17;63.06;63.86;62.46;62.77;1602170
NL0000235190;09/02/17;62.74;64.14;62.74;64.00;1493430
NL0000235190;10/02/17;64.10;64.52;63.87;64.39;1354851
NL0000235190;13/02/17;64.48;66.08;64.42;65.85;1622878
NL0000235190;14/02/17;65.74;66.26;65.44;66.21;1361242
NL0000235190;15/02/17;66.21;66.84;66.08;66.32;1488267
NL0000235190;16/02/17;66.00;66.30;65.31;65.77;1689453
NL0000235190;17/02/17;65.67;66.30;64.66;65.40;1805130
NL0000235190;20/02/17;65.60;66.67;65.60;66.53;1250908
NL0000235190;21/02/17;66.49;67.24;66.30;67.24;1796213
NL0000235190;22/02/17;66.75;67.83;65.60;66.70;3178074
NL0000235190;23/02/17;67.75;69.48;67.68;69.05;2859863
NL0000235190;24/02/17;68.93;69.75;68.23;68.35;2537992
NL0000235190;27/02/17;68.39;68.74;68.12;68.35;1563780
NL0000235190;28/02/17;68.35;69.49;68.35;69.32;2297393
