BE0003470755;01/03/13;109.30;109.45;107.75;108.75;197518
BE0003470755;04/03/13;108.50;108.55;106.90;108.00;154258
BE0003470755;05/03/13;108.50;112.30;108.30;111.50;230723
BE0003470755;06/03/13;112.15;113.10;111.30;112.00;240335
BE0003470755;07/03/13;112.20;112.50;111.30;111.50;195861
BE0003470755;08/03/13;111.75;113.00;111.50;112.40;140588
BE0003470755;11/03/13;112.40;112.50;111.70;112.20;132872
BE0003470755;12/03/13;112.45;113.50;111.75;113.00;156187
BE0003470755;13/03/13;112.55;114.20;111.65;113.80;208786
BE0003470755;14/03/13;114.50;114.85;113.95;114.75;194622
BE0003470755;15/03/13;114.75;115.00;112.95;113.20;411600
BE0003470755;18/03/13;111.30;114.15;110.05;113.70;162895
BE0003470755;19/03/13;113.60;113.85;112.00;112.45;149943
BE0003470755;20/03/13;112.50;113.45;110.55;110.55;372386
BE0003470755;21/03/13;110.65;110.65;103.55;106.55;599481
BE0003470755;22/03/13;106.45;107.00;105.40;105.60;198628
BE0003470755;25/03/13;106.85;107.60;104.65;105.10;229513
BE0003470755;26/03/13;104.80;107.25;104.80;107.15;276622
BE0003470755;27/03/13;107.30;107.65;104.60;104.80;273697
BE0003470755;28/03/13;104.90;106.40;104.85;105.65;210758
FR0000045072;01/03/13;7.15;7.224;6.901;7.025;12607735
FR0000045072;04/03/13;6.981;7.144;6.901;7.037;7306296
FR0000045072;05/03/13;7.172;7.279;7.107;7.249;9180526
FR0000045072;06/03/13;7.271;7.345;7.215;7.224;6643905
FR0000045072;07/03/13;7.298;7.329;7.168;7.175;5440680
FR0000045072;08/03/13;7.264;7.308;7.192;7.257;9314737
FR0000045072;11/03/13;7.219;7.237;7.106;7.193;6490533
FR0000045072;12/03/13;7.171;7.287;7.17;7.173;5265894
FR0000045072;13/03/13;7.173;7.287;7.131;7.186;7670324
FR0000045072;14/03/13;7.245;7.315;7.185;7.24;6819414
FR0000045072;15/03/13;7.303;7.31;7.181;7.183;8298028
FR0000045072;18/03/13;7.001;7.007;6.816;6.956;14493218
FR0000045072;19/03/13;6.968;6.98;6.501;6.562;19577858
FR0000045072;20/03/13;6.642;6.78;6.592;6.696;10243921
FR0000045072;21/03/13;6.719;6.743;6.565;6.641;7454486
FR0000045072;22/03/13;6.646;6.667;6.476;6.563;7943498
FR0000045072;25/03/13;6.824;6.827;6.101;6.18;20838755
FR0000045072;26/03/13;6.20;6.313;6.063;6.148;14271425
FR0000045072;27/03/13;6.175;6.355;5.952;6.276;23379064
FR0000045072;28/03/13;6.275;6.50;6.27;6.426;15717731
FR0000051732;01/03/13;56.85;57.30;56.25;56.49;275901
FR0000051732;04/03/13;56.49;56.97;56.23;56.60;211865
FR0000051732;05/03/13;56.89;57.63;56.50;57.30;204237
FR0000051732;06/03/13;57.65;57.99;57.45;57.99;147354
FR0000051732;07/03/13;58.01;58.28;57.73;58.00;227126
FR0000051732;08/03/13;58.20;58.29;57.40;57.62;175862
FR0000051732;11/03/13;57.61;57.61;56.97;57.25;111310
FR0000051732;12/03/13;57.46;57.74;57.11;57.39;97388
FR0000051732;13/03/13;57.53;57.53;56.59;56.98;186428
FR0000051732;14/03/13;57.00;57.21;56.71;57.11;142392
FR0000051732;15/03/13;57.42;57.61;57.15;57.22;234841
FR0000051732;18/03/13;56.84;57.48;56.36;57.31;125637
FR0000051732;19/03/13;57.43;57.58;56.64;56.75;174657
FR0000051732;20/03/13;56.50;56.96;54.57;54.72;1029646
FR0000051732;21/03/13;54.85;55.21;54.20;54.45;512519
FR0000051732;22/03/13;54.74;55.00;54.38;54.66;303742
FR0000051732;25/03/13;55.01;55.63;54.62;54.62;273917
FR0000051732;26/03/13;54.51;54.92;54.34;54.60;245910
FR0000051732;27/03/13;54.64;54.78;53.20;53.52;371442
FR0000051732;28/03/13;53.81;53.87;53.25;53.69;311171
FR0000073272;01/03/13;35.795;36.495;35.285;36.145;1029344
FR0000073272;04/03/13;36.06;36.16;35.80;36.005;584960
FR0000073272;05/03/13;36.155;36.55;36.14;36.20;684405
FR0000073272;06/03/13;36.33;36.655;36.27;36.34;526223
FR0000073272;07/03/13;36.395;36.48;36.05;36.06;645166
FR0000073272;08/03/13;36.20;36.37;35.36;35.455;858887
FR0000073272;11/03/13;34.95;35.32;34.515;35.32;936160
FR0000073272;12/03/13;35.195;35.295;34.765;35.095;788703
FR0000073272;13/03/13;35.07;35.85;35.07;35.745;880389
FR0000073272;14/03/13;35.80;35.92;35.355;35.495;651241
FR0000073272;15/03/13;35.735;36.115;35.39;36.105;1129118
FR0000073272;18/03/13;35.835;36.95;35.55;36.50;897860
FR0000073272;19/03/13;36.405;36.405;35.655;35.905;702827
FR0000073272;20/03/13;36.00;36.095;35.23;35.595;1005115
FR0000073272;21/03/13;35.56;35.725;35.14;35.675;831400
FR0000073272;22/03/13;35.65;35.99;35.545;35.695;767173
FR0000073272;25/03/13;36.09;36.31;35.42;35.42;745321
FR0000073272;26/03/13;35.43;35.71;35.15;35.49;742484
FR0000073272;27/03/13;34.74;35.13;34.14;34.96;3231741
FR0000073272;28/03/13;34.96;35.015;34.71;34.795;771634
FR0000120073;01/03/13;77.4959;78.9256;77.1074;78.00;1579850
FR0000120073;04/03/13;77.6942;78.405;77.0331;78.3471;875454
FR0000120073;05/03/13;78.3058;79.2066;78.2727;79.1818;1129687
FR0000120073;06/03/13;78.9256;79.3141;78.1818;78.3471;1069346
FR0000120073;07/03/13;78.2149;78.843;78.1901;78.4959;693466
FR0000120073;08/03/13;78.0992;78.9174;78.0992;78.6198;741428
FR0000120073;11/03/13;78.3058;78.5785;78.0413;78.3802;886320
FR0000120073;12/03/13;77.9752;78.9091;77.9256;78.7025;892383
FR0000120073;13/03/13;78.7108;79.4711;78.5537;79.4711;829896
FR0000120073;14/03/13;79.5868;79.9835;79.1653;79.9091;1010612
FR0000120073;15/03/13;79.9917;80.00;79.0992;79.562;1573441
FR0000120073;18/03/13;78.3306;79.6694;77.8926;79.5455;843571
FR0000120073;19/03/13;79.00;79.6446;78.3967;79.2231;1037430
FR0000120073;20/03/13;79.5207;80.5124;79.5207;80.4628;1112694
FR0000120073;21/03/13;80.1074;80.157;78.0661;78.7769;1374832
FR0000120073;22/03/13;78.4793;79.3636;78.4793;78.9752;871080
FR0000120073;25/03/13;79.4959;79.8843;77.4628;77.8512;1113209
FR0000120073;26/03/13;77.7603;78.6364;77.562;78.0744;892147
FR0000120073;27/03/13;78.2479;78.3306;76.8595;77.9339;1194371
FR0000120073;28/03/13;77.9174;78.719;77.7025;78.3306;1104204
FR0000120172;01/03/13;20.725;20.87;20.34;20.58;2515603
FR0000120172;04/03/13;20.45;20.845;20.375;20.645;2498479
FR0000120172;05/03/13;20.895;21.235;20.80;21.235;3713309
FR0000120172;06/03/13;21.175;21.64;21.145;21.385;3657958
FR0000120172;07/03/13;22.00;22.62;21.72;22.00;10172760
FR0000120172;08/03/13;22.375;23.03;22.235;22.615;4849153
FR0000120172;11/03/13;22.63;22.725;22.285;22.325;2466583
FR0000120172;12/03/13;22.335;22.59;22.325;22.38;2323994
FR0000120172;13/03/13;22.265;22.29;21.805;21.945;2704984
FR0000120172;14/03/13;22.10;22.115;21.67;22.065;3077210
FR0000120172;15/03/13;22.02;22.035;21.565;21.565;4534066
FR0000120172;18/03/13;21.29;21.81;20.865;21.675;3259893
FR0000120172;19/03/13;21.705;22.30;21.595;21.75;4299823
FR0000120172;20/03/13;21.545;22.175;21.545;22.035;2317478
FR0000120172;21/03/13;21.825;22.07;21.615;22.005;2866214
FR0000120172;22/03/13;21.80;21.96;21.52;21.84;2672523
FR0000120172;25/03/13;22.085;22.185;21.24;21.27;2939569
FR0000120172;26/03/13;21.20;21.60;21.20;21.415;1772774
FR0000120172;27/03/13;21.425;21.51;20.69;20.865;3113923
FR0000120172;28/03/13;20.805;21.505;20.795;21.355;2877823
FR0000120271;01/03/13;38.16;38.525;37.825;38.315;5035081
FR0000120271;04/03/13;38.01;38.40;38.01;38.17;2818133
FR0000120271;05/03/13;38.50;39.115;38.44;39.00;5039228
FR0000120271;06/03/13;39.13;39.355;38.97;39.075;3603507
FR0000120271;07/03/13;39.26;39.265;38.815;39.16;3313131
FR0000120271;08/03/13;39.305;39.50;38.96;39.19;4120369
FR0000120271;11/03/13;39.015;39.375;39.015;39.315;3169736
FR0000120271;12/03/13;39.23;39.475;39.13;39.35;3314248
FR0000120271;13/03/13;39.435;39.48;38.92;39.21;3129485
FR0000120271;14/03/13;39.40;39.595;39.30;39.565;4500077
FR0000120271;15/03/13;39.535;39.545;38.98;39.165;7815901
FR0000120271;18/03/13;38.14;38.86;37.91;38.725;5223660
FR0000120271;19/03/13;38.55;38.725;38.27;38.395;5050343
FR0000120271;20/03/13;38.73;38.935;38.42;38.73;3834080
FR0000120271;21/03/13;38.65;38.805;38.225;38.25;5175851
FR0000120271;22/03/13;38.33;38.505;38.08;38.10;4596773
FR0000120271;25/03/13;38.585;38.855;37.80;37.80;5359299
FR0000120271;26/03/13;38.035;38.135;37.60;37.70;5706266
FR0000120271;27/03/13;37.955;38.095;37.13;37.44;6236551
FR0000120271;28/03/13;37.525;37.795;37.185;37.355;6287112
FR0000120321;01/03/13;114.50;115.35;113.90;115.20;522751
FR0000120321;04/03/13;114.20;115.20;113.60;114.70;489506
FR0000120321;05/03/13;115.45;116.10;115.10;115.80;837171
FR0000120321;06/03/13;115.80;116.55;115.40;115.70;559968
FR0000120321;07/03/13;115.55;118.45;115.50;118.45;721252
FR0000120321;08/03/13;118.70;119.50;118.30;119.10;623796
FR0000120321;11/03/13;118.70;119.40;118.35;119.05;424184
FR0000120321;12/03/13;118.60;119.05;117.95;118.85;403845
FR0000120321;13/03/13;118.50;120.75;118.50;119.95;579946
FR0000120321;14/03/13;120.85;120.85;119.40;120.40;672255
FR0000120321;15/03/13;120.45;121.40;119.30;120.30;1426149
FR0000120321;18/03/13;118.50;121.75;118.10;121.75;667200
FR0000120321;19/03/13;121.50;121.95;120.10;120.30;804854
FR0000120321;20/03/13;120.65;123.20;120.35;123.20;843761
FR0000120321;21/03/13;122.75;122.85;119.25;120.35;776382
FR0000120321;22/03/13;119.80;121.00;119.20;120.30;528635
FR0000120321;25/03/13;121.55;123.70;121.45;121.95;916968
FR0000120321;26/03/13;121.55;122.25;120.55;121.25;647434
FR0000120321;27/03/13;121.05;121.60;118.95;120.65;732862
FR0000120321;28/03/13;121.25;124.40;121.20;123.70;950521
FR0000120404;01/03/13;27.505;27.615;26.99;27.475;1069578
FR0000120404;04/03/13;27.215;27.50;27.16;27.32;620375
FR0000120404;05/03/13;27.49;27.88;27.395;27.77;1115171
FR0000120404;06/03/13;27.81;28.84;27.77;28.45;1361839
FR0000120404;07/03/13;28.46;28.53;28.02;28.105;650959
FR0000120404;08/03/13;28.155;28.595;28.145;28.295;534734
FR0000120404;11/03/13;28.23;28.375;27.955;28.21;520637
FR0000120404;12/03/13;28.79;29.14;28.52;28.76;1062412
FR0000120404;13/03/13;28.78;29.00;28.245;28.41;877815
FR0000120404;14/03/13;28.52;28.68;28.285;28.435;619583
FR0000120404;15/03/13;28.515;28.645;28.245;28.245;1139457
FR0000120404;18/03/13;27.955;28.66;27.74;28.545;588371
FR0000120404;19/03/13;28.655;28.715;28.32;28.405;665226
FR0000120404;20/03/13;28.47;28.645;27.805;27.88;803942
FR0000120404;21/03/13;28.035;28.035;27.28;27.41;953875
FR0000120404;22/03/13;27.37;27.57;27.14;27.40;605996
FR0000120404;25/03/13;27.665;28.095;27.215;27.38;780395
FR0000120404;26/03/13;27.36;27.605;27.085;27.18;650632
FR0000120404;27/03/13;27.225;27.395;26.515;26.925;806121
FR0000120404;28/03/13;27.035;27.31;26.87;27.10;714815
FR0000120503;01/03/13;21.75;22.145;21.47;21.62;1983478
FR0000120503;04/03/13;21.615;22.13;21.42;21.875;1175325
FR0000120503;05/03/13;22.115;22.63;22.115;22.235;1603572
FR0000120503;06/03/13;22.30;22.625;22.08;22.26;1019453
FR0000120503;07/03/13;22.27;22.36;21.965;22.10;1058358
FR0000120503;08/03/13;22.21;22.47;22.135;22.265;1012829
FR0000120503;11/03/13;22.255;22.255;21.74;21.995;1302910
FR0000120503;12/03/13;22.00;22.745;21.86;22.52;1742406
FR0000120503;13/03/13;22.50;22.50;22.07;22.30;1136876
FR0000120503;14/03/13;22.38;22.525;22.105;22.305;1305570
FR0000120503;15/03/13;23.00;24.18;22.78;22.78;7076673
FR0000120503;18/03/13;22.515;22.735;22.305;22.605;1925883
FR0000120503;19/03/13;22.46;22.745;22.205;22.425;1808948
FR0000120503;20/03/13;22.455;23.165;22.455;23.165;1698812
FR0000120503;21/03/13;23.19;23.23;22.405;22.475;1547821
FR0000120503;22/03/13;22.425;22.54;21.765;22.27;1386644
FR0000120503;25/03/13;22.50;22.635;21.64;21.755;1750267
FR0000120503;26/03/13;21.89;22.035;21.70;21.78;1229433
FR0000120503;27/03/13;21.84;21.895;21.275;21.315;1507012
FR0000120503;28/03/13;21.21;21.345;21.02;21.16;1672660
FR0000120578;01/03/13;72.10;72.98;71.16;72.23;2112688
FR0000120578;04/03/13;71.72;73.31;71.65;72.76;2221448
FR0000120578;05/03/13;73.50;74.90;73.22;74.76;3650378
FR0000120578;06/03/13;74.91;75.49;73.91;74.20;2098925
FR0000120578;07/03/13;74.63;75.24;74.42;75.13;2245979
FR0000120578;08/03/13;75.31;76.00;75.00;75.89;2664559
FR0000120578;11/03/13;75.74;75.85;75.19;75.55;1799971
FR0000120578;12/03/13;75.26;75.47;74.43;75.27;2113129
FR0000120578;13/03/13;75.27;75.55;74.45;75.33;1904121
FR0000120578;14/03/13;75.90;75.99;75.24;75.84;2336847
FR0000120578;15/03/13;75.84;76.30;75.17;75.88;5649612
FR0000120578;18/03/13;74.32;76.05;74.30;75.87;2150881
FR0000120578;19/03/13;75.70;76.32;75.35;75.95;2633055
FR0000120578;20/03/13;76.38;78.48;76.03;77.82;4325102
FR0000120578;21/03/13;77.65;77.75;76.60;77.32;2903811
FR0000120578;22/03/13;77.32;78.18;76.65;77.50;1963879
FR0000120578;25/03/13;78.60;79.18;76.61;76.95;3915468
FR0000120578;26/03/13;77.41;78.78;77.31;78.40;2958278
FR0000120578;27/03/13;78.49;78.50;76.82;78.01;3253064
FR0000120578;28/03/13;78.13;79.46;77.76;79.27;3331471
FR0000120628;01/03/13;13.205;13.365;12.95;13.135;7473778
FR0000120628;04/03/13;13.005;13.15;12.975;13.125;4014852
FR0000120628;05/03/13;13.30;13.56;13.255;13.495;11909123
FR0000120628;06/03/13;13.53;13.71;13.50;13.54;7171916
FR0000120628;07/03/13;13.565;13.705;13.515;13.555;6614459
FR0000120628;08/03/13;13.72;14.10;13.665;13.945;12767848
FR0000120628;11/03/13;13.965;14.135;13.825;14.11;6781148
FR0000120628;12/03/13;14.085;14.38;14.05;14.27;10182480
FR0000120628;13/03/13;14.325;14.35;14.17;14.29;5148983
FR0000120628;14/03/13;14.40;14.64;14.385;14.60;10014283
FR0000120628;15/03/13;14.605;14.68;14.44;14.505;14601936
FR0000120628;18/03/13;13.96;14.31;13.925;14.295;10101794
FR0000120628;19/03/13;14.20;14.22;13.965;14.075;5909304
FR0000120628;20/03/13;14.09;14.365;14.04;14.25;5433061
FR0000120628;21/03/13;14.235;14.26;13.845;13.965;6360457
FR0000120628;22/03/13;13.885;14.07;13.755;13.965;5103413
FR0000120628;25/03/13;14.22;14.38;13.58;13.65;8770927
FR0000120628;26/03/13;13.65;13.835;13.625;13.725;5798800
FR0000120628;27/03/13;13.73;13.77;13.365;13.46;9455327
FR0000120628;28/03/13;13.43;13.54;13.215;13.41;7991059
FR0000120644;01/03/13;53.19;53.45;52.46;53.11;1193489
FR0000120644;04/03/13;53.11;53.77;52.91;53.46;1175715
FR0000120644;05/03/13;53.87;54.80;53.81;54.80;2438446
FR0000120644;06/03/13;54.76;55.00;54.10;54.10;1846164
FR0000120644;07/03/13;54.21;55.39;54.21;55.34;1791289
FR0000120644;08/03/13;55.47;55.78;54.98;55.78;1615608
FR0000120644;11/03/13;55.70;55.70;55.19;55.40;1262712
FR0000120644;12/03/13;55.12;55.71;55.10;55.51;1266951
FR0000120644;13/03/13;55.53;55.70;54.97;55.20;1590476
FR0000120644;14/03/13;55.30;55.66;55.15;55.66;1738133
FR0000120644;15/03/13;55.61;55.61;55.00;55.09;2940564
FR0000120644;18/03/13;54.25;55.34;53.73;55.05;1891690
FR0000120644;19/03/13;54.79;55.24;54.65;54.74;2066807
FR0000120644;20/03/13;54.99;55.49;54.58;54.81;2078445
FR0000120644;21/03/13;54.88;54.91;54.27;54.39;1368659
FR0000120644;22/03/13;54.22;55.00;53.93;54.45;1498159
FR0000120644;25/03/13;54.65;55.22;53.91;53.97;1552812
FR0000120644;26/03/13;53.80;54.74;53.55;54.43;1402964
FR0000120644;27/03/13;54.64;54.74;53.22;53.81;1752047
FR0000120644;28/03/13;53.82;54.76;53.82;54.28;1559022
FR0000120693;01/03/13;98.81;99.80;97.97;99.28;454710
FR0000120693;04/03/13;99.37;100.15;98.94;100.00;469896
FR0000120693;05/03/13;99.00;100.50;98.99;99.11;596604
FR0000120693;06/03/13;99.15;99.68;98.62;98.62;468170
FR0000120693;07/03/13;98.63;99.42;98.40;99.15;356196
FR0000120693;08/03/13;99.25;99.45;98.91;99.45;441192
FR0000120693;11/03/13;99.20;100.15;99.09;100.00;393207
FR0000120693;12/03/13;99.66;100.20;99.39;99.90;310632
FR0000120693;13/03/13;100.00;100.85;99.59;100.50;354599
FR0000120693;14/03/13;100.75;101.05;100.00;100.40;369083
FR0000120693;15/03/13;100.35;100.55;99.85;100.10;1328952
FR0000120693;18/03/13;99.26;101.15;99.20;100.85;428328
FR0000120693;19/03/13;100.65;100.70;99.58;99.84;513959
FR0000120693;20/03/13;100.00;100.10;98.87;100.00;590035
FR0000120693;21/03/13;100.00;100.00;95.23;95.57;1248424
FR0000120693;22/03/13;95.25;98.06;94.77;97.59;602576
FR0000120693;25/03/13;98.00;98.21;95.79;95.94;472244
FR0000120693;26/03/13;95.90;98.09;95.42;97.43;512368
FR0000120693;27/03/13;97.82;97.82;95.51;96.98;401876
FR0000120693;28/03/13;96.87;97.96;96.40;97.21;372182
FR0000121014;01/03/13;132.05;133.20;130.20;131.40;583778
FR0000121014;04/03/13;130.50;132.00;129.55;131.40;508534
FR0000121014;05/03/13;132.00;134.50;132.00;133.80;1008316
FR0000121014;06/03/13;135.00;136.15;133.75;134.25;719543
FR0000121014;07/03/13;134.55;135.45;134.40;134.75;515921
FR0000121014;08/03/13;135.40;136.85;135.10;136.70;700817
FR0000121014;11/03/13;136.35;136.95;135.60;136.10;627157
FR0000121014;12/03/13;135.55;136.90;135.40;135.95;677170
FR0000121014;13/03/13;135.05;136.60;135.00;136.05;638236
FR0000121014;14/03/13;136.85;136.85;135.00;135.60;764227
FR0000121014;15/03/13;135.50;135.50;133.90;134.20;2332872
FR0000121014;18/03/13;131.45;134.65;130.60;134.40;764771
FR0000121014;19/03/13;134.20;134.40;131.35;132.10;817383
FR0000121014;20/03/13;133.30;133.75;131.85;133.30;810359
FR0000121014;21/03/13;133.25;133.40;129.65;130.65;1036610
FR0000121014;22/03/13;130.25;132.15;129.55;130.85;742943
FR0000121014;25/03/13;132.05;133.25;129.15;129.65;962931
FR0000121014;26/03/13;129.10;131.95;129.10;131.30;760286
FR0000121014;27/03/13;134.25;134.70;131.80;132.70;1472254
FR0000121014;28/03/13;132.80;134.40;132.35;133.90;844763
FR0000121220;01/03/13;70.40;71.72;70.40;71.60;170832
FR0000121220;04/03/13;70.22;71.84;70.22;71.38;167393
FR0000121220;05/03/13;71.73;73.11;71.69;72.85;190859
FR0000121220;06/03/13;73.20;73.51;72.48;73.01;295701
FR0000121220;07/03/13;73.33;73.54;72.44;72.74;162504
FR0000121220;08/03/13;72.98;73.11;72.10;72.26;224305
FR0000121220;11/03/13;72.50;72.59;71.97;72.34;119065
FR0000121220;12/03/13;72.30;72.86;72.22;72.30;177307
FR0000121220;13/03/13;72.17;72.59;71.82;72.40;225250
FR0000121220;14/03/13;72.47;72.90;72.29;72.81;142947
FR0000121220;15/03/13;72.79;73.14;72.29;72.79;359185
FR0000121220;18/03/13;72.06;73.09;71.50;73.00;178163
FR0000121220;19/03/13;72.99;73.29;72.45;72.69;208693
FR0000121220;20/03/13;72.46;72.90;72.37;72.39;155177
FR0000121220;21/03/13;72.42;72.58;71.47;71.94;178408
FR0000121220;22/03/13;71.92;72.62;71.29;72.43;137035
FR0000121220;25/03/13;72.90;72.97;71.76;72.02;118393
FR0000121220;26/03/13;72.05;72.13;70.92;71.78;230013
FR0000121220;27/03/13;72.05;72.11;70.84;71.93;162032
FR0000121220;28/03/13;71.80;72.80;71.50;72.70;191737
FR0000121261;01/03/13;67.58;68.60;66.51;67.21;668818
FR0000121261;04/03/13;67.08;67.60;66.16;66.98;481962
FR0000121261;05/03/13;67.69;69.50;67.60;69.39;697151
FR0000121261;06/03/13;69.48;70.27;67.92;67.98;959632
FR0000121261;07/03/13;67.85;69.40;67.82;68.36;723672
FR0000121261;08/03/13;68.64;69.15;67.52;67.84;637082
FR0000121261;11/03/13;67.73;69.00;67.56;68.50;599763
FR0000121261;12/03/13;68.21;69.50;67.78;68.95;631404
FR0000121261;13/03/13;68.78;69.46;68.20;69.40;466583
FR0000121261;14/03/13;69.61;69.65;67.99;68.97;857560
FR0000121261;15/03/13;68.65;68.93;67.20;67.89;968748
FR0000121261;18/03/13;67.45;68.33;67.15;68.11;477404
FR0000121261;19/03/13;67.99;67.99;66.05;66.20;886961
FR0000121261;20/03/13;67.10;67.13;66.16;66.48;619936
FR0000121261;21/03/13;66.45;66.56;65.05;65.37;831626
FR0000121261;22/03/13;65.20;66.35;64.81;65.47;825391
FR0000121261;25/03/13;66.23;66.87;64.43;64.77;736420
FR0000121261;26/03/13;65.87;66.90;65.34;66.68;723318
FR0000121261;27/03/13;67.32;67.33;64.94;65.64;565346
FR0000121261;28/03/13;65.54;66.01;65.16;65.25;427049
FR0000121485;01/03/13;171.90;174.65;170.65;172.90;296346
FR0000121485;04/03/13;172.45;174.50;170.80;173.55;269064
FR0000121485;05/03/13;174.75;177.15;174.75;176.80;274231
FR0000121485;06/03/13;176.80;177.40;174.90;176.80;250783
FR0000121485;07/03/13;176.70;177.25;175.00;176.65;259493
FR0000121485;08/03/13;178.30;179.10;176.80;177.55;243112
FR0000121485;11/03/13;176.95;177.85;174.85;176.50;179473
FR0000121485;12/03/13;176.95;178.20;175.95;177.40;251093
FR0000121485;13/03/13;177.45;178.30;176.50;177.80;229001
FR0000121485;14/03/13;179.10;179.35;177.00;179.15;284971
FR0000121485;15/03/13;178.90;179.50;178.50;178.50;559705
FR0000121485;18/03/13;176.90;177.75;175.35;176.70;372559
FR0000121485;19/03/13;176.15;177.70;176.00;176.30;318016
FR0000121485;20/03/13;176.40;178.90;176.40;178.75;230139
FR0000121485;21/03/13;178.10;179.45;173.40;174.05;386971
FR0000121485;22/03/13;173.50;174.00;171.20;171.95;259113
FR0000121485;25/03/13;173.10;173.15;169.20;170.55;283410
FR0000121485;26/03/13;170.65;172.85;170.10;172.35;151906
FR0000121485;27/03/13;172.90;173.50;168.65;169.80;288144
FR0000121485;28/03/13;170.00;172.50;168.80;171.40;259283
FR0000121501;01/03/13;3.601;3.63;3.30;3.36;5683659
FR0000121501;04/03/13;3.381;3.45;3.261;3.261;4282384
FR0000121501;05/03/13;3.339;3.43;3.294;3.354;3232248
FR0000121501;06/03/13;3.40;3.853;3.40;3.853;8692182
FR0000121501;07/03/13;3.916;4.18;3.912;4.117;8694109
FR0000121501;08/03/13;4.18;4.499;4.17;4.401;9113377
FR0000121501;11/03/13;4.40;4.45;4.201;4.341;2981331
FR0000121501;12/03/13;4.29;4.552;4.213;4.473;4158517
FR0000121501;13/03/13;4.481;4.542;4.315;4.344;2853023
FR0000121501;14/03/13;4.399;4.414;4.222;4.359;3017122
FR0000121501;15/03/13;4.335;4.40;4.252;4.329;3594254
FR0000121501;18/03/13;4.20;4.506;4.06;4.425;5719406
FR0000121501;19/03/13;4.49;4.67;4.266;4.27;6318895
FR0000121501;20/03/13;4.39;4.42;4.254;4.369;2817581
FR0000121501;21/03/13;4.398;4.40;4.085;4.167;3954176
FR0000121501;22/03/13;4.121;4.135;3.916;3.955;4423180
FR0000121501;25/03/13;4.079;4.079;3.71;3.749;4792188
FR0000121501;26/03/13;3.701;3.778;3.57;3.64;4406164
FR0000121501;27/03/13;3.661;3.698;3.451;3.502;3314566
FR0000121501;28/03/13;3.511;3.671;3.361;3.45;5611017
FR0000121667;01/03/13;78.59;80.11;78.59;79.59;694848
FR0000121667;04/03/13;79.62;81.00;79.43;80.36;487109
FR0000121667;05/03/13;80.51;81.12;80.20;80.50;629196
FR0000121667;06/03/13;80.36;80.74;79.52;79.72;534128
FR0000121667;07/03/13;80.11;80.59;79.46;79.85;444246
FR0000121667;08/03/13;79.97;80.18;78.90;79.44;499495
FR0000121667;11/03/13;79.38;79.70;78.80;79.56;331472
FR0000121667;12/03/13;79.01;80.14;78.78;80.14;452421
FR0000121667;13/03/13;80.34;82.57;80.33;82.49;650393
FR0000121667;14/03/13;82.99;85.22;82.10;85.11;959938
FR0000121667;15/03/13;85.10;85.76;84.55;85.76;930700
FR0000121667;18/03/13;85.09;88.46;84.10;86.00;935059
FR0000121667;19/03/13;86.09;86.15;85.28;85.29;789620
FR0000121667;20/03/13;85.89;87.71;85.56;87.68;662621
FR0000121667;21/03/13;87.41;87.41;84.77;85.59;634136
FR0000121667;22/03/13;85.89;88.66;85.89;88.28;792870
FR0000121667;25/03/13;89.31;89.99;87.86;88.02;683633
FR0000121667;26/03/13;88.49;88.51;86.89;87.41;506221
FR0000121667;27/03/13;87.70;87.77;84.78;85.51;853695
FR0000121667;28/03/13;85.54;87.04;85.54;86.75;517071
FR0000121972;01/03/13;58.92;59.00;57.48;58.20;1226200
FR0000121972;04/03/13;57.64;58.48;57.52;58.30;848045
FR0000121972;05/03/13;58.84;59.99;58.80;59.99;1766833
FR0000121972;06/03/13;59.97;60.46;59.26;59.26;1151721
FR0000121972;07/03/13;59.22;59.89;59.16;59.60;1219154
FR0000121972;08/03/13;60.14;60.68;59.75;60.00;1232237
FR0000121972;11/03/13;59.98;60.16;59.69;60.00;821697
FR0000121972;12/03/13;59.72;60.45;59.57;60.23;954629
FR0000121972;13/03/13;60.12;60.19;59.65;60.19;953712
FR0000121972;14/03/13;60.50;60.71;60.22;60.30;1323506
FR0000121972;15/03/13;60.32;60.36;59.01;59.01;2743389
FR0000121972;18/03/13;57.74;59.31;57.55;59.10;1514474
FR0000121972;19/03/13;58.69;58.94;57.35;57.69;2011956
FR0000121972;20/03/13;58.26;58.57;57.65;57.93;1571159
FR0000121972;21/03/13;57.70;57.86;56.01;56.27;1847690
FR0000121972;22/03/13;55.95;56.18;55.26;55.75;1381464
FR0000121972;25/03/13;57.01;58.30;56.09;56.09;2334232
FR0000121972;26/03/13;56.14;57.17;55.80;56.86;1874719
FR0000121972;27/03/13;57.28;57.32;55.86;56.64;1893337
FR0000121972;28/03/13;56.36;57.29;56.17;57.00;1503749
FR0000124141;01/03/13;9.615;9.685;9.395;9.64;5444686
FR0000124141;04/03/13;9.58;10.35;9.532;10.215;8589733
FR0000124141;05/03/13;10.285;10.49;10.27;10.415;4482224
FR0000124141;06/03/13;10.38;10.64;10.315;10.52;4556568
FR0000124141;07/03/13;10.52;10.705;10.43;10.54;3181571
FR0000124141;08/03/13;10.55;10.79;10.535;10.625;3065078
FR0000124141;11/03/13;10.395;10.40;10.04;10.35;3515556
FR0000124141;12/03/13;10.33;10.52;10.295;10.30;3051624
FR0000124141;13/03/13;10.275;10.33;10.065;10.21;3665754
FR0000124141;14/03/13;10.295;10.395;10.235;10.265;3175573
FR0000124141;15/03/13;10.265;10.30;9.981;9.981;6827168
FR0000124141;18/03/13;9.881;10.07;9.85;10.01;4108364
FR0000124141;19/03/13;9.986;10.065;9.903;10.005;3146397
FR0000124141;20/03/13;10.095;10.18;9.919;10.165;2536174
FR0000124141;21/03/13;10.13;10.27;9.915;10.00;3841371
FR0000124141;22/03/13;10.005;10.115;9.912;10.03;2040889
FR0000124141;25/03/13;10.105;10.15;9.818;9.895;3377653
FR0000124141;26/03/13;9.903;9.99;9.805;9.844;3243637
FR0000124141;27/03/13;9.906;9.918;9.51;9.65;3901474
FR0000124141;28/03/13;9.686;9.922;9.655;9.838;4407260
FR0000124711;01/03/13;174.95;177.50;174.10;176.00;497746
FR0000124711;04/03/13;176.95;176.95;174.15;175.30;400064
FR0000124711;05/03/13;174.75;178.90;174.75;178.90;382568
FR0000124711;06/03/13;179.50;180.95;178.85;179.80;333781
FR0000124711;07/03/13;179.15;183.55;179.15;183.55;374664
FR0000124711;08/03/13;184.00;188.15;183.85;185.55;329632
FR0000124711;11/03/13;184.25;185.85;182.00;182.90;282501
FR0000124711;12/03/13;182.40;182.95;181.25;181.25;250159
FR0000124711;13/03/13;181.25;181.65;179.75;181.60;242754
FR0000124711;14/03/13;182.00;185.00;181.20;184.45;491789
FR0000124711;15/03/13;185.00;186.00;183.65;184.30;852316
FR0000124711;18/03/13;181.50;185.35;179.85;185.25;385286
FR0000124711;19/03/13;184.20;185.30;182.55;183.45;311121
FR0000124711;20/03/13;184.60;185.50;183.45;184.70;308392
FR0000124711;21/03/13;184.95;184.95;180.70;181.60;266715
FR0000124711;22/03/13;180.65;183.00;180.25;182.40;225162
FR0000124711;25/03/13;183.85;185.35;182.40;183.00;339554
FR0000124711;26/03/13;183.30;184.10;181.75;182.90;275020
FR0000124711;27/03/13;183.40;183.50;180.20;181.45;384926
FR0000124711;28/03/13;181.10;183.00;181.10;181.70;416821
FR0000125007;01/03/13;30.385;30.69;29.83;30.255;2032032
FR0000125007;04/03/13;29.97;30.21;29.75;30.055;1302437
FR0000125007;05/03/13;30.195;30.65;30.195;30.485;1930098
FR0000125007;06/03/13;30.66;30.95;30.35;30.35;1584774
FR0000125007;07/03/13;30.315;31.55;30.315;31.30;2937176
FR0000125007;08/03/13;31.525;31.92;31.465;31.67;1707641
FR0000125007;11/03/13;31.455;31.535;31.205;31.49;1245852
FR0000125007;12/03/13;31.43;32.23;31.43;32.17;1875766
FR0000125007;13/03/13;32.17;32.215;31.215;31.585;2216607
FR0000125007;14/03/13;31.705;32.36;31.705;32.045;1826887
FR0000125007;15/03/13;32.10;32.14;31.40;31.47;3500330
FR0000125007;18/03/13;30.87;31.325;30.68;31.245;1565627
FR0000125007;19/03/13;31.19;31.25;30.435;30.65;2042135
FR0000125007;20/03/13;30.85;30.96;30.65;30.925;1523596
FR0000125007;21/03/13;30.925;30.925;29.765;30.215;2114575
FR0000125007;22/03/13;30.035;30.09;29.455;30.00;2046153
FR0000125007;25/03/13;30.44;30.59;29.44;29.78;1825032
FR0000125007;26/03/13;29.755;30.015;29.40;29.59;1844823
FR0000125007;27/03/13;29.635;29.825;28.555;28.90;3109440
FR0000125007;28/03/13;28.90;29.135;28.61;28.92;1553845
FR0000125338;01/03/13;37.76;37.885;36.85;37.195;1041623
FR0000125338;04/03/13;37.165;37.475;36.95;37.305;857923
FR0000125338;05/03/13;37.685;38.24;37.555;38.145;1007771
FR0000125338;06/03/13;38.28;38.68;38.17;38.55;835533
FR0000125338;07/03/13;38.635;38.735;38.44;38.535;590840
FR0000125338;08/03/13;38.74;39.005;38.535;38.74;889655
FR0000125338;11/03/13;38.71;38.725;37.955;38.275;604923
FR0000125338;12/03/13;38.255;38.51;38.16;38.195;538979
FR0000125338;13/03/13;38.215;38.29;37.95;38.125;406353
FR0000125338;14/03/13;38.155;38.38;37.91;38.38;763118
FR0000125338;15/03/13;38.44;38.86;38.425;38.645;977272
FR0000125338;18/03/13;38.175;38.495;38.11;38.275;657161
FR0000125338;19/03/13;38.215;38.38;37.91;38.01;670324
FR0000125338;20/03/13;38.36;38.805;38.255;38.475;838405
FR0000125338;21/03/13;38.00;38.055;36.45;36.97;1520906
FR0000125338;22/03/13;36.97;37.05;36.24;36.37;835676
FR0000125338;25/03/13;36.74;37.285;36.16;36.19;821619
FR0000125338;26/03/13;36.455;36.56;36.035;36.545;634071
FR0000125338;27/03/13;36.74;36.90;35.525;36.195;736033
FR0000125338;28/03/13;36.115;36.30;35.15;35.50;1550103
FR0000125486;01/03/13;35.49;35.49;34.845;35.38;1566822
FR0000125486;04/03/13;35.08;35.56;34.94;35.40;1087114
FR0000125486;05/03/13;35.72;36.13;35.72;36.065;1488683
FR0000125486;06/03/13;36.085;36.27;35.85;35.94;1186988
FR0000125486;07/03/13;35.92;36.365;35.81;36.19;1019478
FR0000125486;08/03/13;36.295;36.60;36.25;36.575;1312383
FR0000125486;11/03/13;36.32;36.495;36.055;36.495;1036961
FR0000125486;12/03/13;36.295;36.685;36.245;36.49;1372371
FR0000125486;13/03/13;36.41;36.495;36.005;36.495;1217688
FR0000125486;14/03/13;36.67;36.70;36.275;36.61;2021988
FR0000125486;15/03/13;36.595;36.625;35.925;36.185;2848127
FR0000125486;18/03/13;35.16;35.755;35.15;35.715;1801994
FR0000125486;19/03/13;35.31;35.67;35.075;35.31;1684758
FR0000125486;20/03/13;35.36;35.86;35.36;35.725;1743059
FR0000125486;21/03/13;35.58;35.775;35.125;35.21;2532822
FR0000125486;22/03/13;35.09;35.35;34.97;35.125;2043877
FR0000125486;25/03/13;35.425;35.75;34.90;35.09;2097544
FR0000125486;26/03/13;35.09;36.06;35.09;35.765;2834716
FR0000125486;27/03/13;35.49;35.69;34.76;35.105;2410860
FR0000125486;28/03/13;34.84;35.47;34.815;35.145;1896431
FR0000127771;01/03/13;15.985;16.065;15.52;15.605;4889293
FR0000127771;04/03/13;15.505;15.77;15.505;15.54;2823068
FR0000127771;05/03/13;15.555;15.84;15.555;15.795;3586655
FR0000127771;06/03/13;15.895;15.945;15.585;15.62;2936774
FR0000127771;07/03/13;15.66;15.685;15.495;15.535;2870232
FR0000127771;08/03/13;15.70;15.895;15.625;15.85;3647390
FR0000127771;11/03/13;15.85;15.985;15.70;15.985;2402170
FR0000127771;12/03/13;15.995;16.255;15.955;16.16;3883715
FR0000127771;13/03/13;16.19;16.455;16.10;16.39;4883786
FR0000127771;14/03/13;16.40;16.695;16.335;16.655;5099238
FR0000127771;15/03/13;16.005;16.235;15.84;16.10;10986868
FR0000127771;18/03/13;15.70;15.88;15.63;15.81;4655876
FR0000127771;19/03/13;15.80;16.035;15.435;15.535;5031283
FR0000127771;20/03/13;15.53;16.50;15.53;16.215;7057971
FR0000127771;21/03/13;16.045;16.075;15.78;15.93;5319297
FR0000127771;22/03/13;15.865;16.235;15.80;16.20;4172158
FR0000127771;25/03/13;16.375;16.47;16.055;16.235;6444671
FR0000127771;26/03/13;16.25;16.395;16.105;16.11;4248526
FR0000127771;27/03/13;16.27;16.315;15.76;16.06;5019924
FR0000127771;28/03/13;16.075;16.315;15.935;16.115;4239088
FR0000130577;01/03/13;50.65;51.65;50.27;50.55;558751
FR0000130577;04/03/13;50.55;50.81;50.44;50.78;374047
FR0000130577;05/03/13;51.17;52.38;51.07;52.38;555413
FR0000130577;06/03/13;52.48;52.60;51.83;52.11;630468
FR0000130577;07/03/13;52.00;52.01;51.29;51.94;639442
FR0000130577;08/03/13;52.21;52.90;52.16;52.90;586458
FR0000130577;11/03/13;52.81;52.86;52.34;52.86;330550
FR0000130577;12/03/13;52.85;53.44;52.77;53.35;410214
FR0000130577;13/03/13;53.21;53.89;52.86;53.89;441665
FR0000130577;14/03/13;53.90;54.00;53.39;53.50;466152
FR0000130577;15/03/13;53.67;53.80;53.37;53.43;492889
FR0000130577;18/03/13;52.87;54.09;52.71;54.09;343825
FR0000130577;19/03/13;53.97;53.98;52.63;52.80;752623
FR0000130577;20/03/13;53.00;53.08;51.90;52.08;903547
FR0000130577;21/03/13;52.01;52.25;51.51;52.25;777066
FR0000130577;22/03/13;52.00;52.12;51.43;51.88;359276
FR0000130577;25/03/13;52.26;52.40;51.16;51.48;453114
FR0000130577;26/03/13;51.70;52.00;51.48;51.81;431795
FR0000130577;27/03/13;52.00;52.28;51.37;51.84;487458
FR0000130577;28/03/13;51.67;52.41;51.49;52.31;390943
FR0000130809;01/03/13;29.38;29.425;28.05;28.65;5713750
FR0000130809;04/03/13;28.45;29.045;28.075;28.665;3172095
FR0000130809;05/03/13;29.125;29.905;29.125;29.835;5304739
FR0000130809;06/03/13;29.70;29.99;29.49;29.64;3925797
FR0000130809;07/03/13;29.71;29.91;28.905;29.46;4709290
FR0000130809;08/03/13;29.655;30.86;29.62;30.845;6050018
FR0000130809;11/03/13;30.59;31.14;30.31;30.925;3685863
FR0000130809;12/03/13;30.805;31.08;30.45;30.62;3483492
FR0000130809;13/03/13;30.45;30.60;29.945;30.055;4231198
FR0000130809;14/03/13;30.345;30.66;30.145;30.50;3735659
FR0000130809;15/03/13;30.705;30.74;29.935;29.975;6375426
FR0000130809;18/03/13;28.88;29.09;28.00;28.975;8388555
FR0000130809;19/03/13;28.855;28.88;27.54;27.84;7343869
FR0000130809;20/03/13;28.155;28.60;27.665;28.19;6397849
FR0000130809;21/03/13;28.24;28.555;27.935;28.14;4914972
FR0000130809;22/03/13;28.00;28.11;27.16;27.43;6895145
FR0000130809;25/03/13;28.55;28.60;25.50;25.78;13638993
FR0000130809;26/03/13;25.735;26.12;25.155;25.735;9735259
FR0000130809;27/03/13;25.95;26.03;24.875;25.475;9279698
FR0000130809;28/03/13;25.345;26.21;24.96;25.63;7320847
FR0000131104;01/03/13;42.81;42.945;41.415;42.37;5418369
FR0000131104;04/03/13;41.94;42.745;41.635;42.50;3162771
FR0000131104;05/03/13;43.10;44.025;42.985;43.735;5156454
FR0000131104;06/03/13;43.535;44.17;42.94;43.02;3810954
FR0000131104;07/03/13;43.00;43.57;42.70;42.855;3409058
FR0000131104;08/03/13;43.415;44.85;43.27;44.61;5465620
FR0000131104;11/03/13;44.385;44.785;44.11;44.395;2515954
FR0000131104;12/03/13;44.195;44.80;44.05;44.16;2756053
FR0000131104;13/03/13;43.92;44.185;43.56;43.72;3258928
FR0000131104;14/03/13;44.20;44.94;44.10;44.26;4649118
FR0000131104;15/03/13;44.335;44.675;43.88;43.99;6097027
FR0000131104;18/03/13;42.50;42.91;41.95;42.75;5978402
FR0000131104;19/03/13;42.755;42.755;40.735;40.955;6753241
FR0000131104;20/03/13;41.35;42.42;41.065;42.24;6600129
FR0000131104;21/03/13;42.16;42.48;41.61;42.02;3621540
FR0000131104;22/03/13;41.755;42.215;41.005;41.175;5023927
FR0000131104;25/03/13;42.72;42.75;39.50;39.925;8197303
FR0000131104;26/03/13;40.00;40.95;39.70;40.365;6167896
FR0000131104;27/03/13;40.375;40.59;38.65;39.67;8716747
FR0000131104;28/03/13;39.685;40.695;39.37;40.04;4790046
FR0000131906;01/03/13;48.98;49.28;47.61;48.735;1319955
FR0000131906;04/03/13;48.16;48.365;47.49;48.065;990416
FR0000131906;05/03/13;48.565;49.995;48.375;49.955;1235894
FR0000131906;06/03/13;50.00;51.75;49.92;51.64;1507657
FR0000131906;07/03/13;51.58;52.49;50.87;51.37;1166707
FR0000131906;08/03/13;51.77;54.31;51.67;54.21;1740340
FR0000131906;11/03/13;54.59;54.59;53.20;54.02;945826
FR0000131906;12/03/13;53.90;54.71;53.52;54.21;892590
FR0000131906;13/03/13;52.85;53.66;52.60;53.52;844194
FR0000131906;14/03/13;53.93;54.34;53.07;53.78;889655
FR0000131906;15/03/13;53.54;53.67;52.28;52.48;1554768
FR0000131906;18/03/13;51.87;53.41;51.75;53.15;912070
FR0000131906;19/03/13;53.02;53.19;52.40;52.76;814067
FR0000131906;20/03/13;53.71;53.97;53.07;53.77;915266
FR0000131906;21/03/13;53.38;53.49;50.92;51.04;1594781
FR0000131906;22/03/13;50.95;51.52;49.90;51.11;1200551
FR0000131906;25/03/13;51.85;52.55;49.94;50.27;1006515
FR0000131906;26/03/13;50.28;50.65;49.88;50.34;931806
FR0000131906;27/03/13;50.74;51.00;49.115;49.285;1090353
FR0000131906;28/03/13;49.05;49.415;48.33;48.875;1166534
FR0000133308;01/03/13;7.36;7.413;7.203;7.307;9851342
FR0000133308;04/03/13;7.495;7.787;7.475;7.724;21142184
FR0000133308;05/03/13;7.756;7.849;7.725;7.822;10556588
FR0000133308;06/03/13;7.791;7.805;7.582;7.633;13349976
FR0000133308;07/03/13;7.674;7.691;7.525;7.621;7919950
FR0000133308;08/03/13;7.875;7.94;7.84;7.90;18060578
FR0000133308;11/03/13;7.913;7.983;7.812;7.977;9169246
FR0000133308;12/03/13;7.95;8.078;7.922;8.007;9187524
FR0000133308;13/03/13;8.002;8.03;7.934;7.945;8599672
FR0000133308;14/03/13;7.964;8.477;7.923;8.47;30084932
FR0000133308;15/03/13;8.397;8.561;8.371;8.507;27645356
FR0000133308;18/03/13;8.347;8.448;8.30;8.403;12705636
FR0000133308;19/03/13;8.355;8.58;8.301;8.328;13808165
FR0000133308;20/03/13;8.383;8.646;8.37;8.58;11919059
FR0000133308;21/03/13;8.56;8.575;8.439;8.522;8732581
FR0000133308;22/03/13;8.484;8.527;8.393;8.51;8696075
FR0000133308;25/03/13;8.67;8.708;8.271;8.306;11907423
FR0000133308;26/03/13;8.281;8.32;8.121;8.15;10157648
FR0000133308;27/03/13;8.199;8.199;7.834;7.906;15515811
FR0000133308;28/03/13;7.907;7.995;7.853;7.89;8818060
FR0010208488;01/03/13;14.535;14.54;14.05;14.18;5417324
FR0010208488;04/03/13;14.18;14.485;14.115;14.43;4329658
FR0010208488;05/03/13;14.61;14.72;14.50;14.685;4506357
FR0010208488;06/03/13;14.765;14.82;14.575;14.62;3251604
FR0010208488;07/03/13;14.68;14.70;14.47;14.57;3575261
FR0010208488;08/03/13;14.64;14.71;14.57;14.71;4234465
FR0010208488;11/03/13;14.69;14.715;14.55;14.66;2569670
FR0010208488;12/03/13;14.575;14.675;14.50;14.54;2828019
FR0010208488;13/03/13;14.53;14.62;14.43;14.465;3350778
FR0010208488;14/03/13;14.575;14.735;14.505;14.735;5098664
FR0010208488;15/03/13;14.735;14.735;14.44;14.605;10990247
FR0010208488;18/03/13;14.385;14.715;14.28;14.605;4771634
FR0010208488;19/03/13;14.605;14.715;14.455;14.515;4078934
FR0010208488;20/03/13;14.615;15.00;14.575;14.955;4640806
FR0010208488;21/03/13;15.01;15.435;14.99;15.30;8941924
FR0010208488;22/03/13;15.45;15.815;15.30;15.70;7678420
FR0010208488;25/03/13;15.825;15.835;15.21;15.22;5757606
FR0010208488;26/03/13;15.26;15.445;15.135;15.155;4222498
FR0010208488;27/03/13;15.305;15.31;14.75;15.00;4959560
FR0010208488;28/03/13;14.99;15.15;14.94;15.02;3810917
FR0010307819;01/03/13;35.10;35.395;34.775;34.88;670726
FR0010307819;04/03/13;34.765;35.29;34.64;35.115;672240
FR0010307819;05/03/13;35.16;35.79;35.16;35.735;589046
FR0010307819;06/03/13;35.64;35.875;35.385;35.405;477203
FR0010307819;07/03/13;35.40;35.615;35.23;35.45;304731
FR0010307819;08/03/13;35.425;35.73;35.425;35.665;438043
FR0010307819;11/03/13;35.59;35.67;35.395;35.64;258853
FR0010307819;12/03/13;35.415;35.875;35.415;35.855;345406
FR0010307819;13/03/13;35.75;35.76;34.61;34.685;899506
FR0010307819;14/03/13;34.73;35.085;34.695;35.085;745592
FR0010307819;15/03/13;35.255;35.545;35.08;35.415;912193
FR0010307819;18/03/13;35.035;35.965;34.89;35.83;582869
FR0010307819;19/03/13;35.59;35.755;35.20;35.245;636072
FR0010307819;20/03/13;35.445;35.70;35.11;35.375;703925
FR0010307819;21/03/13;35.30;35.305;34.56;34.69;506701
FR0010307819;22/03/13;34.575;34.625;34.285;34.405;408220
FR0010307819;25/03/13;34.765;35.255;34.375;34.495;590697
FR0010307819;26/03/13;34.42;34.485;34.19;34.275;469521
FR0010307819;27/03/13;34.225;34.235;33.21;33.905;736859
FR0010307819;28/03/13;33.695;34.02;33.535;34.02;568763
FR0013176526;01/03/13;14.43;14.5517;14.0667;14.35;1054173
FR0013176526;04/03/13;14.345;14.345;14.08;14.2583;814668
FR0013176526;05/03/13;14.3333;14.8683;14.3333;14.7167;1373250
FR0013176526;06/03/13;14.7883;15.1433;14.7867;14.81;1444278
FR0013176526;07/03/13;14.9383;15.1083;14.73;14.8733;1054338
FR0013176526;08/03/13;14.92;15.0567;14.6867;14.75;1078269
FR0013176526;11/03/13;14.7367;14.8283;14.5867;14.7483;581157
FR0013176526;12/03/13;14.8183;14.9833;14.7383;14.7533;934089
FR0013176526;13/03/13;14.7633;14.7917;14.4967;14.7567;798153
FR0013176526;14/03/13;14.8467;14.8467;14.545;14.715;910416
FR0013176526;15/03/13;14.6817;14.69;14.4817;14.62;1096389
FR0013176526;18/03/13;14.47;14.82;14.34;14.7567;789330
FR0013176526;19/03/13;14.7567;14.7567;14.17;14.3217;1509261
FR0013176526;20/03/13;14.4833;14.5667;14.345;14.4633;987243
FR0013176526;21/03/13;14.425;14.45;13.9433;14.1667;1392174
FR0013176526;22/03/13;14.1617;14.2383;13.9517;14.015;1265490
FR0013176526;25/03/13;14.1817;14.3367;13.9283;14.0233;1096509
FR0013176526;26/03/13;14.5117;14.5117;14.1933;14.4183;1654698
FR0013176526;27/03/13;14.4617;14.5283;14.1183;14.1967;1158906
FR0013176526;28/03/13;14.01;14.1767;13.9233;14.0717;2146398
GB00BDSFG982;01/03/13;41.32;41.38;40.265;40.385;1254942
GB00BDSFG982;04/03/13;40.335;40.51;39.94;40.015;892290
GB00BDSFG982;05/03/13;40.375;41.15;40.32;41.05;1066764
GB00BDSFG982;06/03/13;41.215;41.345;40.88;40.96;516386
GB00BDSFG982;07/03/13;41.115;41.12;40.58;40.675;515762
GB00BDSFG982;08/03/13;40.995;41.00;40.33;40.515;584890
GB00BDSFG982;11/03/13;40.55;40.94;40.55;40.78;482026
GB00BDSFG982;12/03/13;40.84;41.325;40.815;40.85;776022
GB00BDSFG982;13/03/13;40.975;41.17;40.86;41.05;481148
GB00BDSFG982;14/03/13;41.125;41.30;40.93;41.05;510082
GB00BDSFG982;15/03/13;41.30;41.32;40.675;41.06;902206
GB00BDSFG982;18/03/13;40.50;41.06;40.40;40.99;588334
GB00BDSFG982;19/03/13;40.78;41.615;40.685;40.915;662888
GB00BDSFG982;20/03/13;41.245;41.25;40.835;40.95;477812
GB00BDSFG982;21/03/13;40.96;41.00;40.14;40.455;549986
GB00BDSFG982;22/03/13;40.405;40.60;39.785;39.96;659244
GB00BDSFG982;25/03/13;40.415;40.42;39.765;39.785;743582
GB00BDSFG982;26/03/13;40.01;40.48;39.775;40.20;538814
GB00BDSFG982;27/03/13;40.255;40.50;39.925;40.345;556072
GB00BDSFG982;28/03/13;40.275;40.765;39.875;39.99;649864
LU1598757687;01/03/13;34.32;34.41;33.39;33.72;3228164
LU1598757687;04/03/13;33.06;33.12;32.46;32.52;4414490
LU1598757687;05/03/13;32.955;33.63;32.85;33.51;4247277
LU1598757687;06/03/13;33.33;33.615;33.06;33.39;2672580
LU1598757687;07/03/13;33.645;34.02;33.285;33.285;2671698
LU1598757687;08/03/13;33.435;34.095;33.42;34.05;2621745
LU1598757687;11/03/13;34.755;34.92;34.20;34.365;2622594
LU1598757687;12/03/13;34.20;35.04;34.11;34.53;2491964
LU1598757687;13/03/13;34.50;34.53;33.555;33.69;2526823
LU1598757687;14/03/13;33.90;34.80;33.75;34.575;4174182
LU1598757687;15/03/13;34.80;34.80;34.14;34.245;5700369
LU1598757687;18/03/13;33.60;33.75;32.955;33.27;3860168
LU1598757687;19/03/13;33.00;33.105;31.89;32.115;5717801
LU1598757687;20/03/13;32.55;32.70;31.875;32.175;3583227
LU1598757687;21/03/13;32.22;32.22;31.47;32.01;3309293
LU1598757687;22/03/13;31.89;31.935;31.14;31.20;4031082
LU1598757687;25/03/13;31.83;32.07;30.87;30.915;3046556
LU1598757687;26/03/13;31.125;31.275;30.825;30.93;2947509
LU1598757687;27/03/13;31.215;31.425;30.135;30.51;3802292
LU1598757687;28/03/13;30.69;30.90;30.075;30.15;2969912
NL0000226223;01/03/13;6.086;6.128;5.999;6.076;2192540
NL0000226223;04/03/13;6.019;6.20;5.96;6.153;3222145
NL0000226223;05/03/13;6.24;6.288;6.221;6.221;4350421
NL0000226223;06/03/13;6.263;6.263;6.15;6.15;3327506
NL0000226223;07/03/13;6.156;6.203;6.05;6.057;3405520
NL0000226223;08/03/13;6.115;6.205;6.106;6.173;5093312
NL0000226223;11/03/13;6.119;6.155;6.047;6.09;2590574
NL0000226223;12/03/13;6.061;6.139;5.784;5.825;7337303
NL0000226223;13/03/13;5.866;5.929;5.778;5.84;5192649
NL0000226223;14/03/13;5.891;5.945;5.859;5.928;2780694
NL0000226223;15/03/13;5.922;5.971;5.85;5.885;3046805
NL0000226223;18/03/13;5.799;6.205;5.74;6.19;6301272
NL0000226223;19/03/13;6.199;6.305;6.17;6.268;4667828
NL0000226223;20/03/13;6.30;6.35;6.246;6.325;3083929
NL0000226223;21/03/13;6.283;6.306;6.123;6.18;2950902
NL0000226223;22/03/13;6.197;6.211;6.097;6.097;2981417
NL0000226223;25/03/13;6.183;6.196;6.097;6.196;4050847
NL0000226223;26/03/13;6.199;6.278;6.13;6.248;3089034
NL0000226223;27/03/13;6.279;6.28;6.045;6.089;3171373
NL0000226223;28/03/13;6.069;6.081;5.974;6.00;3521084
NL0000235190;01/03/13;39.24;39.985;38.435;38.95;2734471
NL0000235190;04/03/13;38.90;40.00;38.705;39.90;2724613
NL0000235190;05/03/13;40.00;40.05;39.20;39.40;2347769
NL0000235190;06/03/13;39.165;39.95;39.16;39.435;2007919
NL0000235190;07/03/13;39.50;40.29;39.465;39.99;2442476
NL0000235190;08/03/13;39.80;40.29;39.71;40.00;2145118
NL0000235190;11/03/13;39.89;40.85;39.525;40.52;1930375
NL0000235190;12/03/13;40.225;41.375;40.22;41.115;1910965
NL0000235190;13/03/13;40.53;41.985;40.42;41.80;2582988
NL0000235190;14/03/13;41.92;42.18;41.65;41.945;2559767
NL0000235190;15/03/13;41.85;42.585;40.82;42.585;26899993
NL0000235190;18/03/13;41.90;42.52;41.555;42.05;5375988
NL0000235190;19/03/13;42.05;42.115;41.44;41.69;2393816
NL0000235190;20/03/13;41.67;41.89;40.52;41.355;2799679
NL0000235190;21/03/13;41.135;41.24;40.405;40.64;2222872
NL0000235190;22/03/13;40.45;41.81;39.88;41.35;2213734
NL0000235190;25/03/13;41.87;42.295;41.26;41.455;2238240
NL0000235190;26/03/13;41.65;42.10;40.88;40.925;1983067
NL0000235190;27/03/13;40.50;40.84;39.48;39.665;3328435
NL0000235190;28/03/13;39.73;39.86;38.505;39.70;3368033
