BE0003470755;02/06/14;119.10;120.20;118.30;118.75;122819
BE0003470755;03/06/14;119.00;120.60;118.65;119.65;241615
BE0003470755;04/06/14;119.50;120.05;118.50;119.35;148431
BE0003470755;05/06/14;119.30;119.65;118.20;118.75;176627
BE0003470755;06/06/14;119.25;119.60;118.70;119.35;126337
BE0003470755;09/06/14;119.50;120.80;119.15;120.70;136132
BE0003470755;10/06/14;120.65;121.60;119.75;120.85;207607
BE0003470755;11/06/14;120.70;121.00;119.80;120.25;196081
BE0003470755;12/06/14;120.00;120.20;119.20;119.20;188225
BE0003470755;13/06/14;119.30;119.50;117.65;118.65;143418
BE0003470755;16/06/14;118.55;119.25;118.15;118.65;114851
BE0003470755;17/06/14;118.80;120.65;118.55;120.35;154883
BE0003470755;18/06/14;120.45;120.50;119.05;119.50;169689
BE0003470755;19/06/14;120.00;121.90;120.00;121.90;243337
BE0003470755;20/06/14;121.75;123.20;121.50;122.75;272046
BE0003470755;23/06/14;122.75;123.10;121.25;122.25;167921
BE0003470755;24/06/14;122.20;123.65;121.45;123.50;187180
BE0003470755;25/06/14;123.00;123.15;121.20;122.15;160704
BE0003470755;26/06/14;121.50;122.55;120.55;121.05;270067
BE0003470755;27/06/14;121.20;122.20;120.85;121.30;172718
BE0003470755;30/06/14;122.55;126.70;122.40;125.70;445499
FR0000045072;02/06/14;11.40;11.49;11.355;11.385;4776640
FR0000045072;03/06/14;11.38;11.51;11.35;11.39;3509972
FR0000045072;04/06/14;11.345;11.55;11.335;11.55;4787466
FR0000045072;05/06/14;11.59;11.955;11.52;11.655;8306705
FR0000045072;06/06/14;11.71;11.975;11.70;11.915;6529856
FR0000045072;09/06/14;11.95;12.095;11.855;11.95;3738319
FR0000045072;10/06/14;11.89;12.015;11.855;11.88;3958759
FR0000045072;11/06/14;11.885;11.90;11.605;11.685;5499637
FR0000045072;12/06/14;11.73;11.85;11.66;11.72;3733269
FR0000045072;13/06/14;11.645;11.74;11.44;11.715;5988349
FR0000045072;16/06/14;11.615;11.70;11.44;11.455;5688855
FR0000045072;17/06/14;11.455;11.555;11.325;11.405;5704857
FR0000045072;18/06/14;11.41;11.505;11.325;11.325;4625822
FR0000045072;19/06/14;11.45;11.53;11.33;11.35;4224012
FR0000045072;20/06/14;11.33;11.41;11.145;11.145;8204461
FR0000045072;23/06/14;11.16;11.16;10.96;11.025;4803384
FR0000045072;24/06/14;11.05;11.10;10.885;10.92;5475875
FR0000045072;25/06/14;10.87;10.915;10.635;10.71;7740735
FR0000045072;26/06/14;10.73;10.79;10.54;10.595;7289552
FR0000045072;27/06/14;10.55;10.77;10.49;10.60;6665683
FR0000045072;30/06/14;10.61;10.665;10.245;10.30;8099948
FR0000051732;02/06/14;65.50;65.63;64.81;65.10;296962
FR0000051732;03/06/14;64.93;65.27;64.10;64.70;374392
FR0000051732;04/06/14;64.55;64.94;64.00;64.94;317143
FR0000051732;05/06/14;64.93;65.76;64.82;65.62;262833
FR0000051732;06/06/14;65.62;66.00;65.34;65.51;257030
FR0000051732;09/06/14;65.52;65.78;65.10;65.51;171296
FR0000051732;10/06/14;65.24;65.67;64.95;65.09;247414
FR0000051732;11/06/14;64.80;64.81;63.56;63.88;426520
FR0000051732;12/06/14;63.30;65.08;63.30;64.78;339426
FR0000051732;13/06/14;64.49;64.49;63.50;64.01;269733
FR0000051732;16/06/14;64.16;64.22;63.39;63.39;311620
FR0000051732;17/06/14;63.78;64.10;63.26;64.00;208322
FR0000051732;18/06/14;63.95;64.15;63.54;63.89;195057
FR0000051732;19/06/14;64.03;64.41;63.77;63.82;146336
FR0000051732;20/06/14;63.71;64.02;63.44;63.51;220634
FR0000051732;23/06/14;63.65;63.82;62.77;62.78;218327
FR0000051732;24/06/14;62.94;63.08;61.78;61.78;299071
FR0000051732;25/06/14;61.60;61.62;60.50;61.09;468001
FR0000051732;26/06/14;61.29;61.45;60.53;61.30;201157
FR0000051732;27/06/14;61.29;61.95;61.09;61.60;264902
FR0000051732;30/06/14;61.75;61.85;60.70;60.84;303026
FR0000073272;02/06/14;49.99;50.28;49.84;50.00;448452
FR0000073272;03/06/14;50.00;50.10;49.445;49.765;536315
FR0000073272;04/06/14;49.75;49.88;49.14;49.635;622631
FR0000073272;05/06/14;49.725;50.62;49.60;50.58;725657
FR0000073272;06/06/14;50.48;51.29;50.37;51.26;649209
FR0000073272;09/06/14;51.26;51.29;50.53;50.63;453781
FR0000073272;10/06/14;50.62;50.79;50.51;50.68;689595
FR0000073272;11/06/14;50.20;50.29;49.555;49.79;878890
FR0000073272;12/06/14;49.60;50.04;49.525;49.88;562984
FR0000073272;13/06/14;49.92;49.92;48.88;49.12;656189
FR0000073272;16/06/14;49.035;49.425;48.815;48.88;447022
FR0000073272;17/06/14;49.28;49.625;49.15;49.495;597585
FR0000073272;18/06/14;49.825;50.15;49.11;49.345;536666
FR0000073272;19/06/14;49.80;49.85;49.125;49.32;654491
FR0000073272;20/06/14;49.22;49.425;49.10;49.135;1185517
FR0000073272;23/06/14;49.025;49.08;47.81;48.135;1173547
FR0000073272;24/06/14;48.30;48.56;47.205;47.60;1409757
FR0000073272;25/06/14;47.45;47.75;47.075;47.415;1158460
FR0000073272;26/06/14;47.50;47.63;47.16;47.56;760134
FR0000073272;27/06/14;47.56;48.71;47.26;48.505;1186986
FR0000073272;30/06/14;48.53;48.57;47.44;47.815;1006918
FR0000120073;02/06/14;90.5273;90.7636;88.2091;88.40;950451
FR0000120073;03/06/14;88.8091;88.8364;87.9545;88.3364;778259
FR0000120073;04/06/14;88.2636;88.5909;87.7909;88.4546;756187
FR0000120073;05/06/14;88.5273;89.3273;87.9091;88.8273;1014200
FR0000120073;06/06/14;88.8273;89.6636;88.7909;89.4455;842294
FR0000120073;09/06/14;89.6364;90.1727;89.4455;90.0364;632644
FR0000120073;10/06/14;90.1909;90.2455;89.50;89.8818;666439
FR0000120073;11/06/14;89.9091;90.3455;89.8091;90.0455;884327
FR0000120073;12/06/14;90.0727;90.3364;89.5546;89.5909;642114
FR0000120073;13/06/14;89.5455;89.8182;88.9182;89.4636;677165
FR0000120073;16/06/14;89.2364;89.3636;88.7182;88.7636;872734
FR0000120073;17/06/14;89.00;90.00;88.8909;89.8182;778561
FR0000120073;18/06/14;89.7727;90.0273;89.2455;89.6364;563603
FR0000120073;19/06/14;90.5273;91.00;89.9636;90.0455;1117658
FR0000120073;20/06/14;90.0273;91.00;89.7546;89.7546;1537421
FR0000120073;23/06/14;89.5818;89.7182;88.6636;88.9545;800795
FR0000120073;24/06/14;89.4545;89.80;88.8818;89.5727;790771
FR0000120073;25/06/14;89.5455;89.8364;88.5636;88.9545;868499
FR0000120073;26/06/14;89.0818;89.1273;87.7636;88.2364;725742
FR0000120073;27/06/14;88.40;88.6909;87.9273;88.5727;696467
FR0000120073;30/06/14;88.90;90.0727;88.6727;89.6364;1205681
FR0000120172;02/06/14;26.715;26.80;26.54;26.675;1352811
FR0000120172;03/06/14;26.72;26.735;26.345;26.345;1678838
FR0000120172;04/06/14;26.355;26.395;26.02;26.39;2681954
FR0000120172;05/06/14;26.45;27.145;26.40;26.99;3830028
FR0000120172;06/06/14;27.00;27.00;26.45;26.775;2703074
FR0000120172;09/06/14;26.85;26.85;26.595;26.835;1417836
FR0000120172;10/06/14;26.85;27.05;26.70;26.99;1723286
FR0000120172;11/06/14;27.00;27.10;26.705;26.73;1813663
FR0000120172;12/06/14;26.85;26.925;26.53;26.53;1475572
FR0000120172;13/06/14;26.545;26.56;26.02;26.25;2180888
FR0000120172;16/06/14;26.185;26.235;25.865;25.955;2064031
FR0000120172;17/06/14;26.05;26.315;25.91;26.31;2290173
FR0000120172;18/06/14;26.26;26.45;26.00;26.20;1543490
FR0000120172;19/06/14;26.375;26.55;26.27;26.33;2206259
FR0000120172;20/06/14;26.385;26.55;26.23;26.29;3597041
FR0000120172;23/06/14;26.29;26.365;26.065;26.28;2450283
FR0000120172;24/06/14;26.29;26.41;26.185;26.35;2310022
FR0000120172;25/06/14;26.33;27.04;26.31;26.875;3788611
FR0000120172;26/06/14;26.945;27.235;26.66;26.985;2806561
FR0000120172;27/06/14;26.97;27.49;26.95;27.16;2144980
FR0000120172;30/06/14;27.165;27.245;26.85;26.94;2250076
FR0000120271;02/06/14;51.49;51.58;51.15;51.47;3207897
FR0000120271;03/06/14;51.55;51.62;51.10;51.26;2330694
FR0000120271;04/06/14;51.10;51.20;50.43;50.58;3902849
FR0000120271;05/06/14;50.63;51.58;50.35;51.43;5739725
FR0000120271;06/06/14;51.60;52.09;51.33;51.93;4442147
FR0000120271;09/06/14;51.64;52.04;51.63;52.04;2100007
FR0000120271;10/06/14;52.00;52.05;51.68;51.92;3496470
FR0000120271;11/06/14;52.00;52.10;51.46;51.72;3996382
FR0000120271;12/06/14;51.72;52.59;51.72;52.39;5236602
FR0000120271;13/06/14;52.56;53.05;52.46;52.86;5549825
FR0000120271;16/06/14;52.50;52.98;52.42;52.42;3994947
FR0000120271;17/06/14;52.60;52.63;52.00;52.47;4235560
FR0000120271;18/06/14;52.60;52.94;52.40;52.85;4214452
FR0000120271;19/06/14;53.00;53.82;52.91;53.68;6796345
FR0000120271;20/06/14;53.43;54.17;53.36;53.95;10724308
FR0000120271;23/06/14;53.66;54.54;53.62;54.23;4500243
FR0000120271;24/06/14;54.43;54.71;54.37;54.52;4081579
FR0000120271;25/06/14;54.01;54.32;53.42;53.47;4716829
FR0000120271;26/06/14;53.47;53.57;52.27;52.93;4717426
FR0000120271;27/06/14;52.92;53.50;52.67;52.72;3060676
FR0000120271;30/06/14;52.50;52.98;52.21;52.78;4409035
FR0000120321;02/06/14;127.70;128.20;127.00;127.25;526441
FR0000120321;03/06/14;127.25;128.30;127.05;127.85;427649
FR0000120321;04/06/14;128.00;128.60;127.45;127.95;365660
FR0000120321;05/06/14;127.85;129.55;127.40;127.85;610861
FR0000120321;06/06/14;128.40;128.40;126.90;127.05;635238
FR0000120321;09/06/14;127.40;127.85;126.70;127.60;384096
FR0000120321;10/06/14;128.00;129.05;127.30;129.05;519736
FR0000120321;11/06/14;129.10;129.80;128.60;128.60;637963
FR0000120321;12/06/14;128.60;128.85;128.00;128.15;463871
FR0000120321;13/06/14;127.85;128.70;127.85;128.20;493226
FR0000120321;16/06/14;127.70;128.30;126.80;127.00;689174
FR0000120321;17/06/14;127.05;128.45;126.90;127.60;514160
FR0000120321;18/06/14;127.80;128.00;127.05;127.45;387355
FR0000120321;19/06/14;128.50;129.30;127.95;128.20;819925
FR0000120321;20/06/14;128.25;129.85;128.00;129.35;1142584
FR0000120321;23/06/14;129.00;129.00;127.45;127.50;640914
FR0000120321;24/06/14;127.90;128.30;127.30;127.90;416781
FR0000120321;25/06/14;127.35;127.50;126.85;126.85;600810
FR0000120321;26/06/14;126.90;126.90;125.40;125.80;569292
FR0000120321;27/06/14;125.80;126.10;125.25;125.90;402837
FR0000120321;30/06/14;126.00;126.55;125.35;125.85;577799
FR0000120404;02/06/14;39.00;39.135;38.395;38.70;804275
FR0000120404;03/06/14;38.75;38.755;38.29;38.39;770336
FR0000120404;04/06/14;38.425;39.165;38.35;38.95;1069695
FR0000120404;05/06/14;39.175;39.50;38.995;39.35;1039443
FR0000120404;06/06/14;39.495;39.56;38.91;38.98;959050
FR0000120404;09/06/14;38.99;39.15;38.90;39.11;381163
FR0000120404;10/06/14;38.955;39.40;38.955;39.32;491871
FR0000120404;11/06/14;39.45;39.575;38.795;38.95;906527
FR0000120404;12/06/14;38.95;39.35;38.85;39.23;764171
FR0000120404;13/06/14;39.255;39.34;38.35;38.66;798456
FR0000120404;16/06/14;38.565;38.855;38.32;38.53;648992
FR0000120404;17/06/14;38.665;39.23;38.655;38.765;595460
FR0000120404;18/06/14;38.79;38.995;38.425;38.465;622145
FR0000120404;19/06/14;38.85;39.11;38.78;38.895;724728
FR0000120404;20/06/14;38.85;39.15;38.815;38.815;1468350
FR0000120404;23/06/14;38.975;39.05;38.51;38.88;606962
FR0000120404;24/06/14;38.895;39.15;38.77;38.92;631148
FR0000120404;25/06/14;38.85;38.885;38.09;38.25;861989
FR0000120404;26/06/14;38.27;38.33;37.84;38.095;750391
FR0000120404;27/06/14;38.185;38.20;37.73;37.935;609120
FR0000120404;30/06/14;38.10;38.235;37.83;37.99;539366
FR0000120503;02/06/14;34.195;34.485;33.74;34.44;924642
FR0000120503;03/06/14;34.305;34.40;33.895;34.075;898479
FR0000120503;04/06/14;33.38;33.38;32.45;33.00;2975099
FR0000120503;05/06/14;33.25;33.695;33.01;33.285;1741775
FR0000120503;06/06/14;33.685;34.375;33.565;34.195;1306399
FR0000120503;09/06/14;34.14;34.48;34.03;34.32;471398
FR0000120503;10/06/14;34.32;34.32;33.59;34.17;893186
FR0000120503;11/06/14;34.10;34.28;31.53;32.02;3792673
FR0000120503;12/06/14;32.98;33.83;32.66;33.67;2809460
FR0000120503;13/06/14;33.73;34.075;33.33;33.435;1432100
FR0000120503;16/06/14;33.43;33.45;32.83;33.18;994695
FR0000120503;17/06/14;33.30;33.455;32.895;33.19;553176
FR0000120503;18/06/14;33.275;33.295;32.75;33.135;708881
FR0000120503;19/06/14;33.20;33.49;32.65;32.69;1132498
FR0000120503;20/06/14;32.68;33.08;32.26;32.28;1669617
FR0000120503;23/06/14;32.405;32.89;31.62;31.635;1455533
FR0000120503;24/06/14;31.645;31.75;31.275;31.40;1176754
FR0000120503;25/06/14;31.235;31.435;30.70;30.975;1412866
FR0000120503;26/06/14;31.13;31.40;30.60;30.755;1218886
FR0000120503;27/06/14;30.78;31.06;30.28;30.40;1247795
FR0000120503;30/06/14;30.47;30.55;30.155;30.39;1197366
FR0000120578;02/06/14;78.38;78.60;77.72;78.19;1568779
FR0000120578;03/06/14;77.93;78.11;77.56;77.98;1416544
FR0000120578;04/06/14;77.89;78.60;77.89;78.38;1855425
FR0000120578;05/06/14;78.39;79.32;78.24;78.85;2878128
FR0000120578;06/06/14;78.75;79.20;78.43;79.14;2026972
FR0000120578;09/06/14;78.70;79.05;78.60;79.04;1254987
FR0000120578;10/06/14;79.37;79.75;79.04;79.72;1823597
FR0000120578;11/06/14;79.50;79.87;79.22;79.38;2411291
FR0000120578;12/06/14;79.27;79.78;79.03;79.37;1628363
FR0000120578;13/06/14;79.05;79.80;78.53;79.66;1993615
FR0000120578;16/06/14;79.24;79.60;78.96;79.00;2107998
FR0000120578;17/06/14;79.25;79.62;79.02;79.54;1642823
FR0000120578;18/06/14;79.42;79.88;79.11;79.12;2020822
FR0000120578;19/06/14;79.90;79.90;79.32;79.54;3643163
FR0000120578;20/06/14;79.54;80.42;79.41;80.12;7475121
FR0000120578;23/06/14;80.12;80.12;79.31;79.51;1829899
FR0000120578;24/06/14;79.78;79.88;79.40;79.40;2050591
FR0000120578;25/06/14;79.05;79.22;78.03;78.47;2719525
FR0000120578;26/06/14;78.27;78.61;77.45;77.69;2504703
FR0000120578;27/06/14;77.89;78.37;77.45;77.74;1669843
FR0000120578;30/06/14;78.06;78.82;77.52;77.58;2609308
FR0000120628;02/06/14;18.195;18.21;17.955;18.015;3688067
FR0000120628;03/06/14;18.05;18.07;17.94;17.99;4367582
FR0000120628;04/06/14;17.96;18.075;17.77;18.055;5621940
FR0000120628;05/06/14;18.165;18.60;18.05;18.38;10356960
FR0000120628;06/06/14;18.475;18.87;18.375;18.75;8922781
FR0000120628;09/06/14;18.825;18.845;18.585;18.685;3905643
FR0000120628;10/06/14;18.715;18.815;18.455;18.58;5295108
FR0000120628;11/06/14;18.585;18.61;18.355;18.485;4954971
FR0000120628;12/06/14;18.56;18.565;18.20;18.29;4937286
FR0000120628;13/06/14;18.265;18.28;17.88;18.075;6501498
FR0000120628;16/06/14;18.00;18.075;17.84;17.87;5009897
FR0000120628;17/06/14;17.955;18.07;17.665;17.925;6188124
FR0000120628;18/06/14;18.00;18.095;17.83;17.855;6079726
FR0000120628;19/06/14;18.06;18.245;18.00;18.155;8854262
FR0000120628;20/06/14;18.155;18.225;17.97;17.97;10337890
FR0000120628;23/06/14;17.945;17.945;17.70;17.85;4543182
FR0000120628;24/06/14;17.955;17.96;17.635;17.77;4594495
FR0000120628;25/06/14;17.745;17.825;17.475;17.67;6171765
FR0000120628;26/06/14;17.76;17.815;17.33;17.59;5355025
FR0000120628;27/06/14;17.66;17.72;17.405;17.51;4013405
FR0000120628;30/06/14;17.50;17.555;17.245;17.455;5291377
FR0000120644;02/06/14;54.57;54.87;54.34;54.61;799910
FR0000120644;03/06/14;54.06;54.56;53.99;54.49;1267870
FR0000120644;04/06/14;54.48;54.89;54.13;54.33;1034500
FR0000120644;05/06/14;54.28;55.11;54.08;54.64;1463055
FR0000120644;06/06/14;54.53;54.64;53.56;54.19;1958564
FR0000120644;09/06/14;54.39;54.56;53.77;54.56;834911
FR0000120644;10/06/14;54.72;54.94;54.31;54.94;1112965
FR0000120644;11/06/14;54.70;55.07;54.39;54.51;1614193
FR0000120644;12/06/14;54.01;54.85;53.95;53.95;1552821
FR0000120644;13/06/14;53.94;54.08;53.17;53.17;2089830
FR0000120644;16/06/14;52.96;53.21;52.53;52.93;1900638
FR0000120644;17/06/14;52.94;53.53;52.74;53.40;1196300
FR0000120644;18/06/14;53.35;54.36;53.18;53.51;1844165
FR0000120644;19/06/14;54.00;54.33;53.84;53.99;1824061
FR0000120644;20/06/14;54.10;54.26;53.82;54.02;4259991
FR0000120644;23/06/14;53.90;54.07;53.40;53.63;1071866
FR0000120644;24/06/14;53.63;54.32;53.56;54.21;1172792
FR0000120644;25/06/14;54.04;54.55;53.56;53.56;1412420
FR0000120644;26/06/14;54.39;55.72;54.21;54.68;3113755
FR0000120644;27/06/14;54.87;54.99;54.39;54.50;1572419
FR0000120644;30/06/14;54.73;54.74;54.12;54.24;1294223
FR0000120693;02/06/14;90.08;90.14;88.98;89.55;300348
FR0000120693;03/06/14;89.43;89.50;88.80;89.46;296825
FR0000120693;04/06/14;89.57;89.87;88.20;88.60;412509
FR0000120693;05/06/14;88.50;89.89;88.49;88.95;577392
FR0000120693;06/06/14;89.26;89.26;87.46;87.66;629190
FR0000120693;09/06/14;87.77;88.07;87.07;87.96;420040
FR0000120693;10/06/14;88.00;88.50;87.52;88.01;546030
FR0000120693;11/06/14;88.21;88.86;87.83;88.42;649234
FR0000120693;12/06/14;88.34;88.99;88.34;88.49;356465
FR0000120693;13/06/14;88.49;89.01;88.20;88.53;418698
FR0000120693;16/06/14;88.45;88.80;87.85;88.38;352696
FR0000120693;17/06/14;88.41;89.02;87.92;88.68;427489
FR0000120693;18/06/14;88.62;88.82;87.90;88.10;429335
FR0000120693;19/06/14;88.10;89.21;88.06;88.33;466462
FR0000120693;20/06/14;88.22;89.21;88.09;88.51;599840
FR0000120693;23/06/14;88.71;88.78;87.75;88.17;335772
FR0000120693;24/06/14;88.15;88.66;87.84;88.52;290051
FR0000120693;25/06/14;88.52;88.73;87.10;87.58;481341
FR0000120693;26/06/14;87.54;88.08;87.03;87.45;552839
FR0000120693;27/06/14;87.39;87.69;87.09;87.55;288853
FR0000120693;30/06/14;87.78;88.18;87.45;87.70;332815
FR0000121014;02/06/14;146.10;146.35;144.00;144.70;535206
FR0000121014;03/06/14;144.90;145.55;144.55;145.05;502271
FR0000121014;04/06/14;145.05;145.80;144.20;145.25;527154
FR0000121014;05/06/14;145.00;146.00;143.85;145.75;898515
FR0000121014;06/06/14;145.40;145.40;142.70;143.25;944669
FR0000121014;09/06/14;143.90;143.95;142.85;143.45;357194
FR0000121014;10/06/14;143.90;144.60;142.90;144.60;548792
FR0000121014;11/06/14;144.80;145.75;144.00;144.90;696390
FR0000121014;12/06/14;144.60;144.95;144.05;144.75;448419
FR0000121014;13/06/14;144.60;145.00;143.40;144.40;482782
FR0000121014;16/06/14;144.20;144.80;143.40;144.35;500173
FR0000121014;17/06/14;144.55;145.60;144.50;145.40;641723
FR0000121014;18/06/14;145.30;145.95;144.85;144.85;463891
FR0000121014;19/06/14;144.00;146.30;143.80;145.70;837308
FR0000121014;20/06/14;145.70;147.20;145.40;145.70;933178
FR0000121014;23/06/14;146.45;146.45;144.40;145.50;443618
FR0000121014;24/06/14;145.50;146.30;145.15;145.85;474507
FR0000121014;25/06/14;145.45;146.50;143.70;143.70;771669
FR0000121014;26/06/14;144.10;144.10;140.05;141.25;1067168
FR0000121014;27/06/14;141.50;141.90;139.55;140.35;706167
FR0000121014;30/06/14;140.95;142.35;140.50;140.80;648871
FR0000121220;02/06/14;79.29;79.57;78.80;79.27;121720
FR0000121220;03/06/14;79.44;79.44;78.84;79.05;98524
FR0000121220;04/06/14;79.12;79.26;78.69;79.02;132515
FR0000121220;05/06/14;79.25;79.25;78.54;78.80;95460
FR0000121220;06/06/14;78.93;79.12;78.79;79.09;144338
FR0000121220;09/06/14;79.03;79.17;78.73;79.05;50876
FR0000121220;10/06/14;78.97;79.15;78.68;79.00;106964
FR0000121220;11/06/14;78.96;79.10;78.02;78.51;144483
FR0000121220;12/06/14;78.10;78.57;77.98;78.11;153924
FR0000121220;13/06/14;77.99;77.99;76.03;77.08;182912
FR0000121220;16/06/14;77.12;77.70;76.26;77.07;215098
FR0000121220;17/06/14;76.96;77.77;76.96;77.53;134236
FR0000121220;18/06/14;77.38;78.47;77.38;77.77;181929
FR0000121220;19/06/14;78.21;78.79;78.21;78.73;156680
FR0000121220;20/06/14;78.84;79.81;78.43;79.57;293623
FR0000121220;23/06/14;79.58;79.84;79.13;79.19;215917
FR0000121220;24/06/14;79.37;79.50;78.98;79.18;91895
FR0000121220;25/06/14;78.56;78.90;78.27;78.73;159217
FR0000121220;26/06/14;78.67;79.05;78.17;78.55;102110
FR0000121220;27/06/14;78.48;78.84;78.29;78.77;81809
FR0000121220;30/06/14;78.79;79.16;78.35;78.55;149207
FR0000121261;02/06/14;91.80;91.89;91.00;91.20;494857
FR0000121261;03/06/14;91.51;91.68;91.02;91.10;331663
FR0000121261;04/06/14;91.53;91.53;89.27;91.04;458616
FR0000121261;05/06/14;90.99;92.41;89.38;92.20;780981
FR0000121261;06/06/14;92.21;92.60;92.01;92.45;630344
FR0000121261;09/06/14;92.54;92.54;91.54;91.84;313353
FR0000121261;10/06/14;91.61;91.81;90.63;91.37;413551
FR0000121261;11/06/14;91.45;92.44;90.90;92.21;485769
FR0000121261;12/06/14;92.00;93.07;91.76;92.90;472891
FR0000121261;13/06/14;92.63;92.78;90.75;92.28;463277
FR0000121261;16/06/14;91.96;92.50;91.42;92.10;379957
FR0000121261;17/06/14;92.50;93.50;91.88;92.84;467739
FR0000121261;18/06/14;92.76;92.83;91.15;91.65;620419
FR0000121261;19/06/14;92.44;92.96;91.59;91.64;445229
FR0000121261;20/06/14;91.48;92.20;90.30;90.33;1281603
FR0000121261;23/06/14;90.64;90.70;88.59;88.83;528363
FR0000121261;24/06/14;89.23;89.80;88.97;89.49;356154
FR0000121261;25/06/14;89.16;89.61;88.06;89.09;498852
FR0000121261;26/06/14;89.21;89.29;87.28;88.09;553501
FR0000121261;27/06/14;88.36;88.69;87.32;88.01;430244
FR0000121261;30/06/14;88.39;88.62;87.00;87.26;429950
FR0000121485;02/06/14;161.05;162.75;160.25;162.05;152119
FR0000121485;03/06/14;161.75;162.25;160.90;161.50;89717
FR0000121485;04/06/14;161.40;161.55;159.25;160.70;162379
FR0000121485;05/06/14;160.65;162.20;160.10;160.95;140268
FR0000121485;06/06/14;160.95;160.95;158.90;159.70;186558
FR0000121485;09/06/14;160.15;160.85;159.25;160.25;66192
FR0000121485;10/06/14;160.25;163.80;160.05;163.80;225624
FR0000121485;11/06/14;163.90;165.40;163.90;165.20;224149
FR0000121485;12/06/14;165.15;165.40;164.35;164.60;151850
FR0000121485;13/06/14;164.55;164.55;162.05;162.30;182511
FR0000121485;16/06/14;162.25;162.75;161.70;162.00;166583
FR0000121485;17/06/14;162.00;163.50;160.80;163.20;219188
FR0000121485;18/06/14;163.15;165.40;163.15;164.90;206681
FR0000121485;19/06/14;165.55;165.90;163.90;163.90;216252
FR0000121485;20/06/14;163.85;164.95;163.35;163.40;253390
FR0000121485;23/06/14;163.60;163.60;161.15;161.65;130840
FR0000121485;24/06/14;161.55;161.95;159.90;161.35;149237
FR0000121485;25/06/14;161.25;161.25;159.15;159.70;130744
FR0000121485;26/06/14;159.75;160.35;158.45;159.00;134319
FR0000121485;27/06/14;159.75;159.80;158.30;159.65;79638
FR0000121485;30/06/14;159.60;160.75;159.45;160.15;130898
FR0000121501;02/06/14;10.42;10.565;10.24;10.34;3220821
FR0000121501;03/06/14;10.35;10.365;10.11;10.15;3201250
FR0000121501;04/06/14;10.155;10.18;9.868;9.984;3754505
FR0000121501;05/06/14;10.025;10.49;9.962;10.295;6195013
FR0000121501;06/06/14;10.40;10.49;10.325;10.455;4281432
FR0000121501;09/06/14;10.58;10.595;10.32;10.445;2326740
FR0000121501;10/06/14;10.455;10.505;10.315;10.36;2643446
FR0000121501;11/06/14;10.345;10.37;10.055;10.195;3095752
FR0000121501;12/06/14;10.25;10.34;10.125;10.185;2819251
FR0000121501;13/06/14;10.175;10.18;9.91;10.08;3133286
FR0000121501;16/06/14;10.02;10.185;9.898;9.991;2870143
FR0000121501;17/06/14;10.10;10.16;9.992;10.02;2939463
FR0000121501;18/06/14;10.03;10.695;9.928;10.475;8467009
FR0000121501;19/06/14;10.685;11.11;10.685;11.04;9415657
FR0000121501;20/06/14;11.11;11.39;10.78;10.78;6660112
FR0000121501;23/06/14;10.80;11.00;10.705;10.94;3100011
FR0000121501;24/06/14;10.95;11.05;10.76;10.815;2772593
FR0000121501;25/06/14;10.755;11.09;10.605;10.80;3134077
FR0000121501;26/06/14;10.855;11.18;10.805;11.04;4984474
FR0000121501;27/06/14;11.07;11.27;10.99;11.01;3621767
FR0000121501;30/06/14;11.05;11.06;10.585;10.795;3498297
FR0000121667;02/06/14;77.33;77.34;76.52;77.09;273031
FR0000121667;03/06/14;77.20;77.20;76.51;76.63;258354
FR0000121667;04/06/14;76.68;76.75;76.11;76.40;325387
FR0000121667;05/06/14;76.60;77.54;76.27;76.89;491147
FR0000121667;06/06/14;76.87;76.96;76.42;76.43;449348
FR0000121667;09/06/14;76.55;76.79;76.21;76.70;228684
FR0000121667;10/06/14;76.84;77.43;76.83;77.27;496956
FR0000121667;11/06/14;77.47;78.70;77.44;78.04;537294
FR0000121667;12/06/14;78.52;78.58;77.86;77.86;480728
FR0000121667;13/06/14;77.80;78.05;77.42;77.89;339100
FR0000121667;16/06/14;77.55;78.27;77.41;77.77;626521
FR0000121667;17/06/14;78.20;79.83;78.04;79.83;745247
FR0000121667;18/06/14;80.00;80.12;78.98;79.06;576139
FR0000121667;19/06/14;79.84;80.02;79.35;79.41;651707
FR0000121667;20/06/14;79.17;80.00;78.95;79.01;1142845
FR0000121667;23/06/14;79.41;80.09;78.33;79.84;627414
FR0000121667;24/06/14;80.13;80.90;80.00;80.43;659157
FR0000121667;25/06/14;80.23;80.34;78.19;78.21;699082
FR0000121667;26/06/14;78.34;79.06;77.81;78.53;727597
FR0000121667;27/06/14;78.53;78.67;77.59;77.87;513928
FR0000121667;30/06/14;78.00;78.27;77.42;77.45;445012
FR0000121972;02/06/14;68.95;69.64;68.95;69.44;1154897
FR0000121972;03/06/14;69.44;69.93;69.21;69.39;982528
FR0000121972;04/06/14;69.00;69.22;68.30;69.16;1040292
FR0000121972;05/06/14;68.99;70.36;68.83;69.86;1652528
FR0000121972;06/06/14;69.61;70.99;69.55;70.72;1384093
FR0000121972;09/06/14;70.58;71.08;70.39;70.75;762874
FR0000121972;10/06/14;70.46;70.54;69.97;70.24;1038207
FR0000121972;11/06/14;70.00;70.49;69.69;70.11;1445928
FR0000121972;12/06/14;69.41;70.49;69.41;69.52;1642682
FR0000121972;13/06/14;69.29;69.50;68.44;69.09;1416455
FR0000121972;16/06/14;68.43;69.05;68.35;68.47;1093095
FR0000121972;17/06/14;68.72;69.61;68.60;69.40;1008782
FR0000121972;18/06/14;69.60;70.10;69.45;69.72;814060
FR0000121972;19/06/14;70.53;71.50;70.50;71.37;1659403
FR0000121972;20/06/14;71.40;72.22;70.96;71.00;3120071
FR0000121972;23/06/14;71.05;71.15;70.05;70.24;883755
FR0000121972;24/06/14;70.67;71.15;70.26;70.57;1226153
FR0000121972;25/06/14;70.23;70.65;69.24;69.67;1508622
FR0000121972;26/06/14;69.64;70.18;69.03;69.63;1602561
FR0000121972;27/06/14;69.61;69.96;68.99;69.09;1187820
FR0000121972;30/06/14;68.99;69.35;68.54;68.75;1438160
FR0000124141;02/06/14;14.08;14.115;13.95;14.105;1221250
FR0000124141;03/06/14;14.115;14.245;13.905;13.985;1929276
FR0000124141;04/06/14;14.04;14.10;13.935;14.045;1365517
FR0000124141;05/06/14;14.015;14.105;13.925;14.005;2297507
FR0000124141;06/06/14;14.08;14.175;13.96;14.13;1835678
FR0000124141;09/06/14;14.115;14.36;14.075;14.275;1309628
FR0000124141;10/06/14;14.25;14.435;14.23;14.375;1860241
FR0000124141;11/06/14;14.385;14.49;14.27;14.36;1466601
FR0000124141;12/06/14;14.44;14.65;14.365;14.55;2922562
FR0000124141;13/06/14;14.52;14.60;14.415;14.57;1874223
FR0000124141;16/06/14;14.46;14.495;14.33;14.41;2084119
FR0000124141;17/06/14;14.42;14.545;14.40;14.46;1510715
FR0000124141;18/06/14;14.50;14.585;14.39;14.525;1320823
FR0000124141;19/06/14;14.63;14.64;14.44;14.54;1603752
FR0000124141;20/06/14;14.535;14.77;14.42;14.655;2510470
FR0000124141;23/06/14;14.66;14.76;14.465;14.695;1727978
FR0000124141;24/06/14;14.69;14.845;14.60;14.68;1453186
FR0000124141;25/06/14;14.595;14.71;14.48;14.665;2752716
FR0000124141;26/06/14;14.70;14.77;14.35;14.515;2606896
FR0000124141;27/06/14;14.55;14.55;14.175;14.245;2214419
FR0000124141;30/06/14;14.195;14.245;13.88;13.915;3256755
FR0000124711;02/06/14;206.40;206.90;205.30;206.35;205766
FR0000124711;03/06/14;205.90;207.65;205.40;207.10;192288
FR0000124711;04/06/14;207.05;208.55;206.35;207.30;202595
FR0000124711;05/06/14;206.90;208.60;205.20;208.00;271617
FR0000124711;06/06/14;208.45;212.85;207.30;212.25;343741
FR0000124711;09/06/14;212.00;212.40;210.45;211.15;222221
FR0000124711;10/06/14;211.40;211.75;209.70;211.20;229858
FR0000124711;11/06/14;211.20;212.40;209.20;211.80;296883
FR0000124711;12/06/14;211.80;213.10;210.90;211.85;187143
FR0000124711;13/06/14;211.40;212.30;209.45;210.85;202318
FR0000124711;16/06/14;210.65;210.95;208.85;209.70;169841
FR0000124711;17/06/14;210.55;211.00;207.90;208.70;301079
FR0000124711;18/06/14;209.45;210.25;207.45;207.45;290374
FR0000124711;19/06/14;208.85;210.95;207.85;210.40;382504
FR0000124711;20/06/14;209.90;212.20;209.60;210.10;446580
FR0000124711;23/06/14;210.65;212.45;208.20;210.60;262204
FR0000124711;24/06/14;211.35;212.80;210.95;212.70;215665
FR0000124711;25/06/14;212.30;213.00;210.25;211.55;241271
FR0000124711;26/06/14;212.30;213.00;210.90;212.00;251166
FR0000124711;27/06/14;213.20;213.40;212.20;212.60;186386
FR0000124711;30/06/14;212.15;213.35;211.30;212.45;317938
FR0000125007;02/06/14;42.175;42.175;41.765;41.935;1034651
FR0000125007;03/06/14;41.995;42.04;41.725;41.975;1133836
FR0000125007;04/06/14;41.795;42.125;41.75;42.06;1976749
FR0000125007;05/06/14;42.31;43.195;42.055;43.195;3172867
FR0000125007;06/06/14;43.43;44.71;43.275;44.665;3764647
FR0000125007;09/06/14;44.775;44.925;44.555;44.625;1049401
FR0000125007;10/06/14;44.68;45.00;44.54;44.855;1695118
FR0000125007;11/06/14;43.44;43.58;42.705;42.77;2140222
FR0000125007;12/06/14;43.00;43.26;42.72;42.745;1239977
FR0000125007;13/06/14;42.75;42.75;41.92;42.37;1195154
FR0000125007;16/06/14;42.28;42.43;41.76;41.83;1067981
FR0000125007;17/06/14;42.185;42.365;41.855;42.225;1411645
FR0000125007;18/06/14;42.17;42.55;42.075;42.515;1179664
FR0000125007;19/06/14;43.135;44.315;43.135;44.15;2826560
FR0000125007;20/06/14;44.00;44.40;43.305;43.37;3935467
FR0000125007;23/06/14;43.42;43.46;42.505;42.515;1577178
FR0000125007;24/06/14;42.705;42.765;42.275;42.425;1057890
FR0000125007;25/06/14;42.30;42.315;41.36;41.615;1922444
FR0000125007;26/06/14;41.81;42.115;41.31;41.695;1341345
FR0000125007;27/06/14;41.825;41.905;41.205;41.325;1141576
FR0000125007;30/06/14;41.43;41.60;40.785;41.205;1168627
FR0000125338;02/06/14;53.79;54.40;53.66;53.96;498231
FR0000125338;03/06/14;54.20;54.47;53.90;54.23;617728
FR0000125338;04/06/14;54.26;54.27;52.98;53.71;608364
FR0000125338;05/06/14;53.87;54.50;53.50;54.36;480985
FR0000125338;06/06/14;54.53;54.62;54.22;54.44;386547
FR0000125338;09/06/14;54.40;54.44;54.10;54.37;227938
FR0000125338;10/06/14;54.40;54.45;53.95;53.97;457787
FR0000125338;11/06/14;54.11;54.11;53.22;53.30;525433
FR0000125338;12/06/14;53.00;53.63;52.98;53.50;472934
FR0000125338;13/06/14;53.59;53.70;53.05;53.57;573931
FR0000125338;16/06/14;53.55;53.76;53.00;53.00;327412
FR0000125338;17/06/14;53.08;53.71;53.05;53.60;494783
FR0000125338;18/06/14;53.71;54.63;53.45;53.83;533214
FR0000125338;19/06/14;54.22;54.31;53.82;54.09;407847
FR0000125338;20/06/14;54.00;54.68;53.90;54.32;596080
FR0000125338;23/06/14;54.49;54.49;53.28;53.36;434821
FR0000125338;24/06/14;53.44;53.65;53.01;53.20;448095
FR0000125338;25/06/14;53.10;53.16;52.08;52.14;484821
FR0000125338;26/06/14;52.17;52.72;51.89;52.30;519437
FR0000125338;27/06/14;52.34;52.71;52.21;52.48;327103
FR0000125338;30/06/14;52.53;52.71;51.90;52.10;488395
FR0000125486;02/06/14;54.51;54.75;54.15;54.45;949360
FR0000125486;03/06/14;54.50;54.56;54.23;54.42;994167
FR0000125486;04/06/14;54.23;54.70;54.23;54.60;1639432
FR0000125486;05/06/14;54.60;55.53;54.39;55.37;2030323
FR0000125486;06/06/14;55.62;56.64;55.40;56.38;1819435
FR0000125486;09/06/14;56.43;56.94;56.39;56.63;702447
FR0000125486;10/06/14;56.71;56.90;56.45;56.71;1148634
FR0000125486;11/06/14;56.81;56.89;55.88;56.27;2263348
FR0000125486;12/06/14;56.51;56.94;56.27;56.46;1360695
FR0000125486;13/06/14;56.50;56.58;55.83;56.19;1182290
FR0000125486;16/06/14;56.05;56.22;55.61;55.69;1131711
FR0000125486;17/06/14;55.85;56.17;55.54;55.78;995210
FR0000125486;18/06/14;55.80;55.87;55.51;55.75;940704
FR0000125486;19/06/14;56.27;57.11;56.27;56.85;2013666
FR0000125486;20/06/14;57.02;57.36;56.25;56.25;5219269
FR0000125486;23/06/14;56.34;56.49;55.60;55.90;1097245
FR0000125486;24/06/14;56.05;56.22;55.20;55.23;1693063
FR0000125486;25/06/14;55.13;55.35;54.64;55.10;1730037
FR0000125486;26/06/14;55.40;55.66;54.61;55.10;1331735
FR0000125486;27/06/14;55.15;55.36;54.91;55.04;1029412
FR0000125486;30/06/14;55.22;55.31;54.37;54.60;1460957
FR0000127771;02/06/14;19.29;19.44;19.245;19.405;4337804
FR0000127771;03/06/14;19.41;19.465;19.225;19.265;3730566
FR0000127771;04/06/14;19.225;19.355;19.10;19.30;2851796
FR0000127771;05/06/14;19.38;19.475;19.195;19.315;5409951
FR0000127771;06/06/14;19.39;19.40;19.22;19.24;5160353
FR0000127771;09/06/14;19.255;19.315;19.065;19.255;3041780
FR0000127771;10/06/14;19.24;19.265;19.125;19.265;4002474
FR0000127771;11/06/14;19.26;19.28;19.21;19.22;4000655
FR0000127771;12/06/14;19.10;19.27;19.07;19.20;3437180
FR0000127771;13/06/14;19.195;19.245;19.14;19.20;3023346
FR0000127771;16/06/14;19.11;19.21;19.095;19.15;3722690
FR0000127771;17/06/14;19.195;19.37;19.155;19.295;3639550
FR0000127771;18/06/14;19.30;19.32;19.215;19.25;3000475
FR0000127771;19/06/14;19.40;19.445;19.27;19.33;4576289
FR0000127771;20/06/14;19.33;19.395;19.055;19.055;7220172
FR0000127771;23/06/14;19.145;19.20;18.97;19.105;3356331
FR0000127771;24/06/14;19.175;19.255;19.065;19.185;3096180
FR0000127771;25/06/14;18.25;18.43;18.13;18.21;7237541
FR0000127771;26/06/14;18.31;18.315;18.065;18.22;5085643
FR0000127771;27/06/14;18.285;18.285;18.005;18.015;4993850
FR0000127771;30/06/14;18.005;18.14;17.85;17.87;5027750
FR0000130577;02/06/14;63.39;63.59;62.74;63.26;464106
FR0000130577;03/06/14;62.00;62.30;61.28;61.49;688587
FR0000130577;04/06/14;61.15;61.27;60.46;60.94;601626
FR0000130577;05/06/14;60.97;61.27;60.52;60.68;686992
FR0000130577;06/06/14;60.96;61.23;60.66;61.00;450199
FR0000130577;09/06/14;61.18;62.10;60.91;61.82;351949
FR0000130577;10/06/14;61.72;63.18;61.72;63.05;740130
FR0000130577;11/06/14;63.14;64.05;63.07;63.85;1009511
FR0000130577;12/06/14;64.15;64.15;62.86;63.11;706468
FR0000130577;13/06/14;62.89;63.02;61.83;62.35;467391
FR0000130577;16/06/14;62.02;62.58;61.76;61.97;419584
FR0000130577;17/06/14;62.28;62.59;61.91;62.08;525202
FR0000130577;18/06/14;62.03;62.03;60.94;61.33;667495
FR0000130577;19/06/14;61.90;62.04;61.70;61.97;495927
FR0000130577;20/06/14;62.05;62.56;61.75;62.22;1214868
FR0000130577;23/06/14;62.20;62.22;61.47;61.75;641855
FR0000130577;24/06/14;61.86;62.20;61.62;61.66;460122
FR0000130577;25/06/14;61.54;61.73;61.25;61.48;615482
FR0000130577;26/06/14;61.50;61.95;61.18;61.80;485243
FR0000130577;27/06/14;62.13;62.19;61.77;62.01;413921
FR0000130577;30/06/14;62.17;62.54;61.83;61.94;414095
FR0000130809;02/06/14;42.34;42.625;41.855;42.11;3586835
FR0000130809;03/06/14;42.00;42.26;41.855;41.96;3455747
FR0000130809;04/06/14;41.655;42.10;41.25;41.965;3925644
FR0000130809;05/06/14;42.13;44.315;41.73;43.005;8369359
FR0000130809;06/06/14;43.25;44.70;43.25;44.38;6721741
FR0000130809;09/06/14;44.50;44.92;44.305;44.615;2291094
FR0000130809;10/06/14;44.495;44.84;44.12;44.315;3417125
FR0000130809;11/06/14;44.285;44.305;43.01;43.155;6333063
FR0000130809;12/06/14;43.01;43.49;42.45;42.635;3958097
FR0000130809;13/06/14;42.615;42.645;41.305;42.185;5306410
FR0000130809;16/06/14;42.00;42.085;41.36;41.65;3673674
FR0000130809;17/06/14;41.805;42.01;41.45;41.80;3257447
FR0000130809;18/06/14;41.80;41.985;41.365;41.45;2919319
FR0000130809;19/06/14;42.00;42.44;41.72;41.87;3972372
FR0000130809;20/06/14;41.80;41.995;40.85;40.87;6122950
FR0000130809;23/06/14;40.89;41.07;40.165;40.70;2783771
FR0000130809;24/06/14;41.015;41.02;40.215;40.33;3296952
FR0000130809;25/06/14;40.16;40.585;39.555;39.88;3952080
FR0000130809;26/06/14;39.925;40.09;38.92;39.35;4330898
FR0000130809;27/06/14;39.385;39.835;38.875;38.985;3877011
FR0000130809;30/06/14;39.00;39.21;38.135;38.255;5521836
FR0000131104;02/06/14;50.49;51.28;50.25;51.08;4135847
FR0000131104;03/06/14;51.00;51.32;50.85;50.91;3124869
FR0000131104;04/06/14;50.62;51.61;50.54;51.50;4586677
FR0000131104;05/06/14;51.53;52.92;51.06;51.48;7374739
FR0000131104;06/06/14;50.68;52.48;50.66;51.91;5786149
FR0000131104;09/06/14;51.95;52.57;51.84;52.32;2450846
FR0000131104;10/06/14;52.42;53.10;51.90;52.15;3999744
FR0000131104;11/06/14;52.00;52.15;51.21;51.34;4267700
FR0000131104;12/06/14;51.30;51.93;51.30;51.46;3096156
FR0000131104;13/06/14;51.48;51.64;50.45;51.50;3492103
FR0000131104;16/06/14;51.20;52.23;51.08;51.58;3812058
FR0000131104;17/06/14;51.75;52.39;51.61;52.21;3882961
FR0000131104;18/06/14;52.36;52.60;51.81;51.99;2339543
FR0000131104;19/06/14;52.50;52.63;52.09;52.19;4214567
FR0000131104;20/06/14;51.57;52.05;50.81;51.19;10578562
FR0000131104;23/06/14;51.01;51.55;50.57;50.96;3299362
FR0000131104;24/06/14;51.39;51.42;50.60;50.60;3963879
FR0000131104;25/06/14;50.63;50.74;49.355;49.73;5792044
FR0000131104;26/06/14;49.985;50.29;48.835;49.135;5254365
FR0000131104;27/06/14;49.265;49.985;49.235;49.41;4460187
FR0000131104;30/06/14;49.61;49.915;48.995;49.545;5448292
FR0000131906;02/06/14;69.98;70.50;68.68;68.88;629141
FR0000131906;03/06/14;69.00;69.11;67.90;68.69;627574
FR0000131906;04/06/14;68.77;69.00;67.85;68.85;769819
FR0000131906;05/06/14;69.08;70.86;68.30;70.50;1489846
FR0000131906;06/06/14;70.88;72.40;70.50;71.84;1273007
FR0000131906;09/06/14;71.89;72.39;70.44;70.84;655995
FR0000131906;10/06/14;70.46;70.82;69.81;70.22;655604
FR0000131906;11/06/14;70.06;70.29;69.20;69.50;656383
FR0000131906;12/06/14;69.50;70.27;69.46;69.62;625485
FR0000131906;13/06/14;69.41;69.41;67.58;68.50;1023978
FR0000131906;16/06/14;68.00;68.51;67.48;67.88;648177
FR0000131906;17/06/14;68.63;69.20;67.97;68.51;700017
FR0000131906;18/06/14;68.68;69.74;68.17;69.30;1182320
FR0000131906;19/06/14;70.17;70.60;68.70;68.70;897174
FR0000131906;20/06/14;68.68;69.53;68.09;68.25;1386052
FR0000131906;23/06/14;67.83;68.42;67.07;67.79;690612
FR0000131906;24/06/14;67.57;67.96;66.83;67.45;778051
FR0000131906;25/06/14;67.30;67.51;66.09;66.62;987485
FR0000131906;26/06/14;67.00;67.45;66.08;66.88;778914
FR0000131906;27/06/14;67.29;67.60;66.90;67.42;690955
FR0000131906;30/06/14;67.52;67.74;65.81;66.03;1107785
FR0000133308;02/06/14;11.80;12.225;11.77;12.03;13581991
FR0000133308;03/06/14;11.995;12.11;11.96;12.04;6894612
FR0000133308;04/06/14;11.965;12.06;11.81;11.945;6501885
FR0000133308;05/06/14;11.915;12.375;11.905;12.315;11564160
FR0000133308;06/06/14;12.39;12.63;12.355;12.59;11488952
FR0000133308;09/06/14;12.56;12.85;12.525;12.81;9188345
FR0000133308;10/06/14;12.695;12.71;12.475;12.63;9778545
FR0000133308;11/06/14;12.55;12.62;12.10;12.215;17278883
FR0000133308;12/06/14;12.35;12.445;12.215;12.375;14333349
FR0000133308;13/06/14;12.365;12.425;12.255;12.375;6025230
FR0000133308;16/06/14;12.25;12.33;12.135;12.16;7640300
FR0000133308;17/06/14;12.15;12.27;12.14;12.22;6055128
FR0000133308;18/06/14;12.175;12.32;12.16;12.26;6056598
FR0000133308;19/06/14;12.40;12.40;12.18;12.215;9907413
FR0000133308;20/06/14;12.14;12.195;11.83;11.84;22767873
FR0000133308;23/06/14;11.80;11.835;11.59;11.745;9394266
FR0000133308;24/06/14;11.76;11.875;11.69;11.78;6226197
FR0000133308;25/06/14;11.745;11.825;11.64;11.68;8135303
FR0000133308;26/06/14;11.67;11.84;11.67;11.715;7782232
FR0000133308;27/06/14;11.705;11.74;11.52;11.57;5986854
FR0000133308;30/06/14;11.555;11.67;11.47;11.525;4513477
FR0010208488;02/06/14;20.565;20.625;20.395;20.49;3975421
FR0010208488;03/06/14;20.54;20.92;20.49;20.575;5261369
FR0010208488;04/06/14;20.60;20.695;20.47;20.525;3645227
FR0010208488;05/06/14;20.50;20.925;20.405;20.86;6497812
FR0010208488;06/06/14;20.95;21.00;20.77;20.97;5036064
FR0010208488;09/06/14;21.00;21.17;20.89;20.95;3181993
FR0010208488;10/06/14;20.975;21.17;20.92;21.09;3687556
FR0010208488;11/06/14;21.10;21.19;20.64;20.795;5585196
FR0010208488;12/06/14;20.63;20.71;20.495;20.525;5988710
FR0010208488;13/06/14;20.40;20.82;20.235;20.71;4696394
FR0010208488;16/06/14;20.59;20.705;20.54;20.585;3695375
FR0010208488;17/06/14;20.655;20.73;20.57;20.645;3517247
FR0010208488;18/06/14;20.685;20.935;20.655;20.815;3445374
FR0010208488;19/06/14;21.01;21.04;20.785;20.88;5674515
FR0010208488;20/06/14;20.90;20.90;20.495;20.59;9187228
FR0010208488;23/06/14;20.535;20.675;20.38;20.55;3439000
FR0010208488;24/06/14;20.615;20.89;20.615;20.81;4160413
FR0010208488;25/06/14;20.25;20.41;20.16;20.325;9412726
FR0010208488;26/06/14;20.425;20.49;20.185;20.255;7090480
FR0010208488;27/06/14;20.315;20.395;20.205;20.255;5679936
FR0010208488;30/06/14;20.245;20.31;19.98;20.105;5590211
FR0010307819;02/06/14;46.675;46.79;46.335;46.595;267610
FR0010307819;03/06/14;46.63;46.875;46.50;46.625;433887
FR0010307819;04/06/14;46.65;46.89;46.385;46.675;447349
FR0010307819;05/06/14;46.595;47.22;46.465;47.095;516618
FR0010307819;06/06/14;47.155;47.175;46.77;46.995;492557
FR0010307819;09/06/14;46.945;47.175;46.88;47.035;241756
FR0010307819;10/06/14;46.49;46.695;45.97;46.155;851343
FR0010307819;11/06/14;46.125;46.195;45.435;45.665;868350
FR0010307819;12/06/14;45.50;45.595;45.15;45.415;806246
FR0010307819;13/06/14;45.18;45.30;44.855;45.15;661472
FR0010307819;16/06/14;45.015;45.44;45.00;45.195;577588
FR0010307819;17/06/14;45.20;45.775;45.12;45.615;433118
FR0010307819;18/06/14;45.59;45.72;45.42;45.625;390764
FR0010307819;19/06/14;45.80;46.155;45.795;45.975;340019
FR0010307819;20/06/14;45.88;46.18;45.805;45.805;703790
FR0010307819;23/06/14;45.87;45.87;44.82;44.86;636002
FR0010307819;24/06/14;45.00;45.10;44.595;44.595;534773
FR0010307819;25/06/14;44.495;44.495;43.70;43.85;698178
FR0010307819;26/06/14;43.925;44.065;43.79;44.065;606907
FR0010307819;27/06/14;44.08;45.015;44.08;44.955;931483
FR0010307819;30/06/14;45.00;45.20;44.63;44.685;622061
FR0013176526;02/06/14;33.0467;33.3333;32.94;33.3133;686418
FR0013176526;03/06/14;33.3333;33.3333;32.72;33.05;548664
FR0013176526;04/06/14;33.1867;33.2433;32.5333;32.9167;823371
FR0013176526;05/06/14;33.03;33.9667;32.86;33.8833;997242
FR0013176526;06/06/14;34.6667;35.2667;34.40;35.1833;1437735
FR0013176526;09/06/14;35.3167;35.3333;34.60;35.05;415029
FR0013176526;10/06/14;35.00;35.1333;34.6667;34.80;484014
FR0013176526;11/06/14;34.55;34.75;34.0667;34.2667;843720
FR0013176526;12/06/14;34.1667;34.8667;34.1667;34.3333;484320
FR0013176526;13/06/14;34.30;34.30;33.6667;34.0833;579639
FR0013176526;16/06/14;34.0167;34.3333;33.55;34.0333;641391
FR0013176526;17/06/14;34.2333;34.70;34.20;34.60;673233
FR0013176526;18/06/14;34.7667;34.8667;34.3333;34.6833;612954
FR0013176526;19/06/14;35.0167;35.0667;34.3667;34.5167;863337
FR0013176526;20/06/14;34.5167;34.6833;33.5667;33.5667;5516730
FR0013176526;23/06/14;33.7333;34.10;33.03;33.1633;1866777
FR0013176526;24/06/14;33.2133;33.5333;32.8233;32.8333;1173057
FR0013176526;25/06/14;32.6667;32.8967;32.3433;32.7833;1013742
FR0013176526;26/06/14;32.98;33.1133;32.60;32.9667;836370
FR0013176526;27/06/14;33.1867;33.5167;32.9033;33.2267;779784
FR0013176526;30/06/14;33.26;33.45;32.6067;32.6967;927018
GB00BDSFG982;02/06/14;39.475;39.60;39.06;39.15;708474
GB00BDSFG982;03/06/14;39.195;39.335;38.755;38.915;631192
GB00BDSFG982;04/06/14;38.81;39.28;38.795;39.24;847550
GB00BDSFG982;05/06/14;39.225;39.48;38.89;39.35;901530
GB00BDSFG982;06/06/14;39.285;39.335;38.905;39.27;563922
GB00BDSFG982;09/06/14;39.34;39.87;39.18;39.735;559590
GB00BDSFG982;10/06/14;39.715;40.075;39.575;39.895;644808
GB00BDSFG982;11/06/14;39.70;39.70;38.65;38.70;1548096
GB00BDSFG982;12/06/14;38.65;38.90;38.60;38.75;1110760
GB00BDSFG982;13/06/14;38.78;39.33;38.75;39.25;1746090
GB00BDSFG982;16/06/14;39.14;39.815;39.10;39.395;1068254
GB00BDSFG982;17/06/14;39.65;39.725;39.075;39.35;867998
GB00BDSFG982;18/06/14;39.42;39.495;39.185;39.27;551220
GB00BDSFG982;19/06/14;39.49;40.255;39.225;40.255;970894
GB00BDSFG982;20/06/14;40.10;40.31;40.02;40.185;1029870
GB00BDSFG982;23/06/14;40.245;40.25;39.02;39.30;1063398
GB00BDSFG982;24/06/14;39.605;39.93;39.49;39.68;591634
GB00BDSFG982;25/06/14;39.955;39.98;39.165;39.305;838868
GB00BDSFG982;26/06/14;39.57;40.055;39.315;40.03;880470
GB00BDSFG982;27/06/14;40.055;40.25;39.76;39.95;758874
GB00BDSFG982;30/06/14;40.015;40.30;39.88;39.945;758114
LU1598757687;02/06/14;33.48;33.72;33.345;33.585;2115408
LU1598757687;03/06/14;33.57;33.585;33.15;33.285;2253795
LU1598757687;04/06/14;33.165;33.465;32.925;33.15;3464961
LU1598757687;05/06/14;33.105;33.66;32.91;33.255;3924636
LU1598757687;06/06/14;33.48;33.975;33.39;33.735;2787649
LU1598757687;09/06/14;33.975;34.365;33.90;34.215;1868402
LU1598757687;10/06/14;34.095;34.29;33.84;33.99;2420732
LU1598757687;11/06/14;33.90;34.065;33.66;33.855;2361263
LU1598757687;12/06/14;33.96;33.975;33.51;33.585;2151857
LU1598757687;13/06/14;33.48;33.705;32.985;33.15;2932654
LU1598757687;16/06/14;33.18;33.66;32.73;32.76;3354501
LU1598757687;17/06/14;33.09;33.18;32.46;33.135;3530871
LU1598757687;18/06/14;33.345;33.405;33.09;33.345;1988280
LU1598757687;19/06/14;33.60;33.72;33.255;33.36;2110420
LU1598757687;20/06/14;33.42;33.615;33.06;33.225;3584749
LU1598757687;23/06/14;33.39;33.615;33.21;33.45;2000727
LU1598757687;24/06/14;33.51;33.615;33.225;33.495;1707121
LU1598757687;25/06/14;33.36;33.405;32.46;32.73;3537728
LU1598757687;26/06/14;32.88;32.985;32.58;32.655;2392934
LU1598757687;27/06/14;32.655;32.73;32.37;32.55;2357098
LU1598757687;30/06/14;32.55;32.715;32.355;32.49;2092894
NL0000226223;02/06/14;7.19;7.29;7.112;7.164;2758804
NL0000226223;03/06/14;7.133;7.17;7.07;7.09;1812598
NL0000226223;04/06/14;7.101;7.121;7.039;7.084;1405938
NL0000226223;05/06/14;7.06;7.148;7.056;7.095;1428816
NL0000226223;06/06/14;7.117;7.142;7.072;7.089;1492810
NL0000226223;09/06/14;7.065;7.126;7.063;7.125;929183
NL0000226223;10/06/14;7.112;7.255;7.112;7.24;2295014
NL0000226223;11/06/14;7.24;7.261;7.125;7.141;1452311
NL0000226223;12/06/14;7.175;7.212;7.078;7.11;1932947
NL0000226223;13/06/14;7.12;7.19;7.041;7.11;2195296
NL0000226223;16/06/14;7.097;7.119;7.04;7.041;1411932
NL0000226223;17/06/14;7.07;7.173;7.07;7.156;1884447
NL0000226223;18/06/14;7.167;7.19;7.01;7.035;1570260
NL0000226223;19/06/14;7.053;7.091;6.984;7.01;1243834
NL0000226223;20/06/14;7.028;7.035;6.907;6.913;2202812
NL0000226223;23/06/14;6.87;6.93;6.823;6.847;1627378
NL0000226223;24/06/14;6.859;6.872;6.712;6.844;1744513
NL0000226223;25/06/14;6.805;6.877;6.739;6.774;1514222
NL0000226223;26/06/14;6.81;6.923;6.624;6.64;4084928
NL0000226223;27/06/14;6.64;6.658;6.51;6.615;1883098
NL0000226223;30/06/14;6.588;6.659;6.503;6.552;2042122
NL0000235190;02/06/14;53.41;53.48;52.98;53.29;2528213
NL0000235190;03/06/14;53.35;53.41;52.55;52.68;1271265
NL0000235190;04/06/14;52.50;52.85;52.05;52.55;1233307
NL0000235190;05/06/14;52.55;53.80;52.27;53.48;2800867
NL0000235190;06/06/14;53.58;53.96;53.13;53.69;2038708
NL0000235190;09/06/14;53.92;53.97;53.05;53.22;1002275
NL0000235190;10/06/14;53.20;53.97;53.03;53.87;1703527
NL0000235190;11/06/14;51.90;52.64;51.53;52.21;5042034
NL0000235190;12/06/14;51.95;52.26;51.45;51.84;1860227
NL0000235190;13/06/14;51.86;51.88;50.94;51.28;1941607
NL0000235190;16/06/14;51.22;51.67;50.52;50.54;1969334
NL0000235190;17/06/14;50.91;51.27;50.50;50.74;2055893
NL0000235190;18/06/14;50.74;50.93;49.975;50.12;1912650
NL0000235190;19/06/14;50.75;50.88;50.43;50.60;2476200
NL0000235190;20/06/14;50.50;51.05;50.19;50.19;3209837
NL0000235190;23/06/14;50.11;50.25;49.10;49.355;2817163
NL0000235190;24/06/14;49.805;49.99;49.00;49.00;2012805
NL0000235190;25/06/14;48.945;49.35;48.55;49.05;2612707
NL0000235190;26/06/14;49.25;49.33;48.11;48.535;2534982
NL0000235190;27/06/14;48.80;49.43;48.65;49.29;1779301
NL0000235190;30/06/14;49.17;49.51;48.595;48.94;2463550
