BE0003470755;01/02/16;76.80;77.25;74.30;75.00;569067
BE0003470755;02/02/16;74.95;75.07;71.15;71.84;658704
BE0003470755;03/02/16;71.51;73.23;70.91;71.94;520136
BE0003470755;04/02/16;73.03;75.00;72.02;74.20;623139
BE0003470755;05/02/16;74.35;76.97;73.59;75.46;811434
BE0003470755;08/02/16;76.12;76.95;71.54;71.79;543057
BE0003470755;09/02/16;71.70;74.20;70.52;71.76;889722
BE0003470755;10/02/16;72.79;75.25;71.90;74.19;514890
BE0003470755;11/02/16;73.54;73.54;70.52;71.86;598748
BE0003470755;12/02/16;72.73;74.50;72.13;74.50;453323
BE0003470755;15/02/16;76.46;78.44;75.51;77.26;506993
BE0003470755;16/02/16;78.14;78.44;75.68;76.25;418961
BE0003470755;17/02/16;76.67;80.75;76.18;80.36;537967
BE0003470755;18/02/16;81.08;81.60;79.20;80.82;471501
BE0003470755;19/02/16;80.80;81.48;79.10;80.01;377471
BE0003470755;22/02/16;80.95;81.36;80.18;81.11;355018
BE0003470755;23/02/16;80.78;82.61;80.02;80.75;562969
BE0003470755;24/02/16;80.70;80.80;76.89;77.91;747580
BE0003470755;25/02/16;80.61;84.27;80.60;82.30;873964
BE0003470755;26/02/16;83.81;85.12;83.06;84.50;439789
BE0003470755;29/02/16;84.50;85.55;83.24;85.49;389547
CH0012214059;01/02/16;39.06;39.06;37.565;37.895;311619
CH0012214059;02/02/16;37.825;37.835;35.95;36.275;366249
CH0012214059;03/02/16;36.14;36.605;35.295;35.64;620195
CH0012214059;04/02/16;33.655;35.10;33.00;34.755;965641
CH0012214059;05/02/16;34.77;35.84;33.995;35.04;1211094
CH0012214059;08/02/16;35.245;35.535;32.485;32.485;609159
CH0012214059;09/02/16;32.70;33.075;30.33;30.955;777743
CH0012214059;10/02/16;31.395;33.10;31.10;32.815;541868
CH0012214059;11/02/16;32.475;32.475;30.58;30.725;417363
CH0012214059;12/02/16;31.19;32.26;30.935;32.26;438889
CH0012214059;15/02/16;33.35;34.075;32.835;33.51;384572
CH0012214059;16/02/16;33.725;33.98;32.51;32.925;302361
CH0012214059;17/02/16;33.18;35.155;33.175;34.825;462741
CH0012214059;18/02/16;35.155;35.22;34.385;34.80;297363
CH0012214059;19/02/16;34.79;34.91;33.88;34.495;319545
CH0012214059;22/02/16;34.91;35.585;34.89;35.46;279170
CH0012214059;23/02/16;35.185;35.325;34.30;34.30;260723
CH0012214059;24/02/16;34.465;34.70;32.50;32.915;484926
CH0012214059;25/02/16;33.30;34.40;33.275;34.375;250892
CH0012214059;26/02/16;34.66;36.20;34.66;36.16;371909
CH0012214059;29/02/16;35.80;36.655;35.02;36.655;261810
FR0000045072;01/02/16;9.24;9.325;9.003;9.105;5567156
FR0000045072;02/02/16;9.059;9.092;8.586;8.653;10402898
FR0000045072;03/02/16;8.60;8.609;8.184;8.355;12945614
FR0000045072;04/02/16;8.474;8.681;8.265;8.61;9475186
FR0000045072;05/02/16;8.663;8.809;8.49;8.644;10883655
FR0000045072;08/02/16;8.741;8.751;8.13;8.212;7740922
FR0000045072;09/02/16;8.176;8.30;7.69;7.839;12385695
FR0000045072;10/02/16;7.92;8.36;7.871;8.209;9559327
FR0000045072;11/02/16;8.069;8.069;7.591;7.667;11786746
FR0000045072;12/02/16;7.836;7.993;7.668;7.993;10687896
FR0000045072;15/02/16;8.243;8.45;8.15;8.354;10088114
FR0000045072;16/02/16;8.469;8.494;8.224;8.384;8841360
FR0000045072;17/02/16;8.86;9.725;8.685;9.55;23771627
FR0000045072;18/02/16;9.75;9.75;9.237;9.32;12273115
FR0000045072;19/02/16;9.241;9.414;9.03;9.201;10581113
FR0000045072;22/02/16;9.298;9.395;9.205;9.364;7668535
FR0000045072;23/02/16;9.324;9.56;9.196;9.196;8199348
FR0000045072;24/02/16;9.157;9.176;8.84;8.922;9011157
FR0000045072;25/02/16;9.022;9.178;9.003;9.088;6881460
FR0000045072;26/02/16;9.171;9.456;9.151;9.428;7436043
FR0000045072;29/02/16;9.334;9.598;9.274;9.586;5730642
FR0000051732;01/02/16;73.10;73.34;71.80;72.40;372943
FR0000051732;02/02/16;72.36;72.92;70.90;71.63;333776
FR0000051732;03/02/16;70.35;70.50;68.54;68.94;688756
FR0000051732;04/02/16;69.80;69.81;67.40;68.96;571124
FR0000051732;05/02/16;69.21;69.56;66.99;67.15;367278
FR0000051732;08/02/16;67.48;67.48;63.35;63.71;565139
FR0000051732;09/02/16;63.45;65.08;62.50;64.68;612559
FR0000051732;10/02/16;64.83;66.95;64.37;66.12;467843
FR0000051732;11/02/16;65.40;65.40;62.66;62.66;534998
FR0000051732;12/02/16;63.57;63.57;62.32;62.90;485125
FR0000051732;15/02/16;64.63;64.72;63.59;63.82;373485
FR0000051732;16/02/16;64.25;64.36;62.60;63.23;513973
FR0000051732;17/02/16;63.55;64.94;63.55;64.72;374902
FR0000051732;18/02/16;65.75;65.79;64.03;64.94;513770
FR0000051732;19/02/16;64.90;65.54;64.64;65.31;371732
FR0000051732;22/02/16;65.94;66.68;65.15;65.61;339399
FR0000051732;23/02/16;65.38;65.62;64.39;64.50;376596
FR0000051732;24/02/16;67.90;68.22;66.13;66.50;820521
FR0000051732;25/02/16;67.21;67.39;65.00;66.00;608427
FR0000051732;26/02/16;66.75;67.49;66.16;67.05;445842
FR0000051732;29/02/16;67.00;67.74;66.33;67.25;322048
FR0000073272;01/02/16;59.65;59.69;57.73;58.30;1346701
FR0000073272;02/02/16;58.20;58.20;55.35;55.84;1560783
FR0000073272;03/02/16;55.94;56.23;54.56;55.21;2031216
FR0000073272;04/02/16;56.01;56.08;54.00;54.75;1686913
FR0000073272;05/02/16;54.79;55.54;54.16;54.31;1919484
FR0000073272;08/02/16;53.95;54.30;50.11;51.14;3207567
FR0000073272;09/02/16;50.93;51.60;50.15;51.04;2422836
FR0000073272;10/02/16;51.50;52.24;50.80;51.10;1668943
FR0000073272;11/02/16;50.46;50.46;48.865;49.145;2173498
FR0000073272;12/02/16;49.445;50.51;49.29;50.51;2172010
FR0000073272;15/02/16;51.47;52.53;51.19;52.16;1141687
FR0000073272;16/02/16;52.75;52.75;51.79;52.30;1279791
FR0000073272;17/02/16;52.24;53.72;52.00;53.63;1424167
FR0000073272;18/02/16;54.12;54.74;53.61;54.50;1477174
FR0000073272;19/02/16;54.37;54.63;53.36;53.95;1089697
FR0000073272;22/02/16;54.29;55.26;54.29;54.95;859422
FR0000073272;23/02/16;54.64;55.90;54.45;55.40;1250211
FR0000073272;24/02/16;55.47;55.93;54.50;54.76;1416665
FR0000073272;25/02/16;54.50;54.75;51.84;54.13;2537832
FR0000073272;26/02/16;54.75;56.96;54.58;56.04;1521795
FR0000073272;29/02/16;55.55;57.31;55.19;57.31;1296976
FR0000120073;01/02/16;87.1182;87.1818;85.5091;86.2364;1498681
FR0000120073;02/02/16;85.90;86.2091;84.6364;85.4727;1351358
FR0000120073;03/02/16;85.3818;86.4091;84.8909;85.9727;1827457
FR0000120073;04/02/16;87.0455;87.0636;84.9636;86.6727;1739892
FR0000120073;05/02/16;86.90;87.7909;86.2727;86.6636;1660752
FR0000120073;08/02/16;87.1273;87.2273;83.5182;84.00;1503999
FR0000120073;09/02/16;83.9818;85.4182;82.7364;84.6818;2264788
FR0000120073;10/02/16;85.6909;87.0727;84.7091;86.0546;1448874
FR0000120073;11/02/16;85.0727;85.0727;83.1546;84.0727;1946007
FR0000120073;12/02/16;85.2091;85.5455;84.0909;85.3182;1719752
FR0000120073;15/02/16;86.7091;88.1727;86.3364;87.7273;1371264
FR0000120073;16/02/16;88.1273;88.4091;82.6727;83.4818;2265380
FR0000120073;17/02/16;83.5182;85.30;82.7909;85.1636;1613852
FR0000120073;18/02/16;85.7273;86.3182;84.3727;85.60;1286519
FR0000120073;19/02/16;85.4909;86.5273;85.4818;86.4909;1359257
FR0000120073;22/02/16;87.2818;88.1091;86.7091;87.8909;1114029
FR0000120073;23/02/16;87.20;87.20;85.7909;85.8546;820030
FR0000120073;24/02/16;85.7909;85.8546;83.5636;84.40;1191329
FR0000120073;25/02/16;85.4818;86.0273;84.6182;85.4364;976123
FR0000120073;26/02/16;86.2182;88.0909;86.1636;87.2091;1077055
FR0000120073;29/02/16;86.3636;87.4545;85.8364;87.4364;881741
FR0000120172;01/02/16;26.35;26.545;26.09;26.495;4611856
FR0000120172;02/02/16;26.50;26.56;26.095;26.27;5441821
FR0000120172;03/02/16;26.13;26.23;24.99;25.145;5563228
FR0000120172;04/02/16;25.445;25.50;24.685;24.92;4695877
FR0000120172;05/02/16;24.89;25.20;24.67;24.765;3079838
FR0000120172;08/02/16;24.875;25.005;24.08;24.24;3620666
FR0000120172;09/02/16;24.235;24.485;23.305;23.53;4958361
FR0000120172;10/02/16;23.675;24.05;23.26;23.625;3101955
FR0000120172;11/02/16;23.315;23.33;22.255;22.295;5673420
FR0000120172;12/02/16;22.54;22.765;22.39;22.63;3675850
FR0000120172;15/02/16;22.91;23.645;22.71;23.38;4673752
FR0000120172;16/02/16;23.575;23.67;23.08;23.29;2824744
FR0000120172;17/02/16;23.32;23.955;23.285;23.785;2749692
FR0000120172;18/02/16;23.955;24.10;23.65;23.785;2410195
FR0000120172;19/02/16;23.84;23.85;23.33;23.52;2354301
FR0000120172;22/02/16;23.69;24.225;23.625;24.09;2852364
FR0000120172;23/02/16;23.97;24.005;23.665;23.695;2133299
FR0000120172;24/02/16;23.78;23.86;22.815;23.05;4446583
FR0000120172;25/02/16;23.405;23.55;23.28;23.395;2919775
FR0000120172;26/02/16;23.71;24.62;23.70;24.23;4017551
FR0000120172;29/02/16;24.12;24.395;23.765;24.395;3114310
FR0000120271;01/02/16;41.185;41.36;39.575;40.00;6699838
FR0000120271;02/02/16;39.275;39.50;37.68;38.205;9563952
FR0000120271;03/02/16;38.17;38.68;37.45;38.42;8691228
FR0000120271;04/02/16;39.19;39.865;38.69;39.235;10169686
FR0000120271;05/02/16;39.29;39.64;38.72;38.905;8071172
FR0000120271;08/02/16;39.165;39.245;37.53;38.17;10542278
FR0000120271;09/02/16;38.225;38.60;36.675;36.805;11507577
FR0000120271;10/02/16;37.065;37.505;36.29;36.52;10030947
FR0000120271;11/02/16;36.52;36.615;35.21;35.325;10755011
FR0000120271;12/02/16;36.35;38.00;36.205;38.00;15767708
FR0000120271;15/02/16;39.155;39.66;38.61;38.625;11432287
FR0000120271;16/02/16;40.02;40.20;38.38;38.775;12226371
FR0000120271;17/02/16;37.755;39.345;37.645;39.345;13655690
FR0000120271;18/02/16;39.50;40.10;39.21;39.55;10266123
FR0000120271;19/02/16;39.515;39.915;39.20;39.74;9990713
FR0000120271;22/02/16;40.11;40.895;40.11;40.83;7145166
FR0000120271;23/02/16;40.17;40.915;39.655;39.82;7442213
FR0000120271;24/02/16;39.49;39.60;38.395;39.135;8791958
FR0000120271;25/02/16;39.73;40.40;39.415;39.87;7678999
FR0000120271;26/02/16;40.30;41.395;40.27;40.835;7735892
FR0000120271;29/02/16;40.48;41.39;40.24;41.375;8546865
FR0000120321;01/02/16;158.20;158.25;155.95;157.45;497793
FR0000120321;02/02/16;157.00;157.30;155.05;156.40;509691
FR0000120321;03/02/16;156.75;157.05;153.20;154.10;711570
FR0000120321;04/02/16;155.50;155.65;153.00;154.00;1075554
FR0000120321;05/02/16;154.00;155.60;152.45;153.20;745292
FR0000120321;08/02/16;154.00;154.00;149.25;150.05;895232
FR0000120321;09/02/16;151.15;152.35;147.10;147.95;1133285
FR0000120321;10/02/16;149.35;152.85;147.65;151.00;1016077
FR0000120321;11/02/16;148.50;148.70;146.20;146.70;1026387
FR0000120321;12/02/16;151.10;151.50;148.20;150.15;1614541
FR0000120321;15/02/16;152.05;154.25;150.75;153.65;1014038
FR0000120321;16/02/16;154.25;156.70;153.65;154.35;921568
FR0000120321;17/02/16;154.60;155.75;154.30;155.05;1132941
FR0000120321;18/02/16;155.85;155.85;153.25;153.55;1173985
FR0000120321;19/02/16;153.55;154.65;152.45;154.65;936454
FR0000120321;22/02/16;155.45;157.90;155.45;157.10;661644
FR0000120321;23/02/16;156.00;157.60;155.45;156.60;651036
FR0000120321;24/02/16;156.90;156.95;153.10;154.25;795582
FR0000120321;25/02/16;155.75;158.15;155.35;156.85;617380
FR0000120321;26/02/16;158.45;160.40;156.65;156.65;724828
FR0000120321;29/02/16;155.10;156.30;152.85;156.00;980748
FR0000120404;01/02/16;35.07;35.79;34.965;35.285;1838234
FR0000120404;02/02/16;35.18;35.48;33.675;34.11;1652845
FR0000120404;03/02/16;34.015;34.105;33.00;33.275;2024599
FR0000120404;04/02/16;33.90;33.975;32.675;33.175;2248431
FR0000120404;05/02/16;33.275;33.88;33.195;33.335;2356975
FR0000120404;08/02/16;33.40;33.44;31.00;31.155;2567688
FR0000120404;09/02/16;31.025;31.455;29.975;30.995;3077270
FR0000120404;10/02/16;31.30;32.60;30.825;31.97;2428404
FR0000120404;11/02/16;31.66;31.66;29.96;29.96;2297050
FR0000120404;12/02/16;30.315;31.08;30.285;31.00;1687944
FR0000120404;15/02/16;31.77;32.45;31.57;32.115;1533552
FR0000120404;16/02/16;32.485;33.155;32.285;32.68;2677377
FR0000120404;17/02/16;32.80;34.66;32.795;34.46;2591634
FR0000120404;18/02/16;34.995;36.42;34.765;35.40;2845023
FR0000120404;19/02/16;35.13;35.75;34.95;35.625;2293545
FR0000120404;22/02/16;36.00;36.47;35.655;36.47;2304060
FR0000120404;23/02/16;36.12;36.505;35.69;35.805;2841528
FR0000120404;24/02/16;35.84;35.93;34.685;35.315;2513491
FR0000120404;25/02/16;35.725;36.71;35.615;36.625;2416141
FR0000120404;26/02/16;37.00;37.90;36.915;37.90;2524438
FR0000120404;29/02/16;37.565;39.15;37.38;39.15;2547093
FR0000120503;01/02/16;36.10;36.11;35.50;36.05;880176
FR0000120503;02/02/16;36.05;36.07;35.225;35.345;636104
FR0000120503;03/02/16;35.335;35.365;34.22;34.50;1250143
FR0000120503;04/02/16;34.97;34.97;34.08;34.415;1137303
FR0000120503;05/02/16;34.485;34.785;34.05;34.15;953066
FR0000120503;08/02/16;34.345;34.385;32.235;32.32;1621385
FR0000120503;09/02/16;32.21;32.44;31.34;32.20;2068597
FR0000120503;10/02/16;32.425;32.875;32.00;32.41;1098089
FR0000120503;11/02/16;32.20;32.22;31.295;31.295;1529666
FR0000120503;12/02/16;31.58;32.01;31.385;32.01;844315
FR0000120503;15/02/16;32.79;34.30;32.67;34.18;1657281
FR0000120503;16/02/16;34.34;34.525;33.435;33.715;1158727
FR0000120503;17/02/16;33.645;34.685;33.645;34.685;745780
FR0000120503;18/02/16;34.74;35.325;34.53;35.065;1014599
FR0000120503;19/02/16;34.905;35.13;34.295;34.595;784738
FR0000120503;22/02/16;34.905;35.23;34.695;34.81;812123
FR0000120503;23/02/16;34.65;35.065;34.63;34.635;642264
FR0000120503;24/02/16;35.15;35.235;34.39;34.675;928217
FR0000120503;25/02/16;34.825;35.775;34.825;35.62;1171276
FR0000120503;26/02/16;35.90;36.145;35.635;35.74;1048542
FR0000120503;29/02/16;35.66;36.065;35.32;36.065;1162750
FR0000120578;01/02/16;76.84;77.11;76.04;76.75;2895875
FR0000120578;02/02/16;76.18;76.52;74.65;75.27;3597230
FR0000120578;03/02/16;73.80;74.45;72.70;73.48;4242850
FR0000120578;04/02/16;74.11;74.28;71.83;72.39;4150251
FR0000120578;05/02/16;72.08;72.59;71.49;71.70;4742361
FR0000120578;08/02/16;71.60;72.08;69.85;69.91;4976208
FR0000120578;09/02/16;71.31;71.50;67.83;68.94;5709276
FR0000120578;10/02/16;68.36;69.53;67.24;68.71;4229943
FR0000120578;11/02/16;67.85;68.19;66.44;67.27;4665923
FR0000120578;12/02/16;67.87;68.80;67.56;68.80;3637840
FR0000120578;15/02/16;69.80;70.71;69.42;69.79;2599616
FR0000120578;16/02/16;70.11;70.29;69.03;69.45;2900797
FR0000120578;17/02/16;69.85;71.07;69.53;70.86;3412263
FR0000120578;18/02/16;71.68;71.74;70.80;71.09;3279593
FR0000120578;19/02/16;70.86;71.24;69.75;70.35;3054685
FR0000120578;22/02/16;70.79;71.68;70.76;71.18;2010005
FR0000120578;23/02/16;70.54;70.98;70.23;70.50;2163708
FR0000120578;24/02/16;70.40;70.41;68.36;69.30;3278159
FR0000120578;25/02/16;70.46;72.14;70.39;72.09;3333272
FR0000120578;26/02/16;73.41;74.35;73.02;73.70;3965715
FR0000120578;29/02/16;73.17;73.19;71.97;73.19;3652069
FR0000120628;01/02/16;22.85;22.935;22.255;22.515;6539539
FR0000120628;02/02/16;22.35;22.455;21.785;21.97;9446395
FR0000120628;03/02/16;21.905;21.96;20.835;20.89;14379587
FR0000120628;04/02/16;21.145;21.275;20.65;20.905;8283458
FR0000120628;05/02/16;20.965;20.995;20.27;20.33;9384172
FR0000120628;08/02/16;20.42;20.60;19.505;19.585;10933447
FR0000120628;09/02/16;19.50;19.825;18.80;19.035;15482234
FR0000120628;10/02/16;19.22;20.675;19.105;20.30;15008230
FR0000120628;11/02/16;19.965;19.965;18.855;18.885;13450977
FR0000120628;12/02/16;19.175;19.365;18.975;19.35;9813393
FR0000120628;15/02/16;20.13;20.375;19.81;20.15;7946969
FR0000120628;16/02/16;20.35;20.35;19.85;20.02;6210355
FR0000120628;17/02/16;20.025;20.89;19.92;20.83;8522837
FR0000120628;18/02/16;21.00;21.065;20.60;20.805;6432594
FR0000120628;19/02/16;20.72;20.845;20.12;20.40;7141123
FR0000120628;22/02/16;20.545;20.925;20.535;20.77;5374747
FR0000120628;23/02/16;20.625;20.835;20.235;20.27;6197567
FR0000120628;24/02/16;20.13;20.19;19.38;19.50;10126648
FR0000120628;25/02/16;20.06;20.29;19.635;19.735;8201112
FR0000120628;26/02/16;20.08;20.49;19.99;20.31;8212010
FR0000120628;29/02/16;20.18;20.315;19.945;20.295;7516562
FR0000120644;01/02/16;63.71;63.73;62.97;63.35;1315834
FR0000120644;02/02/16;63.25;63.60;62.80;63.22;1649826
FR0000120644;03/02/16;63.30;63.30;61.81;62.17;1941246
FR0000120644;04/02/16;62.66;62.75;61.33;61.75;2058286
FR0000120644;05/02/16;61.51;62.09;60.52;60.76;2209153
FR0000120644;08/02/16;60.72;60.77;59.68;60.25;2563466
FR0000120644;09/02/16;60.35;60.64;59.16;59.58;2967167
FR0000120644;10/02/16;60.05;60.52;59.33;59.33;2084351
FR0000120644;11/02/16;58.63;58.72;57.59;58.14;2322043
FR0000120644;12/02/16;58.44;59.07;58.12;58.60;2196874
FR0000120644;15/02/16;59.29;60.57;58.97;60.03;1190988
FR0000120644;16/02/16;60.32;60.75;59.60;59.96;1186611
FR0000120644;17/02/16;59.93;60.92;59.85;60.75;1471684
FR0000120644;18/02/16;60.69;60.91;60.24;60.44;1597496
FR0000120644;19/02/16;60.44;60.73;59.89;60.35;1637044
FR0000120644;22/02/16;60.75;61.19;60.59;60.91;1734396
FR0000120644;23/02/16;62.63;63.95;61.60;63.37;3027779
FR0000120644;24/02/16;64.00;64.00;62.00;62.64;2656234
FR0000120644;25/02/16;63.89;64.30;63.12;64.07;2091874
FR0000120644;26/02/16;64.52;64.90;63.49;63.54;1760988
FR0000120644;29/02/16;63.17;64.32;62.78;64.23;1791154
FR0000120693;01/02/16;108.00;108.85;107.45;108.70;517610
FR0000120693;02/02/16;108.55;108.65;106.65;107.05;504668
FR0000120693;03/02/16;107.30;107.75;105.45;105.95;548146
FR0000120693;04/02/16;106.70;106.75;103.45;103.90;586088
FR0000120693;05/02/16;103.45;104.00;100.85;101.10;724552
FR0000120693;08/02/16;102.00;102.00;99.56;100.30;660107
FR0000120693;09/02/16;100.30;100.80;97.58;98.26;951299
FR0000120693;10/02/16;98.26;100.65;97.81;99.58;709400
FR0000120693;11/02/16;97.32;97.32;92.20;92.89;1446610
FR0000120693;12/02/16;92.77;93.78;92.27;93.31;975113
FR0000120693;15/02/16;95.31;96.23;94.08;95.49;653763
FR0000120693;16/02/16;95.87;95.87;93.34;93.98;869421
FR0000120693;17/02/16;94.17;96.89;94.15;96.80;756594
FR0000120693;18/02/16;96.97;97.16;96.27;96.61;514365
FR0000120693;19/02/16;96.31;97.07;96.16;96.80;481549
FR0000120693;22/02/16;98.00;98.82;97.50;98.53;600028
FR0000120693;23/02/16;98.08;99.74;97.82;98.89;588101
FR0000120693;24/02/16;98.95;98.95;96.77;97.07;837619
FR0000120693;25/02/16;98.39;98.95;97.74;98.28;351662
FR0000120693;26/02/16;99.09;100.10;98.20;98.34;396081
FR0000120693;29/02/16;97.85;98.23;97.10;98.11;489089
FR0000121014;01/02/16;148.50;148.85;145.60;147.75;1011265
FR0000121014;02/02/16;148.45;148.45;143.40;145.20;1078891
FR0000121014;03/02/16;154.00;155.90;150.10;151.75;2658411
FR0000121014;04/02/16;153.85;155.00;151.75;152.80;1695874
FR0000121014;05/02/16;152.30;154.80;151.60;152.70;1323434
FR0000121014;08/02/16;153.25;153.65;149.70;151.70;1666050
FR0000121014;09/02/16;150.90;152.70;146.00;147.75;1528308
FR0000121014;10/02/16;148.00;150.80;145.65;148.20;1443201
FR0000121014;11/02/16;146.50;146.50;142.40;142.55;1659602
FR0000121014;12/02/16;143.70;146.05;142.45;146.00;1152364
FR0000121014;15/02/16;151.50;153.15;150.00;151.45;1126151
FR0000121014;16/02/16;152.45;152.70;148.45;149.35;992731
FR0000121014;17/02/16;149.45;155.50;149.45;155.50;1045609
FR0000121014;18/02/16;155.95;156.00;152.85;153.60;782065
FR0000121014;19/02/16;153.00;155.45;152.75;154.50;907126
FR0000121014;22/02/16;156.00;157.55;155.45;155.65;692821
FR0000121014;23/02/16;154.30;155.35;151.70;152.00;772544
FR0000121014;24/02/16;151.65;152.05;146.80;148.50;1127019
FR0000121014;25/02/16;149.90;151.45;148.30;150.35;779169
FR0000121014;26/02/16;152.25;154.75;152.00;153.20;637601
FR0000121014;29/02/16;151.80;153.90;150.05;153.80;703037
FR0000121220;01/02/16;90.15;91.65;89.94;91.49;413610
FR0000121220;02/02/16;91.83;91.83;89.08;89.68;292686
FR0000121220;03/02/16;90.00;90.28;88.81;89.44;378249
FR0000121220;04/02/16;90.38;90.70;88.52;88.94;270700
FR0000121220;05/02/16;88.85;90.00;88.33;89.49;389522
FR0000121220;08/02/16;87.39;87.73;83.31;83.90;422207
FR0000121220;09/02/16;83.75;84.77;82.28;84.03;505969
FR0000121220;10/02/16;84.22;85.90;83.74;84.80;319973
FR0000121220;11/02/16;83.91;83.91;81.75;81.75;326167
FR0000121220;12/02/16;82.32;83.81;82.18;83.63;383714
FR0000121220;15/02/16;85.52;88.34;85.52;87.57;394087
FR0000121220;16/02/16;88.03;89.06;87.52;88.63;376847
FR0000121220;17/02/16;88.84;90.78;88.84;90.38;333211
FR0000121220;18/02/16;90.10;91.02;89.81;90.43;340378
FR0000121220;19/02/16;90.32;90.76;88.58;89.49;284373
FR0000121220;22/02/16;90.19;91.26;90.13;90.62;221678
FR0000121220;23/02/16;90.40;91.03;89.84;89.95;132565
FR0000121220;24/02/16;89.90;90.42;88.66;89.20;203350
FR0000121220;25/02/16;90.30;91.80;90.19;90.85;314829
FR0000121220;26/02/16;91.79;92.61;91.30;91.99;276261
FR0000121220;29/02/16;91.73;93.70;91.22;93.67;316390
FR0000121261;01/02/16;84.21;84.39;83.22;84.22;408039
FR0000121261;02/02/16;83.98;84.40;82.12;82.95;566942
FR0000121261;03/02/16;82.73;83.27;81.47;82.32;858544
FR0000121261;04/02/16;83.26;83.33;80.74;82.25;678574
FR0000121261;05/02/16;82.30;83.67;82.14;82.42;789004
FR0000121261;08/02/16;83.01;83.37;80.19;80.68;629697
FR0000121261;09/02/16;80.44;81.07;77.71;80.45;910716
FR0000121261;10/02/16;81.24;82.58;80.69;81.18;681779
FR0000121261;11/02/16;80.33;80.59;77.72;78.43;794444
FR0000121261;12/02/16;78.89;79.49;77.78;79.21;721618
FR0000121261;15/02/16;80.80;82.30;80.80;81.69;577143
FR0000121261;16/02/16;84.80;85.43;82.22;84.43;1207723
FR0000121261;17/02/16;85.15;85.67;84.60;84.93;833828
FR0000121261;18/02/16;85.12;85.74;83.72;85.06;864001
FR0000121261;19/02/16;84.59;86.02;84.59;85.29;583350
FR0000121261;22/02/16;86.25;87.00;85.58;85.88;463095
FR0000121261;23/02/16;85.21;85.81;84.54;84.73;413051
FR0000121261;24/02/16;84.73;84.73;81.77;82.83;654603
FR0000121261;25/02/16;83.81;84.13;82.43;82.69;580827
FR0000121261;26/02/16;83.60;84.24;82.66;82.89;674953
FR0000121261;29/02/16;82.06;83.56;81.52;83.40;611416
FR0000121485;01/02/16;155.70;157.00;154.20;156.95;277107
FR0000121485;02/02/16;157.00;158.05;152.25;153.20;328883
FR0000121485;03/02/16;154.20;157.80;152.75;153.00;534217
FR0000121485;04/02/16;155.00;155.55;151.10;152.50;344610
FR0000121485;05/02/16;152.80;155.30;152.20;154.90;547543
FR0000121485;08/02/16;155.00;155.80;150.50;151.20;433149
FR0000121485;09/02/16;151.10;152.95;146.55;148.70;475621
FR0000121485;10/02/16;148.50;153.25;147.60;149.80;329153
FR0000121485;11/02/16;148.25;148.50;143.65;143.65;378753
FR0000121485;12/02/16;144.75;145.90;143.20;145.70;349867
FR0000121485;15/02/16;148.95;154.55;148.45;154.40;335338
FR0000121485;16/02/16;155.00;155.35;152.50;154.10;246861
FR0000121485;17/02/16;154.00;159.80;154.00;159.05;370523
FR0000121485;18/02/16;159.35;161.85;158.40;160.25;532762
FR0000121485;19/02/16;165.00;165.35;158.65;159.35;762595
FR0000121485;22/02/16;162.00;164.60;161.80;162.80;395616
FR0000121485;23/02/16;161.00;162.25;158.35;158.65;392634
FR0000121485;24/02/16;158.60;158.60;152.90;155.10;355162
FR0000121485;25/02/16;156.55;159.65;155.15;159.00;311017
FR0000121485;26/02/16;160.70;163.45;160.45;161.90;244812
FR0000121485;29/02/16;160.60;161.25;158.70;160.70;372836
FR0000121501;01/02/16;13.76;13.81;13.385;13.585;2816822
FR0000121501;02/02/16;13.57;13.60;13.07;13.105;3744567
FR0000121501;03/02/16;13.05;13.275;12.805;12.975;6185280
FR0000121501;04/02/16;13.08;13.14;12.25;12.675;6870984
FR0000121501;05/02/16;12.755;13.20;12.665;12.815;4693018
FR0000121501;08/02/16;12.835;12.91;12.21;12.305;4978871
FR0000121501;09/02/16;12.275;12.37;11.825;12.12;6389614
FR0000121501;10/02/16;12.205;12.505;12.03;12.30;5897196
FR0000121501;11/02/16;12.10;12.18;11.71;11.925;6581034
FR0000121501;12/02/16;12.16;12.25;11.805;11.94;6918462
FR0000121501;15/02/16;12.43;12.88;12.38;12.77;4428176
FR0000121501;16/02/16;12.925;12.985;12.115;12.79;7445053
FR0000121501;17/02/16;12.83;13.465;12.805;13.38;4127564
FR0000121501;18/02/16;13.51;13.64;13.165;13.50;3645860
FR0000121501;19/02/16;13.40;13.57;13.285;13.47;3749155
FR0000121501;22/02/16;13.705;14.09;13.695;13.87;4914451
FR0000121501;23/02/16;13.755;13.995;13.535;13.665;3689824
FR0000121501;24/02/16;14.37;14.67;13.37;13.865;10584910
FR0000121501;25/02/16;14.28;14.28;13.00;13.475;13581662
FR0000121501;26/02/16;13.70;13.965;13.60;13.775;4839872
FR0000121501;29/02/16;13.61;13.95;13.56;13.88;4492111
FR0000121667;01/02/16;115.00;115.60;113.70;115.60;497671
FR0000121667;02/02/16;115.40;116.10;114.55;115.40;566092
FR0000121667;03/02/16;114.75;115.00;111.15;111.65;652630
FR0000121667;04/02/16;112.85;112.85;109.45;109.85;487021
FR0000121667;05/02/16;109.65;110.50;107.50;107.75;486869
FR0000121667;08/02/16;107.95;108.30;104.85;105.60;657838
FR0000121667;09/02/16;105.35;105.90;102.35;104.55;737232
FR0000121667;10/02/16;104.75;107.80;104.00;106.85;547197
FR0000121667;11/02/16;105.80;105.80;103.00;103.00;679809
FR0000121667;12/02/16;103.50;104.30;102.10;104.10;626162
FR0000121667;15/02/16;106.15;108.55;105.85;108.00;430139
FR0000121667;16/02/16;108.60;109.50;107.85;108.60;457045
FR0000121667;17/02/16;108.95;110.55;108.80;110.40;397355
FR0000121667;18/02/16;111.20;112.00;110.40;111.80;415477
FR0000121667;19/02/16;107.55;110.45;106.30;109.35;1000995
FR0000121667;22/02/16;109.70;111.05;109.40;109.40;683530
FR0000121667;23/02/16;109.00;109.80;108.30;108.45;536105
FR0000121667;24/02/16;108.65;108.85;104.60;105.40;672745
FR0000121667;25/02/16;108.10;108.20;106.30;107.65;513994
FR0000121667;26/02/16;109.40;110.15;108.65;109.00;454965
FR0000121667;29/02/16;108.25;109.65;107.60;109.65;543428
FR0000121972;01/02/16;49.36;49.36;48.695;49.30;2165882
FR0000121972;02/02/16;49.10;49.13;47.92;48.38;1976327
FR0000121972;03/02/16;48.11;48.385;46.685;47.525;1819236
FR0000121972;04/02/16;48.475;49.98;47.715;49.35;3115707
FR0000121972;05/02/16;49.36;51.79;49.305;50.90;3838475
FR0000121972;08/02/16;50.91;51.01;48.895;49.11;2373809
FR0000121972;09/02/16;49.075;49.775;47.97;48.765;2930286
FR0000121972;10/02/16;49.11;49.75;48.10;48.50;2034785
FR0000121972;11/02/16;47.80;47.80;46.23;46.255;2185331
FR0000121972;12/02/16;46.755;47.16;45.315;46.03;3194469
FR0000121972;15/02/16;46.91;47.92;46.52;47.615;1787133
FR0000121972;16/02/16;47.92;48.69;47.55;48.03;2043373
FR0000121972;17/02/16;50.24;52.92;50.24;52.45;4235390
FR0000121972;18/02/16;52.79;53.38;51.95;52.72;2745678
FR0000121972;19/02/16;53.11;53.32;51.82;52.36;2540867
FR0000121972;22/02/16;52.65;53.55;52.65;53.45;1500137
FR0000121972;23/02/16;53.13;53.90;52.83;52.95;1574652
FR0000121972;24/02/16;52.93;52.93;50.85;51.48;2339979
FR0000121972;25/02/16;52.19;52.65;51.51;51.71;1800466
FR0000121972;26/02/16;52.43;54.16;52.24;53.59;2355985
FR0000121972;29/02/16;52.99;54.90;52.67;54.77;2056433
FR0000124141;01/02/16;22.25;22.67;22.19;22.67;2256973
FR0000124141;02/02/16;22.64;22.655;22.255;22.36;1767597
FR0000124141;03/02/16;22.34;22.46;21.945;22.08;1899837
FR0000124141;04/02/16;22.28;22.28;21.775;21.86;1655815
FR0000124141;05/02/16;21.79;21.965;21.305;21.39;2485272
FR0000124141;08/02/16;21.415;21.505;20.675;20.71;3028578
FR0000124141;09/02/16;20.72;20.84;20.19;20.485;2516915
FR0000124141;10/02/16;20.61;21.05;20.55;20.70;2377564
FR0000124141;11/02/16;20.465;20.465;19.93;19.945;3225600
FR0000124141;12/02/16;20.065;20.21;19.89;20.21;1788541
FR0000124141;15/02/16;20.61;20.90;20.55;20.765;1355567
FR0000124141;16/02/16;20.845;20.935;20.64;20.775;1236227
FR0000124141;17/02/16;20.80;21.20;20.765;21.075;1568954
FR0000124141;18/02/16;21.125;21.40;20.98;21.30;1807166
FR0000124141;19/02/16;21.345;21.42;21.155;21.315;1315387
FR0000124141;22/02/16;21.50;21.77;21.375;21.715;1483195
FR0000124141;23/02/16;21.58;21.76;21.535;21.68;1396654
FR0000124141;24/02/16;21.71;21.71;20.98;21.18;1813025
FR0000124141;25/02/16;21.75;21.805;20.985;21.42;2447405
FR0000124141;26/02/16;21.565;21.68;20.56;20.685;4043591
FR0000124141;29/02/16;20.70;20.90;20.40;20.89;2736912
FR0000124711;01/02/16;232.20;232.75;226.40;228.70;336141
FR0000124711;02/02/16;229.10;230.00;223.45;225.00;259283
FR0000124711;03/02/16;226.50;238.90;225.75;231.65;787261
FR0000124711;04/02/16;235.75;235.95;230.80;231.15;539660
FR0000124711;05/02/16;231.15;232.85;224.35;225.50;449319
FR0000124711;08/02/16;226.45;226.70;219.25;222.20;572784
FR0000124711;09/02/16;222.50;222.50;216.65;217.65;699557
FR0000124711;10/02/16;220.15;225.95;218.50;221.70;419333
FR0000124711;11/02/16;219.60;220.70;212.70;212.70;746801
FR0000124711;12/02/16;214.50;216.45;212.05;214.40;545114
FR0000124711;15/02/16;217.60;221.60;217.30;220.20;313336
FR0000124711;16/02/16;221.15;221.85;219.25;220.15;302043
FR0000124711;17/02/16;220.40;226.70;220.35;225.70;377087
FR0000124711;18/02/16;226.70;228.50;225.30;227.45;340455
FR0000124711;19/02/16;227.95;230.05;227.05;230.05;361908
FR0000124711;22/02/16;232.70;235.25;231.75;234.30;363684
FR0000124711;23/02/16;233.00;233.10;230.35;231.10;310321
FR0000124711;24/02/16;231.60;231.60;224.20;225.95;345838
FR0000124711;25/02/16;228.75;231.30;227.95;228.55;362771
FR0000124711;26/02/16;231.45;233.20;227.55;227.55;315691
FR0000124711;29/02/16;226.20;229.90;225.00;229.75;295134
FR0000125007;01/02/16;38.02;38.02;37.145;37.45;1496527
FR0000125007;02/02/16;37.34;37.44;36.045;36.30;2116123
FR0000125007;03/02/16;36.115;36.205;35.05;35.65;2333071
FR0000125007;04/02/16;36.16;36.215;34.99;35.73;2046753
FR0000125007;05/02/16;35.805;36.135;35.395;35.515;2152142
FR0000125007;08/02/16;35.35;35.50;33.10;33.195;3499459
FR0000125007;09/02/16;33.16;33.385;31.71;32.435;3362987
FR0000125007;10/02/16;32.845;33.625;32.40;33.225;2557439
FR0000125007;11/02/16;32.705;32.705;31.47;32.07;2815219
FR0000125007;12/02/16;32.435;33.01;32.265;33.01;2857695
FR0000125007;15/02/16;33.75;34.265;33.64;33.845;1812484
FR0000125007;16/02/16;34.11;34.255;33.58;33.86;1605561
FR0000125007;17/02/16;33.94;35.47;33.94;35.37;2255718
FR0000125007;18/02/16;35.65;35.79;35.04;35.31;1752188
FR0000125007;19/02/16;35.29;35.545;34.91;35.34;1657911
FR0000125007;22/02/16;35.55;36.195;35.545;36.095;1573454
FR0000125007;23/02/16;35.815;36.125;35.405;35.445;1166864
FR0000125007;24/02/16;35.31;35.315;34.35;34.755;2432612
FR0000125007;25/02/16;35.20;35.81;35.025;35.535;1703411
FR0000125007;26/02/16;36.005;36.095;34.75;35.305;2972229
FR0000125007;29/02/16;34.82;35.77;34.425;35.77;2850570
FR0000125338;01/02/16;83.76;85.08;83.66;85.08;579900
FR0000125338;02/02/16;84.81;85.16;82.74;83.41;397075
FR0000125338;03/02/16;83.31;84.01;81.99;82.60;512318
FR0000125338;04/02/16;83.40;83.48;81.23;81.91;521157
FR0000125338;05/02/16;81.83;82.38;78.85;79.10;774050
FR0000125338;08/02/16;79.56;79.61;73.27;73.59;1422415
FR0000125338;09/02/16;73.71;74.22;71.83;73.35;1419998
FR0000125338;10/02/16;73.98;75.00;73.14;73.60;947811
FR0000125338;11/02/16;72.54;72.62;68.97;68.97;1301711
FR0000125338;12/02/16;69.43;69.80;67.70;69.21;1316587
FR0000125338;15/02/16;71.47;72.70;70.13;72.06;981168
FR0000125338;16/02/16;72.38;72.38;70.87;71.32;942840
FR0000125338;17/02/16;71.61;73.32;71.10;72.65;966122
FR0000125338;18/02/16;75.00;77.49;74.50;75.87;1453758
FR0000125338;19/02/16;75.16;76.04;74.36;75.78;1170024
FR0000125338;22/02/16;76.70;77.74;76.12;76.74;669276
FR0000125338;23/02/16;76.41;76.58;74.81;75.13;1035350
FR0000125338;24/02/16;75.18;75.40;73.48;73.77;826004
FR0000125338;25/02/16;74.96;75.63;74.32;75.34;593053
FR0000125338;26/02/16;75.98;76.70;75.82;76.19;589672
FR0000125338;29/02/16;76.18;76.87;75.50;76.70;668153
FR0000125486;01/02/16;63.03;63.64;62.54;63.64;2110747
FR0000125486;02/02/16;64.00;64.00;62.45;62.84;2059440
FR0000125486;03/02/16;62.50;62.71;60.44;61.08;2572082
FR0000125486;04/02/16;61.95;62.26;60.29;60.29;1857727
FR0000125486;05/02/16;61.60;62.13;60.49;60.75;2695238
FR0000125486;08/02/16;61.51;61.82;58.89;59.36;3115460
FR0000125486;09/02/16;59.31;59.69;57.45;59.23;2971974
FR0000125486;10/02/16;59.59;60.62;59.12;59.84;2384081
FR0000125486;11/02/16;59.20;59.30;58.09;58.21;2211754
FR0000125486;12/02/16;58.61;59.04;58.06;58.63;2109268
FR0000125486;15/02/16;59.73;60.54;59.51;60.36;1764794
FR0000125486;16/02/16;60.80;61.69;60.42;61.39;1844786
FR0000125486;17/02/16;61.89;63.30;61.70;63.18;2501776
FR0000125486;18/02/16;63.20;63.90;62.69;63.66;1912708
FR0000125486;19/02/16;63.52;63.88;62.03;62.89;1950964
FR0000125486;22/02/16;63.19;63.95;63.01;63.06;1489647
FR0000125486;23/02/16;63.00;63.68;62.89;63.06;1412269
FR0000125486;24/02/16;62.99;63.13;61.71;62.37;1800669
FR0000125486;25/02/16;63.30;63.98;62.96;63.64;1609827
FR0000125486;26/02/16;64.00;64.54;63.28;63.41;1826835
FR0000125486;29/02/16;63.07;63.85;62.44;63.82;1707436
FR0000127771;01/02/16;19.135;19.19;18.81;18.96;7490851
FR0000127771;02/02/16;18.925;19.04;18.65;18.79;6571611
FR0000127771;03/02/16;18.75;18.84;18.295;18.435;6622958
FR0000127771;04/02/16;18.58;18.645;18.105;18.11;8840782
FR0000127771;05/02/16;18.09;18.22;17.60;17.63;7982947
FR0000127771;08/02/16;17.72;17.725;16.67;16.765;11897937
FR0000127771;09/02/16;16.765;16.91;16.295;16.80;9006912
FR0000127771;10/02/16;17.10;17.375;16.875;17.17;8151571
FR0000127771;11/02/16;16.995;16.995;16.50;16.745;7957872
FR0000127771;12/02/16;17.005;17.235;16.985;17.235;6764646
FR0000127771;15/02/16;17.50;17.725;17.41;17.62;4771367
FR0000127771;16/02/16;17.69;18.10;17.655;17.875;7806825
FR0000127771;17/02/16;17.875;18.28;17.835;18.245;7076892
FR0000127771;18/02/16;17.62;18.44;17.615;18.14;7370900
FR0000127771;19/02/16;18.05;18.445;17.90;18.02;8941546
FR0000127771;22/02/16;18.295;18.37;18.19;18.33;6113353
FR0000127771;23/02/16;18.17;18.435;18.155;18.225;4969514
FR0000127771;24/02/16;18.22;18.36;17.895;18.025;6159450
FR0000127771;25/02/16;18.25;18.735;18.25;18.695;6221331
FR0000127771;26/02/16;18.855;19.025;18.615;18.895;6620963
FR0000127771;29/02/16;18.785;19.135;18.625;19.13;5891580
FR0000130577;01/02/16;55.40;55.67;54.58;55.14;650697
FR0000130577;02/02/16;55.13;55.22;54.14;54.49;721898
FR0000130577;03/02/16;54.46;54.59;53.10;53.36;969113
FR0000130577;04/02/16;53.81;54.09;53.05;53.89;868665
FR0000130577;05/02/16;53.89;54.53;53.13;53.17;704841
FR0000130577;08/02/16;53.82;53.82;51.32;51.46;1299909
FR0000130577;09/02/16;51.29;52.54;50.50;52.04;1513900
FR0000130577;10/02/16;51.76;53.38;51.26;52.72;1102832
FR0000130577;11/02/16;55.59;56.82;52.96;53.65;3219846
FR0000130577;12/02/16;55.21;56.27;54.74;55.62;1946895
FR0000130577;15/02/16;57.09;57.59;55.99;57.05;838238
FR0000130577;16/02/16;57.24;58.04;56.73;57.67;967475
FR0000130577;17/02/16;57.50;57.57;55.75;57.33;1533723
FR0000130577;18/02/16;57.71;57.83;56.51;57.40;1323492
FR0000130577;19/02/16;57.05;57.97;56.91;57.25;1114306
FR0000130577;22/02/16;57.52;57.90;56.84;56.91;908147
FR0000130577;23/02/16;56.65;57.22;56.38;56.80;774778
FR0000130577;24/02/16;56.61;56.76;55.45;55.60;887875
FR0000130577;25/02/16;56.44;56.53;55.73;55.94;853814
FR0000130577;26/02/16;56.77;56.99;56.25;56.39;821502
FR0000130577;29/02/16;56.16;57.16;55.82;57.16;608931
FR0000130809;01/02/16;35.39;35.455;34.375;34.785;2951385
FR0000130809;02/02/16;34.515;34.565;32.165;32.575;7353623
FR0000130809;03/02/16;32.40;32.495;30.885;31.60;7007079
FR0000130809;04/02/16;32.075;32.38;30.67;31.98;8181001
FR0000130809;05/02/16;32.55;33.00;31.86;32.11;7056761
FR0000130809;08/02/16;32.37;32.55;29.85;30.145;6883127
FR0000130809;09/02/16;30.015;30.70;28.36;28.825;9032719
FR0000130809;10/02/16;29.445;31.855;29.265;31.415;8576916
FR0000130809;11/02/16;30.02;30.155;26.61;27.465;14373128
FR0000130809;12/02/16;27.965;28.425;27.055;28.40;9894451
FR0000130809;15/02/16;29.49;30.22;29.225;29.525;6398596
FR0000130809;16/02/16;29.92;29.93;28.555;29.50;5094064
FR0000130809;17/02/16;29.515;31.86;29.045;31.44;8475444
FR0000130809;18/02/16;31.815;31.83;30.655;30.90;6246274
FR0000130809;19/02/16;30.755;31.365;29.96;30.43;5418631
FR0000130809;22/02/16;30.69;31.635;30.60;31.545;4149240
FR0000130809;23/02/16;31.355;32.125;30.315;30.365;5495702
FR0000130809;24/02/16;30.28;30.565;29.645;29.92;6145608
FR0000130809;25/02/16;30.365;31.33;30.34;30.92;4336905
FR0000130809;26/02/16;31.305;32.165;31.305;32.02;4630684
FR0000130809;29/02/16;31.62;32.475;31.295;32.425;4432813
FR0000131104;01/02/16;44.085;44.14;42.775;43.33;3986048
FR0000131104;02/02/16;43.04;43.22;40.42;40.875;7869193
FR0000131104;03/02/16;40.645;40.735;38.90;39.55;8858035
FR0000131104;04/02/16;39.98;41.24;39.26;40.965;7231789
FR0000131104;05/02/16;43.00;43.255;41.32;41.575;9914610
FR0000131104;08/02/16;41.835;41.86;39.00;39.30;7689954
FR0000131104;09/02/16;39.20;40.45;37.185;37.90;10646677
FR0000131104;10/02/16;38.68;40.615;38.25;39.755;7936205
FR0000131104;11/02/16;39.22;39.22;37.00;37.36;10130935
FR0000131104;12/02/16;38.10;39.57;37.53;39.57;9341636
FR0000131104;15/02/16;41.295;41.50;40.315;40.61;6226122
FR0000131104;16/02/16;41.01;41.01;39.38;40.30;5167773
FR0000131104;17/02/16;40.655;41.91;40.045;41.765;6096337
FR0000131104;18/02/16;42.225;42.295;40.55;40.96;5385712
FR0000131104;19/02/16;40.815;41.535;39.765;40.51;6062646
FR0000131104;22/02/16;40.83;41.795;40.655;41.76;4698782
FR0000131104;23/02/16;41.45;42.285;40.52;40.68;4798905
FR0000131104;24/02/16;40.53;40.735;39.60;39.92;6563562
FR0000131104;25/02/16;40.50;41.68;40.50;41.505;5328515
FR0000131104;26/02/16;41.905;42.655;41.73;42.45;4469874
FR0000131104;29/02/16;41.895;43.045;41.61;43.00;4416352
FR0000131906;01/02/16;78.64;79.41;77.29;78.64;948724
FR0000131906;02/02/16;78.35;78.66;76.23;77.16;1029728
FR0000131906;03/02/16;76.69;77.07;73.37;75.37;1488251
FR0000131906;04/02/16;75.95;76.77;71.70;72.88;1782728
FR0000131906;05/02/16;73.28;74.82;72.20;73.42;1319867
FR0000131906;08/02/16;73.80;74.31;68.38;69.22;1297214
FR0000131906;09/02/16;69.11;69.99;66.70;68.99;1402673
FR0000131906;10/02/16;70.35;73.20;70.20;71.67;1375547
FR0000131906;11/02/16;71.00;71.00;67.90;68.85;1471199
FR0000131906;12/02/16;71.89;72.30;66.15;68.33;2062204
FR0000131906;15/02/16;72.00;73.83;70.80;73.57;1433507
FR0000131906;16/02/16;74.16;75.44;71.66;74.06;1329425
FR0000131906;17/02/16;74.38;80.56;74.24;79.93;1730793
FR0000131906;18/02/16;80.55;81.90;78.78;80.61;1308605
FR0000131906;19/02/16;79.70;80.24;78.41;79.53;1099828
FR0000131906;22/02/16;80.52;81.72;80.46;81.38;748828
FR0000131906;23/02/16;80.57;81.29;79.83;80.26;783612
FR0000131906;24/02/16;80.12;80.54;76.53;77.94;1129135
FR0000131906;25/02/16;79.57;79.85;76.86;78.71;855615
FR0000131906;26/02/16;79.94;82.97;79.23;82.77;1457775
FR0000131906;29/02/16;81.90;84.58;81.13;84.14;1247479
FR0000133308;01/02/16;16.37;16.40;16.18;16.345;5668498
FR0000133308;02/02/16;16.345;16.67;16.165;16.275;8280564
FR0000133308;03/02/16;16.17;16.205;15.82;16.015;10338696
FR0000133308;04/02/16;16.21;16.235;15.635;15.675;14276436
FR0000133308;05/02/16;15.625;15.71;15.115;15.205;14638253
FR0000133308;08/02/16;15.31;15.365;14.68;14.81;12794562
FR0000133308;09/02/16;14.78;14.99;14.49;14.75;11934127
FR0000133308;10/02/16;14.955;15.22;14.645;14.965;8727596
FR0000133308;11/02/16;14.79;14.88;14.47;14.64;11940778
FR0000133308;12/02/16;14.71;14.91;14.615;14.895;9136060
FR0000133308;15/02/16;15.445;15.545;15.25;15.36;10320307
FR0000133308;16/02/16;15.66;15.665;15.275;15.38;8415856
FR0000133308;17/02/16;15.455;15.78;15.40;15.71;8004509
FR0000133308;18/02/16;15.86;16.065;15.76;15.99;7947724
FR0000133308;19/02/16;15.995;16.04;15.80;15.94;6473993
FR0000133308;22/02/16;16.06;16.33;16.05;16.33;6118987
FR0000133308;23/02/16;16.205;16.295;15.985;15.985;6331970
FR0000133308;24/02/16;15.92;16.01;15.45;15.555;7981447
FR0000133308;25/02/16;15.755;16.045;15.655;15.91;7823748
FR0000133308;26/02/16;16.10;16.135;15.76;15.81;7952952
FR0000133308;29/02/16;15.72;16.03;15.63;16.015;7045275
FR0010208488;01/02/16;14.73;14.77;14.465;14.685;4597979
FR0010208488;02/02/16;14.65;14.685;14.15;14.32;5913269
FR0010208488;03/02/16;14.27;14.395;13.86;14.075;7394181
FR0010208488;04/02/16;14.185;14.26;13.945;14.155;5432335
FR0010208488;05/02/16;14.10;14.22;13.965;14.035;6443257
FR0010208488;08/02/16;14.06;14.13;13.825;13.905;8487532
FR0010208488;09/02/16;13.895;14.12;13.65;13.875;10684663
FR0010208488;10/02/16;13.975;14.22;13.835;13.96;7209858
FR0010208488;11/02/16;13.80;13.80;13.145;13.145;13777885
FR0010208488;12/02/16;13.265;13.455;13.195;13.35;7163862
FR0010208488;15/02/16;13.60;13.825;13.54;13.76;5205644
FR0010208488;16/02/16;13.855;14.02;13.80;13.91;7091005
FR0010208488;17/02/16;13.92;14.10;13.82;14.10;6202053
FR0010208488;18/02/16;14.13;14.245;14.025;14.05;6952376
FR0010208488;19/02/16;14.105;14.155;13.84;14.02;5906325
FR0010208488;22/02/16;14.06;14.495;14.05;14.49;5071133
FR0010208488;23/02/16;14.35;14.38;13.82;13.865;6440807
FR0010208488;24/02/16;13.84;13.89;13.38;13.485;6950678
FR0010208488;25/02/16;13.26;14.145;13.045;14.07;12754814
FR0010208488;26/02/16;14.185;14.50;14.13;14.305;7225723
FR0010208488;29/02/16;14.265;14.30;13.95;14.285;8159664
FR0010307819;01/02/16;50.89;50.97;50.30;50.75;522067
FR0010307819;02/02/16;50.77;50.77;49.48;49.855;610356
FR0010307819;03/02/16;49.925;50.29;49.39;49.875;969577
FR0010307819;04/02/16;50.45;50.51;49.16;49.635;1016795
FR0010307819;05/02/16;49.625;50.20;49.07;49.275;1227941
FR0010307819;08/02/16;49.355;49.37;46.70;46.93;1272021
FR0010307819;09/02/16;46.87;46.925;45.595;46.205;1344482
FR0010307819;10/02/16;46.50;46.87;45.55;46.03;1609303
FR0010307819;11/02/16;43.44;44.09;42.97;43.085;1996824
FR0010307819;12/02/16;42.00;42.44;41.54;42.34;1966148
FR0010307819;15/02/16;43.00;43.955;42.51;43.825;1303492
FR0010307819;16/02/16;44.035;44.23;43.60;43.80;973900
FR0010307819;17/02/16;43.98;45.23;43.98;44.95;869723
FR0010307819;18/02/16;44.83;44.83;44.035;44.455;983543
FR0010307819;19/02/16;44.435;44.78;44.155;44.645;788848
FR0010307819;22/02/16;45.095;45.195;44.855;45.075;856641
FR0010307819;23/02/16;44.775;45.195;44.53;44.76;603961
FR0010307819;24/02/16;44.865;44.865;43.755;44.13;1191474
FR0010307819;25/02/16;44.73;45.115;44.42;44.885;629795
FR0010307819;26/02/16;45.295;45.48;45.00;45.19;978795
FR0010307819;29/02/16;44.875;45.915;44.625;45.915;732410
FR0013176526;01/02/16;40.00;40.50;39.7833;40.3333;1262409
FR0013176526;02/02/16;39.9167;39.9167;38.0833;38.3333;1811829
FR0013176526;03/02/16;38.3167;39.0167;37.25;38.1667;2213484
FR0013176526;04/02/16;38.8167;38.8167;35.4167;36.8167;2014086
FR0013176526;05/02/16;37.0667;38.2167;36.9833;37.4667;1815918
FR0013176526;08/02/16;37.6667;37.8833;35.8833;36.1667;1180314
FR0013176526;09/02/16;36.0167;36.3833;34.70;35.6667;1795290
FR0013176526;10/02/16;36.00;37.3833;35.5833;36.75;1321668
FR0013176526;11/02/16;36.1667;36.1667;33.8833;35.30;2252817
FR0013176526;12/02/16;35.55;35.90;34.4167;34.8667;1871304
FR0013176526;15/02/16;35.9333;37.2833;35.8833;36.85;1358811
FR0013176526;16/02/16;37.0833;37.6833;36.40;37.6167;1824075
FR0013176526;17/02/16;38.00;39.6333;37.80;38.9667;1725708
FR0013176526;18/02/16;39.00;40.05;38.3167;39.5833;1865271
FR0013176526;19/02/16;41.3333;41.5833;40.35;41.3667;2312508
FR0013176526;22/02/16;42.00;42.4167;41.2167;41.3667;1582890
FR0013176526;23/02/16;41.00;41.8667;40.8167;41.3167;1065129
FR0013176526;24/02/16;41.3333;41.4667;39.5833;40.2167;1233153
FR0013176526;25/02/16;40.8167;41.10;40.2833;40.45;949491
FR0013176526;26/02/16;40.9667;41.6833;40.7667;41.25;962799
FR0013176526;29/02/16;40.8833;42.60;40.6667;42.60;1235454
GB00BDSFG982;01/02/16;21.5775;21.81;21.125;21.6175;2698214
GB00BDSFG982;02/02/16;21.4175;21.4375;20.47;20.635;2750510
GB00BDSFG982;03/02/16;20.4775;21.235;20.1925;20.855;3082008
GB00BDSFG982;04/02/16;21.30;22.2275;21.14;21.9025;2756498
GB00BDSFG982;05/02/16;21.8775;22.485;21.595;22.175;3083966
GB00BDSFG982;08/02/16;22.7625;23.01;21.15;21.3325;3406274
GB00BDSFG982;09/02/16;21.30;21.71;20.175;20.2575;3473662
GB00BDSFG982;10/02/16;20.00;20.275;19.45;19.745;2989264
GB00BDSFG982;11/02/16;19.515;19.695;18.8675;19.065;2544498
GB00BDSFG982;12/02/16;19.4325;20.00;19.4275;20.00;2584034
GB00BDSFG982;15/02/16;20.42;20.675;19.855;20.39;1816086
GB00BDSFG982;16/02/16;20.75;21.13;19.605;19.8575;2463986
GB00BDSFG982;17/02/16;19.875;21.1975;19.47;21.095;2707452
GB00BDSFG982;18/02/16;21.15;21.375;20.15;20.29;2914880
GB00BDSFG982;19/02/16;20.25;20.48;19.465;19.6075;2658106
GB00BDSFG982;22/02/16;19.89;20.17;19.75;20.0325;1967836
GB00BDSFG982;23/02/16;19.915;20.07;19.255;19.28;1787704
GB00BDSFG982;24/02/16;19.285;19.835;18.875;19.1775;2147722
GB00BDSFG982;25/02/16;19.9875;22.455;19.885;21.395;5982404
GB00BDSFG982;26/02/16;21.7475;22.4825;21.51;22.4075;2900720
GB00BDSFG982;29/02/16;22.075;22.965;22.06;22.8775;3245274
LU1598757687;01/02/16;10.602;10.68;9.981;10.308;7684336
LU1598757687;02/02/16;10.272;10.281;9.561;9.756;7120688
LU1598757687;03/02/16;9.708;10.074;9.498;9.993;8735214
LU1598757687;04/02/16;10.326;11.241;10.20;11.064;12243349
LU1598757687;05/02/16;10.041;10.68;9.90;10.452;18649768
LU1598757687;08/02/16;10.356;10.452;9.543;9.678;10398073
LU1598757687;09/02/16;9.48;9.537;8.43;8.634;13688332
LU1598757687;10/02/16;8.805;8.877;8.19;8.448;10332474
LU1598757687;11/02/16;8.328;8.337;7.773;7.872;9203048
LU1598757687;12/02/16;8.247;8.535;8.091;8.535;9297896
LU1598757687;15/02/16;8.787;9.129;8.736;9.048;7516137
LU1598757687;16/02/16;9.294;9.471;8.658;8.895;7481374
LU1598757687;17/02/16;8.985;9.99;8.907;9.951;9871633
LU1598757687;18/02/16;10.02;10.095;9.396;9.702;8987961
LU1598757687;19/02/16;9.624;9.975;9.498;9.648;5472126
LU1598757687;22/02/16;9.795;10.431;9.759;10.362;8431788
LU1598757687;23/02/16;10.23;10.437;9.783;9.897;5950211
LU1598757687;24/02/16;9.831;9.897;9.216;9.432;6238300
LU1598757687;25/02/16;9.63;9.78;9.255;9.36;5763883
LU1598757687;26/02/16;9.54;9.954;9.525;9.858;6770867
LU1598757687;29/02/16;9.72;10.725;9.618;10.725;9732775
NL0000226223;01/02/16;6.02;6.049;5.816;5.821;3208353
NL0000226223;02/02/16;5.82;5.84;5.433;5.484;3835558
NL0000226223;03/02/16;5.503;5.541;5.187;5.319;2834674
NL0000226223;04/02/16;5.303;5.47;5.205;5.349;4639873
NL0000226223;05/02/16;5.335;5.39;5.13;5.159;3168432
NL0000226223;08/02/16;5.177;5.25;4.82;4.824;2883991
NL0000226223;09/02/16;4.82;4.87;4.60;4.742;3854791
NL0000226223;10/02/16;4.812;4.913;4.72;4.789;4042284
NL0000226223;11/02/16;4.751;4.761;4.54;4.675;2953525
NL0000226223;12/02/16;4.803;4.859;4.669;4.737;2229739
NL0000226223;15/02/16;4.874;4.978;4.822;4.852;2083708
NL0000226223;16/02/16;4.92;4.92;4.746;4.798;1588866
NL0000226223;17/02/16;4.814;4.975;4.808;4.975;2057955
NL0000226223;18/02/16;5.077;5.264;5.001;5.243;3350661
NL0000226223;19/02/16;5.261;5.341;5.161;5.20;2059225
NL0000226223;22/02/16;5.25;5.431;5.249;5.414;2002858
NL0000226223;23/02/16;5.30;5.431;5.184;5.289;1893693
NL0000226223;24/02/16;5.272;5.288;4.978;5.02;2308862
NL0000226223;25/02/16;5.129;5.166;5.057;5.11;1283673
NL0000226223;26/02/16;5.173;5.28;5.17;5.244;1728129
NL0000226223;29/02/16;5.21;5.319;5.166;5.296;2298481
NL0000235190;01/02/16;57.82;58.41;56.99;57.85;2509473
NL0000235190;02/02/16;57.70;57.70;54.95;55.35;3272342
NL0000235190;03/02/16;55.10;55.22;52.95;53.90;3362369
NL0000235190;04/02/16;54.60;54.72;52.27;53.81;4043452
NL0000235190;05/02/16;53.92;55.04;53.35;54.06;3863611
NL0000235190;08/02/16;53.57;53.75;50.72;51.13;5271400
NL0000235190;09/02/16;51.00;52.05;50.17;51.22;4128321
NL0000235190;10/02/16;51.90;52.97;51.29;52.37;4183995
NL0000235190;11/02/16;51.45;51.47;49.96;49.96;4946346
NL0000235190;12/02/16;50.50;51.54;50.16;51.31;3133440
NL0000235190;15/02/16;52.65;53.87;52.30;53.38;2460695
NL0000235190;16/02/16;54.07;54.33;53.46;53.78;2320494
NL0000235190;17/02/16;53.44;55.34;53.32;55.05;2650522
NL0000235190;18/02/16;55.69;56.35;55.31;55.85;2492698
NL0000235190;19/02/16;55.97;56.16;54.68;55.25;2202138
NL0000235190;22/02/16;55.66;56.35;55.61;56.15;1570156
NL0000235190;23/02/16;55.61;56.41;55.29;55.41;2401782
NL0000235190;24/02/16;55.41;56.15;53.58;54.95;3912539
NL0000235190;25/02/16;55.85;57.88;54.85;57.37;4145284
NL0000235190;26/02/16;57.87;58.60;57.38;57.51;2577303
NL0000235190;29/02/16;57.51;59.88;57.03;59.78;2927387
