BE0003470755;03/06/13;111.50;114.40;110.75;114.30;257356
BE0003470755;04/06/13;114.20;114.80;113.30;114.65;179638
BE0003470755;05/06/13;113.95;114.65;112.15;112.55;217666
BE0003470755;06/06/13;112.50;113.20;110.60;110.60;204439
BE0003470755;07/06/13;110.70;110.95;109.10;110.45;203877
BE0003470755;10/06/13;109.85;112.00;109.85;110.60;108414
BE0003470755;11/06/13;110.25;110.40;108.85;109.60;204061
BE0003470755;12/06/13;109.45;110.50;108.65;108.65;182931
BE0003470755;13/06/13;107.05;108.15;106.10;107.90;212990
BE0003470755;14/06/13;108.50;110.75;107.85;110.15;157156
BE0003470755;17/06/13;110.55;111.40;110.35;110.75;124048
BE0003470755;18/06/13;110.20;110.95;109.50;109.80;148463
BE0003470755;19/06/13;110.40;110.75;108.80;110.25;174911
BE0003470755;20/06/13;108.70;108.95;106.20;106.50;272433
BE0003470755;21/06/13;106.40;107.80;105.20;105.20;289276
BE0003470755;24/06/13;105.00;105.10;101.90;102.50;280412
BE0003470755;25/06/13;103.25;105.45;102.95;104.80;223377
BE0003470755;26/06/13;105.25;105.30;101.35;102.75;404966
BE0003470755;27/06/13;101.00;101.05;97.64;100.45;595183
BE0003470755;28/06/13;100.20;101.35;100.10;100.70;378480
FR0000045072;03/06/13;7.24;7.338;7.174;7.229;5842254
FR0000045072;04/06/13;7.30;7.367;7.20;7.223;3975623
FR0000045072;05/06/13;7.192;7.251;7.065;7.082;5090263
FR0000045072;06/06/13;7.06;7.085;6.875;6.912;8056463
FR0000045072;07/06/13;6.958;7.148;6.874;7.113;8254070
FR0000045072;10/06/13;7.12;7.195;6.969;7.007;5013710
FR0000045072;11/06/13;7.00;7.03;6.803;6.942;7669085
FR0000045072;12/06/13;6.883;6.97;6.76;6.794;6194820
FR0000045072;13/06/13;6.72;6.86;6.55;6.83;9264418
FR0000045072;14/06/13;6.93;6.978;6.86;6.899;5633282
FR0000045072;17/06/13;6.95;7.017;6.818;6.953;4610258
FR0000045072;18/06/13;6.928;7.088;6.892;6.984;4719033
FR0000045072;19/06/13;6.985;7.046;6.843;6.871;6727348
FR0000045072;20/06/13;6.742;6.806;6.592;6.637;9448112
FR0000045072;21/06/13;6.615;6.732;6.486;6.486;8448265
FR0000045072;24/06/13;6.485;6.563;6.303;6.346;10851991
FR0000045072;25/06/13;6.425;6.509;6.361;6.42;9413303
FR0000045072;26/06/13;6.478;6.69;6.385;6.642;8654002
FR0000045072;27/06/13;6.652;6.873;6.607;6.739;10273655
FR0000045072;28/06/13;6.744;6.80;6.533;6.603;9519117
FR0000051732;03/06/13;56.40;56.95;55.96;56.67;206083
FR0000051732;04/06/13;56.39;56.63;55.75;56.06;259066
FR0000051732;05/06/13;56.01;56.23;55.41;55.49;197399
FR0000051732;06/06/13;56.00;56.13;55.33;55.53;169883
FR0000051732;07/06/13;55.29;55.56;54.82;55.25;277986
FR0000051732;10/06/13;55.68;55.87;55.33;55.53;100804
FR0000051732;11/06/13;55.74;55.75;54.72;55.36;213272
FR0000051732;12/06/13;55.31;55.40;54.57;54.68;205781
FR0000051732;13/06/13;54.40;55.27;53.90;55.18;187002
FR0000051732;14/06/13;55.00;55.63;54.79;54.92;190034
FR0000051732;17/06/13;54.89;55.18;54.58;54.75;239007
FR0000051732;18/06/13;54.82;54.83;54.51;54.73;297330
FR0000051732;19/06/13;54.97;54.97;54.35;54.85;188387
FR0000051732;20/06/13;54.42;54.42;53.77;53.94;211225
FR0000051732;21/06/13;53.95;55.08;53.87;54.16;372713
FR0000051732;24/06/13;54.19;54.19;52.84;53.33;286212
FR0000051732;25/06/13;53.49;54.08;53.49;54.00;232910
FR0000051732;26/06/13;53.75;55.18;53.75;55.13;342395
FR0000051732;27/06/13;55.60;56.80;55.60;56.79;533975
FR0000051732;28/06/13;56.50;57.40;55.91;57.02;491213
FR0000073272;03/06/13;40.705;40.825;40.145;40.36;1115921
FR0000073272;04/06/13;40.455;40.595;39.945;40.025;875128
FR0000073272;05/06/13;39.75;40.085;39.63;39.90;818928
FR0000073272;06/06/13;40.12;40.215;39.695;39.75;662722
FR0000073272;07/06/13;39.765;39.99;39.225;39.685;927721
FR0000073272;10/06/13;39.86;40.725;39.685;40.50;833714
FR0000073272;11/06/13;40.285;40.50;39.765;39.875;799321
FR0000073272;12/06/13;39.795;40.565;39.795;40.275;541278
FR0000073272;13/06/13;39.84;40.685;39.705;40.59;983523
FR0000073272;14/06/13;40.705;41.01;40.54;40.96;1147501
FR0000073272;17/06/13;41.25;41.79;41.01;41.48;816215
FR0000073272;18/06/13;41.49;41.49;40.995;41.245;1010166
FR0000073272;19/06/13;41.315;41.41;40.67;41.10;861999
FR0000073272;20/06/13;40.80;40.98;39.61;39.96;1366047
FR0000073272;21/06/13;40.07;40.605;39.62;39.62;1198567
FR0000073272;24/06/13;39.595;39.595;38.48;38.825;1040168
FR0000073272;25/06/13;38.975;39.635;38.765;39.635;890528
FR0000073272;26/06/13;39.585;40.195;39.255;40.045;908864
FR0000073272;27/06/13;39.985;40.68;39.905;40.545;631959
FR0000073272;28/06/13;40.815;40.985;40.09;40.125;1235610
FR0000120073;03/06/13;81.8182;82.8926;81.0744;81.876;1275814
FR0000120073;04/06/13;82.1322;82.2314;80.8678;80.9339;918681
FR0000120073;05/06/13;80.5289;80.9091;80.1322;80.2314;727647
FR0000120073;06/06/13;80.2231;80.5785;79.5868;79.5868;685470
FR0000120073;07/06/13;79.595;80.6281;79.0827;80.2314;967638
FR0000120073;10/06/13;80.2314;80.6942;79.7521;80.4545;482724
FR0000120073;11/06/13;79.9256;80.2066;78.8595;79.9008;799371
FR0000120073;12/06/13;79.9752;80.9008;79.9174;79.9422;606116
FR0000120073;13/06/13;78.9256;80.00;78.9256;79.8678;687324
FR0000120073;14/06/13;80.2397;80.2893;79.0083;79.2645;707855
FR0000120073;17/06/13;79.6694;80.7769;79.3884;80.2149;684184
FR0000120073;18/06/13;79.9504;80.562;79.7686;80.281;518023
FR0000120073;19/06/13;80.3471;80.6198;79.7851;80.0579;533837
FR0000120073;20/06/13;79.0744;79.0744;77.1405;77.2066;1480166
FR0000120073;21/06/13;77.281;78.5124;76.595;76.595;1634385
FR0000120073;24/06/13;76.7934;76.9422;75.2893;75.4545;1121473
FR0000120073;25/06/13;75.9091;76.6198;75.4545;76.4876;867309
FR0000120073;26/06/13;76.6942;77.595;76.2314;77.5041;1032396
FR0000120073;27/06/13;77.2727;78.4463;76.6116;78.2645;1129841
FR0000120073;28/06/13;78.3471;78.9587;77.9174;78.405;1189687
FR0000120172;03/06/13;22.70;23.025;22.37;22.455;2070574
FR0000120172;04/06/13;22.645;22.785;22.345;22.385;1816927
FR0000120172;05/06/13;21.94;21.94;20.95;21.47;6456631
FR0000120172;06/06/13;21.50;21.90;21.35;21.35;3146277
FR0000120172;07/06/13;21.29;21.735;21.08;21.535;2937528
FR0000120172;10/06/13;21.53;22.02;21.50;21.69;1974851
FR0000120172;11/06/13;21.675;21.70;20.79;21.12;2938444
FR0000120172;12/06/13;21.01;21.23;20.77;20.875;1890931
FR0000120172;13/06/13;20.46;21.50;20.275;21.40;3907079
FR0000120172;14/06/13;21.46;21.76;21.22;21.40;2141100
FR0000120172;17/06/13;21.26;22.04;21.245;21.935;2266437
FR0000120172;18/06/13;21.84;22.04;21.74;21.85;1904103
FR0000120172;19/06/13;21.94;22.155;21.685;21.965;1833768
FR0000120172;20/06/13;21.485;21.645;20.58;20.635;4115860
FR0000120172;21/06/13;20.89;21.095;20.405;20.405;5042605
FR0000120172;24/06/13;20.255;20.415;19.37;19.755;5347948
FR0000120172;25/06/13;20.04;20.14;19.80;20.14;2372832
FR0000120172;26/06/13;20.10;21.11;19.935;20.70;3766421
FR0000120172;27/06/13;20.635;21.495;20.565;21.27;3247082
FR0000120172;28/06/13;21.34;21.41;20.74;21.13;3594693
FR0000120271;03/06/13;38.425;39.13;38.22;38.66;4752926
FR0000120271;04/06/13;38.885;39.125;38.58;38.70;3132096
FR0000120271;05/06/13;38.50;38.615;38.00;38.00;4286283
FR0000120271;06/06/13;38.015;38.155;37.435;37.435;3897603
FR0000120271;07/06/13;37.585;37.995;37.205;37.90;5324453
FR0000120271;10/06/13;37.90;37.965;37.58;37.83;2763720
FR0000120271;11/06/13;37.74;37.94;37.27;37.53;5111726
FR0000120271;12/06/13;37.54;37.81;37.19;37.19;3482237
FR0000120271;13/06/13;37.00;37.55;36.935;37.31;4188624
FR0000120271;14/06/13;37.525;37.68;37.215;37.445;3417401
FR0000120271;17/06/13;37.695;38.55;37.66;38.30;5461592
FR0000120271;18/06/13;38.25;38.41;37.93;38.325;3156170
FR0000120271;19/06/13;38.58;38.58;37.735;38.10;4453701
FR0000120271;20/06/13;37.51;37.64;36.895;36.895;9049909
FR0000120271;21/06/13;37.00;37.205;36.505;36.505;9847446
FR0000120271;24/06/13;36.30;36.57;35.68;35.72;8100174
FR0000120271;25/06/13;36.35;36.41;35.945;36.295;5739656
FR0000120271;26/06/13;36.265;36.70;35.995;36.60;5153868
FR0000120271;27/06/13;36.54;37.29;36.465;37.145;4664298
FR0000120271;28/06/13;37.27;37.58;37.045;37.505;6560980
FR0000120321;03/06/13;130.35;131.25;127.85;128.40;732720
FR0000120321;04/06/13;129.35;130.95;128.80;129.30;406026
FR0000120321;05/06/13;128.65;129.00;125.65;125.65;772726
FR0000120321;06/06/13;125.10;127.60;124.85;124.95;573652
FR0000120321;07/06/13;125.10;127.25;123.60;127.00;610108
FR0000120321;10/06/13;126.55;128.00;126.30;127.15;380896
FR0000120321;11/06/13;126.40;126.75;124.15;125.75;544013
FR0000120321;12/06/13;125.80;127.20;125.45;125.65;445627
FR0000120321;13/06/13;123.90;124.85;122.60;124.55;559372
FR0000120321;14/06/13;125.40;126.50;123.80;125.30;393025
FR0000120321;17/06/13;125.50;129.00;125.50;128.55;616773
FR0000120321;18/06/13;127.95;128.65;127.10;128.10;399434
FR0000120321;19/06/13;128.00;128.50;126.35;127.60;391940
FR0000120321;20/06/13;124.35;125.30;123.65;123.70;822818
FR0000120321;21/06/13;125.50;125.85;122.50;122.50;949922
FR0000120321;24/06/13;122.25;122.90;120.15;121.00;766506
FR0000120321;25/06/13;122.80;123.20;120.75;122.70;554087
FR0000120321;26/06/13;122.35;125.80;122.10;125.45;653382
FR0000120321;27/06/13;124.95;127.75;124.75;126.45;518291
FR0000120321;28/06/13;126.70;127.05;125.60;126.25;649646
FR0000120404;03/06/13;27.585;27.675;27.15;27.325;1000986
FR0000120404;04/06/13;27.40;27.50;27.01;27.01;802216
FR0000120404;05/06/13;27.045;27.08;26.40;26.535;804905
FR0000120404;06/06/13;26.99;27.09;26.435;26.545;1268808
FR0000120404;07/06/13;26.60;27.055;26.575;26.87;853748
FR0000120404;10/06/13;26.895;27.00;26.755;26.855;500486
FR0000120404;11/06/13;26.81;26.90;26.44;26.50;787344
FR0000120404;12/06/13;26.37;26.57;26.065;26.145;690654
FR0000120404;13/06/13;25.85;26.54;25.75;26.365;785570
FR0000120404;14/06/13;26.605;26.605;26.355;26.485;1113616
FR0000120404;17/06/13;26.50;26.71;26.405;26.465;784622
FR0000120404;18/06/13;26.41;26.81;26.38;26.66;877004
FR0000120404;19/06/13;26.75;26.835;26.43;26.695;753784
FR0000120404;20/06/13;26.455;26.695;26.135;26.285;1316741
FR0000120404;21/06/13;26.36;26.625;26.13;26.13;1703839
FR0000120404;24/06/13;26.125;26.75;25.95;25.95;1185165
FR0000120404;25/06/13;26.15;26.225;25.95;25.975;806107
FR0000120404;26/06/13;25.98;26.44;25.90;26.275;648176
FR0000120404;27/06/13;26.18;26.725;26.18;26.605;544390
FR0000120404;28/06/13;26.63;27.18;26.59;27.035;1453818
FR0000120503;03/06/13;20.54;20.65;20.205;20.425;915608
FR0000120503;04/06/13;20.50;20.565;20.02;20.06;1135499
FR0000120503;05/06/13;20.025;20.07;19.61;19.67;1441352
FR0000120503;06/06/13;19.74;20.015;19.565;19.565;1258001
FR0000120503;07/06/13;19.695;20.03;19.62;19.795;1031023
FR0000120503;10/06/13;19.895;20.075;19.75;19.905;860043
FR0000120503;11/06/13;19.995;20.06;19.66;19.73;722050
FR0000120503;12/06/13;19.715;19.85;19.605;19.62;776749
FR0000120503;13/06/13;19.50;19.78;19.25;19.715;1041229
FR0000120503;14/06/13;19.805;20.14;19.79;19.93;1414676
FR0000120503;17/06/13;19.975;20.21;19.93;19.93;915077
FR0000120503;18/06/13;19.97;19.97;19.64;19.66;1057862
FR0000120503;19/06/13;19.71;19.845;19.52;19.58;740108
FR0000120503;20/06/13;19.41;19.43;19.15;19.185;1119251
FR0000120503;21/06/13;19.305;19.365;18.96;18.975;1220397
FR0000120503;24/06/13;19.00;19.03;18.61;18.615;1007987
FR0000120503;25/06/13;18.87;19.215;18.77;19.135;1201144
FR0000120503;26/06/13;19.185;19.44;19.055;19.265;917411
FR0000120503;27/06/13;19.33;19.905;19.25;19.85;1191243
FR0000120503;28/06/13;19.815;19.965;19.605;19.61;1011122
FR0000120578;03/06/13;81.59;82.86;80.67;81.25;3223029
FR0000120578;04/06/13;81.51;82.07;81.18;81.66;1903354
FR0000120578;05/06/13;81.28;81.61;80.21;80.21;2329431
FR0000120578;06/06/13;80.40;80.85;79.29;79.29;2389691
FR0000120578;07/06/13;79.50;81.58;78.73;80.89;2787553
FR0000120578;10/06/13;80.19;81.23;79.65;80.59;1660499
FR0000120578;11/06/13;80.11;80.44;78.98;79.67;3185245
FR0000120578;12/06/13;79.70;81.45;79.55;80.63;2772246
FR0000120578;13/06/13;79.37;80.45;79.22;80.25;2271582
FR0000120578;14/06/13;80.37;81.13;79.85;80.46;1955271
FR0000120578;17/06/13;80.46;83.15;80.40;82.57;2935621
FR0000120578;18/06/13;81.90;82.30;81.23;81.55;2062073
FR0000120578;19/06/13;81.17;81.76;80.47;80.79;2189045
FR0000120578;20/06/13;79.16;79.60;77.11;77.11;4901298
FR0000120578;21/06/13;78.00;79.37;77.41;77.41;6120260
FR0000120578;24/06/13;77.20;77.98;75.38;75.98;4367885
FR0000120578;25/06/13;77.35;77.35;75.33;75.62;3500546
FR0000120578;26/06/13;75.96;79.11;75.67;79.00;4283184
FR0000120578;27/06/13;78.88;80.75;78.48;80.01;3135132
FR0000120578;28/06/13;79.70;81.10;79.14;79.62;4294399
FR0000120628;03/06/13;15.59;15.775;15.32;15.51;6727121
FR0000120628;04/06/13;15.64;15.855;15.62;15.795;6146912
FR0000120628;05/06/13;15.73;15.88;15.395;15.41;8419802
FR0000120628;06/06/13;15.55;15.55;15.035;15.075;8036516
FR0000120628;07/06/13;15.08;15.745;15.025;15.70;8259115
FR0000120628;10/06/13;15.65;15.85;15.58;15.695;5912749
FR0000120628;11/06/13;15.595;15.63;15.065;15.295;8391461
FR0000120628;12/06/13;15.285;15.405;15.145;15.15;4780569
FR0000120628;13/06/13;15.00;15.50;14.77;15.40;8814286
FR0000120628;14/06/13;15.625;15.675;15.365;15.45;4411876
FR0000120628;17/06/13;15.505;15.92;15.40;15.85;6170437
FR0000120628;18/06/13;15.735;16.12;15.70;16.055;9254740
FR0000120628;19/06/13;16.105;16.105;15.71;15.77;7838365
FR0000120628;20/06/13;15.455;15.70;15.155;15.205;10582571
FR0000120628;21/06/13;15.26;15.40;14.76;14.76;14803624
FR0000120628;24/06/13;14.80;14.91;14.40;14.54;10568822
FR0000120628;25/06/13;14.76;14.94;14.635;14.82;7289553
FR0000120628;26/06/13;14.865;15.31;14.78;15.10;7510778
FR0000120628;27/06/13;15.15;15.30;14.965;15.16;5726189
FR0000120628;28/06/13;15.25;15.385;14.935;15.095;7509439
FR0000120644;03/06/13;56.50;57.13;55.33;56.05;1727357
FR0000120644;04/06/13;56.31;57.17;56.25;56.69;1257784
FR0000120644;05/06/13;56.28;56.67;55.36;55.36;1548965
FR0000120644;06/06/13;56.50;57.48;56.45;56.50;2444328
FR0000120644;07/06/13;56.66;57.66;56.10;57.34;1844242
FR0000120644;10/06/13;56.92;57.64;56.50;57.44;1391363
FR0000120644;11/06/13;57.46;57.46;55.94;56.70;1737609
FR0000120644;12/06/13;56.82;57.76;56.68;57.23;1324689
FR0000120644;13/06/13;56.69;57.25;56.37;57.14;1468863
FR0000120644;14/06/13;57.25;57.26;56.37;56.66;1117160
FR0000120644;17/06/13;56.79;58.36;56.79;58.22;1680979
FR0000120644;18/06/13;57.64;57.93;57.34;57.60;1376904
FR0000120644;19/06/13;57.86;58.02;56.70;57.89;1308386
FR0000120644;20/06/13;56.74;56.90;54.98;55.12;2279436
FR0000120644;21/06/13;56.64;57.87;56.21;56.23;4628549
FR0000120644;24/06/13;56.14;56.60;54.71;55.09;2501153
FR0000120644;25/06/13;55.40;55.43;54.63;55.09;1803299
FR0000120644;26/06/13;55.10;56.20;54.86;56.04;1643761
FR0000120644;27/06/13;55.96;57.38;55.82;57.13;1693341
FR0000120644;28/06/13;57.24;57.98;56.80;57.66;2042395
FR0000120693;03/06/13;92.13;93.40;90.96;92.60;652946
FR0000120693;04/06/13;92.71;92.87;91.79;92.10;456564
FR0000120693;05/06/13;91.32;92.00;90.32;90.74;598928
FR0000120693;06/06/13;91.42;91.46;90.20;90.63;494006
FR0000120693;07/06/13;90.59;91.34;89.94;90.93;715013
FR0000120693;10/06/13;90.49;91.28;90.30;90.61;543261
FR0000120693;11/06/13;90.56;90.57;89.09;89.85;592434
FR0000120693;12/06/13;89.68;90.54;89.44;89.44;604847
FR0000120693;13/06/13;88.95;89.66;88.30;89.52;536952
FR0000120693;14/06/13;88.01;88.82;88.00;88.51;635082
FR0000120693;17/06/13;88.01;88.63;87.84;88.00;841652
FR0000120693;18/06/13;87.88;90.00;87.60;89.56;694549
FR0000120693;19/06/13;89.48;89.98;88.82;89.71;425833
FR0000120693;20/06/13;89.33;89.33;85.36;85.36;1062555
FR0000120693;21/06/13;85.86;87.29;85.60;85.68;1069926
FR0000120693;24/06/13;85.59;86.05;83.99;84.90;791274
FR0000120693;25/06/13;85.34;85.79;84.54;85.69;673848
FR0000120693;26/06/13;85.58;87.16;85.00;85.81;602989
FR0000120693;27/06/13;85.81;86.23;85.40;85.96;647487
FR0000120693;28/06/13;85.93;86.14;84.91;85.19;775131
FR0000121014;03/06/13;136.10;137.80;134.15;135.50;618957
FR0000121014;04/06/13;136.00;137.10;134.00;134.55;567686
FR0000121014;05/06/13;133.65;134.75;130.95;131.00;782718
FR0000121014;06/06/13;131.95;132.70;130.80;130.80;485651
FR0000121014;07/06/13;130.55;133.60;130.10;132.65;783939
FR0000121014;10/06/13;133.05;133.85;131.80;132.70;430122
FR0000121014;11/06/13;132.00;132.10;128.40;129.60;908828
FR0000121014;12/06/13;129.60;130.30;127.70;127.70;818814
FR0000121014;13/06/13;126.50;126.75;124.20;126.00;1013333
FR0000121014;14/06/13;127.10;127.10;125.15;125.80;905904
FR0000121014;17/06/13;125.80;127.75;125.30;127.15;950220
FR0000121014;18/06/13;127.15;127.50;126.15;126.85;710056
FR0000121014;19/06/13;127.20;129.10;125.65;127.60;996475
FR0000121014;20/06/13;125.40;125.95;122.70;122.95;1289524
FR0000121014;21/06/13;124.00;124.45;121.10;121.10;1199664
FR0000121014;24/06/13;122.60;123.45;117.80;119.25;1300805
FR0000121014;25/06/13;120.40;122.50;119.40;122.00;945578
FR0000121014;26/06/13;122.75;125.30;122.00;125.20;1077252
FR0000121014;27/06/13;125.30;127.05;124.75;126.50;783141
FR0000121014;28/06/13;127.00;127.25;123.95;124.50;1051540
FR0000121220;03/06/13;65.65;65.74;64.60;64.82;185222
FR0000121220;04/06/13;64.94;65.60;64.89;65.16;120821
FR0000121220;05/06/13;64.75;65.01;63.88;64.00;217415
FR0000121220;06/06/13;65.30;65.43;64.13;64.13;209872
FR0000121220;07/06/13;64.42;65.58;64.36;65.36;196105
FR0000121220;10/06/13;65.51;65.92;65.16;65.68;177136
FR0000121220;11/06/13;65.12;65.15;63.60;63.98;213235
FR0000121220;12/06/13;64.87;66.25;64.45;65.95;349712
FR0000121220;13/06/13;65.38;66.08;64.56;66.01;201102
FR0000121220;14/06/13;66.54;66.84;65.93;66.23;244371
FR0000121220;17/06/13;66.12;67.06;66.12;66.38;200863
FR0000121220;18/06/13;66.31;66.99;66.25;66.37;281014
FR0000121220;19/06/13;66.47;66.85;66.12;66.26;179188
FR0000121220;20/06/13;67.20;67.25;66.21;66.54;314278
FR0000121220;21/06/13;66.03;66.84;64.30;64.30;403385
FR0000121220;24/06/13;64.31;65.03;62.73;62.88;227388
FR0000121220;25/06/13;63.42;63.80;62.66;63.73;251738
FR0000121220;26/06/13;63.94;64.91;63.82;64.30;186921
FR0000121220;27/06/13;64.31;64.96;63.87;64.38;293412
FR0000121220;28/06/13;64.39;64.91;63.83;64.00;257518
FR0000121261;03/06/13;67.92;69.29;67.10;68.11;670572
FR0000121261;04/06/13;68.95;69.24;67.13;67.40;483423
FR0000121261;05/06/13;67.29;68.28;66.90;67.05;557892
FR0000121261;06/06/13;67.20;67.86;66.90;67.28;512559
FR0000121261;07/06/13;67.75;68.67;66.97;68.40;688261
FR0000121261;10/06/13;69.17;69.17;67.80;68.40;594206
FR0000121261;11/06/13;68.54;68.54;65.88;66.01;871276
FR0000121261;12/06/13;65.76;67.00;64.86;65.76;1316566
FR0000121261;13/06/13;65.00;66.76;64.52;66.52;811704
FR0000121261;14/06/13;67.99;70.11;67.84;69.63;1318191
FR0000121261;17/06/13;70.04;71.45;69.75;70.63;1280642
FR0000121261;18/06/13;70.47;70.72;69.71;70.00;702712
FR0000121261;19/06/13;70.24;70.41;69.11;69.40;784321
FR0000121261;20/06/13;68.49;68.59;67.20;67.49;1126544
FR0000121261;21/06/13;67.64;68.32;66.19;66.22;1094780
FR0000121261;24/06/13;66.54;67.76;65.36;65.51;839255
FR0000121261;25/06/13;66.21;67.47;65.68;67.27;858166
FR0000121261;26/06/13;67.63;68.14;66.72;68.03;697040
FR0000121261;27/06/13;67.92;70.65;67.66;70.14;1000529
FR0000121261;28/06/13;70.00;70.54;68.33;68.70;860924
FR0000121485;03/06/13;168.30;170.45;165.40;166.70;287324
FR0000121485;04/06/13;168.00;168.45;166.70;166.95;307261
FR0000121485;05/06/13;166.85;166.90;164.20;164.20;260785
FR0000121485;06/06/13;165.45;165.60;162.65;162.95;258791
FR0000121485;07/06/13;163.20;163.65;159.85;161.55;471418
FR0000121485;10/06/13;161.05;166.55;160.40;164.55;292934
FR0000121485;11/06/13;163.75;163.75;159.25;160.05;410222
FR0000121485;12/06/13;159.50;161.75;159.50;159.55;214850
FR0000121485;13/06/13;157.35;158.50;155.50;157.55;341601
FR0000121485;14/06/13;158.10;159.65;156.85;159.45;247560
FR0000121485;17/06/13;159.40;161.00;158.60;159.80;225256
FR0000121485;18/06/13;159.15;159.95;157.10;159.05;283891
FR0000121485;19/06/13;159.05;165.40;156.75;162.40;571890
FR0000121485;20/06/13;158.50;158.50;152.75;152.75;571181
FR0000121485;21/06/13;153.00;154.80;149.80;149.80;724246
FR0000121485;24/06/13;149.90;151.40;147.00;148.35;410533
FR0000121485;25/06/13;149.30;151.15;147.70;150.45;372179
FR0000121485;26/06/13;151.40;155.00;151.40;155.00;487230
FR0000121485;27/06/13;154.50;156.00;152.80;155.40;394359
FR0000121485;28/06/13;156.35;156.85;154.85;156.15;307404
FR0000121501;03/06/13;4.583;4.793;4.47;4.60;4418177
FR0000121501;04/06/13;4.698;4.769;4.588;4.621;2212694
FR0000121501;05/06/13;4.55;4.659;4.508;4.608;2360914
FR0000121501;06/06/13;4.522;4.736;4.512;4.561;2654556
FR0000121501;07/06/13;4.665;4.757;4.569;4.694;3038867
FR0000121501;10/06/13;4.756;4.768;4.644;4.676;1784452
FR0000121501;11/06/13;4.64;4.667;4.436;4.456;3614040
FR0000121501;12/06/13;4.599;4.687;4.412;4.452;3683966
FR0000121501;13/06/13;4.39;4.56;4.32;4.457;3545954
FR0000121501;14/06/13;4.578;4.612;4.428;4.486;2467756
FR0000121501;17/06/13;4.50;4.598;4.419;4.441;2558787
FR0000121501;18/06/13;4.432;4.502;4.365;4.40;1829818
FR0000121501;19/06/13;4.401;4.417;4.213;4.246;3133751
FR0000121501;20/06/13;4.20;4.223;3.926;3.952;4779816
FR0000121501;21/06/13;4.047;4.05;3.691;3.70;6137578
FR0000121501;24/06/13;3.712;3.781;3.45;3.622;5609490
FR0000121501;25/06/13;3.737;3.978;3.687;3.908;5627935
FR0000121501;26/06/13;3.933;4.085;3.888;3.963;3879652
FR0000121501;27/06/13;4.09;4.35;3.89;4.30;9916142
FR0000121501;28/06/13;4.25;4.341;3.971;4.125;5095817
FR0000121667;03/06/13;85.76;85.82;83.95;84.93;619358
FR0000121667;04/06/13;84.89;85.40;83.80;84.34;393901
FR0000121667;05/06/13;84.29;84.67;82.62;82.62;575354
FR0000121667;06/06/13;82.64;83.93;82.43;82.43;434622
FR0000121667;07/06/13;82.51;83.88;81.51;83.39;603108
FR0000121667;10/06/13;82.80;83.79;82.76;83.09;361040
FR0000121667;11/06/13;82.83;83.43;81.16;83.35;653349
FR0000121667;12/06/13;83.05;84.86;83.04;83.61;445722
FR0000121667;13/06/13;82.39;83.01;82.12;82.86;361384
FR0000121667;14/06/13;83.18;83.19;81.66;82.26;417510
FR0000121667;17/06/13;82.52;84.54;82.35;84.02;555427
FR0000121667;18/06/13;83.59;84.03;83.15;83.36;447939
FR0000121667;19/06/13;83.27;83.58;82.21;83.02;411057
FR0000121667;20/06/13;81.64;81.98;79.66;79.66;914207
FR0000121667;21/06/13;80.40;81.29;79.13;79.13;1042409
FR0000121667;24/06/13;79.12;79.54;77.59;78.66;681052
FR0000121667;25/06/13;79.32;80.79;78.53;80.61;718445
FR0000121667;26/06/13;80.50;81.98;79.83;81.76;608174
FR0000121667;27/06/13;81.44;82.96;81.20;82.65;658055
FR0000121667;28/06/13;82.92;82.92;81.25;81.74;741005
FR0000121972;03/06/13;61.34;62.56;60.54;60.97;1324543
FR0000121972;04/06/13;61.72;61.93;60.23;60.39;1124888
FR0000121972;05/06/13;60.33;60.33;59.11;59.17;1134961
FR0000121972;06/06/13;59.79;59.93;58.40;58.40;1167902
FR0000121972;07/06/13;58.60;60.34;58.11;59.97;1515690
FR0000121972;10/06/13;60.00;60.59;59.35;59.69;678098
FR0000121972;11/06/13;59.59;59.59;57.88;58.32;1548620
FR0000121972;12/06/13;58.36;59.35;58.33;58.57;910026
FR0000121972;13/06/13;57.51;58.20;57.13;57.80;1687414
FR0000121972;14/06/13;57.94;58.31;57.40;57.71;1308295
FR0000121972;17/06/13;57.90;58.69;57.56;58.00;1311582
FR0000121972;18/06/13;57.87;58.17;57.40;57.50;1235027
FR0000121972;19/06/13;57.52;57.61;56.32;56.43;1872425
FR0000121972;20/06/13;55.67;55.78;54.70;54.82;3068970
FR0000121972;21/06/13;55.01;55.53;54.21;54.21;2448843
FR0000121972;24/06/13;54.00;54.26;52.70;53.77;2365677
FR0000121972;25/06/13;54.38;55.48;54.20;55.29;1981492
FR0000121972;26/06/13;55.17;56.50;54.34;56.40;2053272
FR0000121972;27/06/13;56.26;57.05;55.88;56.89;1570281
FR0000121972;28/06/13;56.87;56.97;55.33;55.73;1988148
FR0000124141;03/06/13;9.58;9.76;9.46;9.70;3266234
FR0000124141;04/06/13;9.776;9.80;9.553;9.563;2866987
FR0000124141;05/06/13;9.55;9.667;9.357;9.37;4265804
FR0000124141;06/06/13;9.40;9.619;9.351;9.351;2596727
FR0000124141;07/06/13;9.39;9.476;9.306;9.439;2765147
FR0000124141;10/06/13;9.361;9.46;9.313;9.326;1943776
FR0000124141;11/06/13;9.324;9.426;9.201;9.295;2774635
FR0000124141;12/06/13;9.261;9.406;9.24;9.281;2394070
FR0000124141;13/06/13;9.201;9.415;9.12;9.311;2123113
FR0000124141;14/06/13;9.367;9.389;9.28;9.285;1681767
FR0000124141;17/06/13;9.336;9.543;9.31;9.363;2920043
FR0000124141;18/06/13;9.363;9.447;9.32;9.387;2784162
FR0000124141;19/06/13;9.40;9.408;9.159;9.167;3867434
FR0000124141;20/06/13;9.101;9.138;8.901;8.929;4216818
FR0000124141;21/06/13;9.00;9.025;8.703;8.712;5083206
FR0000124141;24/06/13;8.71;8.795;8.551;8.651;4418627
FR0000124141;25/06/13;8.727;8.745;8.627;8.698;3617010
FR0000124141;26/06/13;8.702;8.972;8.675;8.88;3390969
FR0000124141;27/06/13;8.89;8.89;8.677;8.795;3790556
FR0000124141;28/06/13;8.791;8.847;8.632;8.741;2661516
FR0000124711;03/06/13;188.70;191.80;184.65;189.90;476814
FR0000124711;04/06/13;192.20;193.10;189.30;191.30;338713
FR0000124711;05/06/13;191.25;191.25;186.60;186.95;268576
FR0000124711;06/06/13;186.50;186.95;182.85;183.90;448375
FR0000124711;07/06/13;184.20;184.80;181.20;183.95;475458
FR0000124711;10/06/13;182.50;184.15;181.10;182.75;246409
FR0000124711;11/06/13;181.50;181.80;178.10;179.90;506905
FR0000124711;12/06/13;179.95;181.05;177.40;177.70;398571
FR0000124711;13/06/13;175.00;176.80;174.05;175.65;526353
FR0000124711;14/06/13;177.60;181.15;176.50;180.40;445843
FR0000124711;17/06/13;180.00;181.50;179.30;180.00;334299
FR0000124711;18/06/13;178.50;180.00;178.50;179.20;260324
FR0000124711;19/06/13;179.10;180.95;178.00;180.00;342353
FR0000124711;20/06/13;177.70;177.75;172.90;173.00;662448
FR0000124711;21/06/13;172.10;174.55;168.15;168.15;1014750
FR0000124711;24/06/13;168.40;169.80;164.20;164.75;622651
FR0000124711;25/06/13;167.00;170.75;165.45;170.50;631406
FR0000124711;26/06/13;172.00;176.50;172.00;176.35;583169
FR0000124711;27/06/13;176.35;177.65;174.60;176.20;418735
FR0000124711;28/06/13;177.45;179.95;176.25;179.00;519912
FR0000125007;03/06/13;33.235;33.945;33.20;33.73;2114617
FR0000125007;04/06/13;33.60;33.94;32.98;33.205;2339295
FR0000125007;05/06/13;32.565;32.96;32.44;32.70;2575672
FR0000125007;06/06/13;32.925;32.985;32.44;32.64;1868599
FR0000125007;07/06/13;32.60;33.055;32.30;32.805;2141787
FR0000125007;10/06/13;32.655;33.325;32.655;33.095;1378869
FR0000125007;11/06/13;33.185;33.185;32.555;32.93;2353236
FR0000125007;12/06/13;31.65;32.03;31.38;31.515;2586798
FR0000125007;13/06/13;31.00;31.825;30.845;31.695;2294246
FR0000125007;14/06/13;31.81;31.90;31.49;31.70;1329351
FR0000125007;17/06/13;31.77;32.10;31.56;31.78;1708181
FR0000125007;18/06/13;31.65;32.13;31.62;32.005;1467121
FR0000125007;19/06/13;31.995;32.095;31.58;31.80;1107949
FR0000125007;20/06/13;31.61;32.105;31.32;31.46;3152119
FR0000125007;21/06/13;31.44;31.57;30.585;30.585;3882361
FR0000125007;24/06/13;30.435;30.54;29.605;29.955;3270276
FR0000125007;25/06/13;30.205;30.395;30.065;30.255;2093421
FR0000125007;26/06/13;30.26;31.195;30.10;31.02;2024887
FR0000125007;27/06/13;30.92;31.63;30.83;31.43;1443223
FR0000125007;28/06/13;31.51;31.805;30.835;31.10;1954154
FR0000125338;03/06/13;37.00;37.39;36.445;36.905;1058749
FR0000125338;04/06/13;37.15;37.69;36.785;36.91;624828
FR0000125338;05/06/13;36.80;37.155;36.55;36.555;489020
FR0000125338;06/06/13;36.68;36.98;36.375;36.40;382285
FR0000125338;07/06/13;36.415;37.225;36.26;36.945;683676
FR0000125338;10/06/13;36.945;37.48;36.80;37.24;432579
FR0000125338;11/06/13;37.255;37.33;36.80;37.065;584335
FR0000125338;12/06/13;37.07;37.35;36.76;36.805;539844
FR0000125338;13/06/13;36.49;38.56;36.30;38.415;1419428
FR0000125338;14/06/13;38.67;38.67;38.025;38.315;652157
FR0000125338;17/06/13;38.53;39.46;38.435;39.355;907874
FR0000125338;18/06/13;39.35;39.445;38.84;39.14;970619
FR0000125338;19/06/13;39.22;39.425;38.87;39.29;951386
FR0000125338;20/06/13;38.98;39.17;38.41;38.42;1148042
FR0000125338;21/06/13;38.20;38.68;37.75;37.755;1531531
FR0000125338;24/06/13;37.745;38.01;37.10;37.145;899239
FR0000125338;25/06/13;37.48;37.54;37.18;37.525;833317
FR0000125338;26/06/13;37.62;38.485;37.42;38.395;857749
FR0000125338;27/06/13;38.29;38.755;38.02;38.51;975078
FR0000125338;28/06/13;37.80;38.10;37.30;37.35;1746123
FR0000125486;03/06/13;39.54;39.90;38.775;39.495;1785685
FR0000125486;04/06/13;39.83;40.335;39.64;39.80;2741742
FR0000125486;05/06/13;39.50;39.65;38.76;38.78;2076027
FR0000125486;06/06/13;38.80;39.095;38.565;38.565;1426914
FR0000125486;07/06/13;39.175;40.03;39.145;39.79;3391138
FR0000125486;10/06/13;39.74;39.90;39.46;39.675;1108175
FR0000125486;11/06/13;39.80;39.80;38.775;39.10;1624623
FR0000125486;12/06/13;39.135;39.275;38.605;38.66;1187418
FR0000125486;13/06/13;38.25;38.875;37.81;38.60;1566907
FR0000125486;14/06/13;38.84;39.00;38.345;38.595;1225910
FR0000125486;17/06/13;38.65;39.47;38.61;39.16;1069216
FR0000125486;18/06/13;38.915;39.49;38.77;39.245;1409689
FR0000125486;19/06/13;39.20;39.20;38.67;38.80;1265379
FR0000125486;20/06/13;38.21;38.425;37.385;37.50;2284194
FR0000125486;21/06/13;37.615;37.695;36.81;36.81;3171197
FR0000125486;24/06/13;36.765;36.865;35.90;36.175;2193695
FR0000125486;25/06/13;36.70;37.81;36.60;37.595;2582279
FR0000125486;26/06/13;37.795;38.655;37.45;38.49;2381924
FR0000125486;27/06/13;38.49;39.015;37.86;38.81;1592274
FR0000125486;28/06/13;38.89;39.00;38.30;38.555;1472360
FR0000127771;03/06/13;15.08;15.475;14.97;15.12;4732166
FR0000127771;04/06/13;15.15;15.33;15.145;15.175;2517165
FR0000127771;05/06/13;14.955;15.205;14.88;14.88;3616334
FR0000127771;06/06/13;14.85;15.025;14.67;14.67;4180568
FR0000127771;07/06/13;14.55;15.11;14.55;14.96;4061700
FR0000127771;10/06/13;14.735;14.91;14.645;14.725;3958141
FR0000127771;11/06/13;14.61;14.84;14.605;14.71;4618987
FR0000127771;12/06/13;14.55;14.87;14.55;14.62;3413193
FR0000127771;13/06/13;14.50;14.98;14.415;14.945;5974553
FR0000127771;14/06/13;14.97;14.98;14.415;14.715;6002506
FR0000127771;17/06/13;14.695;15.235;14.695;15.04;5428581
FR0000127771;18/06/13;14.985;15.20;14.93;15.14;3057071
FR0000127771;19/06/13;15.13;15.225;14.865;14.89;3286365
FR0000127771;20/06/13;14.73;14.755;14.255;14.32;7701011
FR0000127771;21/06/13;14.33;14.525;14.185;14.185;7002336
FR0000127771;24/06/13;14.18;14.38;13.995;14.13;5186596
FR0000127771;25/06/13;14.255;14.37;14.22;14.29;3753097
FR0000127771;26/06/13;14.25;14.465;14.12;14.335;6079488
FR0000127771;27/06/13;14.30;14.57;14.26;14.55;4442646
FR0000127771;28/06/13;14.55;14.595;14.395;14.55;5877500
FR0000130577;03/06/13;55.20;55.74;53.94;53.94;775229
FR0000130577;04/06/13;54.69;54.69;53.87;54.24;344356
FR0000130577;05/06/13;53.14;53.25;52.50;52.80;492793
FR0000130577;06/06/13;53.30;53.41;52.53;52.59;583300
FR0000130577;07/06/13;52.71;52.80;51.51;52.64;860800
FR0000130577;10/06/13;52.56;53.57;52.45;53.45;433597
FR0000130577;11/06/13;53.34;53.80;52.81;53.64;708675
FR0000130577;12/06/13;53.40;54.44;53.40;54.07;605819
FR0000130577;13/06/13;53.22;54.29;53.00;54.15;542413
FR0000130577;14/06/13;54.50;54.64;53.80;54.52;537055
FR0000130577;17/06/13;54.80;54.97;54.37;54.85;512181
FR0000130577;18/06/13;54.80;55.60;54.45;55.50;628723
FR0000130577;19/06/13;55.90;56.26;55.11;55.34;617332
FR0000130577;20/06/13;54.76;55.02;53.95;54.31;684447
FR0000130577;21/06/13;54.18;54.78;53.51;53.51;586303
FR0000130577;24/06/13;53.50;54.24;52.07;52.15;649074
FR0000130577;25/06/13;52.58;52.88;52.09;52.74;723328
FR0000130577;26/06/13;52.75;53.79;52.32;53.52;685787
FR0000130577;27/06/13;53.65;55.47;53.57;55.23;771200
FR0000130577;28/06/13;55.27;55.50;54.70;54.70;692851
FR0000130809;03/06/13;30.55;31.24;30.35;30.595;4651869
FR0000130809;04/06/13;31.46;31.59;31.03;31.03;4001473
FR0000130809;05/06/13;30.755;31.19;30.36;30.425;4274224
FR0000130809;06/06/13;30.395;30.45;29.54;29.615;5281427
FR0000130809;07/06/13;29.67;30.36;29.44;30.145;5791243
FR0000130809;10/06/13;30.13;30.44;29.50;29.715;3860407
FR0000130809;11/06/13;29.585;29.62;28.54;29.195;5929318
FR0000130809;12/06/13;28.90;29.20;28.21;28.455;6231194
FR0000130809;13/06/13;27.985;28.445;27.60;28.255;6082368
FR0000130809;14/06/13;28.74;28.95;28.415;28.56;4164324
FR0000130809;17/06/13;28.705;29.15;28.25;28.94;3509191
FR0000130809;18/06/13;28.92;29.485;28.74;29.07;3041202
FR0000130809;19/06/13;28.96;29.115;28.605;28.805;4212093
FR0000130809;20/06/13;28.10;28.335;27.32;27.54;7957238
FR0000130809;21/06/13;27.37;27.895;26.85;26.95;8244597
FR0000130809;24/06/13;26.81;27.18;26.03;26.58;8361270
FR0000130809;25/06/13;27.05;27.18;26.655;26.71;5778551
FR0000130809;26/06/13;26.725;27.98;26.46;27.65;5720971
FR0000130809;27/06/13;27.72;28.055;27.14;27.55;4786006
FR0000130809;28/06/13;27.55;27.825;26.355;26.40;8090649
FR0000131104;03/06/13;45.14;46.19;44.63;45.30;3850157
FR0000131104;04/06/13;45.89;46.14;45.085;45.235;2847372
FR0000131104;05/06/13;45.00;45.695;44.59;44.66;3612427
FR0000131104;06/06/13;44.40;45.08;43.55;43.705;4104747
FR0000131104;07/06/13;43.71;44.83;43.575;44.44;4348967
FR0000131104;10/06/13;44.645;44.92;43.57;43.90;3124021
FR0000131104;11/06/13;43.68;43.845;42.45;43.085;4203005
FR0000131104;12/06/13;43.095;43.605;42.40;42.555;3121221
FR0000131104;13/06/13;41.99;43.395;41.35;43.25;5539535
FR0000131104;14/06/13;44.00;44.075;43.145;43.28;3051839
FR0000131104;17/06/13;43.40;44.02;42.865;43.75;2861413
FR0000131104;18/06/13;43.555;44.585;43.27;44.13;3049512
FR0000131104;19/06/13;44.20;44.21;43.40;43.665;3330389
FR0000131104;20/06/13;42.80;43.06;41.53;41.795;7059362
FR0000131104;21/06/13;41.775;42.42;40.68;40.72;8090113
FR0000131104;24/06/13;40.30;40.875;39.335;40.145;7172969
FR0000131104;25/06/13;40.945;41.37;40.00;41.305;6341466
FR0000131104;26/06/13;41.34;42.85;41.00;42.43;5224179
FR0000131104;27/06/13;42.51;43.08;41.84;42.545;4454826
FR0000131104;28/06/13;42.785;43.01;41.50;41.975;4507485
FR0000131906;03/06/13;58.94;60.03;58.17;58.51;1210037
FR0000131906;04/06/13;59.42;59.94;58.45;59.52;1130379
FR0000131906;05/06/13;58.64;59.75;58.50;58.84;936829
FR0000131906;06/06/13;58.80;59.47;58.26;58.42;1148081
FR0000131906;07/06/13;58.25;59.96;57.35;59.57;1205441
FR0000131906;10/06/13;60.00;60.68;59.62;60.19;1262744
FR0000131906;11/06/13;59.77;59.77;57.46;57.73;1359202
FR0000131906;12/06/13;57.41;58.36;55.84;55.96;1158799
FR0000131906;13/06/13;54.91;55.84;54.12;55.79;1029705
FR0000131906;14/06/13;57.08;57.45;56.15;56.44;943607
FR0000131906;17/06/13;56.62;57.52;56.38;57.28;729902
FR0000131906;18/06/13;56.99;57.87;56.40;57.87;811432
FR0000131906;19/06/13;57.98;58.46;57.21;57.36;848755
FR0000131906;20/06/13;56.36;56.59;53.45;53.49;2055512
FR0000131906;21/06/13;54.29;54.57;51.72;51.72;2649746
FR0000131906;24/06/13;51.88;52.33;50.24;50.35;1738740
FR0000131906;25/06/13;51.36;53.68;51.00;53.53;1712850
FR0000131906;26/06/13;53.37;53.92;52.58;52.78;1145463
FR0000131906;27/06/13;52.71;53.22;51.69;52.92;1094004
FR0000131906;28/06/13;53.31;53.92;51.46;51.70;1508130
FR0000133308;03/06/13;7.848;7.871;7.685;7.723;8854421
FR0000133308;04/06/13;7.81;7.842;7.72;7.761;6943950
FR0000133308;05/06/13;7.751;7.843;7.658;7.658;8629759
FR0000133308;06/06/13;7.58;7.659;7.495;7.495;11124158
FR0000133308;07/06/13;7.517;7.683;7.497;7.63;8920926
FR0000133308;10/06/13;7.617;7.65;7.491;7.503;7634775
FR0000133308;11/06/13;7.503;7.55;7.428;7.474;9245591
FR0000133308;12/06/13;7.465;7.60;7.411;7.469;9435172
FR0000133308;13/06/13;7.381;7.48;7.34;7.446;8194028
FR0000133308;14/06/13;7.46;7.46;7.356;7.364;6859039
FR0000133308;17/06/13;7.488;7.702;7.461;7.591;11214249
FR0000133308;18/06/13;7.575;7.606;7.488;7.593;6432638
FR0000133308;19/06/13;7.577;7.716;7.549;7.583;7349838
FR0000133308;20/06/13;7.464;7.513;7.247;7.302;13076608
FR0000133308;21/06/13;7.34;7.44;7.281;7.281;13874598
FR0000133308;24/06/13;7.29;7.368;7.091;7.116;10069440
FR0000133308;25/06/13;7.20;7.29;7.154;7.206;8509315
FR0000133308;26/06/13;7.203;7.437;7.159;7.38;9505840
FR0000133308;27/06/13;7.385;7.442;7.249;7.395;7690549
FR0000133308;28/06/13;7.36;7.386;7.188;7.268;12275554
FR0010208488;03/06/13;15.74;15.79;15.405;15.56;4959626
FR0010208488;04/06/13;15.735;15.735;15.515;15.615;2406161
FR0010208488;05/06/13;15.54;15.61;15.255;15.28;4382861
FR0010208488;06/06/13;15.30;15.575;15.30;15.335;5024889
FR0010208488;07/06/13;15.355;15.43;15.21;15.355;4483078
FR0010208488;10/06/13;15.29;15.325;15.125;15.215;3155188
FR0010208488;11/06/13;15.24;15.33;15.075;15.17;5472057
FR0010208488;12/06/13;15.17;15.49;15.125;15.25;3720969
FR0010208488;13/06/13;15.06;15.575;15.02;15.405;6357574
FR0010208488;14/06/13;15.515;15.53;15.32;15.445;3463295
FR0010208488;17/06/13;15.50;15.90;15.495;15.765;4470189
FR0010208488;18/06/13;15.75;15.75;15.56;15.70;4189132
FR0010208488;19/06/13;15.91;16.02;15.63;15.66;4254706
FR0010208488;20/06/13;15.46;15.48;15.00;15.03;7145646
FR0010208488;21/06/13;15.04;15.265;14.825;14.825;13264779
FR0010208488;24/06/13;14.82;14.965;14.435;14.525;6369969
FR0010208488;25/06/13;14.75;14.815;14.465;14.565;5299689
FR0010208488;26/06/13;14.585;15.08;14.49;14.985;5159119
FR0010208488;27/06/13;15.035;15.205;14.865;15.145;4230364
FR0010208488;28/06/13;15.135;15.20;14.95;15.045;4820085
FR0010307819;03/06/13;38.03;38.20;37.50;37.81;531685
FR0010307819;04/06/13;38.195;38.34;37.115;37.24;651781
FR0010307819;05/06/13;37.03;37.19;36.55;36.595;379635
FR0010307819;06/06/13;37.20;37.34;36.70;36.74;486839
FR0010307819;07/06/13;36.85;37.41;36.49;37.25;529967
FR0010307819;10/06/13;37.225;37.30;36.855;37.12;313084
FR0010307819;11/06/13;35.69;35.985;35.165;35.585;3429109
FR0010307819;12/06/13;35.68;35.87;35.575;35.70;962688
FR0010307819;13/06/13;35.265;35.605;35.24;35.515;957413
FR0010307819;14/06/13;35.525;35.53;35.03;35.055;825749
FR0010307819;17/06/13;35.18;35.61;35.17;35.45;1100275
FR0010307819;18/06/13;35.55;35.705;35.40;35.55;728634
FR0010307819;19/06/13;35.69;36.26;35.45;36.25;1284066
FR0010307819;20/06/13;36.105;36.895;35.925;36.245;1475896
FR0010307819;21/06/13;36.205;36.56;35.945;35.945;964697
FR0010307819;24/06/13;35.945;36.185;35.075;35.08;924143
FR0010307819;25/06/13;35.315;35.62;34.94;35.395;852407
FR0010307819;26/06/13;35.39;35.74;35.14;35.45;1037129
FR0010307819;27/06/13;35.435;35.585;35.11;35.52;942451
FR0010307819;28/06/13;35.60;35.865;35.385;35.64;746168
FR0013176526;03/06/13;17.20;17.5433;16.9367;17.26;1212930
FR0013176526;04/06/13;17.34;17.5667;17.26;17.2833;881316
FR0013176526;05/06/13;17.2433;17.3333;17.10;17.1567;812487
FR0013176526;06/06/13;17.00;17.40;17.00;17.16;910338
FR0013176526;07/06/13;17.24;18.0333;17.1233;17.8533;1606032
FR0013176526;10/06/13;17.8933;18.04;17.60;17.8567;1141419
FR0013176526;11/06/13;17.8867;17.8933;17.5467;17.7167;1042887
FR0013176526;12/06/13;17.65;17.6667;17.1267;17.1933;1072095
FR0013176526;13/06/13;17.0433;17.1567;16.7633;17.10;1239306
FR0013176526;14/06/13;17.2333;17.3467;17.17;17.30;1035282
FR0013176526;17/06/13;17.3267;17.3633;17.00;17.1667;1321512
FR0013176526;18/06/13;17.1233;17.2333;17.0333;17.1667;735855
FR0013176526;19/06/13;17.00;17.21;16.9367;17.1333;861375
FR0013176526;20/06/13;16.9333;16.9333;16.2383;16.3267;1579827
FR0013176526;21/06/13;16.3383;16.5533;16.0117;16.0117;1300500
FR0013176526;24/06/13;16.00;16.2267;15.6667;15.7033;1146435
FR0013176526;25/06/13;15.85;16.2367;15.8283;16.1683;1184769
FR0013176526;26/06/13;15.7083;15.86;15.60;15.7617;1773078
FR0013176526;27/06/13;15.8217;16.58;15.7817;16.4783;1837119
FR0013176526;28/06/13;16.4617;16.5583;15.9667;16.095;1414752
GB00BDSFG982;03/06/13;42.86;43.50;42.59;42.92;617882
GB00BDSFG982;04/06/13;43.175;43.405;42.555;42.775;578584
GB00BDSFG982;05/06/13;42.785;43.05;42.30;42.70;714184
GB00BDSFG982;06/06/13;42.40;42.585;41.755;41.94;486152
GB00BDSFG982;07/06/13;42.06;42.555;42.00;42.345;630798
GB00BDSFG982;10/06/13;42.485;43.10;42.33;42.845;579416
GB00BDSFG982;11/06/13;42.755;42.755;42.205;42.53;676310
GB00BDSFG982;12/06/13;42.515;42.75;41.53;41.80;589374
GB00BDSFG982;13/06/13;41.435;42.21;41.27;42.12;553736
GB00BDSFG982;14/06/13;42.50;42.79;42.20;42.56;503560
GB00BDSFG982;17/06/13;41.90;42.19;41.485;41.85;1106970
GB00BDSFG982;18/06/13;41.585;42.35;41.41;42.335;783838
GB00BDSFG982;19/06/13;42.55;43.33;42.42;42.51;1111996
GB00BDSFG982;20/06/13;42.10;42.18;41.33;41.345;836302
GB00BDSFG982;21/06/13;41.42;41.59;40.96;40.96;1187232
GB00BDSFG982;24/06/13;40.75;41.21;39.70;39.77;1033226
GB00BDSFG982;25/06/13;40.03;40.49;39.67;40.025;728270
GB00BDSFG982;26/06/13;40.055;40.765;39.535;40.595;788908
GB00BDSFG982;27/06/13;39.96;39.98;38.725;39.50;2254510
GB00BDSFG982;28/06/13;39.51;39.595;38.62;39.005;1415928
LU1598757687;03/06/13;29.46;30.075;29.337;29.67;3290509
LU1598757687;04/06/13;29.862;29.958;29.403;29.49;2578290
LU1598757687;05/06/13;29.397;29.835;28.74;28.86;3794639
LU1598757687;06/06/13;28.797;29.028;28.311;28.329;2408829
LU1598757687;07/06/13;28.395;28.575;27.981;28.50;3180415
LU1598757687;10/06/13;28.47;28.593;28.011;28.203;2330893
LU1598757687;11/06/13;28.05;28.056;27.165;27.45;4554481
LU1598757687;12/06/13;27.432;27.702;26.808;26.88;3219701
LU1598757687;13/06/13;26.454;27.483;26.334;27.303;3780572
LU1598757687;14/06/13;27.732;28.068;27.543;27.696;2702834
LU1598757687;17/06/13;27.822;27.90;27.387;27.387;2876329
LU1598757687;18/06/13;27.27;27.495;27.078;27.39;1982942
LU1598757687;19/06/13;27.435;27.54;26.982;27.045;2390997
LU1598757687;20/06/13;26.70;26.718;26.13;26.34;5199714
LU1598757687;21/06/13;26.424;26.781;26.223;26.223;4859341
LU1598757687;24/06/13;26.196;26.247;25.284;25.329;4841920
LU1598757687;25/06/13;25.653;25.953;25.452;25.836;3576728
LU1598757687;26/06/13;26.028;26.19;25.80;25.872;3723528
LU1598757687;27/06/13;25.899;26.418;25.572;26.208;3228987
LU1598757687;28/06/13;26.352;26.598;25.587;25.722;4651319
NL0000226223;03/06/13;7.172;7.346;7.15;7.15;2861797
NL0000226223;04/06/13;7.354;7.532;7.354;7.47;5190990
NL0000226223;05/06/13;7.45;7.632;7.413;7.415;3631141
NL0000226223;06/06/13;7.441;7.482;7.284;7.284;2697154
NL0000226223;07/06/13;7.357;7.365;7.045;7.293;4728052
NL0000226223;10/06/13;7.271;7.374;7.211;7.276;1818349
NL0000226223;11/06/13;7.276;7.42;7.108;7.284;3598033
NL0000226223;12/06/13;7.274;7.299;7.056;7.077;2308109
NL0000226223;13/06/13;6.96;7.152;6.825;7.147;2643659
NL0000226223;14/06/13;7.175;7.267;7.10;7.162;2577359
NL0000226223;17/06/13;7.26;7.351;7.161;7.321;2542703
NL0000226223;18/06/13;7.263;7.48;7.25;7.389;2959004
NL0000226223;19/06/13;7.469;7.552;7.363;7.442;2138828
NL0000226223;20/06/13;7.31;7.338;7.072;7.074;3379977
NL0000226223;21/06/13;7.031;7.147;6.845;6.845;3487069
NL0000226223;24/06/13;6.802;6.857;6.612;6.629;2947290
NL0000226223;25/06/13;6.691;6.784;6.626;6.722;2683109
NL0000226223;26/06/13;6.74;6.988;6.73;6.988;3477524
NL0000226223;27/06/13;6.991;7.089;6.935;7.048;2963524
NL0000226223;28/06/13;7.029;7.051;6.836;6.921;2935507
NL0000235190;03/06/13;44.05;44.225;43.385;43.385;2430425
NL0000235190;04/06/13;44.345;44.36;43.14;43.325;1547071
NL0000235190;05/06/13;43.20;43.34;42.435;42.445;1896826
NL0000235190;06/06/13;42.445;42.68;41.92;41.92;1737282
NL0000235190;07/06/13;41.775;43.69;41.775;43.425;2726368
NL0000235190;10/06/13;43.415;43.81;42.88;43.01;1695879
NL0000235190;11/06/13;42.98;42.995;41.97;42.335;2329885
NL0000235190;12/06/13;42.57;43.49;42.57;42.995;2271884
NL0000235190;13/06/13;42.285;43.15;42.085;43.005;2080705
NL0000235190;14/06/13;43.485;43.50;42.50;42.84;2010989
NL0000235190;17/06/13;43.10;43.90;42.865;43.00;2312405
NL0000235190;18/06/13;43.245;43.605;42.92;43.15;1989500
NL0000235190;19/06/13;43.15;43.15;42.13;42.305;3200605
NL0000235190;20/06/13;41.50;41.83;41.09;41.265;3941456
NL0000235190;21/06/13;41.885;41.89;40.75;40.75;7417179
NL0000235190;24/06/13;40.56;40.95;39.465;39.61;3744579
NL0000235190;25/06/13;40.00;40.79;39.80;40.745;2472854
NL0000235190;26/06/13;40.68;41.495;40.20;41.37;2844191
NL0000235190;27/06/13;41.385;41.795;41.23;41.56;2379185
NL0000235190;28/06/13;41.795;42.275;41.065;41.065;3061937
