BE0003470755;02/12/13;112.25;112.55;111.60;112.30;94485
BE0003470755;03/12/13;112.20;112.25;109.25;109.40;168095
BE0003470755;04/12/13;109.65;110.00;107.55;108.20;199241
BE0003470755;05/12/13;108.30;109.30;107.75;108.30;139186
BE0003470755;06/12/13;108.75;109.40;107.50;109.25;140372
BE0003470755;09/12/13;109.40;109.40;108.10;108.55;107266
BE0003470755;10/12/13;108.30;109.30;107.90;108.20;161568
BE0003470755;11/12/13;108.25;108.70;107.20;107.40;120937
BE0003470755;12/12/13;107.25;107.50;106.25;106.95;135518
BE0003470755;13/12/13;106.95;107.45;105.85;106.45;105380
BE0003470755;16/12/13;106.10;108.20;106.00;107.50;119573
BE0003470755;17/12/13;107.50;108.10;106.70;107.75;103615
BE0003470755;18/12/13;108.45;110.20;108.15;108.90;153273
BE0003470755;19/12/13;109.65;109.95;108.65;109.35;149585
BE0003470755;20/12/13;109.80;110.70;109.30;110.50;198613
BE0003470755;23/12/13;110.60;112.35;110.50;112.35;88434
BE0003470755;24/12/13;112.60;113.20;112.20;112.75;11702
BE0003470755;27/12/13;113.20;114.05;112.95;114.05;72905
BE0003470755;30/12/13;114.40;114.85;113.80;114.05;78988
BE0003470755;31/12/13;114.00;115.00;113.60;115.00;28342
FR0000045072;02/12/13;9.235;9.339;9.197;9.235;7495809
FR0000045072;03/12/13;9.338;9.348;9.142;9.142;7989625
FR0000045072;04/12/13;9.107;9.133;8.883;9.01;6700505
FR0000045072;05/12/13;9.00;9.09;8.85;8.88;6599457
FR0000045072;06/12/13;8.923;9.075;8.80;9.074;8122786
FR0000045072;09/12/13;9.112;9.138;8.996;9.081;3604553
FR0000045072;10/12/13;9.057;9.18;8.988;9.009;4663963
FR0000045072;11/12/13;9.00;9.08;8.95;8.994;4832114
FR0000045072;12/12/13;8.951;8.951;8.795;8.854;5602533
FR0000045072;13/12/13;8.86;8.927;8.753;8.775;4165654
FR0000045072;16/12/13;8.775;8.945;8.753;8.88;4342741
FR0000045072;17/12/13;8.823;8.879;8.749;8.749;3839229
FR0000045072;18/12/13;8.802;8.929;8.75;8.929;4997262
FR0000045072;19/12/13;9.05;9.18;9.017;9.094;6416393
FR0000045072;20/12/13;9.087;9.145;9.029;9.12;5917640
FR0000045072;23/12/13;9.114;9.186;9.105;9.147;3000801
FR0000045072;24/12/13;9.106;9.18;9.106;9.167;689404
FR0000045072;27/12/13;9.189;9.237;9.161;9.185;4557172
FR0000045072;30/12/13;9.185;9.306;9.171;9.283;4034002
FR0000045072;31/12/13;9.303;9.343;9.291;9.305;1000247
FR0000051732;02/12/13;62.44;62.87;62.28;62.77;396363
FR0000051732;03/12/13;62.95;63.00;61.61;61.61;409664
FR0000051732;04/12/13;61.67;61.83;60.78;61.36;430201
FR0000051732;05/12/13;61.56;62.18;61.22;61.51;315997
FR0000051732;06/12/13;61.49;62.00;61.24;61.85;308147
FR0000051732;09/12/13;62.08;62.33;61.86;62.07;282824
FR0000051732;10/12/13;62.12;62.28;61.74;61.94;279130
FR0000051732;11/12/13;61.79;62.52;61.79;61.99;297417
FR0000051732;12/12/13;61.90;62.20;61.74;62.03;382629
FR0000051732;13/12/13;62.98;63.63;62.25;63.00;406421
FR0000051732;16/12/13;62.87;63.13;62.31;62.60;302074
FR0000051732;17/12/13;62.32;62.48;61.94;61.98;155368
FR0000051732;18/12/13;62.16;62.64;61.92;62.43;182547
FR0000051732;19/12/13;62.87;63.48;62.60;63.16;184468
FR0000051732;20/12/13;63.09;64.65;62.92;64.45;541551
FR0000051732;23/12/13;64.47;64.90;64.01;64.34;194547
FR0000051732;24/12/13;64.48;65.00;64.29;64.90;55579
FR0000051732;27/12/13;64.90;65.72;64.67;65.60;179241
FR0000051732;30/12/13;65.75;66.34;65.51;65.73;133681
FR0000051732;31/12/13;65.98;65.98;65.38;65.79;45971
FR0000073272;02/12/13;48.91;49.155;48.50;49.12;787039
FR0000073272;03/12/13;49.14;49.215;47.89;47.97;749513
FR0000073272;04/12/13;47.915;48.345;47.13;47.485;992043
FR0000073272;05/12/13;47.645;47.80;47.29;47.325;488317
FR0000073272;06/12/13;47.565;48.085;47.49;47.985;727785
FR0000073272;09/12/13;48.025;48.715;47.86;48.59;587786
FR0000073272;10/12/13;48.50;48.50;47.575;47.81;567020
FR0000073272;11/12/13;47.71;48.53;47.68;48.30;606860
FR0000073272;12/12/13;48.10;48.565;48.00;48.065;512026
FR0000073272;13/12/13;48.03;48.425;47.805;48.17;674542
FR0000073272;16/12/13;47.585;49.02;47.545;49.00;859538
FR0000073272;17/12/13;49.025;49.145;48.37;48.37;560393
FR0000073272;18/12/13;48.60;48.875;48.225;48.84;509030
FR0000073272;19/12/13;49.375;49.54;48.885;49.26;688232
FR0000073272;20/12/13;49.105;49.41;48.915;49.205;923942
FR0000073272;23/12/13;49.39;49.585;49.22;49.575;444734
FR0000073272;24/12/13;49.75;50.21;49.75;49.835;122770
FR0000073272;27/12/13;50.00;50.49;49.465;50.40;474640
FR0000073272;30/12/13;50.40;50.69;50.06;50.19;318911
FR0000073272;31/12/13;50.19;50.53;50.18;50.51;169779
FR0000120073;02/12/13;84.7107;84.9587;84.3388;84.7107;444090
FR0000120073;03/12/13;84.5041;84.7107;82.6281;82.686;886381
FR0000120073;04/12/13;82.9752;83.3884;81.5289;82.3719;1008837
FR0000120073;05/12/13;82.6281;82.6446;81.4959;81.6198;853474
FR0000120073;06/12/13;81.8182;81.8595;80.8926;81.3884;1179467
FR0000120073;09/12/13;81.8017;81.8017;80.9587;81.124;1071164
FR0000120073;10/12/13;81.0413;81.2893;80.4298;80.6281;795804
FR0000120073;11/12/13;80.9835;81.4628;80.6942;80.9587;1383419
FR0000120073;12/12/13;80.7686;81.0579;80.4132;80.5041;925344
FR0000120073;13/12/13;80.6942;81.4793;80.5372;80.9256;842241
FR0000120073;16/12/13;80.719;81.9669;80.6281;81.7686;1029206
FR0000120073;17/12/13;81.1984;81.6529;80.6446;80.6942;955891
FR0000120073;18/12/13;80.9917;81.7521;80.9174;81.5702;1007381
FR0000120073;19/12/13;81.8182;82.6364;81.8182;82.6281;1275419
FR0000120073;20/12/13;82.5041;82.6446;81.9504;82.6364;1659872
FR0000120073;23/12/13;82.4876;82.6033;81.9091;82.5785;683367
FR0000120073;24/12/13;82.6033;83.2645;82.562;82.8512;115964
FR0000120073;27/12/13;83.3884;84.2149;83.0165;84.2149;682035
FR0000120073;30/12/13;84.2975;84.7107;84.0496;84.4215;518787
FR0000120073;31/12/13;84.5868;84.9587;84.4628;84.9587;153783
FR0000120172;02/12/13;28.965;29.155;28.735;28.985;2134789
FR0000120172;03/12/13;28.62;28.79;28.075;28.075;4120336
FR0000120172;04/12/13;28.025;28.14;27.57;27.74;3099546
FR0000120172;05/12/13;27.675;27.94;27.40;27.40;2297960
FR0000120172;06/12/13;27.43;27.525;27.005;27.395;2575873
FR0000120172;09/12/13;27.445;27.525;27.07;27.40;1697350
FR0000120172;10/12/13;27.38;27.65;27.155;27.265;1982185
FR0000120172;11/12/13;27.325;27.605;27.195;27.385;2563214
FR0000120172;12/12/13;27.34;27.575;27.235;27.295;1881002
FR0000120172;13/12/13;27.40;27.555;27.06;27.175;2052147
FR0000120172;16/12/13;27.08;27.705;26.81;27.70;2767538
FR0000120172;17/12/13;27.65;27.68;27.135;27.135;2262561
FR0000120172;18/12/13;27.17;27.495;27.03;27.445;1969732
FR0000120172;19/12/13;27.535;28.00;27.53;27.815;2775978
FR0000120172;20/12/13;27.85;28.115;27.76;28.00;4602297
FR0000120172;23/12/13;28.095;28.225;27.745;28.225;2011653
FR0000120172;24/12/13;28.29;28.495;28.065;28.245;350787
FR0000120172;27/12/13;28.405;28.70;28.365;28.665;1650048
FR0000120172;30/12/13;28.70;28.77;28.43;28.61;1461910
FR0000120172;31/12/13;28.745;28.81;28.61;28.81;358974
FR0000120271;02/12/13;44.50;44.615;44.18;44.44;3170643
FR0000120271;03/12/13;44.44;44.525;43.68;43.725;4733113
FR0000120271;04/12/13;43.695;43.745;42.80;43.22;5637525
FR0000120271;05/12/13;43.21;43.245;42.56;42.56;5563424
FR0000120271;06/12/13;42.82;43.14;42.425;42.92;4621855
FR0000120271;09/12/13;43.095;43.10;42.645;42.96;3399151
FR0000120271;10/12/13;42.62;42.76;42.25;42.25;4920996
FR0000120271;11/12/13;42.29;42.64;41.94;41.94;4736911
FR0000120271;12/12/13;41.845;42.09;41.755;41.775;4812976
FR0000120271;13/12/13;41.77;41.85;41.50;41.56;4138270
FR0000120271;16/12/13;41.07;42.215;41.05;42.15;6336848
FR0000120271;17/12/13;42.085;42.18;41.61;41.935;4497011
FR0000120271;18/12/13;42.09;42.49;41.715;42.49;5018688
FR0000120271;19/12/13;42.785;43.245;42.775;43.175;7124122
FR0000120271;20/12/13;42.765;43.75;42.76;43.75;23623070
FR0000120271;23/12/13;43.75;44.09;43.46;43.99;3912961
FR0000120271;24/12/13;43.55;44.10;43.53;44.00;734357
FR0000120271;27/12/13;44.20;44.66;44.09;44.50;4468518
FR0000120271;30/12/13;44.635;44.70;44.31;44.325;3112369
FR0000120271;31/12/13;44.30;44.65;44.22;44.53;993294
FR0000120321;02/12/13;123.25;125.65;123.25;125.25;901449
FR0000120321;03/12/13;125.45;125.85;124.10;124.10;753276
FR0000120321;04/12/13;123.75;124.50;122.70;123.80;805246
FR0000120321;05/12/13;123.50;123.95;122.30;122.35;716813
FR0000120321;06/12/13;123.20;127.20;122.60;126.80;1314093
FR0000120321;09/12/13;127.00;127.50;125.50;127.25;668204
FR0000120321;10/12/13;127.25;127.75;126.15;126.15;691136
FR0000120321;11/12/13;126.20;127.40;125.35;125.35;757940
FR0000120321;12/12/13;124.95;125.40;124.00;124.25;659364
FR0000120321;13/12/13;124.20;125.15;123.30;124.00;622930
FR0000120321;16/12/13;123.90;125.70;123.50;125.55;707020
FR0000120321;17/12/13;125.25;125.55;122.95;123.35;721560
FR0000120321;18/12/13;123.50;124.20;123.50;123.80;698074
FR0000120321;19/12/13;124.00;125.40;123.65;125.05;959060
FR0000120321;20/12/13;124.50;125.10;124.15;125.05;1271023
FR0000120321;23/12/13;125.55;126.10;124.45;125.20;405502
FR0000120321;24/12/13;124.75;125.00;124.15;124.90;97371
FR0000120321;27/12/13;125.95;126.55;125.20;126.55;505968
FR0000120321;30/12/13;126.85;127.20;125.70;126.85;316127
FR0000120321;31/12/13;126.60;127.70;126.45;127.70;87798
FR0000120404;02/12/13;32.295;32.795;32.15;32.795;1391300
FR0000120404;03/12/13;32.80;32.80;31.965;32.025;1305216
FR0000120404;04/12/13;32.62;33.05;32.29;33.005;1713489
FR0000120404;05/12/13;32.87;33.415;32.655;33.115;1324390
FR0000120404;06/12/13;32.605;32.94;32.305;32.805;1221184
FR0000120404;09/12/13;32.83;33.065;32.665;32.945;763424
FR0000120404;10/12/13;32.845;33.075;32.67;32.68;661517
FR0000120404;11/12/13;32.76;33.155;32.74;32.92;622027
FR0000120404;12/12/13;32.90;33.13;32.81;33.00;869465
FR0000120404;13/12/13;33.06;33.24;32.745;32.805;583586
FR0000120404;16/12/13;32.695;33.025;32.59;32.705;552955
FR0000120404;17/12/13;32.70;32.765;32.155;32.375;759973
FR0000120404;18/12/13;32.49;32.66;32.27;32.545;460838
FR0000120404;19/12/13;32.775;33.01;32.655;33.01;629784
FR0000120404;20/12/13;33.05;33.325;32.91;33.235;678377
FR0000120404;23/12/13;33.08;33.38;33.08;33.345;396289
FR0000120404;24/12/13;33.265;33.60;33.15;33.365;87412
FR0000120404;27/12/13;33.50;33.735;33.325;33.715;439950
FR0000120404;30/12/13;33.84;33.98;33.82;33.90;439890
FR0000120404;31/12/13;33.995;34.30;33.975;34.30;217299
FR0000120503;02/12/13;27.745;27.96;27.535;27.71;670922
FR0000120503;03/12/13;27.61;27.705;26.58;26.605;1392394
FR0000120503;04/12/13;26.785;26.795;26.165;26.265;915386
FR0000120503;05/12/13;26.24;26.405;25.87;25.935;1131273
FR0000120503;06/12/13;25.94;26.185;25.60;25.97;1159943
FR0000120503;09/12/13;25.98;26.115;25.745;25.93;812865
FR0000120503;10/12/13;25.89;26.20;25.695;25.895;550651
FR0000120503;11/12/13;25.825;26.265;25.80;25.98;678936
FR0000120503;12/12/13;25.85;25.94;25.59;25.65;631333
FR0000120503;13/12/13;25.615;26.65;25.55;25.795;1314235
FR0000120503;16/12/13;25.78;26.385;25.62;26.33;859617
FR0000120503;17/12/13;26.12;26.22;25.73;25.75;915437
FR0000120503;18/12/13;25.95;26.07;25.69;26.01;514275
FR0000120503;19/12/13;26.24;26.64;26.17;26.64;932749
FR0000120503;20/12/13;26.685;26.685;25.92;26.195;2667057
FR0000120503;23/12/13;26.255;26.385;25.91;26.03;1091779
FR0000120503;24/12/13;26.11;26.58;26.11;26.445;212692
FR0000120503;27/12/13;26.57;27.27;26.49;27.20;985051
FR0000120503;30/12/13;27.225;27.615;27.165;27.34;742071
FR0000120503;31/12/13;27.325;27.545;27.26;27.42;199420
FR0000120578;02/12/13;77.71;78.10;76.92;77.23;2411069
FR0000120578;03/12/13;76.45;76.52;74.81;74.81;3804026
FR0000120578;04/12/13;74.89;75.83;74.18;74.92;3255515
FR0000120578;05/12/13;74.83;74.93;74.13;74.13;3963237
FR0000120578;06/12/13;74.25;74.54;73.50;74.37;3383441
FR0000120578;09/12/13;74.20;74.60;73.64;73.66;2442678
FR0000120578;10/12/13;73.76;74.51;72.81;72.81;3053611
FR0000120578;11/12/13;73.01;74.12;72.61;72.74;3173851
FR0000120578;12/12/13;72.79;73.61;72.65;73.13;3069858
FR0000120578;13/12/13;73.10;73.15;71.85;71.85;2794886
FR0000120578;16/12/13;71.93;73.65;71.90;73.54;3210185
FR0000120578;17/12/13;73.13;73.23;72.38;72.38;2597322
FR0000120578;18/12/13;72.70;73.36;72.47;73.33;2936820
FR0000120578;19/12/13;73.31;75.21;73.31;75.21;3756114
FR0000120578;20/12/13;75.19;75.71;74.76;75.42;4938020
FR0000120578;23/12/13;75.33;75.58;74.63;75.58;1903601
FR0000120578;24/12/13;75.60;75.86;75.04;75.50;417119
FR0000120578;27/12/13;76.29;76.61;75.81;76.54;2037859
FR0000120578;30/12/13;75.99;76.56;75.52;76.28;2007092
FR0000120578;31/12/13;76.60;77.31;76.35;77.12;671612
FR0000120628;02/12/13;19.285;19.35;19.195;19.26;3461028
FR0000120628;03/12/13;19.48;19.595;18.695;18.695;7718161
FR0000120628;04/12/13;18.66;18.745;18.32;18.545;5552884
FR0000120628;05/12/13;18.41;18.61;18.195;18.20;6522907
FR0000120628;06/12/13;18.29;18.54;18.08;18.50;5460094
FR0000120628;09/12/13;18.56;18.585;18.375;18.45;4372383
FR0000120628;10/12/13;18.385;18.60;18.28;18.31;4329743
FR0000120628;11/12/13;18.28;18.425;18.15;18.15;4117219
FR0000120628;12/12/13;18.18;18.28;17.95;17.965;5452571
FR0000120628;13/12/13;18.005;18.49;17.955;18.41;7255417
FR0000120628;16/12/13;18.43;18.73;18.40;18.64;5907725
FR0000120628;17/12/13;18.545;18.60;18.36;18.44;4071916
FR0000120628;18/12/13;18.505;18.80;18.41;18.80;5476084
FR0000120628;19/12/13;19.32;19.50;19.20;19.435;8904202
FR0000120628;20/12/13;19.435;19.76;19.375;19.70;11510802
FR0000120628;23/12/13;19.715;19.915;19.715;19.89;3706201
FR0000120628;24/12/13;19.785;20.00;19.725;19.775;1002331
FR0000120628;27/12/13;19.91;20.125;19.895;20.095;4303762
FR0000120628;30/12/13;20.18;20.22;20.06;20.13;3065973
FR0000120628;31/12/13;20.21;20.25;20.07;20.21;769563
FR0000120644;02/12/13;53.67;53.92;53.07;53.38;1118992
FR0000120644;03/12/13;53.27;53.43;52.38;52.40;1872672
FR0000120644;04/12/13;52.94;53.21;52.11;52.34;1812703
FR0000120644;05/12/13;52.40;52.95;52.31;52.31;1689739
FR0000120644;06/12/13;52.45;52.70;51.94;52.32;1522252
FR0000120644;09/12/13;51.90;52.29;51.23;52.23;1994429
FR0000120644;10/12/13;52.11;52.57;51.76;51.76;1648592
FR0000120644;11/12/13;51.80;52.16;51.43;51.49;1209604
FR0000120644;12/12/13;51.25;51.77;51.13;51.45;1588914
FR0000120644;13/12/13;51.27;51.39;50.98;51.07;1442199
FR0000120644;16/12/13;51.08;51.60;51.04;51.60;1470131
FR0000120644;17/12/13;51.55;51.57;50.57;50.57;2388520
FR0000120644;18/12/13;51.02;51.02;50.55;50.67;1627983
FR0000120644;19/12/13;51.08;51.32;50.72;51.32;2074296
FR0000120644;20/12/13;51.59;52.09;50.96;51.04;3282607
FR0000120644;23/12/13;51.33;51.41;50.69;51.07;1083391
FR0000120644;24/12/13;50.95;51.38;50.95;51.20;304294
FR0000120644;27/12/13;51.51;52.03;51.51;51.93;1384240
FR0000120644;30/12/13;52.09;52.48;51.93;52.26;1260898
FR0000120644;31/12/13;52.49;52.50;52.14;52.32;225991
FR0000120693;02/12/13;83.33;83.85;82.53;82.73;510532
FR0000120693;03/12/13;82.67;82.79;80.84;80.84;764640
FR0000120693;04/12/13;81.12;81.54;80.20;80.75;584256
FR0000120693;05/12/13;80.97;81.50;80.33;81.01;580082
FR0000120693;06/12/13;80.80;81.48;80.60;81.18;507058
FR0000120693;09/12/13;81.20;81.64;80.50;80.96;398299
FR0000120693;10/12/13;80.82;81.26;80.40;80.46;504123
FR0000120693;11/12/13;80.81;80.97;80.44;80.67;673455
FR0000120693;12/12/13;80.61;80.86;80.21;80.50;733309
FR0000120693;13/12/13;80.71;80.71;78.84;79.45;783018
FR0000120693;16/12/13;79.50;80.49;78.92;80.44;580783
FR0000120693;17/12/13;80.47;80.51;79.61;79.61;468546
FR0000120693;18/12/13;80.43;80.43;79.58;79.65;532939
FR0000120693;19/12/13;80.24;80.57;79.53;80.51;699645
FR0000120693;20/12/13;80.60;81.17;80.38;80.70;675781
FR0000120693;23/12/13;81.18;81.43;80.58;80.96;349551
FR0000120693;24/12/13;81.31;81.58;80.94;81.00;90320
FR0000120693;27/12/13;81.37;83.03;81.20;83.03;503691
FR0000120693;30/12/13;83.17;83.53;82.77;83.28;361349
FR0000120693;31/12/13;83.13;83.25;82.36;82.81;119844
FR0000121014;02/12/13;138.55;139.00;137.55;138.30;690277
FR0000121014;03/12/13;138.25;138.35;134.45;134.45;1186380
FR0000121014;04/12/13;135.65;136.15;132.35;132.35;1120203
FR0000121014;05/12/13;132.35;133.05;131.25;131.25;978942
FR0000121014;06/12/13;132.00;132.35;128.85;130.30;1641480
FR0000121014;09/12/13;130.75;131.45;129.40;131.00;954155
FR0000121014;10/12/13;130.35;130.90;128.50;128.60;1057353
FR0000121014;11/12/13;130.00;130.10;128.60;128.75;983532
FR0000121014;12/12/13;128.75;128.75;126.05;127.30;1105325
FR0000121014;13/12/13;126.85;127.70;126.55;127.25;828769
FR0000121014;16/12/13;127.00;128.95;126.50;128.90;953333
FR0000121014;17/12/13;128.40;129.30;127.55;129.00;877633
FR0000121014;18/12/13;129.20;130.00;128.70;129.25;836948
FR0000121014;19/12/13;130.60;131.25;128.75;130.05;1447956
FR0000121014;20/12/13;130.85;130.90;128.25;129.80;1521048
FR0000121014;23/12/13;130.25;130.35;128.15;130.25;704708
FR0000121014;24/12/13;130.00;130.20;129.20;129.95;118851
FR0000121014;27/12/13;130.30;132.35;129.55;132.35;845301
FR0000121014;30/12/13;132.40;132.70;131.10;132.20;729295
FR0000121014;31/12/13;132.50;132.70;131.75;132.60;131784
FR0000121220;02/12/13;73.80;74.01;73.24;73.50;148127
FR0000121220;03/12/13;73.32;73.51;72.63;72.63;188030
FR0000121220;04/12/13;73.14;73.48;72.16;72.47;151103
FR0000121220;05/12/13;72.61;72.95;72.26;72.51;144965
FR0000121220;06/12/13;72.68;73.01;71.88;72.50;125133
FR0000121220;09/12/13;72.67;72.67;72.21;72.54;139888
FR0000121220;10/12/13;71.93;72.08;70.91;71.22;252477
FR0000121220;11/12/13;71.06;71.90;70.89;71.38;211640
FR0000121220;12/12/13;71.05;71.42;70.27;70.65;216974
FR0000121220;13/12/13;70.82;72.47;70.28;71.31;282415
FR0000121220;16/12/13;70.57;71.74;70.57;71.54;136884
FR0000121220;17/12/13;71.17;71.66;70.85;70.95;139744
FR0000121220;18/12/13;71.01;71.50;70.86;71.06;159286
FR0000121220;19/12/13;71.80;72.42;71.45;72.39;141883
FR0000121220;20/12/13;72.48;72.73;71.85;72.55;211079
FR0000121220;23/12/13;72.37;73.41;72.37;72.78;157544
FR0000121220;24/12/13;72.73;73.37;72.41;72.49;57555
FR0000121220;27/12/13;72.60;73.70;72.51;73.68;152358
FR0000121220;30/12/13;73.36;73.99;73.31;73.59;128871
FR0000121220;31/12/13;73.59;74.46;73.44;73.64;54126
FR0000121261;02/12/13;79.95;80.24;79.44;79.44;335879
FR0000121261;03/12/13;79.16;79.40;77.66;77.66;440788
FR0000121261;04/12/13;78.49;79.62;77.00;77.39;618392
FR0000121261;05/12/13;77.39;77.71;76.51;76.80;490541
FR0000121261;06/12/13;76.77;77.55;76.10;77.21;428841
FR0000121261;09/12/13;77.45;77.90;76.90;77.12;408289
FR0000121261;10/12/13;77.24;77.24;75.95;75.95;414419
FR0000121261;11/12/13;75.91;76.63;75.59;75.68;402529
FR0000121261;12/12/13;75.50;75.97;75.10;75.23;441195
FR0000121261;13/12/13;75.27;76.36;75.10;75.62;469577
FR0000121261;16/12/13;75.14;76.28;74.85;75.91;466587
FR0000121261;17/12/13;75.64;75.78;74.50;74.50;631073
FR0000121261;18/12/13;74.99;75.48;74.32;74.50;955584
FR0000121261;19/12/13;75.28;76.59;74.50;74.50;1222213
FR0000121261;20/12/13;75.15;75.49;74.34;74.71;1093092
FR0000121261;23/12/13;74.75;76.23;74.75;75.69;454839
FR0000121261;24/12/13;76.17;76.60;75.58;75.90;120926
FR0000121261;27/12/13;76.50;76.85;76.34;76.61;408270
FR0000121261;30/12/13;76.85;76.99;76.44;76.63;271094
FR0000121261;31/12/13;77.00;77.29;76.40;77.25;109550
FR0000121485;02/12/13;163.35;163.55;161.05;161.60;169370
FR0000121485;03/12/13;161.65;161.65;156.90;156.90;307967
FR0000121485;04/12/13;157.20;158.60;153.40;155.05;287936
FR0000121485;05/12/13;154.00;155.60;153.65;154.20;340707
FR0000121485;06/12/13;154.70;155.00;151.25;152.55;307435
FR0000121485;09/12/13;152.65;153.75;151.60;152.65;166594
FR0000121485;10/12/13;152.75;152.75;150.30;150.35;247072
FR0000121485;11/12/13;150.35;151.35;150.05;150.35;240951
FR0000121485;12/12/13;150.00;150.55;148.50;149.55;283324
FR0000121485;13/12/13;148.90;149.15;148.20;148.90;208250
FR0000121485;16/12/13;148.95;150.20;148.20;149.10;251033
FR0000121485;17/12/13;148.70;151.35;148.40;150.65;229913
FR0000121485;18/12/13;151.00;151.35;149.45;150.15;192774
FR0000121485;19/12/13;151.60;152.30;148.90;149.60;270337
FR0000121485;20/12/13;150.50;150.80;148.55;149.05;377508
FR0000121485;23/12/13;149.40;150.70;148.10;150.20;222159
FR0000121485;24/12/13;150.85;150.85;149.40;150.00;63572
FR0000121485;27/12/13;151.55;152.95;151.45;152.90;141140
FR0000121485;30/12/13;153.00;154.70;153.00;153.90;177793
FR0000121485;31/12/13;154.75;154.95;153.00;153.65;63907
FR0000121501;02/12/13;9.495;9.78;9.40;9.625;2557224
FR0000121501;03/12/13;9.73;9.78;9.24;9.295;3410561
FR0000121501;04/12/13;9.605;9.95;9.45;9.905;5057020
FR0000121501;05/12/13;9.935;10.00;9.535;9.55;3105322
FR0000121501;06/12/13;9.70;9.89;9.475;9.80;3493468
FR0000121501;09/12/13;9.91;10.085;9.895;10.035;2610862
FR0000121501;10/12/13;10.05;10.075;9.29;9.41;5198658
FR0000121501;11/12/13;9.39;9.55;8.895;9.30;4509771
FR0000121501;12/12/13;8.55;8.80;8.00;8.425;13213842
FR0000121501;13/12/13;7.85;7.85;7.14;7.14;16704206
FR0000121501;16/12/13;7.04;7.06;6.65;6.763;9096370
FR0000121501;17/12/13;6.85;7.191;6.85;7.116;6002603
FR0000121501;18/12/13;7.24;7.318;7.013;7.221;3803686
FR0000121501;19/12/13;7.32;7.37;7.062;7.25;4230712
FR0000121501;20/12/13;7.303;7.315;7.199;7.24;3412678
FR0000121501;23/12/13;7.30;7.34;7.119;7.269;1680709
FR0000121501;24/12/13;7.30;7.35;7.214;7.284;434278
FR0000121501;27/12/13;7.312;7.356;7.236;7.307;1427893
FR0000121501;30/12/13;7.35;7.35;7.203;7.24;1547846
FR0000121501;31/12/13;7.206;7.298;7.193;7.238;508698
FR0000121667;02/12/13;76.84;77.26;76.18;76.59;579197
FR0000121667;03/12/13;76.40;76.55;75.01;75.02;500923
FR0000121667;04/12/13;75.32;75.61;74.54;74.54;705619
FR0000121667;05/12/13;74.77;75.85;74.40;75.18;728991
FR0000121667;06/12/13;75.40;75.40;74.10;75.15;470883
FR0000121667;09/12/13;75.37;75.38;74.16;74.41;428884
FR0000121667;10/12/13;74.11;74.64;73.83;73.90;464926
FR0000121667;11/12/13;73.85;74.12;72.88;72.89;550015
FR0000121667;12/12/13;72.50;73.48;72.09;73.24;664990
FR0000121667;13/12/13;73.22;73.24;72.44;72.71;429660
FR0000121667;16/12/13;72.52;73.31;72.14;72.84;518915
FR0000121667;17/12/13;72.63;72.88;72.00;72.00;514621
FR0000121667;18/12/13;72.06;72.89;72.06;72.80;718799
FR0000121667;19/12/13;73.33;74.67;73.08;74.30;1105570
FR0000121667;20/12/13;74.45;75.11;74.04;75.07;1036037
FR0000121667;23/12/13;75.32;75.45;74.67;75.39;459786
FR0000121667;24/12/13;75.48;75.72;75.06;75.15;63416
FR0000121667;27/12/13;75.81;76.99;75.77;76.93;463421
FR0000121667;30/12/13;77.00;77.27;76.74;76.92;473844
FR0000121667;31/12/13;77.17;77.54;77.17;77.28;112404
FR0000121972;02/12/13;62.49;62.55;61.60;61.75;1029628
FR0000121972;03/12/13;61.50;61.76;59.65;59.65;1957891
FR0000121972;04/12/13;60.12;60.44;58.55;59.41;1823761
FR0000121972;05/12/13;59.24;59.71;57.89;57.89;2409557
FR0000121972;06/12/13;58.06;59.61;58.00;59.36;2009516
FR0000121972;09/12/13;59.89;60.09;58.93;60.00;1337657
FR0000121972;10/12/13;59.67;60.13;58.92;59.19;1483091
FR0000121972;11/12/13;59.13;59.57;58.36;58.47;1134009
FR0000121972;12/12/13;58.28;58.84;58.03;58.31;1286260
FR0000121972;13/12/13;58.43;59.12;58.12;58.62;1248482
FR0000121972;16/12/13;58.54;60.93;58.49;60.82;2081044
FR0000121972;17/12/13;60.61;60.76;59.49;59.50;1557390
FR0000121972;18/12/13;59.80;60.16;59.10;59.81;1832743
FR0000121972;19/12/13;60.40;61.57;60.40;61.50;2051515
FR0000121972;20/12/13;61.78;62.19;61.12;62.01;2482219
FR0000121972;23/12/13;62.06;62.19;61.40;61.99;907936
FR0000121972;24/12/13;61.58;62.44;61.53;62.22;189675
FR0000121972;27/12/13;62.62;63.31;62.28;63.31;936604
FR0000121972;30/12/13;63.76;63.76;62.94;63.40;978372
FR0000121972;31/12/13;63.48;63.58;62.92;63.40;322846
FR0000124141;02/12/13;11.81;11.935;11.805;11.815;1707014
FR0000124141;03/12/13;11.845;11.845;11.335;11.405;4161476
FR0000124141;04/12/13;11.405;11.495;11.265;11.295;2899007
FR0000124141;05/12/13;11.34;11.44;11.22;11.28;2315573
FR0000124141;06/12/13;11.29;11.325;11.085;11.30;3263126
FR0000124141;09/12/13;11.30;11.305;11.13;11.245;2239104
FR0000124141;10/12/13;11.21;11.405;11.195;11.265;1826650
FR0000124141;11/12/13;11.34;11.48;11.305;11.37;2882216
FR0000124141;12/12/13;11.37;11.395;11.205;11.30;2152950
FR0000124141;13/12/13;11.395;11.475;11.18;11.24;1873236
FR0000124141;16/12/13;11.26;11.455;11.165;11.43;1856278
FR0000124141;17/12/13;11.38;11.41;11.155;11.225;1598873
FR0000124141;18/12/13;11.28;11.36;11.22;11.28;1185703
FR0000124141;19/12/13;11.335;11.455;11.165;11.215;2407209
FR0000124141;20/12/13;11.20;11.385;11.115;11.34;2759994
FR0000124141;23/12/13;11.32;11.39;11.30;11.375;1035335
FR0000124141;24/12/13;11.31;11.62;11.305;11.605;648873
FR0000124141;27/12/13;11.60;11.78;11.60;11.75;1307718
FR0000124141;30/12/13;11.75;11.80;11.645;11.735;915735
FR0000124141;31/12/13;11.80;11.855;11.735;11.855;426684
FR0000124711;02/12/13;192.15;193.00;190.45;191.45;240611
FR0000124711;03/12/13;191.35;191.65;187.45;187.65;284812
FR0000124711;04/12/13;188.75;189.05;186.40;186.55;263180
FR0000124711;05/12/13;185.35;186.55;184.60;184.90;273217
FR0000124711;06/12/13;186.10;186.10;182.95;185.25;299125
FR0000124711;09/12/13;185.00;187.95;184.50;187.65;241341
FR0000124711;10/12/13;187.50;188.05;184.05;184.50;300320
FR0000124711;11/12/13;183.90;184.90;181.10;181.45;290884
FR0000124711;12/12/13;180.90;181.05;178.45;178.95;368691
FR0000124711;13/12/13;178.15;179.95;177.55;177.55;273823
FR0000124711;16/12/13;177.50;180.95;177.05;178.05;322544
FR0000124711;17/12/13;177.95;177.95;175.40;175.75;334851
FR0000124711;18/12/13;176.65;177.65;175.15;175.50;319471
FR0000124711;19/12/13;177.60;179.55;176.95;177.35;446590
FR0000124711;20/12/13;178.50;179.40;177.20;178.90;604022
FR0000124711;23/12/13;180.50;180.50;178.55;179.65;183328
FR0000124711;24/12/13;179.00;181.55;178.40;179.30;56949
FR0000124711;27/12/13;180.80;182.90;180.45;182.65;263507
FR0000124711;30/12/13;182.70;183.90;181.95;183.25;197982
FR0000124711;31/12/13;184.35;187.05;183.40;186.25;98249
FR0000125007;02/12/13;39.19;39.375;38.62;38.96;1228978
FR0000125007;03/12/13;39.01;39.01;37.645;37.645;1835592
FR0000125007;04/12/13;37.815;37.895;36.94;37.00;1997768
FR0000125007;05/12/13;36.50;36.79;36.135;36.20;2815532
FR0000125007;06/12/13;36.43;37.135;36.195;37.095;2078670
FR0000125007;09/12/13;37.29;37.305;36.62;36.895;1423440
FR0000125007;10/12/13;36.76;37.30;36.595;36.595;1673352
FR0000125007;11/12/13;36.445;37.555;36.41;36.975;1945481
FR0000125007;12/12/13;36.84;37.22;36.695;37.01;1534876
FR0000125007;13/12/13;36.99;37.245;36.555;36.74;1164848
FR0000125007;16/12/13;36.87;37.99;36.745;37.895;1919918
FR0000125007;17/12/13;37.66;37.70;37.135;37.33;1440019
FR0000125007;18/12/13;37.625;38.00;37.385;38.00;1670185
FR0000125007;19/12/13;38.235;39.29;38.235;38.715;2209335
FR0000125007;20/12/13;38.88;39.27;38.51;39.145;2076827
FR0000125007;23/12/13;39.20;39.37;39.065;39.34;835922
FR0000125007;24/12/13;39.40;39.50;39.13;39.27;161271
FR0000125007;27/12/13;39.57;40.00;39.44;40.00;873759
FR0000125007;30/12/13;40.00;40.29;39.59;39.79;950801
FR0000125007;31/12/13;39.73;39.99;39.68;39.975;160067
FR0000125338;02/12/13;48.00;48.165;47.68;47.90;407949
FR0000125338;03/12/13;47.96;47.96;47.04;47.04;392423
FR0000125338;04/12/13;47.135;47.19;46.265;46.75;611087
FR0000125338;05/12/13;46.535;46.705;46.085;46.085;514971
FR0000125338;06/12/13;46.11;46.595;45.895;46.535;493532
FR0000125338;09/12/13;46.635;47.07;46.415;46.99;460767
FR0000125338;10/12/13;46.90;47.24;46.635;46.655;390335
FR0000125338;11/12/13;46.655;47.02;46.46;46.51;358899
FR0000125338;12/12/13;46.34;46.51;45.98;46.04;518533
FR0000125338;13/12/13;46.09;46.50;45.87;46.24;570961
FR0000125338;16/12/13;46.16;46.46;45.95;46.00;547732
FR0000125338;17/12/13;45.965;46.14;45.505;45.75;575547
FR0000125338;18/12/13;45.95;46.555;45.785;46.42;536894
FR0000125338;19/12/13;46.97;47.46;46.66;47.10;741006
FR0000125338;20/12/13;47.065;47.76;46.95;47.595;847313
FR0000125338;23/12/13;47.76;48.045;47.605;48.025;282872
FR0000125338;24/12/13;48.00;48.99;48.00;48.585;191417
FR0000125338;27/12/13;48.765;49.095;48.41;48.87;395460
FR0000125338;30/12/13;49.165;49.75;49.165;49.23;356689
FR0000125338;31/12/13;49.29;49.77;49.13;49.13;188370
FR0000125486;02/12/13;47.305;47.475;46.925;47.26;994880
FR0000125486;03/12/13;47.21;47.425;46.385;46.385;1748795
FR0000125486;04/12/13;46.50;46.675;45.615;46.245;1924642
FR0000125486;05/12/13;46.11;46.115;45.00;45.00;2354594
FR0000125486;06/12/13;44.705;45.675;44.625;45.34;1901086
FR0000125486;09/12/13;45.515;45.78;45.125;45.53;1567003
FR0000125486;10/12/13;45.375;46.07;45.26;45.445;1488813
FR0000125486;11/12/13;45.385;45.985;45.355;45.43;1233570
FR0000125486;12/12/13;45.345;46.045;45.26;45.65;1702427
FR0000125486;13/12/13;45.50;45.85;45.165;45.315;1073666
FR0000125486;16/12/13;45.30;46.325;45.215;45.94;1445896
FR0000125486;17/12/13;45.19;45.315;44.68;44.68;2771756
FR0000125486;18/12/13;44.925;45.06;44.52;44.79;1875857
FR0000125486;19/12/13;45.00;46.075;45.00;46.075;2216241
FR0000125486;20/12/13;46.17;46.39;46.025;46.31;2350635
FR0000125486;23/12/13;46.31;46.98;46.23;46.98;1284316
FR0000125486;24/12/13;46.65;47.295;46.65;46.975;251718
FR0000125486;27/12/13;47.30;47.665;47.07;47.665;1051427
FR0000125486;30/12/13;47.72;47.90;47.51;47.685;970975
FR0000125486;31/12/13;47.515;47.85;47.515;47.72;192580
FR0000127771;02/12/13;18.68;18.75;18.535;18.625;2886198
FR0000127771;03/12/13;18.55;18.58;18.03;18.03;6042464
FR0000127771;04/12/13;18.05;18.10;17.64;17.95;6651688
FR0000127771;05/12/13;18.00;18.025;17.555;17.585;5855737
FR0000127771;06/12/13;17.745;17.745;17.35;17.635;5622265
FR0000127771;09/12/13;17.65;17.695;17.355;17.58;4979348
FR0000127771;10/12/13;17.98;17.98;17.565;17.565;5234522
FR0000127771;11/12/13;17.75;18.18;17.725;18.065;7872201
FR0000127771;12/12/13;18.07;18.105;17.915;17.925;4372999
FR0000127771;13/12/13;18.085;18.085;17.80;17.97;4517521
FR0000127771;16/12/13;17.995;18.465;17.915;18.465;5746423
FR0000127771;17/12/13;18.295;18.645;18.245;18.40;5904540
FR0000127771;18/12/13;18.43;18.56;18.345;18.51;3756937
FR0000127771;19/12/13;18.71;19.03;18.70;18.955;6756863
FR0000127771;20/12/13;18.995;18.995;18.535;18.71;9105362
FR0000127771;23/12/13;18.705;18.76;18.575;18.745;3177572
FR0000127771;24/12/13;18.75;18.875;18.66;18.82;454618
FR0000127771;27/12/13;19.00;19.16;18.905;19.125;4007497
FR0000127771;30/12/13;19.175;19.19;18.96;19.07;2381297
FR0000127771;31/12/13;19.035;19.155;18.975;19.155;760569
FR0000130577;02/12/13;64.95;65.18;64.02;65.05;672209
FR0000130577;03/12/13;64.99;64.99;63.40;63.40;962244
FR0000130577;04/12/13;63.83;64.17;62.94;63.76;840863
FR0000130577;05/12/13;63.15;65.30;62.75;63.53;1273925
FR0000130577;06/12/13;63.51;63.95;63.04;63.70;616586
FR0000130577;09/12/13;63.81;64.33;63.68;64.04;394373
FR0000130577;10/12/13;63.80;63.87;62.85;63.37;579214
FR0000130577;11/12/13;63.51;64.10;62.42;62.67;998350
FR0000130577;12/12/13;62.23;62.36;61.80;61.96;824693
FR0000130577;13/12/13;61.98;62.27;61.64;61.70;626352
FR0000130577;16/12/13;61.92;62.37;61.39;62.32;665335
FR0000130577;17/12/13;62.40;62.96;61.71;62.72;906408
FR0000130577;18/12/13;63.23;63.30;62.35;62.49;736466
FR0000130577;19/12/13;63.16;66.11;63.08;65.88;1237294
FR0000130577;20/12/13;65.89;65.97;64.78;64.78;989286
FR0000130577;23/12/13;65.10;65.26;64.43;64.56;562881
FR0000130577;24/12/13;64.40;66.19;64.40;65.06;181016
FR0000130577;27/12/13;65.12;66.20;65.05;65.76;525178
FR0000130577;30/12/13;65.76;66.20;65.18;65.51;397356
FR0000130577;31/12/13;65.82;66.51;65.60;66.51;205971
FR0000130809;02/12/13;42.35;42.60;42.02;42.175;2350958
FR0000130809;03/12/13;42.10;42.21;40.80;40.80;4003005
FR0000130809;04/12/13;40.995;41.12;39.81;40.375;4245302
FR0000130809;05/12/13;40.155;40.945;39.57;39.73;4849628
FR0000130809;06/12/13;39.90;40.70;39.595;40.42;4088082
FR0000130809;09/12/13;40.655;40.84;40.255;40.655;3039378
FR0000130809;10/12/13;40.59;40.925;40.06;40.16;3809984
FR0000130809;11/12/13;40.16;40.375;39.815;39.84;3078606
FR0000130809;12/12/13;39.715;40.025;39.265;39.535;2975765
FR0000130809;13/12/13;39.64;40.17;39.44;39.455;2880230
FR0000130809;16/12/13;39.445;40.445;39.355;40.185;4726801
FR0000130809;17/12/13;39.895;40.03;39.57;39.57;3517505
FR0000130809;18/12/13;39.725;40.375;39.605;40.235;3590791
FR0000130809;19/12/13;40.925;41.56;40.44;40.835;5458171
FR0000130809;20/12/13;40.805;41.20;40.53;40.895;5762831
FR0000130809;23/12/13;40.815;41.59;40.815;41.50;3207685
FR0000130809;24/12/13;41.395;41.70;41.275;41.50;530600
FR0000130809;27/12/13;41.78;42.09;41.61;42.005;2217212
FR0000130809;30/12/13;42.065;42.40;41.935;42.10;1882071
FR0000130809;31/12/13;42.05;42.36;42.05;42.22;493757
FR0000131104;02/12/13;55.32;55.83;55.02;55.09;2307304
FR0000131104;03/12/13;54.67;54.82;53.33;53.33;4506420
FR0000131104;04/12/13;53.38;53.62;52.22;52.73;4342617
FR0000131104;05/12/13;52.36;53.21;51.73;51.85;4830040
FR0000131104;06/12/13;52.17;53.18;51.93;53.00;4752197
FR0000131104;09/12/13;53.39;53.57;52.61;53.38;2757769
FR0000131104;10/12/13;53.25;54.09;52.88;53.26;3689527
FR0000131104;11/12/13;53.20;53.88;53.00;53.03;4017705
FR0000131104;12/12/13;52.85;53.35;52.44;52.85;3337362
FR0000131104;13/12/13;52.91;53.80;52.65;53.09;2820204
FR0000131104;16/12/13;53.17;54.40;53.05;53.92;4001506
FR0000131104;17/12/13;53.52;53.62;52.74;52.74;3304699
FR0000131104;18/12/13;53.18;53.86;52.60;53.80;3367362
FR0000131104;19/12/13;54.50;54.93;53.49;54.34;5400222
FR0000131104;20/12/13;54.05;54.99;53.81;54.85;5640018
FR0000131104;23/12/13;54.95;55.74;54.91;55.74;2528818
FR0000131104;24/12/13;55.75;55.93;55.58;55.66;508051
FR0000131104;27/12/13;56.00;56.42;55.81;56.42;2364868
FR0000131104;30/12/13;56.50;56.65;56.30;56.48;1894489
FR0000131104;31/12/13;56.38;56.72;56.31;56.65;717191
FR0000131906;02/12/13;65.39;65.48;64.49;64.84;569386
FR0000131906;03/12/13;64.59;64.73;61.87;61.87;1500316
FR0000131906;04/12/13;63.40;63.45;60.97;61.50;953783
FR0000131906;05/12/13;61.79;62.07;60.42;60.48;941336
FR0000131906;06/12/13;60.91;61.08;59.61;60.78;1027141
FR0000131906;09/12/13;61.37;61.38;59.91;60.45;681745
FR0000131906;10/12/13;60.56;60.90;58.81;59.03;1026762
FR0000131906;11/12/13;59.00;59.24;58.12;58.20;1180773
FR0000131906;12/12/13;58.05;58.30;56.85;57.09;1203181
FR0000131906;13/12/13;57.09;58.14;56.80;57.04;719523
FR0000131906;16/12/13;57.05;57.33;56.45;57.13;675344
FR0000131906;17/12/13;56.91;57.91;56.66;57.38;973825
FR0000131906;18/12/13;58.50;58.73;57.72;58.13;1124710
FR0000131906;19/12/13;58.88;59.16;56.91;57.42;1343136
FR0000131906;20/12/13;57.92;57.98;57.33;57.60;1844187
FR0000131906;23/12/13;58.20;58.50;57.80;58.25;685896
FR0000131906;24/12/13;58.80;59.00;58.30;58.30;237490
FR0000131906;27/12/13;58.50;58.95;57.97;58.53;513672
FR0000131906;30/12/13;58.82;58.90;57.97;58.00;548953
FR0000131906;31/12/13;58.24;58.46;58.02;58.45;159682
FR0000133308;02/12/13;9.621;9.649;9.521;9.527;6788261
FR0000133308;03/12/13;9.50;9.51;9.161;9.20;17935214
FR0000133308;04/12/13;9.20;9.338;9.119;9.30;12734400
FR0000133308;05/12/13;9.305;9.547;9.297;9.331;15897432
FR0000133308;06/12/13;9.099;9.10;8.824;8.95;14605654
FR0000133308;09/12/13;8.927;9.041;8.849;8.996;10918502
FR0000133308;10/12/13;8.93;9.074;8.824;8.835;8892278
FR0000133308;11/12/13;8.80;8.903;8.69;8.699;11433009
FR0000133308;12/12/13;8.652;8.723;8.61;8.679;9379299
FR0000133308;13/12/13;8.656;8.70;8.50;8.545;8967155
FR0000133308;16/12/13;8.522;8.685;8.522;8.639;9190286
FR0000133308;17/12/13;8.391;8.89;8.388;8.738;15760798
FR0000133308;18/12/13;8.779;8.977;8.735;8.861;11890252
FR0000133308;19/12/13;8.912;9.048;8.912;9.032;12667791
FR0000133308;20/12/13;9.032;9.064;8.757;8.757;44308358
FR0000133308;23/12/13;8.787;8.839;8.633;8.839;7479697
FR0000133308;24/12/13;8.859;8.88;8.78;8.859;1187588
FR0000133308;27/12/13;8.90;9.023;8.86;9.015;4743813
FR0000133308;30/12/13;9.05;9.088;8.893;8.94;4863851
FR0000133308;31/12/13;8.87;9.00;8.862;9.00;2344151
FR0010208488;02/12/13;17.00;17.255;16.81;17.175;5826908
FR0010208488;03/12/13;17.16;17.20;16.78;16.78;5065868
FR0010208488;04/12/13;16.80;16.845;16.55;16.58;5095474
FR0010208488;05/12/13;16.56;16.62;16.375;16.38;5258284
FR0010208488;06/12/13;16.355;16.55;16.345;16.48;4739769
FR0010208488;09/12/13;16.985;16.985;16.725;16.815;6619271
FR0010208488;10/12/13;16.835;16.875;16.65;16.69;3808048
FR0010208488;11/12/13;16.66;16.75;16.465;16.51;3969404
FR0010208488;12/12/13;16.50;16.55;16.40;16.41;4356215
FR0010208488;13/12/13;16.395;16.565;16.365;16.41;3337032
FR0010208488;16/12/13;16.425;16.64;16.405;16.495;4965118
FR0010208488;17/12/13;16.46;16.51;16.135;16.165;5571008
FR0010208488;18/12/13;16.68;16.83;16.49;16.705;8253155
FR0010208488;19/12/13;16.85;16.95;16.745;16.86;7718274
FR0010208488;20/12/13;16.915;16.975;16.785;16.975;10690890
FR0010208488;23/12/13;17.00;17.09;16.825;17.035;3699897
FR0010208488;24/12/13;17.08;17.08;16.95;17.035;861290
FR0010208488;27/12/13;17.13;17.18;16.92;17.035;3735912
FR0010208488;30/12/13;17.105;17.13;16.95;17.04;3403878
FR0010208488;31/12/13;17.11;17.14;16.97;17.095;898474
FR0010307819;02/12/13;40.65;41.055;40.62;40.74;414710
FR0010307819;03/12/13;40.605;40.68;39.405;39.405;701307
FR0010307819;04/12/13;39.445;39.905;38.915;39.555;724468
FR0010307819;05/12/13;39.42;39.485;39.025;39.095;512222
FR0010307819;06/12/13;39.29;39.835;39.07;39.72;457788
FR0010307819;09/12/13;39.76;39.965;39.495;39.84;328348
FR0010307819;10/12/13;39.71;39.80;39.285;39.285;310101
FR0010307819;11/12/13;39.255;39.57;39.19;39.255;358512
FR0010307819;12/12/13;39.26;39.26;38.805;38.96;448870
FR0010307819;13/12/13;38.955;39.245;38.75;38.945;469807
FR0010307819;16/12/13;38.885;39.195;38.735;39.065;756459
FR0010307819;17/12/13;39.075;39.075;38.555;38.60;621798
FR0010307819;18/12/13;38.71;39.10;38.69;39.02;693589
FR0010307819;19/12/13;39.195;39.38;39.025;39.23;907002
FR0010307819;20/12/13;39.30;39.45;39.135;39.25;648494
FR0010307819;23/12/13;39.42;39.51;39.07;39.46;397728
FR0010307819;24/12/13;39.45;40.00;39.315;39.795;145374
FR0010307819;27/12/13;40.01;40.275;39.98;40.155;344841
FR0010307819;30/12/13;40.375;40.415;39.825;39.99;552631
FR0010307819;31/12/13;40.115;40.15;39.945;40.06;137955
FR0013176526;02/12/13;26.2067;26.25;25.8733;26.20;1204737
FR0013176526;03/12/13;26.4767;26.4767;25.5133;25.7967;1352178
FR0013176526;04/12/13;25.9833;26.0033;25.51;25.8367;1775079
FR0013176526;05/12/13;25.8933;25.9333;25.3133;25.3333;1614927
FR0013176526;06/12/13;25.4133;25.46;25.1167;25.3467;1295160
FR0013176526;09/12/13;25.4567;25.71;25.3167;25.63;824778
FR0013176526;10/12/13;25.6667;25.72;25.26;25.31;890268
FR0013176526;11/12/13;25.2567;25.5167;25.0967;25.3867;1258752
FR0013176526;12/12/13;25.42;25.52;25.0233;25.0833;983904
FR0013176526;13/12/13;25.18;25.77;25.03;25.5567;928716
FR0013176526;16/12/13;25.50;25.7567;25.33;25.62;834249
FR0013176526;17/12/13;25.5267;25.61;25.1667;25.2333;824364
FR0013176526;18/12/13;25.52;26.0867;25.3967;26.05;1015830
FR0013176526;19/12/13;26.2967;26.5667;26.02;26.1467;839829
FR0013176526;20/12/13;26.1833;26.60;26.0633;26.46;1192500
FR0013176526;23/12/13;26.62;26.77;26.4867;26.66;503769
FR0013176526;24/12/13;26.72;26.90;26.70;26.90;106167
FR0013176526;27/12/13;26.9167;26.9867;26.7267;26.9067;580977
FR0013176526;30/12/13;26.91;27.05;26.7567;26.8067;412659
FR0013176526;31/12/13;26.7633;26.9233;26.7633;26.81;65802
GB00BDSFG982;02/12/13;36.85;36.985;36.38;36.38;878988
GB00BDSFG982;03/12/13;36.465;36.50;35.62;35.64;1062206
GB00BDSFG982;04/12/13;35.95;36.55;35.74;36.25;1513202
GB00BDSFG982;05/12/13;36.225;36.33;35.985;36.11;786548
GB00BDSFG982;06/12/13;36.395;36.55;35.93;36.55;1162556
GB00BDSFG982;09/12/13;36.60;36.695;35.905;36.08;826214
GB00BDSFG982;10/12/13;36.025;36.44;35.895;36.165;798478
GB00BDSFG982;11/12/13;36.075;36.245;35.525;35.53;799702
GB00BDSFG982;12/12/13;35.50;35.55;34.62;34.62;1536546
GB00BDSFG982;13/12/13;34.745;35.21;34.665;35.005;1027996
GB00BDSFG982;16/12/13;35.135;35.24;34.965;35.095;964862
GB00BDSFG982;17/12/13;34.975;34.975;33.39;33.50;2158504
GB00BDSFG982;18/12/13;30.50;31.73;30.10;31.40;5677054
GB00BDSFG982;19/12/13;32.52;32.63;31.84;32.57;2165246
GB00BDSFG982;20/12/13;32.775;33.075;32.505;32.965;1669518
GB00BDSFG982;23/12/13;32.95;32.97;32.395;32.75;614006
GB00BDSFG982;24/12/13;32.935;33.325;32.86;33.095;222654
GB00BDSFG982;27/12/13;33.28;33.875;33.27;33.80;685760
GB00BDSFG982;30/12/13;34.155;34.775;34.085;34.67;917876
GB00BDSFG982;31/12/13;34.85;34.94;34.515;34.93;266022
LU1598757687;02/12/13;38.295;39.045;38.265;38.55;3527165
LU1598757687;03/12/13;38.40;38.445;37.215;37.215;3876970
LU1598757687;04/12/13;37.23;37.83;36.855;37.575;2762111
LU1598757687;05/12/13;37.575;37.86;37.065;37.125;2172316
LU1598757687;06/12/13;37.095;37.56;36.66;36.99;3210192
LU1598757687;09/12/13;37.20;37.335;36.78;37.275;1795536
LU1598757687;10/12/13;37.20;37.395;36.87;36.99;1740689
LU1598757687;11/12/13;36.885;37.26;36.45;36.48;2293739
LU1598757687;12/12/13;36.36;36.555;35.745;35.805;2438783
LU1598757687;13/12/13;35.70;36.33;35.52;36.15;2085943
LU1598757687;16/12/13;35.55;35.61;34.845;35.16;4199808
LU1598757687;17/12/13;35.10;35.55;35.01;35.265;2096624
LU1598757687;18/12/13;35.565;35.895;35.40;35.76;2055668
LU1598757687;19/12/13;36.30;36.645;36.00;36.54;2808424
LU1598757687;20/12/13;36.735;37.275;36.735;37.20;3201237
LU1598757687;23/12/13;37.11;37.44;37.05;37.305;1395930
LU1598757687;24/12/13;37.38;37.44;37.14;37.275;275419
LU1598757687;27/12/13;37.77;38.505;37.755;38.505;1912256
LU1598757687;30/12/13;38.685;38.985;38.55;38.745;2094370
LU1598757687;31/12/13;38.82;38.91;38.565;38.91;544391
NL0000226223;02/12/13;5.825;5.853;5.741;5.799;2714500
NL0000226223;03/12/13;5.781;5.796;5.628;5.638;2586519
NL0000226223;04/12/13;5.646;5.696;5.589;5.684;2351729
NL0000226223;05/12/13;5.653;5.669;5.595;5.618;2030556
NL0000226223;06/12/13;5.57;5.586;5.466;5.52;4656587
NL0000226223;09/12/13;5.469;5.547;5.42;5.45;3976523
NL0000226223;10/12/13;5.433;5.696;5.409;5.676;4997747
NL0000226223;11/12/13;5.639;5.719;5.585;5.607;3652771
NL0000226223;12/12/13;5.573;5.585;5.429;5.451;3227110
NL0000226223;13/12/13;5.45;5.537;5.372;5.372;2240457
NL0000226223;16/12/13;5.354;5.40;5.296;5.34;3537133
NL0000226223;17/12/13;5.346;5.386;5.241;5.265;3422779
NL0000226223;18/12/13;5.30;5.451;5.30;5.426;2896453
NL0000226223;19/12/13;5.459;5.544;5.361;5.402;4852934
NL0000226223;20/12/13;5.424;5.59;5.407;5.59;16146584
NL0000226223;23/12/13;5.635;5.752;5.60;5.752;3857696
NL0000226223;24/12/13;5.77;5.85;5.77;5.796;407600
NL0000226223;27/12/13;5.829;5.833;5.775;5.801;2247691
NL0000226223;30/12/13;5.788;5.834;5.766;5.794;2340835
NL0000226223;31/12/13;5.805;5.84;5.784;5.84;334499
NL0000235190;02/12/13;52.33;53.12;52.16;53.10;1508227
NL0000235190;03/12/13;52.92;53.00;51.12;51.13;2246193
NL0000235190;04/12/13;51.31;52.19;50.42;50.64;2708665
NL0000235190;05/12/13;50.64;50.98;49.895;49.895;2345572
NL0000235190;06/12/13;50.00;50.63;49.51;50.08;2047333
NL0000235190;09/12/13;50.42;50.63;49.75;50.49;2263147
NL0000235190;10/12/13;50.49;50.68;48.68;49.18;3709883
NL0000235190;11/12/13;48.915;53.29;48.82;52.86;6288555
NL0000235190;12/12/13;52.97;54.06;52.20;53.52;3849211
NL0000235190;13/12/13;53.48;54.35;53.12;53.93;2520940
NL0000235190;16/12/13;54.00;55.65;53.72;55.42;2726539
NL0000235190;17/12/13;55.21;55.35;54.44;54.44;1662675
NL0000235190;18/12/13;54.60;55.19;54.40;55.00;1959369
NL0000235190;19/12/13;55.54;56.58;55.02;55.84;2189693
NL0000235190;20/12/13;55.80;56.40;55.29;55.90;3138513
NL0000235190;23/12/13;55.89;56.02;55.33;55.91;1037877
NL0000235190;24/12/13;56.10;56.59;55.92;56.15;263341
NL0000235190;27/12/13;56.60;56.66;55.66;56.24;1391177
NL0000235190;30/12/13;56.34;56.49;55.49;55.73;1068150
NL0000235190;31/12/13;55.68;56.05;55.65;55.81;356909
