BE0003470755;02/01/15;112.60;113.05;110.75;111.20;124184
BE0003470755;05/01/15;111.00;112.60;106.50;106.75;252600
BE0003470755;06/01/15;106.85;107.15;104.05;105.90;358631
BE0003470755;07/01/15;106.65;106.95;104.40;105.10;391584
BE0003470755;08/01/15;106.30;109.55;106.05;109.45;284738
BE0003470755;09/01/15;109.15;109.25;106.15;106.80;232915
BE0003470755;12/01/15;108.05;108.60;106.45;106.90;310790
BE0003470755;13/01/15;106.55;109.20;106.30;108.70;230119
BE0003470755;14/01/15;107.75;108.00;106.40;107.00;290186
BE0003470755;15/01/15;108.05;110.60;105.10;110.45;391768
BE0003470755;16/01/15;110.00;112.15;109.85;111.55;341274
BE0003470755;19/01/15;112.20;113.65;110.80;113.00;249151
BE0003470755;20/01/15;112.65;112.65;111.80;112.30;230998
BE0003470755;21/01/15;112.70;113.55;111.95;112.95;388141
BE0003470755;22/01/15;112.95;114.90;112.50;114.20;538338
BE0003470755;23/01/15;114.70;117.15;114.65;115.70;465452
BE0003470755;26/01/15;115.75;117.70;115.00;117.25;444027
BE0003470755;27/01/15;117.70;119.70;117.25;117.80;364832
BE0003470755;28/01/15;118.65;119.90;118.30;119.70;358959
BE0003470755;29/01/15;119.25;120.60;119.00;120.15;406458
BE0003470755;30/01/15;120.80;121.75;120.60;121.10;340414
FR0000045072;02/01/15;10.835;11.035;10.695;10.90;4199978
FR0000045072;05/01/15;10.84;11.00;10.375;10.40;7456070
FR0000045072;06/01/15;10.405;10.47;10.20;10.20;5901418
FR0000045072;07/01/15;10.265;10.33;10.01;10.055;8771534
FR0000045072;08/01/15;10.25;10.41;10.085;10.30;8380639
FR0000045072;09/01/15;10.26;10.37;9.935;10.065;9587666
FR0000045072;12/01/15;10.07;10.155;9.822;9.995;10433205
FR0000045072;13/01/15;9.973;10.385;9.955;10.36;9109973
FR0000045072;14/01/15;10.185;10.55;10.16;10.305;8326002
FR0000045072;15/01/15;10.40;10.575;10.015;10.525;9734392
FR0000045072;16/01/15;10.505;10.745;10.485;10.73;10179619
FR0000045072;19/01/15;10.75;10.88;10.635;10.72;6529502
FR0000045072;20/01/15;10.795;11.045;10.715;10.88;11017725
FR0000045072;21/01/15;10.94;11.05;10.735;11.05;10576873
FR0000045072;22/01/15;11.09;11.57;11.045;11.43;16412733
FR0000045072;23/01/15;11.55;11.635;11.125;11.25;13706173
FR0000045072;26/01/15;11.17;11.26;11.02;11.15;9544353
FR0000045072;27/01/15;11.145;11.175;10.865;10.985;8316772
FR0000045072;28/01/15;11.085;11.14;10.715;10.785;8330260
FR0000045072;29/01/15;10.70;10.875;10.615;10.76;7150283
FR0000045072;30/01/15;10.82;10.90;10.505;10.565;8664708
FR0000051732;02/01/15;66.23;66.23;65.06;65.45;269235
FR0000051732;05/01/15;65.28;66.68;64.38;64.52;383812
FR0000051732;06/01/15;64.19;64.19;62.32;62.81;565774
FR0000051732;07/01/15;63.37;63.37;62.30;62.55;356048
FR0000051732;08/01/15;63.51;64.86;63.30;64.64;445803
FR0000051732;09/01/15;64.50;65.38;64.05;64.31;273707
FR0000051732;12/01/15;64.50;65.05;63.41;64.63;307621
FR0000051732;13/01/15;64.62;64.75;63.64;64.51;310882
FR0000051732;14/01/15;63.86;64.74;63.52;64.02;183069
FR0000051732;15/01/15;64.41;64.89;63.39;64.75;254571
FR0000051732;16/01/15;64.68;65.44;64.00;65.35;251125
FR0000051732;19/01/15;65.72;65.94;65.18;65.36;256624
FR0000051732;20/01/15;65.72;65.82;64.88;65.44;203133
FR0000051732;21/01/15;65.71;65.77;64.65;65.47;250119
FR0000051732;22/01/15;65.59;66.39;65.14;66.35;269895
FR0000051732;23/01/15;66.65;67.89;66.65;67.34;339097
FR0000051732;26/01/15;67.18;67.53;66.80;67.31;296954
FR0000051732;27/01/15;67.30;67.50;65.54;65.87;327806
FR0000051732;28/01/15;66.73;66.92;65.80;66.17;245055
FR0000051732;29/01/15;66.07;66.64;65.62;66.51;237443
FR0000051732;30/01/15;67.00;67.39;65.58;65.58;457891
FR0000073272;02/01/15;51.64;51.64;50.69;51.05;371455
FR0000073272;05/01/15;50.70;52.17;50.70;50.95;743160
FR0000073272;06/01/15;51.00;51.72;50.62;51.30;769752
FR0000073272;07/01/15;51.54;52.29;50.87;52.16;739959
FR0000073272;08/01/15;52.89;53.92;52.31;53.72;1298972
FR0000073272;09/01/15;53.58;54.60;53.57;53.97;1248616
FR0000073272;12/01/15;54.32;54.92;53.92;54.01;971758
FR0000073272;13/01/15;53.87;54.47;53.67;54.21;961940
FR0000073272;14/01/15;53.71;54.54;53.67;53.95;715742
FR0000073272;15/01/15;54.21;54.92;53.51;54.85;1141198
FR0000073272;16/01/15;54.51;55.43;54.51;55.20;1348727
FR0000073272;19/01/15;55.53;56.33;55.33;56.17;1146351
FR0000073272;20/01/15;56.05;56.41;55.67;55.74;893356
FR0000073272;21/01/15;55.74;55.85;55.03;55.48;1218883
FR0000073272;22/01/15;55.50;56.97;55.30;56.69;1682148
FR0000073272;23/01/15;56.99;59.71;56.69;59.44;2218557
FR0000073272;26/01/15;59.04;59.71;59.00;59.27;825594
FR0000073272;27/01/15;59.47;59.95;58.90;59.09;969824
FR0000073272;28/01/15;59.51;59.72;58.88;59.29;677781
FR0000073272;29/01/15;59.02;59.78;59.00;59.74;624526
FR0000073272;30/01/15;59.95;60.00;59.02;59.19;950010
FR0000120073;02/01/15;93.6364;94.4091;91.8182;92.1818;658370
FR0000120073;05/01/15;91.8182;93.3636;89.1909;89.3273;1210944
FR0000120073;06/01/15;89.1273;89.7182;88.20;88.5818;1518468
FR0000120073;07/01/15;89.2727;89.80;88.3636;88.9818;827663
FR0000120073;08/01/15;90.2818;93.0455;89.9364;92.7273;1099720
FR0000120073;09/01/15;92.2727;92.6364;90.0909;90.6455;958015
FR0000120073;12/01/15;91.1818;92.9091;90.9546;92.2273;701404
FR0000120073;13/01/15;91.9545;93.6818;91.6818;93.1364;755434
FR0000120073;14/01/15;91.5909;93.2727;91.2727;91.9091;816790
FR0000120073;15/01/15;93.00;94.0909;89.7091;93.9091;1350230
FR0000120073;16/01/15;93.2727;94.8182;93.00;94.6818;1178553
FR0000120073;19/01/15;94.6364;95.8636;94.3182;95.3636;629602
FR0000120073;20/01/15;95.0909;96.3636;95.0455;96.3636;913234
FR0000120073;21/01/15;96.00;96.5909;95.00;96.5909;1288485
FR0000120073;22/01/15;96.3636;98.5455;95.5455;98.2727;1387225
FR0000120073;23/01/15;98.7273;100.00;98.3636;99.8636;1473063
FR0000120073;26/01/15;99.4545;101.6818;99.2727;101.6818;1033611
FR0000120073;27/01/15;101.7727;102.4091;100.1364;100.9091;989831
FR0000120073;28/01/15;101.6364;101.7727;99.8636;100.50;1148588
FR0000120073;29/01/15;100.0909;102.0455;99.8182;102.0455;1080523
FR0000120073;30/01/15;102.2727;102.4545;101.0455;101.8182;1158843
FR0000120172;02/01/15;25.295;25.46;24.875;25.075;1619354
FR0000120172;05/01/15;24.99;25.19;23.84;23.86;4247410
FR0000120172;06/01/15;24.035;24.16;23.545;23.67;3360067
FR0000120172;07/01/15;23.85;24.09;23.615;23.645;3040819
FR0000120172;08/01/15;23.915;24.75;23.85;24.72;4373828
FR0000120172;09/01/15;24.625;24.805;23.68;23.875;4315729
FR0000120172;12/01/15;23.985;24.51;23.95;24.445;3090995
FR0000120172;13/01/15;24.395;25.47;24.38;25.385;4643937
FR0000120172;14/01/15;25.06;26.375;25.01;25.955;6683462
FR0000120172;15/01/15;26.03;26.415;25.025;26.345;5447045
FR0000120172;16/01/15;26.71;27.465;26.48;27.38;5484723
FR0000120172;19/01/15;27.15;27.455;27.06;27.14;2469064
FR0000120172;20/01/15;27.35;28.065;27.27;27.49;3997273
FR0000120172;21/01/15;27.43;28.15;27.36;28.145;3753468
FR0000120172;22/01/15;28.025;28.205;27.535;28.045;5121080
FR0000120172;23/01/15;28.30;28.865;28.225;28.495;5184376
FR0000120172;26/01/15;28.34;28.60;28.16;28.56;3191961
FR0000120172;27/01/15;28.41;28.60;28.08;28.295;2808595
FR0000120172;28/01/15;28.42;28.49;27.825;27.97;2853042
FR0000120172;29/01/15;27.73;28.305;27.60;28.295;2498398
FR0000120172;30/01/15;28.27;28.335;27.665;27.845;3921233
FR0000120271;02/01/15;42.90;43.31;42.075;42.525;4456793
FR0000120271;05/01/15;42.22;42.39;39.85;39.98;10754689
FR0000120271;06/01/15;40.165;41.045;39.345;39.92;9773351
FR0000120271;07/01/15;40.10;41.33;39.725;40.825;8132971
FR0000120271;08/01/15;41.495;42.49;40.95;42.40;9049905
FR0000120271;09/01/15;42.25;42.455;40.68;41.065;8612117
FR0000120271;12/01/15;41.20;41.495;40.255;41.28;7771896
FR0000120271;13/01/15;40.71;41.79;40.225;41.70;8829947
FR0000120271;14/01/15;40.625;41.67;40.37;40.815;10269458
FR0000120271;15/01/15;41.65;42.515;39.565;41.95;13224266
FR0000120271;16/01/15;42.00;43.655;41.85;43.30;15057197
FR0000120271;19/01/15;43.315;43.63;42.79;43.055;7453306
FR0000120271;20/01/15;43.16;43.96;42.86;43.57;9552708
FR0000120271;21/01/15;43.655;44.615;42.95;44.45;10616034
FR0000120271;22/01/15;44.695;45.99;44.465;45.065;11240714
FR0000120271;23/01/15;46.00;46.355;44.98;45.945;12238447
FR0000120271;26/01/15;45.50;46.86;45.195;46.685;8429641
FR0000120271;27/01/15;46.60;46.66;45.52;46.39;7833440
FR0000120271;28/01/15;46.78;46.80;45.25;45.565;8047726
FR0000120271;29/01/15;44.44;45.32;43.98;44.91;9321652
FR0000120271;30/01/15;45.805;45.995;44.72;45.50;11164980
FR0000120321;02/01/15;139.10;140.00;136.70;137.40;494248
FR0000120321;05/01/15;136.00;139.20;134.00;134.15;888302
FR0000120321;06/01/15;134.45;135.75;133.95;134.15;760714
FR0000120321;07/01/15;135.00;135.90;133.40;134.90;653133
FR0000120321;08/01/15;136.45;139.95;136.00;139.80;872938
FR0000120321;09/01/15;139.30;140.30;137.10;137.80;732932
FR0000120321;12/01/15;138.20;141.55;138.20;140.90;854154
FR0000120321;13/01/15;140.40;144.10;140.10;142.65;727470
FR0000120321;14/01/15;140.50;143.20;140.35;141.60;820209
FR0000120321;15/01/15;142.65;146.40;138.05;146.10;1360985
FR0000120321;16/01/15;145.00;148.85;144.95;146.65;1258931
FR0000120321;19/01/15;146.60;148.10;145.95;146.75;617314
FR0000120321;20/01/15;147.15;148.70;145.60;148.70;792656
FR0000120321;21/01/15;148.85;149.80;146.45;149.80;1064740
FR0000120321;22/01/15;149.25;150.60;147.50;150.25;1207603
FR0000120321;23/01/15;150.90;155.80;150.55;155.65;1162617
FR0000120321;26/01/15;155.00;158.65;154.75;158.65;893390
FR0000120321;27/01/15;158.20;159.40;155.25;156.30;937886
FR0000120321;28/01/15;156.50;157.05;154.50;157.00;855806
FR0000120321;29/01/15;155.90;160.20;155.90;160.20;865294
FR0000120321;30/01/15;159.60;159.85;157.05;159.05;1065091
FR0000120404;02/01/15;37.485;37.80;37.00;37.28;391240
FR0000120404;05/01/15;37.205;37.855;36.76;36.80;515585
FR0000120404;06/01/15;37.015;37.025;36.015;36.03;897341
FR0000120404;07/01/15;36.285;36.485;35.99;36.21;677867
FR0000120404;08/01/15;36.55;37.225;36.16;36.935;960631
FR0000120404;09/01/15;36.91;37.495;36.665;36.905;794590
FR0000120404;12/01/15;37.085;37.58;36.945;37.315;502485
FR0000120404;13/01/15;37.115;38.02;37.115;37.95;624125
FR0000120404;14/01/15;37.61;38.06;36.825;37.05;1036955
FR0000120404;15/01/15;37.79;38.20;36.835;38.20;1409295
FR0000120404;16/01/15;38.025;39.175;37.915;39.085;1499425
FR0000120404;19/01/15;39.08;39.59;38.95;39.395;1044029
FR0000120404;20/01/15;39.40;40.00;39.40;39.595;1210706
FR0000120404;21/01/15;39.83;41.02;39.725;40.86;1721740
FR0000120404;22/01/15;40.70;42.00;40.565;41.915;1481511
FR0000120404;23/01/15;42.03;43.885;42.015;43.695;2310945
FR0000120404;26/01/15;43.62;44.54;43.49;44.44;1182674
FR0000120404;27/01/15;44.185;44.495;43.295;43.51;1027585
FR0000120404;28/01/15;43.70;43.805;43.13;43.80;931066
FR0000120404;29/01/15;43.425;44.075;42.95;44.075;897931
FR0000120404;30/01/15;44.175;44.445;43.92;44.325;722654
FR0000120503;02/01/15;30.08;30.365;29.70;30.025;490056
FR0000120503;05/01/15;29.89;30.115;28.83;28.915;1153038
FR0000120503;06/01/15;29.12;29.19;28.385;28.695;975313
FR0000120503;07/01/15;28.96;29.545;28.685;29.03;946665
FR0000120503;08/01/15;29.445;29.99;29.215;29.90;1167987
FR0000120503;09/01/15;29.925;30.21;29.35;29.605;936646
FR0000120503;12/01/15;29.695;30.66;29.655;30.58;1486192
FR0000120503;13/01/15;30.405;30.97;30.01;30.80;1710457
FR0000120503;14/01/15;30.50;30.67;29.905;30.225;1240787
FR0000120503;15/01/15;30.485;30.98;30.05;30.86;1439819
FR0000120503;16/01/15;30.815;30.975;30.17;30.805;946103
FR0000120503;19/01/15;30.825;30.94;30.395;30.855;706532
FR0000120503;20/01/15;30.98;31.225;30.725;30.80;1004597
FR0000120503;21/01/15;30.96;30.975;30.295;30.90;1168618
FR0000120503;22/01/15;30.93;31.96;30.78;31.87;1784841
FR0000120503;23/01/15;31.985;32.64;31.885;32.345;1340670
FR0000120503;26/01/15;32.42;33.06;32.355;33.015;1290443
FR0000120503;27/01/15;32.95;33.09;32.21;32.365;1178698
FR0000120503;28/01/15;32.55;32.555;31.94;32.07;999338
FR0000120503;29/01/15;32.00;32.10;31.49;31.955;967561
FR0000120503;30/01/15;32.00;32.00;31.64;31.655;877440
FR0000120578;02/01/15;75.70;76.58;74.72;75.44;1998436
FR0000120578;05/01/15;74.64;75.32;72.94;73.27;4351311
FR0000120578;06/01/15;74.00;74.69;73.39;73.51;3323004
FR0000120578;07/01/15;75.10;75.10;73.59;74.29;4701949
FR0000120578;08/01/15;75.57;77.57;75.21;77.42;4627970
FR0000120578;09/01/15;77.30;77.34;74.33;74.88;3747943
FR0000120578;12/01/15;75.44;76.92;74.68;75.93;2971481
FR0000120578;13/01/15;75.52;77.64;75.34;76.83;2586686
FR0000120578;14/01/15;76.29;77.54;75.26;75.73;2966315
FR0000120578;15/01/15;76.42;78.00;73.20;77.84;5063449
FR0000120578;16/01/15;77.47;80.13;77.10;79.93;4860411
FR0000120578;19/01/15;80.01;80.61;79.51;79.72;3029462
FR0000120578;20/01/15;80.08;81.31;79.84;80.37;3587790
FR0000120578;21/01/15;80.66;80.98;78.84;80.61;3917672
FR0000120578;22/01/15;80.39;81.41;79.36;81.17;4442692
FR0000120578;23/01/15;82.22;83.95;81.58;83.58;5478521
FR0000120578;26/01/15;83.55;84.36;81.84;82.95;3757093
FR0000120578;27/01/15;82.84;82.94;81.05;81.88;3806046
FR0000120578;28/01/15;82.71;82.80;81.12;81.99;3152990
FR0000120578;29/01/15;81.72;82.49;81.46;82.26;2955417
FR0000120578;30/01/15;82.94;83.03;81.37;82.00;3876370
FR0000120628;02/01/15;19.375;19.50;19.01;19.10;4339550
FR0000120628;05/01/15;19.00;19.19;18.325;18.39;9635525
FR0000120628;06/01/15;18.42;18.53;18.185;18.19;8745704
FR0000120628;07/01/15;18.325;18.54;18.155;18.385;8289052
FR0000120628;08/01/15;18.695;19.205;18.595;19.145;11283091
FR0000120628;09/01/15;19.11;19.20;18.485;18.715;9592990
FR0000120628;12/01/15;18.82;19.03;18.48;18.74;7576448
FR0000120628;13/01/15;18.675;19.325;18.61;19.165;7958972
FR0000120628;14/01/15;18.915;19.285;18.72;18.80;9606441
FR0000120628;15/01/15;18.96;19.50;18.21;19.49;19081438
FR0000120628;16/01/15;19.38;19.97;19.275;19.905;18801180
FR0000120628;19/01/15;19.935;20.26;19.86;20.035;10659680
FR0000120628;20/01/15;20.09;20.27;20.05;20.16;10714968
FR0000120628;21/01/15;20.175;20.385;20.00;20.25;13745815
FR0000120628;22/01/15;20.27;20.74;20.175;20.64;13111193
FR0000120628;23/01/15;20.825;20.935;20.58;20.695;13037750
FR0000120628;26/01/15;20.52;20.825;20.47;20.76;7566901
FR0000120628;27/01/15;20.87;20.93;20.66;20.85;10639698
FR0000120628;28/01/15;21.00;21.04;20.63;20.93;9232905
FR0000120628;29/01/15;20.80;21.175;20.715;21.155;7439765
FR0000120628;30/01/15;21.29;21.31;20.705;20.855;11311667
FR0000120644;02/01/15;54.83;54.89;53.60;53.86;1014791
FR0000120644;05/01/15;53.40;54.30;52.42;52.48;2020889
FR0000120644;06/01/15;53.50;53.90;52.32;52.32;1921918
FR0000120644;07/01/15;52.65;53.35;52.25;52.93;1440317
FR0000120644;08/01/15;53.49;54.53;53.00;54.46;2169914
FR0000120644;09/01/15;54.25;54.45;52.85;53.22;2005852
FR0000120644;12/01/15;53.34;54.44;53.34;54.21;1804654
FR0000120644;13/01/15;53.72;54.78;53.51;54.47;2269085
FR0000120644;14/01/15;54.09;54.81;53.36;53.61;2211741
FR0000120644;15/01/15;54.02;54.80;51.88;54.75;2964605
FR0000120644;16/01/15;54.40;55.97;54.40;55.62;2580130
FR0000120644;19/01/15;55.68;56.08;55.52;55.72;1574928
FR0000120644;20/01/15;55.60;56.38;55.07;56.38;2143949
FR0000120644;21/01/15;56.74;56.99;56.07;56.84;2522703
FR0000120644;22/01/15;56.77;57.81;56.30;57.72;2868105
FR0000120644;23/01/15;58.25;60.24;58.02;60.00;3596146
FR0000120644;26/01/15;59.87;60.49;59.76;60.16;2400156
FR0000120644;27/01/15;60.00;60.47;59.52;60.07;2473344
FR0000120644;28/01/15;60.46;60.53;59.58;59.88;1889949
FR0000120644;29/01/15;59.76;60.33;59.65;60.16;2243867
FR0000120644;30/01/15;60.48;60.50;59.18;59.57;2758751
FR0000120693;02/01/15;90.80;92.02;90.57;91.09;334656
FR0000120693;05/01/15;90.55;91.47;89.05;89.11;509713
FR0000120693;06/01/15;89.25;89.35;87.95;88.52;546659
FR0000120693;07/01/15;89.23;91.09;88.64;90.32;681509
FR0000120693;08/01/15;93.06;95.20;91.92;95.07;1109947
FR0000120693;09/01/15;95.72;96.23;93.69;94.16;864989
FR0000120693;12/01/15;94.56;97.09;94.55;96.75;649643
FR0000120693;13/01/15;96.52;98.30;96.31;98.03;783100
FR0000120693;14/01/15;97.10;98.70;96.74;97.28;733089
FR0000120693;15/01/15;98.00;99.93;95.48;99.80;1038903
FR0000120693;16/01/15;99.40;102.35;99.40;102.05;1075138
FR0000120693;19/01/15;101.95;102.95;101.75;102.75;636576
FR0000120693;20/01/15;102.85;104.05;102.70;103.40;642920
FR0000120693;21/01/15;103.10;103.40;101.70;103.10;667416
FR0000120693;22/01/15;103.20;103.55;101.00;102.25;1045503
FR0000120693;23/01/15;102.25;107.40;102.00;106.70;1034896
FR0000120693;26/01/15;106.70;108.75;106.40;107.65;638694
FR0000120693;27/01/15;107.75;108.60;105.65;105.90;628555
FR0000120693;28/01/15;106.80;107.30;106.05;106.95;518139
FR0000120693;29/01/15;106.00;108.40;105.85;108.15;579736
FR0000120693;30/01/15;108.65;108.65;106.00;106.60;780261
FR0000121014;02/01/15;132.50;133.70;129.90;130.85;614377
FR0000121014;05/01/15;130.05;131.85;126.75;127.05;1053659
FR0000121014;06/01/15;127.10;127.55;125.50;125.60;896487
FR0000121014;07/01/15;125.80;126.15;123.50;125.70;1341253
FR0000121014;08/01/15;127.50;130.05;126.35;129.65;1155174
FR0000121014;09/01/15;129.35;130.60;127.10;127.70;961806
FR0000121014;12/01/15;128.50;132.40;128.25;131.95;1374599
FR0000121014;13/01/15;130.90;133.50;130.55;132.95;1018643
FR0000121014;14/01/15;131.50;134.15;130.90;132.70;1453549
FR0000121014;15/01/15;133.80;135.40;129.30;135.05;2274019
FR0000121014;16/01/15;134.20;135.05;132.75;134.20;1363101
FR0000121014;19/01/15;134.55;135.10;132.95;134.20;911823
FR0000121014;20/01/15;134.20;136.50;133.45;136.50;1083427
FR0000121014;21/01/15;137.00;137.85;135.95;137.40;1381031
FR0000121014;22/01/15;137.05;138.70;136.05;137.85;1309411
FR0000121014;23/01/15;139.00;143.30;138.15;141.85;1737416
FR0000121014;26/01/15;141.40;144.75;141.10;144.65;1142528
FR0000121014;27/01/15;144.80;145.70;143.25;145.10;1219438
FR0000121014;28/01/15;145.95;146.00;144.10;145.20;1122852
FR0000121014;29/01/15;144.25;145.25;142.75;144.70;1409184
FR0000121014;30/01/15;145.25;146.00;142.70;143.50;1181039
FR0000121220;02/01/15;81.20;81.95;80.68;80.90;114093
FR0000121220;05/01/15;79.88;81.16;79.35;79.47;217353
FR0000121220;06/01/15;78.70;79.94;78.50;78.74;223632
FR0000121220;07/01/15;78.86;80.24;78.80;79.55;284321
FR0000121220;08/01/15;80.53;81.55;80.36;81.42;220113
FR0000121220;09/01/15;80.00;80.70;79.00;79.83;307797
FR0000121220;12/01/15;79.66;81.50;79.65;81.22;277666
FR0000121220;13/01/15;81.14;82.40;81.04;82.16;180940
FR0000121220;14/01/15;81.27;82.50;80.80;81.11;194657
FR0000121220;15/01/15;81.38;82.54;80.38;82.35;364516
FR0000121220;16/01/15;82.20;83.76;82.12;83.55;356259
FR0000121220;19/01/15;83.54;85.02;83.54;84.86;228237
FR0000121220;20/01/15;84.83;86.42;84.68;86.09;295590
FR0000121220;21/01/15;86.05;86.43;85.62;86.43;222831
FR0000121220;22/01/15;86.14;86.99;86.14;86.99;390789
FR0000121220;23/01/15;87.00;88.60;86.99;87.90;287288
FR0000121220;26/01/15;87.58;89.80;87.58;89.58;281868
FR0000121220;27/01/15;89.36;89.72;88.62;89.20;173389
FR0000121220;28/01/15;89.32;90.01;87.80;90.01;194540
FR0000121220;29/01/15;88.13;89.37;87.88;89.05;295043
FR0000121220;30/01/15;88.88;89.13;87.84;88.13;287155
FR0000121261;02/01/15;75.35;75.85;73.94;74.36;283206
FR0000121261;05/01/15;74.14;75.21;72.31;72.66;561971
FR0000121261;06/01/15;72.75;72.94;71.60;71.83;662140
FR0000121261;07/01/15;72.22;73.37;71.91;72.17;532028
FR0000121261;08/01/15;73.12;75.35;72.86;75.04;692128
FR0000121261;09/01/15;74.94;75.70;73.71;74.30;603324
FR0000121261;12/01/15;74.37;76.09;74.03;75.76;719877
FR0000121261;13/01/15;75.71;77.91;75.69;77.23;848406
FR0000121261;14/01/15;76.45;76.50;75.02;75.43;759727
FR0000121261;15/01/15;75.99;77.31;73.82;76.84;790926
FR0000121261;16/01/15;76.46;78.00;76.31;78.00;816675
FR0000121261;19/01/15;78.16;79.80;78.11;79.12;861788
FR0000121261;20/01/15;79.28;79.98;79.25;79.72;740501
FR0000121261;21/01/15;79.78;80.83;79.22;80.75;859919
FR0000121261;22/01/15;80.99;83.70;80.31;83.37;1442196
FR0000121261;23/01/15;83.92;85.30;83.69;84.74;1625462
FR0000121261;26/01/15;84.05;85.45;84.00;85.35;897488
FR0000121261;27/01/15;85.03;85.61;82.91;83.53;1080527
FR0000121261;28/01/15;84.44;84.65;82.96;84.40;898712
FR0000121261;29/01/15;84.09;86.16;83.94;86.15;992906
FR0000121261;30/01/15;87.07;87.77;86.19;86.73;1434197
FR0000121485;02/01/15;160.00;160.45;157.65;157.75;108463
FR0000121485;05/01/15;156.70;159.20;154.15;154.15;224700
FR0000121485;06/01/15;154.90;155.55;152.70;152.70;207263
FR0000121485;07/01/15;154.00;156.30;153.60;155.25;187283
FR0000121485;08/01/15;156.45;160.05;156.05;160.05;222040
FR0000121485;09/01/15;159.25;162.95;158.30;158.95;227133
FR0000121485;12/01/15;160.10;162.75;160.00;162.15;202324
FR0000121485;13/01/15;161.85;166.10;161.65;165.80;218911
FR0000121485;14/01/15;163.75;166.25;162.50;162.50;343897
FR0000121485;15/01/15;163.05;168.25;160.00;166.75;521134
FR0000121485;16/01/15;165.60;166.75;164.80;166.10;320104
FR0000121485;19/01/15;166.20;168.05;165.80;167.05;227851
FR0000121485;20/01/15;167.65;169.85;166.80;167.20;276660
FR0000121485;21/01/15;168.00;172.75;166.85;172.75;364804
FR0000121485;22/01/15;171.60;172.70;169.20;172.15;295263
FR0000121485;23/01/15;173.00;177.90;172.35;177.70;388040
FR0000121485;26/01/15;177.00;179.35;176.10;178.75;314001
FR0000121485;27/01/15;178.40;178.80;176.10;177.75;221939
FR0000121485;28/01/15;178.90;180.60;178.35;179.35;338313
FR0000121485;29/01/15;177.00;180.45;177.00;180.00;272912
FR0000121485;30/01/15;181.50;181.75;179.15;179.40;346764
FR0000121501;02/01/15;10.28;10.325;10.06;10.20;1597114
FR0000121501;05/01/15;10.14;10.315;9.762;9.822;4845123
FR0000121501;06/01/15;9.824;10.015;9.637;9.795;4295465
FR0000121501;07/01/15;9.869;10.07;9.732;9.772;2942069
FR0000121501;08/01/15;9.915;10.155;9.836;10.15;3680094
FR0000121501;09/01/15;10.245;10.465;10.145;10.23;3547866
FR0000121501;12/01/15;10.50;10.705;10.37;10.60;5653248
FR0000121501;13/01/15;10.60;11.04;10.60;10.85;8696922
FR0000121501;14/01/15;10.71;11.00;10.63;10.74;5667612
FR0000121501;15/01/15;10.815;11.125;10.625;11.06;4808180
FR0000121501;16/01/15;11.00;11.425;10.91;11.30;5978590
FR0000121501;19/01/15;11.30;11.40;11.205;11.375;2953517
FR0000121501;20/01/15;11.43;11.60;11.35;11.49;5690844
FR0000121501;21/01/15;11.49;11.635;11.20;11.53;6245603
FR0000121501;22/01/15;11.55;12.195;11.54;12.09;8984144
FR0000121501;23/01/15;12.19;12.64;12.19;12.335;9020085
FR0000121501;26/01/15;12.23;12.60;12.15;12.595;3658603
FR0000121501;27/01/15;12.83;13.20;12.46;12.685;6822018
FR0000121501;28/01/15;12.90;12.965;12.575;12.855;4469080
FR0000121501;29/01/15;12.79;12.985;12.69;12.915;3653270
FR0000121501;30/01/15;12.96;13.07;12.795;12.855;4434217
FR0000121667;02/01/15;93.00;93.27;90.81;91.00;356432
FR0000121667;05/01/15;90.69;93.53;89.77;89.85;827776
FR0000121667;06/01/15;90.51;90.63;88.72;88.72;547662
FR0000121667;07/01/15;89.30;90.80;88.87;90.00;508947
FR0000121667;08/01/15;91.32;93.50;90.74;93.37;642164
FR0000121667;09/01/15;93.11;93.97;91.07;91.45;562995
FR0000121667;12/01/15;91.94;94.25;91.89;93.71;473412
FR0000121667;13/01/15;93.19;94.95;93.11;94.40;455391
FR0000121667;14/01/15;93.06;94.70;92.47;93.41;571268
FR0000121667;15/01/15;94.16;97.90;93.32;96.97;1352135
FR0000121667;16/01/15;96.44;97.97;95.52;97.64;639353
FR0000121667;19/01/15;97.78;98.60;97.37;97.68;446924
FR0000121667;20/01/15;97.76;99.30;97.42;98.60;596623
FR0000121667;21/01/15;98.64;99.40;98.19;99.36;801069
FR0000121667;22/01/15;99.07;99.26;96.32;96.78;1147474
FR0000121667;23/01/15;97.40;99.34;96.80;99.34;1042955
FR0000121667;26/01/15;99.00;100.50;98.43;99.12;736212
FR0000121667;27/01/15;98.41;99.10;97.28;97.94;785481
FR0000121667;28/01/15;98.72;100.10;96.74;98.34;718285
FR0000121667;29/01/15;97.94;99.71;97.89;99.12;533170
FR0000121667;30/01/15;99.31;100.15;98.38;99.07;579710
FR0000121972;02/01/15;60.66;61.18;59.60;59.95;1004130
FR0000121972;05/01/15;59.35;60.31;57.22;57.34;2677991
FR0000121972;06/01/15;57.36;58.57;56.52;57.42;2419095
FR0000121972;07/01/15;57.81;58.71;57.40;57.78;1451756
FR0000121972;08/01/15;59.51;60.59;59.34;60.16;3073304
FR0000121972;09/01/15;59.85;60.24;58.32;58.80;2440391
FR0000121972;12/01/15;59.20;60.02;58.63;59.56;1611034
FR0000121972;13/01/15;60.50;61.75;59.90;61.46;2507284
FR0000121972;14/01/15;60.34;61.64;59.80;60.27;1940169
FR0000121972;15/01/15;61.02;62.34;58.00;62.19;2981240
FR0000121972;16/01/15;61.59;63.03;61.49;62.87;2809861
FR0000121972;19/01/15;63.04;63.97;62.55;63.58;1945823
FR0000121972;20/01/15;64.00;65.33;63.96;64.88;3044354
FR0000121972;21/01/15;65.05;66.67;64.59;66.67;2946213
FR0000121972;22/01/15;66.84;67.98;65.84;67.53;3374857
FR0000121972;23/01/15;68.00;69.00;67.72;68.24;3672025
FR0000121972;26/01/15;68.22;68.79;67.89;68.70;2160653
FR0000121972;27/01/15;68.90;68.90;66.70;67.27;2210956
FR0000121972;28/01/15;67.83;67.85;66.19;66.98;1959990
FR0000121972;29/01/15;66.55;67.57;66.25;67.35;2428768
FR0000121972;30/01/15;68.08;68.09;66.60;67.00;2141645
FR0000124141;02/01/15;14.85;14.99;14.505;14.685;1702361
FR0000124141;05/01/15;14.61;14.855;14.29;14.32;2380185
FR0000124141;06/01/15;14.36;14.36;14.04;14.12;3051557
FR0000124141;07/01/15;14.205;14.37;14.15;14.23;1757123
FR0000124141;08/01/15;14.385;14.56;14.29;14.495;3018313
FR0000124141;09/01/15;14.545;14.975;14.51;14.70;3464886
FR0000124141;12/01/15;14.78;14.96;14.485;14.605;1887744
FR0000124141;13/01/15;14.765;15.295;14.71;15.21;5803819
FR0000124141;14/01/15;15.075;15.37;14.99;15.22;2934052
FR0000124141;15/01/15;15.31;15.505;14.80;15.44;4339470
FR0000124141;16/01/15;15.38;15.685;15.26;15.605;3475929
FR0000124141;19/01/15;15.635;15.88;15.60;15.79;2845156
FR0000124141;20/01/15;15.88;15.885;15.715;15.845;2457327
FR0000124141;21/01/15;15.855;15.895;15.655;15.86;2608118
FR0000124141;22/01/15;15.815;16.36;15.80;16.25;3930773
FR0000124141;23/01/15;16.32;16.57;16.18;16.255;3582572
FR0000124141;26/01/15;16.20;16.495;16.145;16.295;2739516
FR0000124141;27/01/15;16.25;16.33;15.91;16.14;3511419
FR0000124141;28/01/15;16.25;16.285;15.96;16.21;2090085
FR0000124141;29/01/15;16.14;16.495;16.06;16.455;2549687
FR0000124141;30/01/15;16.505;16.51;16.175;16.255;2106023
FR0000124711;02/01/15;214.45;215.00;210.55;211.55;198876
FR0000124711;05/01/15;210.20;213.65;209.85;209.85;453117
FR0000124711;06/01/15;211.20;212.10;209.10;210.15;359689
FR0000124711;07/01/15;211.90;215.05;210.20;213.15;352213
FR0000124711;08/01/15;215.00;221.10;214.70;221.10;465504
FR0000124711;09/01/15;219.50;220.30;215.75;217.00;467848
FR0000124711;12/01/15;217.55;221.20;217.45;220.40;320395
FR0000124711;13/01/15;219.45;224.95;219.05;224.60;369328
FR0000124711;14/01/15;221.45;228.20;220.70;224.80;490916
FR0000124711;15/01/15;225.45;230.85;219.25;230.30;757213
FR0000124711;16/01/15;229.60;241.65;228.55;240.95;927102
FR0000124711;19/01/15;241.15;241.50;237.40;238.40;532907
FR0000124711;20/01/15;240.10;242.05;237.75;238.35;582859
FR0000124711;21/01/15;238.00;238.10;232.70;235.20;735315
FR0000124711;22/01/15;236.40;241.90;233.95;241.10;614478
FR0000124711;23/01/15;242.05;250.45;241.65;250.05;877232
FR0000124711;26/01/15;248.10;252.50;247.65;251.95;457518
FR0000124711;27/01/15;252.55;253.05;242.85;244.85;471051
FR0000124711;28/01/15;247.70;248.70;243.10;244.10;466590
FR0000124711;29/01/15;239.00;251.95;236.30;251.35;764168
FR0000124711;30/01/15;250.80;254.75;248.10;250.10;613648
FR0000125007;02/01/15;35.585;35.72;34.88;35.165;1014438
FR0000125007;05/01/15;34.895;35.595;33.59;33.65;2845756
FR0000125007;06/01/15;33.85;34.00;33.03;33.115;2684524
FR0000125007;07/01/15;33.325;33.915;32.935;33.025;2129441
FR0000125007;08/01/15;33.585;34.47;33.29;34.36;2304921
FR0000125007;09/01/15;34.345;34.785;33.495;33.83;1960746
FR0000125007;12/01/15;34.03;34.415;33.48;33.99;1218469
FR0000125007;13/01/15;33.705;34.77;33.56;34.51;1714162
FR0000125007;14/01/15;33.855;34.51;33.47;33.545;2725239
FR0000125007;15/01/15;33.795;34.13;32.36;33.385;4841550
FR0000125007;16/01/15;33.135;33.66;32.535;33.435;4809468
FR0000125007;19/01/15;33.67;34.04;33.395;33.975;2299519
FR0000125007;20/01/15;34.03;35.125;34.015;35.00;3483747
FR0000125007;21/01/15;35.125;36.19;34.965;36.13;4085568
FR0000125007;22/01/15;36.20;38.16;36.13;37.975;5726878
FR0000125007;23/01/15;38.32;39.49;38.21;38.535;4551238
FR0000125007;26/01/15;38.225;38.415;37.715;38.315;2967352
FR0000125007;27/01/15;38.205;38.415;37.35;37.725;2367272
FR0000125007;28/01/15;38.22;38.25;37.18;38.005;1900749
FR0000125007;29/01/15;37.70;38.295;37.38;38.175;1785279
FR0000125007;30/01/15;38.31;38.405;37.65;37.93;1581262
FR0000125338;02/01/15;59.53;60.48;59.11;60.12;378730
FR0000125338;05/01/15;59.68;60.99;59.24;59.32;563716
FR0000125338;06/01/15;59.41;59.66;57.03;57.03;820260
FR0000125338;07/01/15;57.41;58.19;57.07;57.27;508546
FR0000125338;08/01/15;58.32;59.10;57.88;58.90;678188
FR0000125338;09/01/15;58.95;59.97;58.95;59.26;708886
FR0000125338;12/01/15;59.58;60.69;59.15;59.96;572468
FR0000125338;13/01/15;59.87;60.05;59.11;59.31;558615
FR0000125338;14/01/15;58.83;59.73;58.40;58.69;519692
FR0000125338;15/01/15;59.28;60.89;57.59;60.89;926029
FR0000125338;16/01/15;60.48;60.95;59.62;60.82;736268
FR0000125338;19/01/15;60.60;61.77;60.15;61.25;635006
FR0000125338;20/01/15;61.16;61.30;60.40;61.13;532792
FR0000125338;21/01/15;61.10;61.24;60.17;60.81;798902
FR0000125338;22/01/15;60.50;62.98;60.29;62.65;945637
FR0000125338;23/01/15;63.00;64.68;62.85;63.90;1109084
FR0000125338;26/01/15;63.71;65.38;63.59;65.20;664213
FR0000125338;27/01/15;65.03;65.12;63.11;63.64;794811
FR0000125338;28/01/15;64.21;64.36;62.82;63.50;598225
FR0000125338;29/01/15;63.40;64.38;63.18;64.26;494829
FR0000125338;30/01/15;64.49;64.76;63.86;64.57;600759
FR0000125486;02/01/15;45.935;46.295;44.86;45.425;1233321
FR0000125486;05/01/15;44.965;45.32;43.825;43.88;2148890
FR0000125486;06/01/15;44.22;44.23;43.40;43.40;1592656
FR0000125486;07/01/15;43.72;46.02;43.70;45.00;3550013
FR0000125486;08/01/15;45.685;46.74;45.27;46.575;2107098
FR0000125486;09/01/15;46.53;47.385;46.28;46.565;2024266
FR0000125486;12/01/15;46.665;47.995;46.605;47.635;2374354
FR0000125486;13/01/15;47.445;48.46;47.13;48.27;2159508
FR0000125486;14/01/15;47.32;48.515;46.985;47.465;2467135
FR0000125486;15/01/15;47.87;48.56;45.425;48.20;2766378
FR0000125486;16/01/15;47.835;48.125;47.025;47.795;2961228
FR0000125486;19/01/15;47.785;48.545;47.455;48.47;2167735
FR0000125486;20/01/15;48.60;48.785;47.91;48.18;2430626
FR0000125486;21/01/15;48.15;48.84;47.625;48.825;2338050
FR0000125486;22/01/15;48.815;49.00;48.22;48.73;3335957
FR0000125486;23/01/15;49.00;49.80;48.495;49.29;3126326
FR0000125486;26/01/15;48.88;49.68;48.52;49.525;1894892
FR0000125486;27/01/15;49.38;49.52;47.02;47.775;3896776
FR0000125486;28/01/15;47.99;48.07;46.385;46.99;3138689
FR0000125486;29/01/15;46.645;47.445;46.45;47.345;1793592
FR0000125486;30/01/15;47.48;47.50;46.635;46.84;2574462
FR0000127771;02/01/15;20.83;20.90;20.475;20.555;3073138
FR0000127771;05/01/15;20.415;20.685;20.105;20.135;6215784
FR0000127771;06/01/15;20.125;20.19;19.785;19.80;7089694
FR0000127771;07/01/15;19.875;19.955;19.73;19.84;4365051
FR0000127771;08/01/15;20.025;20.355;19.965;20.30;5124585
FR0000127771;09/01/15;20.255;20.41;20.135;20.245;5302359
FR0000127771;12/01/15;20.34;20.66;20.20;20.365;6235348
FR0000127771;13/01/15;20.27;20.705;20.27;20.58;5034757
FR0000127771;14/01/15;20.37;20.75;20.33;20.43;4505862
FR0000127771;15/01/15;20.53;20.69;19.95;20.62;6763342
FR0000127771;16/01/15;20.47;20.735;20.46;20.64;5103184
FR0000127771;19/01/15;20.60;20.755;20.50;20.57;4306708
FR0000127771;20/01/15;20.62;20.77;20.62;20.735;4828126
FR0000127771;21/01/15;20.735;20.765;20.28;20.65;7863161
FR0000127771;22/01/15;20.65;20.85;20.505;20.815;8044586
FR0000127771;23/01/15;20.89;21.315;20.87;21.14;11213045
FR0000127771;26/01/15;21.13;21.255;21.095;21.23;4959397
FR0000127771;27/01/15;21.185;21.25;21.005;21.22;4280539
FR0000127771;28/01/15;21.35;21.43;21.005;21.16;4491450
FR0000127771;29/01/15;20.94;21.24;20.905;21.155;4121099
FR0000127771;30/01/15;21.16;21.255;20.945;21.035;5103752
FR0000130577;02/01/15;59.85;59.91;58.97;59.26;340480
FR0000130577;05/01/15;59.09;59.52;58.04;58.08;443504
FR0000130577;06/01/15;58.24;58.56;57.34;57.90;744843
FR0000130577;07/01/15;58.17;58.56;57.73;58.32;639761
FR0000130577;08/01/15;58.81;59.31;58.27;59.20;1414469
FR0000130577;09/01/15;59.04;59.98;58.72;58.96;818160
FR0000130577;12/01/15;59.35;59.96;59.09;59.73;540184
FR0000130577;13/01/15;59.64;60.59;59.56;60.14;653360
FR0000130577;14/01/15;60.36;60.73;59.95;60.08;1297851
FR0000130577;15/01/15;60.61;61.30;59.41;61.15;1504883
FR0000130577;16/01/15;61.12;63.02;61.12;62.74;1547227
FR0000130577;19/01/15;62.75;62.97;62.39;62.68;484818
FR0000130577;20/01/15;62.70;64.25;62.62;63.99;888100
FR0000130577;21/01/15;64.17;64.50;63.43;64.17;687334
FR0000130577;22/01/15;64.25;66.11;64.21;65.83;1022219
FR0000130577;23/01/15;66.40;67.49;65.90;67.42;1099198
FR0000130577;26/01/15;67.09;67.87;67.01;67.75;527685
FR0000130577;27/01/15;67.82;67.97;66.75;67.04;749891
FR0000130577;28/01/15;67.26;67.63;66.35;66.50;845096
FR0000130577;29/01/15;66.17;67.00;65.92;66.42;735357
FR0000130577;30/01/15;66.56;66.93;66.30;66.43;966010
FR0000130809;02/01/15;35.34;36.035;34.80;35.36;2842710
FR0000130809;05/01/15;35.205;35.745;33.59;33.78;6567209
FR0000130809;06/01/15;33.90;34.055;33.16;33.18;4843952
FR0000130809;07/01/15;33.42;33.655;32.61;32.825;5364055
FR0000130809;08/01/15;33.39;34.13;32.86;33.78;7110081
FR0000130809;09/01/15;33.775;34.345;33.01;33.40;7236650
FR0000130809;12/01/15;33.62;33.94;32.865;33.445;5461036
FR0000130809;13/01/15;33.245;34.29;33.11;33.865;5203043
FR0000130809;14/01/15;33.39;34.365;33.135;33.485;6761743
FR0000130809;15/01/15;33.795;34.40;32.45;33.985;7501636
FR0000130809;16/01/15;33.84;34.265;33.42;34.11;6012826
FR0000130809;19/01/15;34.325;35.485;34.105;34.865;5837594
FR0000130809;20/01/15;35.10;36.59;35.03;36.35;9302343
FR0000130809;21/01/15;36.465;36.91;35.725;36.71;7866882
FR0000130809;22/01/15;36.85;38.495;36.595;38.075;9836202
FR0000130809;23/01/15;38.505;39.08;37.45;37.81;9871922
FR0000130809;26/01/15;37.56;38.29;37.29;38.10;5466759
FR0000130809;27/01/15;38.045;38.085;36.575;37.225;7465235
FR0000130809;28/01/15;37.555;37.65;35.895;36.20;9542123
FR0000130809;29/01/15;35.945;36.61;35.685;36.26;5547245
FR0000130809;30/01/15;36.59;36.705;35.525;35.835;4736590
FR0000131104;02/01/15;49.685;50.12;48.83;49.43;2516947
FR0000131104;05/01/15;48.975;49.375;46.92;47.03;6252660
FR0000131104;06/01/15;47.05;47.22;45.80;45.80;5558392
FR0000131104;07/01/15;45.915;46.10;44.82;45.035;6020718
FR0000131104;08/01/15;45.96;46.995;45.245;46.495;6125229
FR0000131104;09/01/15;46.40;46.65;44.335;44.935;6704918
FR0000131104;12/01/15;45.09;45.475;44.105;45.295;6067180
FR0000131104;13/01/15;44.80;46.715;44.625;46.345;4436278
FR0000131104;14/01/15;45.56;46.615;44.86;44.935;6122097
FR0000131104;15/01/15;45.415;46.375;43.14;46.085;7704049
FR0000131104;16/01/15;45.745;46.255;45.035;45.99;6877124
FR0000131104;19/01/15;46.175;47.075;45.675;46.615;4226861
FR0000131104;20/01/15;46.985;47.95;46.935;47.74;5721484
FR0000131104;21/01/15;48.01;48.485;46.985;48.27;6265040
FR0000131104;22/01/15;48.495;50.00;48.02;49.40;8320152
FR0000131104;23/01/15;50.07;51.18;48.75;49.00;8990523
FR0000131104;26/01/15;48.75;49.63;48.30;49.33;4866558
FR0000131104;27/01/15;49.395;49.465;47.94;48.845;5005144
FR0000131104;28/01/15;49.28;49.39;47.15;47.50;6092231
FR0000131104;29/01/15;47.105;47.795;46.62;47.65;5362352
FR0000131104;30/01/15;48.00;48.35;46.275;46.775;6698292
FR0000131906;02/01/15;60.73;60.98;59.42;59.90;556271
FR0000131906;05/01/15;59.62;60.57;57.58;57.81;1141204
FR0000131906;06/01/15;58.02;58.66;56.85;57.51;937753
FR0000131906;07/01/15;57.86;58.68;57.19;57.38;872019
FR0000131906;08/01/15;58.13;59.87;58.04;59.60;1247456
FR0000131906;09/01/15;59.48;60.35;58.18;58.84;1010288
FR0000131906;12/01/15;58.95;59.70;58.22;59.38;923992
FR0000131906;13/01/15;59.25;62.15;59.13;61.54;1878290
FR0000131906;14/01/15;60.50;61.46;59.59;59.77;1424457
FR0000131906;15/01/15;60.21;62.40;58.25;61.67;1633251
FR0000131906;16/01/15;61.47;63.00;61.40;62.94;1283249
FR0000131906;19/01/15;63.00;64.39;62.80;63.90;988594
FR0000131906;20/01/15;64.20;64.78;63.33;63.76;995325
FR0000131906;21/01/15;63.70;65.16;62.85;65.06;1689165
FR0000131906;22/01/15;65.43;68.29;65.18;67.52;2477918
FR0000131906;23/01/15;68.40;70.53;68.31;68.98;2025008
FR0000131906;26/01/15;68.54;69.98;68.33;68.93;987586
FR0000131906;27/01/15;68.98;69.18;67.01;68.15;1594188
FR0000131906;28/01/15;68.89;69.90;68.63;69.45;1323124
FR0000131906;29/01/15;69.19;70.21;68.82;69.78;1330948
FR0000131906;30/01/15;70.01;70.07;67.96;68.21;1226472
FR0000133308;02/01/15;14.25;14.335;13.955;14.06;5709000
FR0000133308;05/01/15;13.93;14.18;13.50;13.52;9394194
FR0000133308;06/01/15;13.59;13.615;13.32;13.37;9121327
FR0000133308;07/01/15;13.45;13.73;13.36;13.59;7514197
FR0000133308;08/01/15;13.80;14.215;13.795;14.205;11256269
FR0000133308;09/01/15;14.095;14.30;13.87;13.97;8959879
FR0000133308;12/01/15;13.97;14.41;13.97;14.39;9719134
FR0000133308;13/01/15;14.285;14.745;14.28;14.63;12551150
FR0000133308;14/01/15;14.30;14.865;14.255;14.395;9744652
FR0000133308;15/01/15;14.47;14.655;13.90;14.595;11444288
FR0000133308;16/01/15;14.56;14.765;14.49;14.71;9221387
FR0000133308;19/01/15;14.77;14.855;14.525;14.69;7255062
FR0000133308;20/01/15;14.75;14.905;14.61;14.905;9440259
FR0000133308;21/01/15;14.90;14.92;14.59;14.92;11103177
FR0000133308;22/01/15;14.95;15.345;14.70;15.28;12552250
FR0000133308;23/01/15;15.38;15.71;15.325;15.565;12308968
FR0000133308;26/01/15;15.53;15.83;15.49;15.83;9311070
FR0000133308;27/01/15;15.86;15.875;15.62;15.83;8116973
FR0000133308;28/01/15;15.93;16.04;15.725;15.84;8686821
FR0000133308;29/01/15;15.71;16.095;15.71;16.095;8809561
FR0000133308;30/01/15;16.075;16.085;15.55;15.62;14606153
FR0010208488;02/01/15;19.605;19.77;19.16;19.31;3952594
FR0010208488;05/01/15;19.19;19.49;18.465;18.49;7268649
FR0010208488;06/01/15;18.56;18.615;18.255;18.305;5733889
FR0010208488;07/01/15;18.43;18.45;18.025;18.135;6713136
FR0010208488;08/01/15;18.385;18.825;18.265;18.79;6422387
FR0010208488;09/01/15;18.715;18.81;18.095;18.22;7078235
FR0010208488;12/01/15;18.30;18.575;18.00;18.28;5378949
FR0010208488;13/01/15;18.265;18.73;18.19;18.63;5792619
FR0010208488;14/01/15;18.35;18.42;17.82;18.01;11173522
FR0010208488;15/01/15;18.19;18.365;17.50;18.26;8986477
FR0010208488;16/01/15;18.15;18.49;18.045;18.445;6856986
FR0010208488;19/01/15;18.505;18.68;18.36;18.63;5375859
FR0010208488;20/01/15;18.65;18.835;18.52;18.815;5404480
FR0010208488;21/01/15;18.81;18.82;18.42;18.705;9134906
FR0010208488;22/01/15;18.735;19.325;18.685;19.28;12156229
FR0010208488;23/01/15;19.30;19.73;19.08;19.505;9543690
FR0010208488;26/01/15;19.44;19.765;19.40;19.68;5579851
FR0010208488;27/01/15;19.65;19.725;19.41;19.465;6627640
FR0010208488;28/01/15;19.62;19.90;19.20;19.765;7101839
FR0010208488;29/01/15;19.67;20.00;19.65;19.995;5655440
FR0010208488;30/01/15;20.08;20.08;19.635;19.725;7447922
FR0010307819;02/01/15;43.54;43.94;43.135;43.46;318181
FR0010307819;05/01/15;43.135;44.055;41.99;42.06;587914
FR0010307819;06/01/15;42.155;42.17;41.19;41.28;685792
FR0010307819;07/01/15;41.525;41.525;40.87;40.98;588860
FR0010307819;08/01/15;41.475;42.085;41.23;41.91;574641
FR0010307819;09/01/15;41.71;42.30;41.425;41.71;491023
FR0010307819;12/01/15;41.895;42.50;41.63;41.68;495360
FR0010307819;13/01/15;41.535;41.665;40.97;41.475;793930
FR0010307819;14/01/15;40.95;41.41;40.775;41.04;733520
FR0010307819;15/01/15;41.35;42.54;40.91;42.445;1180523
FR0010307819;16/01/15;42.185;42.475;42.105;42.31;755430
FR0010307819;19/01/15;42.315;42.975;42.11;42.825;437608
FR0010307819;20/01/15;43.00;43.89;42.93;43.675;538122
FR0010307819;21/01/15;43.715;44.10;43.345;44.10;778920
FR0010307819;22/01/15;44.15;45.43;44.04;45.25;865537
FR0010307819;23/01/15;45.48;46.53;45.37;46.435;1069140
FR0010307819;26/01/15;46.23;46.92;46.23;46.895;424153
FR0010307819;27/01/15;46.825;46.905;45.55;45.67;749253
FR0010307819;28/01/15;46.03;46.27;45.635;45.965;477624
FR0010307819;29/01/15;45.725;47.145;45.59;46.955;975935
FR0010307819;30/01/15;48.005;48.465;47.645;47.70;1245055
FR0013176526;02/01/15;34.6167;34.85;33.9667;34.45;391791
FR0013176526;05/01/15;34.1667;34.7833;33.65;33.90;664254
FR0013176526;06/01/15;34.0333;34.0833;33.20;33.3833;886584
FR0013176526;07/01/15;33.5333;33.9833;33.3667;33.5333;594162
FR0013176526;08/01/15;34.10;35.3167;33.9667;35.2667;1295646
FR0013176526;09/01/15;35.1667;36.30;35.1333;35.5667;1372809
FR0013176526;12/01/15;35.70;37.0667;35.5333;36.60;1217634
FR0013176526;13/01/15;36.5667;37.7833;36.5333;37.3167;923505
FR0013176526;14/01/15;36.7333;37.15;36.20;36.4167;992550
FR0013176526;15/01/15;36.6667;38.2167;36.2167;38.0833;1399422
FR0013176526;16/01/15;37.9167;38.5167;37.8667;38.30;1052637
FR0013176526;19/01/15;38.40;38.80;38.2333;38.35;779001
FR0013176526;20/01/15;38.55;38.9167;38.2167;38.65;1021065
FR0013176526;21/01/15;38.55;39.3167;38.4167;39.3167;1080474
FR0013176526;22/01/15;39.3333;40.75;39.1167;40.5667;1466013
FR0013176526;23/01/15;40.7667;42.0667;40.7333;41.00;1528440
FR0013176526;26/01/15;41.15;42.0333;41.0333;41.4667;1172592
FR0013176526;27/01/15;41.50;41.70;40.3833;40.70;1173591
FR0013176526;28/01/15;41.00;41.60;40.35;41.4167;953325
FR0013176526;29/01/15;41.0333;42.0167;40.80;42.00;1153335
FR0013176526;30/01/15;42.10;42.4167;41.6167;41.8833;1081596
GB00BDSFG982;02/01/15;24.7475;24.985;24.3025;24.63;910834
GB00BDSFG982;05/01/15;24.50;24.9075;23.405;23.465;1357272
GB00BDSFG982;06/01/15;23.4675;23.9525;23.0125;23.7875;1720878
GB00BDSFG982;07/01/15;23.8075;24.655;23.50;23.6925;1903536
GB00BDSFG982;08/01/15;24.1425;24.3375;23.7675;24.1975;1696260
GB00BDSFG982;09/01/15;24.0625;24.35;23.7075;23.8825;1405378
GB00BDSFG982;12/01/15;23.9075;23.9075;22.65;22.935;2486250
GB00BDSFG982;13/01/15;22.75;23.8475;22.4525;23.555;2201998
GB00BDSFG982;14/01/15;23.2525;23.465;22.905;22.97;1766664
GB00BDSFG982;15/01/15;23.2925;23.8975;22.555;23.7025;2708060
GB00BDSFG982;16/01/15;23.5825;24.365;23.15;24.2025;2660464
GB00BDSFG982;19/01/15;24.34;24.42;23.545;23.865;1792670
GB00BDSFG982;20/01/15;23.805;24.285;23.3175;23.5825;1723908
GB00BDSFG982;21/01/15;23.695;24.9975;23.535;24.8525;3050416
GB00BDSFG982;22/01/15;24.9125;26.445;24.7375;25.485;3273930
GB00BDSFG982;23/01/15;25.855;25.87;25.105;25.715;1684458
GB00BDSFG982;26/01/15;25.475;26.17;24.985;26.14;1581340
GB00BDSFG982;27/01/15;26.155;26.68;25.775;26.34;1615222
GB00BDSFG982;28/01/15;26.58;26.84;26.02;26.275;1627116
GB00BDSFG982;29/01/15;26.055;26.06;25.46;25.77;1469562
GB00BDSFG982;30/01/15;25.82;26.175;25.555;26.075;1596002
LU1598757687;02/01/15;27.486;27.843;26.985;27.06;2943843
LU1598757687;05/01/15;26.979;27.216;25.965;26.022;3979329
LU1598757687;06/01/15;26.103;26.607;25.89;26.016;3228111
LU1598757687;07/01/15;26.19;26.577;25.851;25.974;2628664
LU1598757687;08/01/15;26.202;27.015;26.10;26.925;4050825
LU1598757687;09/01/15;26.79;26.85;25.986;26.238;3817140
LU1598757687;12/01/15;26.244;26.31;25.272;25.581;3497066
LU1598757687;13/01/15;25.443;25.674;25.17;25.50;3616637
LU1598757687;14/01/15;24.99;24.99;23.79;24.00;7988879
LU1598757687;15/01/15;24.303;24.657;23.25;24.369;4974476
LU1598757687;16/01/15;24.33;25.215;24.24;25.146;4572624
LU1598757687;19/01/15;25.182;25.215;24.522;24.936;2454858
LU1598757687;20/01/15;25.137;25.806;24.912;25.758;4388518
LU1598757687;21/01/15;25.98;26.112;25.377;26.094;4448531
LU1598757687;22/01/15;26.13;26.877;26.031;26.25;4777410
LU1598757687;23/01/15;26.523;26.526;24.75;24.912;6236046
LU1598757687;26/01/15;24.75;25.437;24.348;25.431;3805232
LU1598757687;27/01/15;25.62;25.725;24.75;25.20;3336068
LU1598757687;28/01/15;25.59;25.788;25.11;25.38;3462759
LU1598757687;29/01/15;25.17;25.386;24.846;24.99;2520781
LU1598757687;30/01/15;24.99;25.50;24.813;25.389;3372498
NL0000226223;02/01/15;6.24;6.255;6.132;6.225;1063144
NL0000226223;05/01/15;6.199;6.27;6.126;6.132;1848068
NL0000226223;06/01/15;6.158;6.196;6.046;6.066;1588483
NL0000226223;07/01/15;6.137;6.267;6.097;6.193;1809120
NL0000226223;08/01/15;6.273;6.449;6.256;6.40;2508589
NL0000226223;09/01/15;6.427;6.52;6.314;6.366;2678304
NL0000226223;12/01/15;6.436;6.529;6.348;6.451;1523292
NL0000226223;13/01/15;6.485;6.538;6.355;6.527;2080796
NL0000226223;14/01/15;6.442;6.57;6.419;6.489;2080656
NL0000226223;15/01/15;6.538;6.64;6.395;6.583;2143202
NL0000226223;16/01/15;6.53;6.669;6.493;6.662;1820567
NL0000226223;19/01/15;6.644;6.739;6.633;6.682;1168553
NL0000226223;20/01/15;6.734;6.804;6.718;6.804;2293138
NL0000226223;21/01/15;6.887;6.898;6.761;6.896;2705196
NL0000226223;22/01/15;6.885;7.036;6.872;7.008;2542259
NL0000226223;23/01/15;7.13;7.273;7.11;7.273;5276049
NL0000226223;26/01/15;7.275;7.56;7.222;7.553;2664823
NL0000226223;27/01/15;7.669;7.746;7.314;7.358;4403355
NL0000226223;28/01/15;7.306;7.493;7.093;7.147;4221533
NL0000226223;29/01/15;7.106;7.424;7.105;7.392;2722710
NL0000226223;30/01/15;7.411;7.516;7.35;7.40;4436297
NL0000235190;02/01/15;41.54;41.96;40.775;41.525;1903339
NL0000235190;05/01/15;41.125;43.20;41.065;41.65;4457274
NL0000235190;06/01/15;41.82;43.75;41.68;42.615;4785966
NL0000235190;07/01/15;43.00;44.215;42.81;43.725;4236974
NL0000235190;08/01/15;44.20;45.50;43.975;45.215;4548325
NL0000235190;09/01/15;45.245;45.69;44.30;44.55;4179216
NL0000235190;12/01/15;44.79;45.835;44.79;44.95;3293396
NL0000235190;13/01/15;44.11;45.985;43.74;45.565;3761440
NL0000235190;14/01/15;44.99;46.375;44.75;45.14;2928718
NL0000235190;15/01/15;45.535;46.38;44.74;46.27;5004208
NL0000235190;16/01/15;46.045;46.60;45.76;46.395;3860675
NL0000235190;19/01/15;46.44;46.93;46.345;46.65;2071579
NL0000235190;20/01/15;46.78;47.495;46.78;47.08;2755590
NL0000235190;21/01/15;47.335;47.365;46.04;46.82;3842891
NL0000235190;22/01/15;46.91;47.50;46.12;47.33;4747740
NL0000235190;23/01/15;47.87;49.98;47.70;49.28;6911057
NL0000235190;26/01/15;49.28;50.49;49.28;50.14;6327198
NL0000235190;27/01/15;50.30;51.20;48.895;49.07;4591955
NL0000235190;28/01/15;49.505;49.855;48.755;48.955;3778406
NL0000235190;29/01/15;48.555;49.495;47.66;48.275;4433819
NL0000235190;30/01/15;48.41;49.425;46.90;47.20;5944894
