FR0000045072;02/01/19;9.298;9.348;9.095;9.313;4976608
FR0000045072;03/01/19;9.187;9.392;9.15;9.283;5575061
FR0000045072;04/01/19;9.40;9.789;9.343;9.764;9009845
FR0000045072;07/01/19;9.80;9.853;9.661;9.748;5238089
FR0000045072;08/01/19;9.775;9.904;9.724;9.811;6083094
FR0000045072;09/01/19;9.85;9.979;9.767;9.799;5664381
FR0000045072;10/01/19;9.709;9.882;9.631;9.882;5354884
FR0000045072;11/01/19;9.90;9.90;9.758;9.886;4812788
FR0000045072;14/01/19;9.838;9.967;9.826;9.958;4669781
FR0000045072;15/01/19;10.052;10.138;9.909;9.956;5997502
FR0000045072;16/01/19;10.028;10.354;10.00;10.346;7921813
FR0000045072;17/01/19;10.182;10.264;10.12;10.154;8627338
FR0000045072;18/01/19;10.26;10.424;10.26;10.324;6648665
FR0000045072;21/01/19;10.30;10.388;10.182;10.228;3077002
FR0000045072;22/01/19;10.138;10.174;9.996;10.07;6598939
FR0000045072;23/01/19;10.002;10.158;9.89;10.108;5981144
FR0000045072;24/01/19;10.048;10.262;9.991;10.132;6486170
FR0000045072;25/01/19;10.25;10.416;10.192;10.378;5875939
FR0000045072;28/01/19;10.328;10.346;10.068;10.14;5970149
FR0000045072;29/01/19;10.13;10.17;9.948;10.118;4403664
FR0000045072;30/01/19;10.112;10.186;10.054;10.162;3940386
FR0000045072;31/01/19;10.182;10.272;9.88;9.959;7803564
FR0000051732;02/01/19;70.82;72.16;69.84;71.78;283683
FR0000051732;03/01/19;70.66;70.70;67.78;67.98;401828
FR0000051732;04/01/19;68.34;70.48;67.50;70.48;331102
FR0000051732;07/01/19;70.26;70.36;68.60;69.74;366004
FR0000051732;08/01/19;70.20;73.30;69.56;71.82;477732
FR0000051732;09/01/19;72.48;73.90;72.06;73.48;360560
FR0000051732;10/01/19;72.98;75.12;72.30;74.58;473569
FR0000051732;11/01/19;75.00;75.14;72.46;73.46;403002
FR0000051732;14/01/19;71.92;71.94;68.80;69.32;432300
FR0000051732;15/01/19;70.00;70.98;68.96;69.58;472708
FR0000051732;16/01/19;69.98;71.00;69.12;70.58;644826
FR0000051732;17/01/19;70.50;70.62;69.78;70.24;432476
FR0000051732;18/01/19;70.82;73.76;70.72;73.66;683356
FR0000051732;21/01/19;73.64;73.78;72.52;72.60;262792
FR0000051732;22/01/19;72.72;73.56;72.20;72.78;209114
FR0000051732;23/01/19;72.32;74.80;71.84;72.84;324570
FR0000051732;24/01/19;73.26;77.76;73.26;76.26;600835
FR0000051732;25/01/19;77.50;77.52;76.12;77.20;358737
FR0000051732;28/01/19;76.86;77.00;74.38;74.42;361772
FR0000051732;29/01/19;74.50;76.94;74.40;75.60;445070
FR0000051732;30/01/19;80.00;83.30;79.54;80.62;1404443
FR0000051732;31/01/19;81.84;81.86;78.70;79.72;838341
FR0000052292;02/01/19;480.00;480.30;471.70;477.60;63153
FR0000052292;03/01/19;472.00;475.40;462.40;464.00;62051
FR0000052292;04/01/19;467.80;477.80;466.20;477.80;60823
FR0000052292;07/01/19;480.30;481.30;470.60;472.20;49203
FR0000052292;08/01/19;474.40;485.20;468.00;479.90;87020
FR0000052292;09/01/19;484.50;498.00;484.50;491.20;87659
FR0000052292;10/01/19;489.00;490.60;484.10;489.90;66099
FR0000052292;11/01/19;499.20;501.00;493.20;496.40;67953
FR0000052292;14/01/19;491.00;491.50;485.60;488.70;53667
FR0000052292;15/01/19;491.00;495.20;490.10;494.00;57317
FR0000052292;16/01/19;495.00;496.40;487.60;488.90;51390
FR0000052292;17/01/19;487.70;495.70;486.50;495.70;70663
FR0000052292;18/01/19;497.10;500.40;495.40;500.40;56376
FR0000052292;21/01/19;500.00;503.20;497.90;501.40;33131
FR0000052292;22/01/19;500.80;503.60;496.80;498.80;40573
FR0000052292;23/01/19;496.80;502.80;496.20;499.80;36090
FR0000052292;24/01/19;501.00;504.80;499.30;500.60;44492
FR0000052292;25/01/19;505.20;505.40;500.00;504.40;35243
FR0000052292;28/01/19;501.00;504.00;499.80;504.00;47299
FR0000052292;29/01/19;502.00;506.00;492.90;503.00;61089
FR0000052292;30/01/19;509.00;519.20;509.00;518.40;70858
FR0000052292;31/01/19;519.00;524.40;514.20;524.40;82587
FR0000073272;02/01/19;104.35;104.50;102.35;103.45;759106
FR0000073272;03/01/19;103.05;103.85;101.10;101.10;674387
FR0000073272;04/01/19;102.10;105.70;101.40;105.20;886181
FR0000073272;07/01/19;106.10;106.40;102.25;103.45;883028
FR0000073272;08/01/19;103.90;107.60;103.85;106.45;817869
FR0000073272;09/01/19;107.05;108.95;106.70;107.95;820803
FR0000073272;10/01/19;105.85;106.05;103.55;105.60;959499
FR0000073272;11/01/19;105.70;105.75;104.50;105.55;733682
FR0000073272;14/01/19;104.70;106.10;104.70;105.80;571830
FR0000073272;15/01/19;106.50;108.10;106.50;108.00;803410
FR0000073272;16/01/19;109.10;109.10;108.10;108.35;744696
FR0000073272;17/01/19;108.25;108.85;107.60;108.20;912055
FR0000073272;18/01/19;108.90;110.45;108.70;110.05;1173433
FR0000073272;21/01/19;109.50;110.45;109.50;110.10;608108
FR0000073272;22/01/19;109.60;109.75;108.85;109.20;697696
FR0000073272;23/01/19;108.80;111.20;108.40;109.75;925107
FR0000073272;24/01/19;110.00;110.00;108.65;109.25;752718
FR0000073272;25/01/19;109.55;110.95;109.15;110.50;815938
FR0000073272;28/01/19;110.60;112.10;110.20;110.95;817360
FR0000073272;29/01/19;111.45;114.55;111.15;113.75;863660
FR0000073272;30/01/19;113.65;114.55;112.75;114.10;865883
FR0000073272;31/01/19;114.80;115.05;113.80;114.50;843899
FR0000120073;02/01/19;106.65;106.70;105.35;106.10;680205
FR0000120073;03/01/19;105.30;105.65;104.15;104.15;777365
FR0000120073;04/01/19;105.10;107.40;104.70;107.05;778924
FR0000120073;07/01/19;107.45;107.80;105.75;106.45;599457
FR0000120073;08/01/19;106.15;107.95;106.15;106.60;766811
FR0000120073;09/01/19;106.65;107.00;105.15;105.15;1054076
FR0000120073;10/01/19;104.20;104.40;103.15;104.00;781718
FR0000120073;11/01/19;104.40;104.85;103.10;103.25;918339
FR0000120073;14/01/19;103.00;103.15;102.05;102.40;726469
FR0000120073;15/01/19;103.20;103.70;102.40;103.55;812879
FR0000120073;16/01/19;104.00;104.25;103.40;103.95;722364
FR0000120073;17/01/19;103.75;104.20;103.15;103.95;572031
FR0000120073;18/01/19;103.95;105.85;103.70;105.55;945272
FR0000120073;21/01/19;105.15;105.50;104.80;105.15;355945
FR0000120073;22/01/19;104.50;105.30;104.05;104.90;675364
FR0000120073;23/01/19;104.45;105.65;104.10;105.05;732973
FR0000120073;24/01/19;105.00;105.70;104.35;105.30;604606
FR0000120073;25/01/19;105.30;105.75;104.80;105.20;827552
FR0000120073;28/01/19;105.00;105.30;104.35;104.45;645009
FR0000120073;29/01/19;104.60;106.00;104.05;105.30;601872
FR0000120073;30/01/19;105.15;106.20;105.15;106.05;713859
FR0000120073;31/01/19;106.50;106.75;104.60;105.95;1057928
FR0000120172;02/01/19;14.84;14.84;14.485;14.68;2062844
FR0000120172;03/01/19;14.66;15.03;14.64;14.965;2352802
FR0000120172;04/01/19;15.00;15.175;14.845;15.13;2419742
FR0000120172;07/01/19;15.23;15.295;15.07;15.285;2137567
FR0000120172;08/01/19;15.70;15.865;15.37;15.70;5347595
FR0000120172;09/01/19;15.835;15.995;15.805;15.85;3036816
FR0000120172;10/01/19;15.78;15.83;15.49;15.81;2626631
FR0000120172;11/01/19;15.775;15.945;15.645;15.72;2070454
FR0000120172;14/01/19;15.62;16.10;15.62;16.025;3425929
FR0000120172;15/01/19;16.07;16.265;15.725;15.91;2458439
FR0000120172;16/01/19;15.895;16.045;15.755;16.02;2554182
FR0000120172;17/01/19;16.01;16.075;15.82;16.02;1878271
FR0000120172;18/01/19;16.415;16.82;16.245;16.615;4456347
FR0000120172;21/01/19;16.565;16.60;16.36;16.405;1968765
FR0000120172;22/01/19;16.445;16.59;16.245;16.335;2275771
FR0000120172;23/01/19;16.90;17.58;16.855;17.465;7894906
FR0000120172;24/01/19;17.405;17.41;17.12;17.22;3035508
FR0000120172;25/01/19;17.26;17.51;17.245;17.455;2823246
FR0000120172;28/01/19;17.345;17.40;17.21;17.28;1678207
FR0000120172;29/01/19;17.31;17.54;17.145;17.39;2308459
FR0000120172;30/01/19;17.265;17.33;17.16;17.265;1604033
FR0000120172;31/01/19;17.23;17.45;17.15;17.285;2410224
FR0000120271;02/01/19;45.26;46.885;44.775;46.655;6652627
FR0000120271;03/01/19;46.035;46.675;45.91;46.255;5651974
FR0000120271;04/01/19;46.80;47.665;46.80;47.41;7098402
FR0000120271;07/01/19;47.865;47.865;46.67;47.30;4898882
FR0000120271;08/01/19;47.44;47.73;47.18;47.20;5474798
FR0000120271;09/01/19;47.66;47.985;47.315;47.83;6755539
FR0000120271;10/01/19;47.80;47.915;47.10;47.60;6105664
FR0000120271;11/01/19;47.695;48.075;46.67;46.785;6319470
FR0000120271;14/01/19;46.50;47.29;46.26;47.05;4741251
FR0000120271;15/01/19;47.00;47.29;46.385;46.985;5998007
FR0000120271;16/01/19;47.295;47.39;46.595;47.05;5166477
FR0000120271;17/01/19;46.85;47.335;46.61;46.915;4668372
FR0000120271;18/01/19;47.445;48.025;47.34;47.785;7418150
FR0000120271;21/01/19;47.77;47.845;47.215;47.385;3571465
FR0000120271;22/01/19;47.20;47.28;46.71;47.01;4302035
FR0000120271;23/01/19;47.055;47.325;46.605;46.605;4556479
FR0000120271;24/01/19;46.72;47.10;46.24;47.01;4864460
FR0000120271;25/01/19;47.20;47.595;47.14;47.45;4456382
FR0000120271;28/01/19;47.265;47.29;46.57;46.685;4251218
FR0000120271;29/01/19;46.98;47.55;46.67;47.24;4703857
FR0000120271;30/01/19;47.02;47.28;46.825;47.02;5009969
FR0000120271;31/01/19;47.68;48.10;47.495;47.98;8028583
FR0000120321;02/01/19;199.00;200.70;197.10;199.60;449752
FR0000120321;03/01/19;197.90;198.25;196.00;197.20;436527
FR0000120321;04/01/19;198.35;201.20;197.05;200.00;477627
FR0000120321;07/01/19;200.80;200.80;196.40;197.45;437987
FR0000120321;08/01/19;196.95;200.20;196.70;198.65;529607
FR0000120321;09/01/19;199.25;199.75;195.05;197.05;596193
FR0000120321;10/01/19;195.90;198.15;195.05;198.15;442103
FR0000120321;11/01/19;198.65;200.10;196.75;197.95;371388
FR0000120321;14/01/19;196.30;197.30;195.15;195.90;358856
FR0000120321;15/01/19;196.80;198.05;194.55;196.90;374464
FR0000120321;16/01/19;197.50;197.50;195.25;195.25;424382
FR0000120321;17/01/19;195.75;197.00;195.30;196.75;421672
FR0000120321;18/01/19;197.35;200.50;195.95;199.80;629103
FR0000120321;21/01/19;199.05;199.55;197.80;198.85;263644
FR0000120321;22/01/19;198.20;199.50;197.30;198.70;340270
FR0000120321;23/01/19;198.60;202.10;196.55;200.50;508359
FR0000120321;24/01/19;200.20;200.50;198.40;199.50;457856
FR0000120321;25/01/19;200.50;201.80;199.15;200.60;448336
FR0000120321;28/01/19;199.30;201.20;198.45;201.20;445734
FR0000120321;29/01/19;202.00;206.80;200.90;205.90;539972
FR0000120321;30/01/19;206.60;208.50;206.50;208.20;531581
FR0000120321;31/01/19;209.10;210.10;206.30;210.10;665967
FR0000120404;02/01/19;36.94;36.94;36.04;36.60;562162
FR0000120404;03/01/19;36.39;36.55;36.00;36.00;800687
FR0000120404;04/01/19;36.41;37.03;36.17;36.84;1074737
FR0000120404;07/01/19;37.02;37.02;36.44;37.00;554260
FR0000120404;08/01/19;37.10;37.46;36.87;37.09;720341
FR0000120404;09/01/19;37.30;38.05;37.30;37.54;786306
FR0000120404;10/01/19;37.55;37.86;37.34;37.65;793470
FR0000120404;11/01/19;37.50;37.98;37.50;37.83;645063
FR0000120404;14/01/19;37.56;37.78;37.37;37.58;583240
FR0000120404;15/01/19;37.73;37.94;37.49;37.49;621558
FR0000120404;16/01/19;37.72;38.10;37.63;37.87;786206
FR0000120404;17/01/19;37.77;38.10;37.60;37.77;642018
FR0000120404;18/01/19;37.76;39.09;37.76;39.02;1423616
FR0000120404;21/01/19;38.60;39.08;38.55;38.80;746830
FR0000120404;22/01/19;38.76;39.15;38.76;38.95;429841
FR0000120404;23/01/19;38.86;39.09;38.65;38.69;494779
FR0000120404;24/01/19;38.86;39.31;38.40;38.57;894453
FR0000120404;25/01/19;38.63;38.93;38.35;38.52;732296
FR0000120404;28/01/19;38.40;39.12;38.39;38.42;606851
FR0000120404;29/01/19;38.50;38.80;38.09;38.09;899531
FR0000120404;30/01/19;38.17;38.62;37.87;38.50;476189
FR0000120404;31/01/19;38.50;38.54;38.03;38.03;887494
FR0000120503;02/01/19;31.00;31.00;30.27;30.44;785148
FR0000120503;03/01/19;30.16;30.58;29.81;30.16;905674
FR0000120503;04/01/19;30.30;31.06;30.28;30.82;1016549
FR0000120503;07/01/19;31.06;31.21;30.65;30.90;607086
FR0000120503;08/01/19;30.05;30.91;30.00;30.30;1606127
FR0000120503;09/01/19;30.42;30.50;29.77;30.09;1302108
FR0000120503;10/01/19;30.01;30.51;29.76;30.43;835731
FR0000120503;11/01/19;30.66;30.79;29.83;30.05;758731
FR0000120503;14/01/19;29.92;29.92;29.37;29.50;1024178
FR0000120503;15/01/19;29.69;29.91;29.26;29.69;1256120
FR0000120503;16/01/19;29.87;29.97;29.62;29.88;929948
FR0000120503;17/01/19;29.72;29.79;29.33;29.79;791902
FR0000120503;18/01/19;30.19;30.29;29.96;30.12;784743
FR0000120503;21/01/19;30.00;30.06;29.51;29.69;675517
FR0000120503;22/01/19;29.70;29.97;29.66;29.70;929961
FR0000120503;23/01/19;29.62;29.92;29.02;29.68;931013
FR0000120503;24/01/19;29.74;30.63;29.67;30.55;1072629
FR0000120503;25/01/19;30.62;30.94;30.61;30.93;790526
FR0000120503;28/01/19;30.83;31.14;30.77;30.85;852021
FR0000120503;29/01/19;30.90;31.05;30.44;30.83;714591
FR0000120503;30/01/19;30.80;31.04;30.59;30.98;765614
FR0000120503;31/01/19;31.00;31.40;30.52;30.92;1607072
FR0000120578;02/01/19;73.42;75.60;72.75;75.40;2077394
FR0000120578;03/01/19;74.65;75.48;74.26;74.66;2031883
FR0000120578;04/01/19;75.08;75.68;74.32;75.34;2350785
FR0000120578;07/01/19;74.83;75.00;73.48;73.84;2304714
FR0000120578;08/01/19;74.17;75.02;74.07;74.42;1854842
FR0000120578;09/01/19;74.78;75.35;74.03;74.13;2477604
FR0000120578;10/01/19;73.89;74.38;73.57;74.18;1656295
FR0000120578;11/01/19;74.30;74.90;73.87;74.13;1665550
FR0000120578;14/01/19;73.33;73.61;72.86;72.90;1934999
FR0000120578;15/01/19;73.32;74.19;72.75;74.19;2383212
FR0000120578;16/01/19;74.44;74.79;74.06;74.31;1712799
FR0000120578;17/01/19;73.78;74.19;73.49;73.71;1760677
FR0000120578;18/01/19;74.12;74.12;72.62;72.92;3678787
FR0000120578;21/01/19;72.76;73.52;72.59;73.09;1365203
FR0000120578;22/01/19;72.86;73.20;72.66;73.16;2330258
FR0000120578;23/01/19;73.21;73.97;72.99;72.99;2604333
FR0000120578;24/01/19;73.17;73.47;72.85;72.97;1842695
FR0000120578;25/01/19;72.93;73.54;72.66;73.28;1737756
FR0000120578;28/01/19;73.17;73.57;72.90;73.32;1864412
FR0000120578;29/01/19;73.54;74.85;73.44;74.61;2116874
FR0000120578;30/01/19;74.58;74.75;73.97;74.66;2194606
FR0000120578;31/01/19;75.03;75.82;74.81;75.82;3321624
FR0000120628;02/01/19;18.62;18.816;18.428;18.806;8028529
FR0000120628;03/01/19;18.626;18.95;18.612;18.65;6583413
FR0000120628;04/01/19;18.792;19.294;18.718;19.236;11675578
FR0000120628;07/01/19;19.282;19.38;19.038;19.15;7530045
FR0000120628;08/01/19;19.212;19.474;19.158;19.222;7314687
FR0000120628;09/01/19;19.292;19.55;19.182;19.346;7118240
FR0000120628;10/01/19;19.25;19.56;19.164;19.508;5091013
FR0000120628;11/01/19;19.54;19.704;19.398;19.556;5812197
FR0000120628;14/01/19;19.472;19.796;19.45;19.678;6951021
FR0000120628;15/01/19;19.84;19.982;19.612;19.738;7012083
FR0000120628;16/01/19;19.946;20.15;19.916;20.05;9316630
FR0000120628;17/01/19;20.03;20.19;19.764;20.10;6423131
FR0000120628;18/01/19;20.30;20.61;20.27;20.56;10876444
FR0000120628;21/01/19;20.465;20.56;20.385;20.485;3729039
FR0000120628;22/01/19;20.38;20.42;20.25;20.395;5258655
FR0000120628;23/01/19;20.25;20.42;20.175;20.27;5978131
FR0000120628;24/01/19;20.30;20.565;20.26;20.38;6104402
FR0000120628;25/01/19;20.50;20.53;20.39;20.41;5705043
FR0000120628;28/01/19;20.405;20.46;20.175;20.30;4552692
FR0000120628;29/01/19;20.31;20.435;20.265;20.36;4751712
FR0000120628;30/01/19;20.305;20.34;20.185;20.33;4698875
FR0000120628;31/01/19;20.34;20.56;20.09;20.245;8987505
FR0000120644;02/01/19;61.25;61.25;60.20;61.04;1264133
FR0000120644;03/01/19;60.99;61.50;60.75;61.09;1133824
FR0000120644;04/01/19;61.29;62.07;60.82;61.98;1271178
FR0000120644;07/01/19;62.06;62.06;60.51;60.84;1592645
FR0000120644;08/01/19;60.83;61.63;60.79;61.32;1565341
FR0000120644;09/01/19;61.47;61.94;61.27;61.56;1289887
FR0000120644;10/01/19;61.49;61.80;61.17;61.76;1433359
FR0000120644;11/01/19;61.79;62.46;61.67;62.08;1100061
FR0000120644;14/01/19;61.51;61.93;61.38;61.73;915959
FR0000120644;15/01/19;62.00;62.34;61.61;62.26;1141749
FR0000120644;16/01/19;62.25;62.49;61.34;61.47;1328117
FR0000120644;17/01/19;61.42;61.91;61.41;61.90;1185223
FR0000120644;18/01/19;62.24;62.74;62.05;62.35;1976693
FR0000120644;21/01/19;62.49;63.66;62.33;62.94;1744790
FR0000120644;22/01/19;62.93;63.47;62.52;62.81;1225102
FR0000120644;23/01/19;62.56;63.26;62.50;62.68;1172328
FR0000120644;24/01/19;62.92;63.08;62.38;62.80;1152375
FR0000120644;25/01/19;62.99;63.10;62.21;62.45;1267522
FR0000120644;28/01/19;61.90;62.24;61.76;61.96;1271485
FR0000120644;29/01/19;62.10;62.75;61.95;62.52;1384954
FR0000120644;30/01/19;62.80;63.15;62.25;63.15;2007081
FR0000120644;31/01/19;63.52;63.93;62.96;63.50;1721917
FR0000120693;02/01/19;142.30;142.30;139.85;141.20;343068
FR0000120693;03/01/19;140.40;140.95;137.95;138.95;445202
FR0000120693;04/01/19;137.60;141.15;137.60;141.10;466131
FR0000120693;07/01/19;140.00;141.20;137.85;138.65;494930
FR0000120693;08/01/19;138.50;139.70;138.35;138.70;529353
FR0000120693;09/01/19;139.55;139.95;137.40;138.25;552345
FR0000120693;10/01/19;137.45;138.50;136.60;138.50;469305
FR0000120693;11/01/19;138.40;139.55;138.00;138.45;341036
FR0000120693;14/01/19;137.40;138.15;136.00;136.55;343228
FR0000120693;15/01/19;137.50;138.30;136.05;138.30;410821
FR0000120693;16/01/19;138.05;138.80;136.75;137.20;378366
FR0000120693;17/01/19;137.45;138.45;136.95;138.25;310320
FR0000120693;18/01/19;139.05;140.30;138.20;139.60;368299
FR0000120693;21/01/19;139.95;139.95;137.90;138.70;272448
FR0000120693;22/01/19;139.10;140.45;138.85;140.00;473141
FR0000120693;23/01/19;140.35;142.90;139.75;142.00;526683
FR0000120693;24/01/19;143.00;143.00;141.35;142.20;490881
FR0000120693;25/01/19;142.95;143.25;141.40;141.50;398601
FR0000120693;28/01/19;140.85;141.10;140.30;141.00;248046
FR0000120693;29/01/19;141.60;143.55;141.45;142.85;329569
FR0000120693;30/01/19;143.60;143.75;141.90;142.90;274157
FR0000120693;31/01/19;145.00;145.10;143.45;145.00;484458
FR0000121014;02/01/19;254.05;256.05;249.80;253.30;561858
FR0000121014;03/01/19;248.00;248.85;243.65;243.65;785119
FR0000121014;04/01/19;246.45;251.95;244.10;251.15;886586
FR0000121014;07/01/19;252.65;253.50;249.30;250.70;550835
FR0000121014;08/01/19;251.50;262.50;250.10;258.55;742574
FR0000121014;09/01/19;261.75;266.20;261.35;261.55;646844
FR0000121014;10/01/19;259.50;261.10;257.65;259.15;666326
FR0000121014;11/01/19;261.00;262.20;256.70;258.30;525969
FR0000121014;14/01/19;254.55;254.55;249.10;251.70;678686
FR0000121014;15/01/19;253.95;254.70;249.70;250.80;600204
FR0000121014;16/01/19;252.00;252.70;248.65;248.95;615045
FR0000121014;17/01/19;248.00;248.70;245.50;246.55;784017
FR0000121014;18/01/19;247.70;254.50;247.10;253.40;1129978
FR0000121014;21/01/19;254.00;257.85;253.30;257.25;483650
FR0000121014;22/01/19;256.00;258.45;255.20;257.10;560124
FR0000121014;23/01/19;255.10;259.45;254.35;257.35;544760
FR0000121014;24/01/19;257.05;259.50;254.85;257.85;538318
FR0000121014;25/01/19;259.90;262.55;258.95;261.10;774671
FR0000121014;28/01/19;259.50;259.60;256.70;258.65;545649
FR0000121014;29/01/19;256.75;262.00;255.75;259.75;681987
FR0000121014;30/01/19;271.00;279.45;270.05;277.60;1701345
FR0000121014;31/01/19;280.00;280.00;275.05;279.75;1018807
FR0000121220;02/01/19;89.16;89.58;87.82;88.42;247273
FR0000121220;03/01/19;88.42;88.78;87.04;87.10;239661
FR0000121220;04/01/19;88.20;88.24;87.16;87.64;376093
FR0000121220;07/01/19;87.64;88.82;86.78;88.82;244895
FR0000121220;08/01/19;88.92;90.18;88.68;89.22;350517
FR0000121220;09/01/19;89.60;92.10;89.60;91.50;407584
FR0000121220;10/01/19;93.70;94.62;91.38;93.74;451603
FR0000121220;11/01/19;93.86;93.98;93.04;93.70;206154
FR0000121220;14/01/19;93.50;94.02;92.92;93.26;193793
FR0000121220;15/01/19;93.46;93.92;91.58;92.72;301396
FR0000121220;16/01/19;93.50;93.84;92.98;93.54;216964
FR0000121220;17/01/19;94.00;95.80;93.16;95.18;332691
FR0000121220;18/01/19;94.00;95.14;93.44;94.16;429193
FR0000121220;21/01/19;94.00;94.36;93.42;94.00;175974
FR0000121220;22/01/19;93.62;95.58;93.62;94.66;305065
FR0000121220;23/01/19;95.78;95.78;94.18;94.28;356462
FR0000121220;24/01/19;94.00;94.32;93.12;93.82;337910
FR0000121220;25/01/19;94.04;94.56;93.14;93.88;245169
FR0000121220;28/01/19;93.56;94.44;92.30;93.30;289841
FR0000121220;29/01/19;93.30;94.86;93.30;94.00;248364
FR0000121220;30/01/19;91.50;91.74;89.78;91.30;226208
FR0000121220;31/01/19;91.44;91.94;90.64;91.00;386424
FR0000121261;02/01/19;85.64;85.86;83.74;85.58;428028
FR0000121261;03/01/19;84.52;86.00;84.18;84.20;423113
FR0000121261;04/01/19;85.36;87.36;84.80;87.36;492411
FR0000121261;07/01/19;86.82;87.26;85.76;86.94;409380
FR0000121261;08/01/19;87.22;89.32;86.58;87.94;703135
FR0000121261;09/01/19;88.92;90.34;88.64;90.18;799922
FR0000121261;10/01/19;89.24;89.64;88.46;89.22;457678
FR0000121261;11/01/19;89.38;89.38;86.00;86.78;716877
FR0000121261;14/01/19;85.54;88.94;85.32;88.94;653027
FR0000121261;15/01/19;89.80;90.72;88.14;88.58;683002
FR0000121261;16/01/19;87.98;89.24;87.16;88.72;717291
FR0000121261;17/01/19;88.04;89.44;87.56;89.44;458077
FR0000121261;18/01/19;90.24;93.14;90.02;93.00;805576
FR0000121261;21/01/19;92.92;93.50;92.40;93.20;379549
FR0000121261;22/01/19;92.88;93.48;91.60;93.00;381760
FR0000121261;23/01/19;92.00;93.72;92.00;93.14;524724
FR0000121261;24/01/19;90.54;94.44;90.22;94.44;639220
FR0000121261;25/01/19;94.90;95.82;94.30;95.30;598126
FR0000121261;28/01/19;94.98;95.46;94.10;94.14;417812
FR0000121261;29/01/19;93.94;95.32;93.16;94.14;459404
FR0000121261;30/01/19;94.54;95.70;94.32;95.68;465063
FR0000121261;31/01/19;95.98;96.54;93.86;94.84;531244
FR0000121329;02/01/19;101.15;102.05;99.98;101.70;202935
FR0000121329;03/01/19;101.00;101.40;98.96;99.22;209243
FR0000121329;04/01/19;101.00;102.20;99.40;102.20;217004
FR0000121329;07/01/19;102.65;102.70;98.96;100.00;251659
FR0000121329;08/01/19;100.30;102.50;100.00;101.50;310199
FR0000121329;09/01/19;101.95;105.20;101.60;103.40;287474
FR0000121329;10/01/19;102.95;103.70;102.05;103.60;198907
FR0000121329;11/01/19;104.40;104.40;101.85;102.55;292116
FR0000121329;14/01/19;102.35;102.35;100.75;101.10;194220
FR0000121329;15/01/19;101.75;102.45;100.75;100.75;291060
FR0000121329;16/01/19;101.55;101.85;98.66;99.10;437559
FR0000121329;17/01/19;98.52;99.66;98.32;98.62;295209
FR0000121329;18/01/19;99.34;100.25;98.88;99.82;384900
FR0000121329;21/01/19;99.62;101.10;99.56;100.95;132003
FR0000121329;22/01/19;100.90;101.20;100.35;100.95;164998
FR0000121329;23/01/19;98.36;99.94;98.00;98.12;408841
FR0000121329;24/01/19;97.60;97.66;94.32;96.00;634281
FR0000121329;25/01/19;96.14;97.56;95.86;96.08;372071
FR0000121329;28/01/19;96.00;97.32;95.66;96.42;376004
FR0000121329;29/01/19;96.26;97.00;95.64;95.90;365763
FR0000121329;30/01/19;95.70;97.78;95.34;97.78;328614
FR0000121329;31/01/19;98.02;98.34;96.30;96.66;378457
FR0000121485;02/01/19;404.70;405.40;395.80;402.80;220756
FR0000121485;03/01/19;393.90;394.60;380.70;380.70;395191
FR0000121485;04/01/19;386.00;398.30;382.00;397.40;355467
FR0000121485;07/01/19;400.20;402.70;393.80;396.40;221319
FR0000121485;08/01/19;397.90;414.40;394.50;410.50;337604
FR0000121485;09/01/19;415.90;429.80;415.90;420.10;382549
FR0000121485;10/01/19;404.40;409.70;402.90;405.40;331161
FR0000121485;11/01/19;409.00;409.60;398.00;405.90;250315
FR0000121485;14/01/19;398.10;402.70;395.40;397.70;214949
FR0000121485;15/01/19;400.00;404.40;391.50;394.30;199800
FR0000121485;16/01/19;398.00;400.80;396.10;397.00;200555
FR0000121485;17/01/19;395.00;401.40;393.00;397.50;168130
FR0000121485;18/01/19;400.90;410.80;398.60;410.00;291717
FR0000121485;21/01/19;409.10;414.40;408.00;412.90;127177
FR0000121485;22/01/19;408.90;415.20;406.40;410.00;181715
FR0000121485;23/01/19;405.00;416.30;402.00;412.70;220465
FR0000121485;24/01/19;412.60;418.20;410.50;414.70;186646
FR0000121485;25/01/19;421.40;424.70;418.00;421.20;178847
FR0000121485;28/01/19;418.00;418.90;413.90;418.30;177108
FR0000121485;29/01/19;415.80;423.60;413.20;418.40;172181
FR0000121485;30/01/19;426.80;439.30;426.80;432.30;351984
FR0000121485;31/01/19;436.60;437.50;431.40;437.50;252345
FR0000121501;02/01/19;18.435;18.435;17.87;18.12;1934035
FR0000121501;03/01/19;17.955;18.285;17.89;18.005;1792246
FR0000121501;04/01/19;18.175;18.905;18.075;18.905;2750582
FR0000121501;07/01/19;18.94;19.415;18.94;19.385;2536729
FR0000121501;08/01/19;19.38;19.885;19.265;19.635;3261137
FR0000121501;09/01/19;19.875;20.27;19.57;19.795;2997551
FR0000121501;10/01/19;19.595;20.07;19.395;20.07;2446236
FR0000121501;11/01/19;20.16;20.44;19.935;20.31;2658444
FR0000121501;14/01/19;20.07;20.50;19.95;20.37;1869685
FR0000121501;15/01/19;20.59;20.86;20.13;20.64;3648430
FR0000121501;16/01/19;20.61;21.38;20.59;21.32;4033171
FR0000121501;17/01/19;21.20;21.31;20.84;21.09;2482361
FR0000121501;18/01/19;21.30;21.59;21.07;21.33;2406143
FR0000121501;21/01/19;21.31;21.39;21.19;21.25;1263187
FR0000121501;22/01/19;21.15;21.37;21.09;21.34;1756827
FR0000121501;23/01/19;21.24;21.28;20.89;21.00;3242209
FR0000121501;24/01/19;20.86;21.57;20.79;21.57;2130007
FR0000121501;25/01/19;21.69;21.95;21.69;21.93;2518674
FR0000121501;28/01/19;21.74;21.99;21.56;21.58;1994521
FR0000121501;29/01/19;21.51;22.04;21.19;21.69;2281409
FR0000121501;30/01/19;21.88;22.01;21.64;21.86;1739823
FR0000121501;31/01/19;21.88;22.23;21.59;21.99;2476121
FR0000121667;02/01/19;109.80;111.15;108.95;110.70;713317
FR0000121667;03/01/19;110.00;110.30;109.55;109.65;920338
FR0000121667;04/01/19;110.35;111.10;109.65;110.80;1037215
FR0000121667;07/01/19;111.15;111.15;110.30;110.60;717515
FR0000121667;08/01/19;110.80;111.90;110.70;111.20;1264434
FR0000121667;09/01/19;111.95;112.30;111.70;111.70;1232802
FR0000121667;10/01/19;111.75;112.20;111.25;112.10;640568
FR0000121667;11/01/19;112.20;112.60;111.95;112.25;907285
FR0000121667;14/01/19;112.25;112.50;111.85;112.05;632754
FR0000121667;15/01/19;112.20;112.50;111.90;111.95;706926
FR0000121667;16/01/19;112.45;112.45;111.85;111.95;787575
FR0000121667;17/01/19;112.00;112.25;111.80;112.10;887475
FR0000121667;18/01/19;111.95;112.55;111.85;112.05;1421292
FR0000121667;21/01/19;111.50;112.35;111.15;112.30;601353
FR0000121667;22/01/19;112.00;112.85;111.90;112.10;664417
FR0000121667;23/01/19;111.70;112.30;111.35;111.75;835310
FR0000121667;24/01/19;111.80;112.40;111.55;111.85;640417
FR0000121667;25/01/19;111.90;112.15;111.15;111.15;694516
FR0000121667;28/01/19;110.65;110.80;110.00;110.50;786339
FR0000121667;29/01/19;109.85;110.80;109.65;110.40;731061
FR0000121667;30/01/19;110.50;111.00;110.15;110.30;668275
FR0000121667;31/01/19;110.35;110.80;109.90;110.65;949012
FR0000121972;02/01/19;59.00;59.34;57.62;59.22;1255158
FR0000121972;03/01/19;58.38;58.98;57.58;57.58;1781572
FR0000121972;04/01/19;58.18;60.24;57.86;59.72;1679403
FR0000121972;07/01/19;60.34;60.40;59.04;59.46;1212324
FR0000121972;08/01/19;57.80;60.38;57.64;59.92;1941850
FR0000121972;09/01/19;60.32;60.86;59.96;60.16;1472229
FR0000121972;10/01/19;59.78;59.96;59.18;59.92;1235794
FR0000121972;11/01/19;60.26;60.36;58.76;58.90;1454725
FR0000121972;14/01/19;58.06;58.64;57.90;58.56;1550963
FR0000121972;15/01/19;58.62;59.70;57.86;58.20;1818032
FR0000121972;16/01/19;58.68;58.90;58.12;58.54;1807613
FR0000121972;17/01/19;58.04;58.58;57.72;58.48;1317626
FR0000121972;18/01/19;58.96;60.98;58.70;60.26;2171219
FR0000121972;21/01/19;60.02;60.60;59.92;60.38;989020
FR0000121972;22/01/19;60.06;60.26;59.56;60.16;1114046
FR0000121972;23/01/19;59.72;59.92;58.96;59.18;1394203
FR0000121972;24/01/19;59.20;60.44;59.20;60.18;1716760
FR0000121972;25/01/19;60.44;61.40;60.32;61.18;1465126
FR0000121972;28/01/19;60.76;61.26;60.46;60.82;1226740
FR0000121972;29/01/19;60.70;62.12;60.46;61.56;1415777
FR0000121972;30/01/19;61.42;61.84;61.22;61.84;1232971
FR0000121972;31/01/19;62.18;62.68;61.68;62.08;2029706
FR0000124141;02/01/19;17.805;17.83;17.51;17.80;1950308
FR0000124141;03/01/19;17.725;17.97;17.675;17.675;1403293
FR0000124141;04/01/19;17.715;17.96;17.64;17.875;1422245
FR0000124141;07/01/19;17.97;17.98;17.695;17.77;1626392
FR0000124141;08/01/19;17.755;18.17;17.665;17.965;2756798
FR0000124141;09/01/19;18.08;18.165;17.94;18.10;1519737
FR0000124141;10/01/19;17.975;18.27;17.975;18.25;1464645
FR0000124141;11/01/19;17.99;18.07;17.67;17.72;2078409
FR0000124141;14/01/19;17.56;17.72;17.50;17.715;1299919
FR0000124141;15/01/19;17.85;17.96;17.70;17.805;1427628
FR0000124141;16/01/19;17.805;18.025;17.755;17.985;1469166
FR0000124141;17/01/19;17.955;18.015;17.835;17.99;914088
FR0000124141;18/01/19;18.09;18.40;17.96;18.335;2007427
FR0000124141;21/01/19;18.305;18.35;18.055;18.17;1528309
FR0000124141;22/01/19;18.145;18.27;18.03;18.085;964453
FR0000124141;23/01/19;18.025;18.235;18.00;18.10;1418813
FR0000124141;24/01/19;18.075;18.215;18.04;18.175;1900267
FR0000124141;25/01/19;18.27;18.43;18.055;18.065;1359193
FR0000124141;28/01/19;17.90;18.055;17.87;18.01;993025
FR0000124141;29/01/19;18.04;18.28;18.04;18.235;1172819
FR0000124141;30/01/19;18.175;18.275;18.11;18.155;1390140
FR0000124141;31/01/19;18.115;18.44;18.075;18.42;2150814
FR0000125007;02/01/19;28.76;28.865;28.275;28.78;1663639
FR0000125007;03/01/19;28.525;28.955;28.40;28.53;1313288
FR0000125007;04/01/19;28.68;29.445;28.68;29.37;1724252
FR0000125007;07/01/19;29.57;29.595;28.875;29.14;1318347
FR0000125007;08/01/19;29.20;29.98;29.06;29.675;1936520
FR0000125007;09/01/19;29.80;30.165;29.535;29.84;2188409
FR0000125007;10/01/19;30.04;30.045;29.355;29.60;1759987
FR0000125007;11/01/19;29.60;29.78;28.575;28.89;2967231
FR0000125007;14/01/19;28.60;28.80;28.35;28.77;1739225
FR0000125007;15/01/19;29.01;29.265;28.68;28.81;1329726
FR0000125007;16/01/19;28.865;29.10;28.725;29.00;1468716
FR0000125007;17/01/19;28.875;29.44;28.61;29.295;1869056
FR0000125007;18/01/19;29.68;30.04;29.62;29.91;2044535
FR0000125007;21/01/19;29.94;29.96;29.535;29.73;1285083
FR0000125007;22/01/19;29.765;30.12;29.635;30.12;1721638
FR0000125007;23/01/19;29.945;30.11;29.66;29.71;1659622
FR0000125007;24/01/19;29.74;30.225;29.61;30.19;1431588
FR0000125007;25/01/19;30.265;31.07;30.15;30.96;1954608
FR0000125007;28/01/19;30.795;31.20;30.48;30.89;1396778
FR0000125007;29/01/19;30.835;30.955;30.545;30.615;1192613
FR0000125007;30/01/19;30.52;30.57;30.29;30.525;1162056
FR0000125007;31/01/19;30.58;31.17;29.91;30.12;2561593
FR0000125338;02/01/19;85.60;85.62;83.48;84.26;608460
FR0000125338;03/01/19;82.58;82.96;79.80;79.80;873306
FR0000125338;04/01/19;80.60;82.66;80.28;82.66;766465
FR0000125338;07/01/19;83.48;84.64;82.80;84.30;652923
FR0000125338;08/01/19;84.98;89.04;84.58;87.48;879045
FR0000125338;09/01/19;88.06;91.40;87.92;90.80;1060497
FR0000125338;10/01/19;89.90;90.90;89.34;90.90;696906
FR0000125338;11/01/19;91.00;91.30;90.06;90.10;626464
FR0000125338;14/01/19;89.38;89.68;87.66;87.70;793996
FR0000125338;15/01/19;89.20;91.06;89.20;91.00;956132
FR0000125338;16/01/19;91.60;94.06;91.40;93.66;844037
FR0000125338;17/01/19;93.38;94.68;92.72;93.86;781033
FR0000125338;18/01/19;94.74;96.46;94.16;96.38;719919
FR0000125338;21/01/19;96.08;96.40;95.14;95.64;387922
FR0000125338;22/01/19;95.18;96.50;94.82;96.00;662040
FR0000125338;23/01/19;95.20;96.66;94.72;95.52;592300
FR0000125338;24/01/19;95.30;97.20;95.30;97.20;616086
FR0000125338;25/01/19;98.12;98.36;96.62;97.36;663400
FR0000125338;28/01/19;96.78;97.14;94.78;95.54;489993
FR0000125338;29/01/19;95.20;96.86;95.20;96.36;578013
FR0000125338;30/01/19;96.64;98.30;96.44;97.22;604000
FR0000125338;31/01/19;97.88;97.94;95.60;96.48;699206
FR0000125486;02/01/19;71.26;71.80;70.20;71.44;1064299
FR0000125486;03/01/19;71.00;71.92;70.74;71.20;1133551
FR0000125486;04/01/19;71.74;72.78;71.08;72.58;1223908
FR0000125486;07/01/19;73.06;73.50;71.98;72.22;824256
FR0000125486;08/01/19;72.26;73.30;72.04;73.14;1218739
FR0000125486;09/01/19;73.50;73.84;72.46;72.90;1264200
FR0000125486;10/01/19;72.58;73.18;72.30;73.08;961147
FR0000125486;11/01/19;73.26;73.38;72.54;72.98;884837
FR0000125486;14/01/19;72.90;73.38;72.68;73.04;841454
FR0000125486;15/01/19;73.60;74.20;72.82;73.46;1249642
FR0000125486;16/01/19;73.88;73.90;73.40;73.82;1059971
FR0000125486;17/01/19;73.70;74.74;73.14;74.38;1115701
FR0000125486;18/01/19;74.96;75.96;74.70;75.42;1535257
FR0000125486;21/01/19;75.30;75.38;74.44;74.74;659603
FR0000125486;22/01/19;74.68;74.90;74.50;74.64;842548
FR0000125486;23/01/19;74.40;75.10;73.16;74.84;1089614
FR0000125486;24/01/19;74.80;75.60;74.52;75.60;1025929
FR0000125486;25/01/19;76.14;76.84;76.10;76.84;1201619
FR0000125486;28/01/19;77.10;77.34;76.40;76.40;992373
FR0000125486;29/01/19;76.50;77.34;76.46;76.88;1016724
FR0000125486;30/01/19;76.86;77.28;76.44;76.98;1138960
FR0000125486;31/01/19;77.18;77.48;76.58;76.88;1191791
FR0000127771;02/01/19;21.04;21.28;20.80;21.24;2408522
FR0000127771;03/01/19;21.08;21.25;20.97;21.05;2515121
FR0000127771;04/01/19;21.19;21.49;21.07;21.41;3224677
FR0000127771;07/01/19;21.56;21.75;21.50;21.64;2967559
FR0000127771;08/01/19;21.67;21.97;21.60;21.70;2705029
FR0000127771;09/01/19;21.78;21.92;21.72;21.72;2758321
FR0000127771;10/01/19;21.84;22.10;21.59;21.78;3650388
FR0000127771;11/01/19;21.84;21.98;21.73;21.76;2031035
FR0000127771;14/01/19;21.60;21.71;21.42;21.71;1790907
FR0000127771;15/01/19;21.92;21.99;21.54;21.59;2186962
FR0000127771;16/01/19;21.61;21.81;21.51;21.76;2346084
FR0000127771;17/01/19;21.61;21.95;21.59;21.88;2024577
FR0000127771;18/01/19;21.99;22.08;21.91;21.97;3201630
FR0000127771;21/01/19;21.86;21.92;21.69;21.76;1524982
FR0000127771;22/01/19;21.68;21.86;21.64;21.73;1912219
FR0000127771;23/01/19;21.64;21.81;21.49;21.49;1995783
FR0000127771;24/01/19;21.52;21.57;21.38;21.53;2109444
FR0000127771;25/01/19;21.60;21.75;21.57;21.64;2202217
FR0000127771;28/01/19;21.55;21.66;21.49;21.66;1869580
FR0000127771;29/01/19;21.73;22.14;21.66;22.14;3197905
FR0000127771;30/01/19;21.98;22.25;21.96;22.24;2977480
FR0000127771;31/01/19;22.26;22.50;22.02;22.24;3965503
FR0000130577;02/01/19;49.43;49.73;48.72;49.54;674159
FR0000130577;03/01/19;49.37;49.59;48.70;48.70;678588
FR0000130577;04/01/19;48.94;49.81;48.75;49.67;615604
FR0000130577;07/01/19;50.68;51.10;50.38;50.90;698594
FR0000130577;08/01/19;51.12;52.06;51.00;51.62;586766
FR0000130577;09/01/19;52.28;53.74;52.10;53.02;982673
FR0000130577;10/01/19;52.82;52.94;52.20;52.78;537367
FR0000130577;11/01/19;52.60;53.20;52.56;52.90;552742
FR0000130577;14/01/19;52.74;52.80;51.78;52.58;629771
FR0000130577;15/01/19;52.86;53.20;52.16;52.42;430946
FR0000130577;16/01/19;52.68;53.04;52.32;52.56;622055
FR0000130577;17/01/19;52.20;52.46;51.56;52.38;523008
FR0000130577;18/01/19;52.56;53.38;52.50;53.04;545746
FR0000130577;21/01/19;52.72;53.42;52.62;52.88;439574
FR0000130577;22/01/19;52.88;53.34;52.64;53.24;678910
FR0000130577;23/01/19;52.88;53.96;52.68;53.14;647891
FR0000130577;24/01/19;53.18;54.04;53.16;53.78;721375
FR0000130577;25/01/19;54.12;54.68;54.04;54.36;561901
FR0000130577;28/01/19;54.22;54.46;54.00;54.04;406305
FR0000130577;29/01/19;54.30;54.30;53.42;53.60;693847
FR0000130577;30/01/19;53.62;53.86;53.28;53.50;644401
FR0000130577;31/01/19;53.66;53.88;53.00;53.30;883321
FR0000130650;02/01/19;102.80;103.50;100.70;102.85;479666
FR0000130650;03/01/19;102.15;102.30;96.02;96.28;610492
FR0000130650;04/01/19;96.84;100.15;96.84;100.05;430886
FR0000130650;07/01/19;101.45;102.50;99.94;102.00;360974
FR0000130650;08/01/19;102.50;104.75;101.85;103.50;422239
FR0000130650;09/01/19;104.55;107.25;104.45;106.15;340768
FR0000130650;10/01/19;105.80;107.45;105.40;107.45;361054
FR0000130650;11/01/19;107.30;107.80;106.40;106.95;331069
FR0000130650;14/01/19;106.20;106.60;104.60;106.05;541455
FR0000130650;15/01/19;106.95;108.45;106.05;107.00;379503
FR0000130650;16/01/19;107.30;108.35;107.25;107.65;303103
FR0000130650;17/01/19;107.40;109.10;107.40;108.60;251521
FR0000130650;18/01/19;110.00;111.85;109.10;111.70;407697
FR0000130650;21/01/19;111.45;111.95;110.85;111.60;165314
FR0000130650;22/01/19;111.65;112.15;109.60;110.20;230382
FR0000130650;23/01/19;110.00;111.90;109.10;110.50;267633
FR0000130650;24/01/19;111.30;112.15;110.25;110.65;350433
FR0000130650;25/01/19;111.50;112.00;110.75;111.55;287268
FR0000130650;28/01/19;111.00;111.00;108.20;108.65;322411
FR0000130650;29/01/19;108.40;110.20;107.05;109.65;330355
FR0000130650;30/01/19;109.40;110.65;108.90;109.95;275326
FR0000130650;31/01/19;110.60;110.75;107.75;109.55;379080
FR0000130809;02/01/19;27.44;27.51;26.88;27.425;3526621
FR0000130809;03/01/19;27.20;27.72;27.155;27.44;3383866
FR0000130809;04/01/19;27.755;28.39;27.595;28.37;5800499
FR0000130809;07/01/19;28.51;28.72;28.095;28.415;3562802
FR0000130809;08/01/19;28.405;29.01;28.30;28.615;4077846
FR0000130809;09/01/19;28.83;28.88;28.295;28.505;3707741
FR0000130809;10/01/19;28.32;28.835;28.18;28.78;3522911
FR0000130809;11/01/19;28.75;28.91;28.55;28.855;3317866
FR0000130809;14/01/19;28.68;29.16;28.65;29.03;3904787
FR0000130809;15/01/19;29.36;29.53;28.74;29.005;5245567
FR0000130809;16/01/19;29.255;30.385;29.185;30.21;5975443
FR0000130809;17/01/19;29.03;29.49;28.055;28.50;14006031
FR0000130809;18/01/19;28.51;28.865;28.365;28.605;8797465
FR0000130809;21/01/19;28.395;28.46;28.015;28.275;3801068
FR0000130809;22/01/19;28.00;28.195;27.545;27.82;4548815
FR0000130809;23/01/19;27.595;27.95;27.425;27.565;5383239
FR0000130809;24/01/19;27.55;28.085;27.52;27.72;4577719
FR0000130809;25/01/19;27.955;28.675;27.85;28.62;4455646
FR0000130809;28/01/19;28.54;28.62;28.06;28.145;3220489
FR0000130809;29/01/19;28.105;28.31;27.83;28.135;2917306
FR0000130809;30/01/19;28.11;28.215;27.885;28.19;2918142
FR0000130809;31/01/19;28.21;28.48;26.93;27.14;7223153
FR0000131104;02/01/19;38.73;39.105;38.135;39.085;4275030
FR0000131104;03/01/19;38.78;39.565;38.60;38.855;4011198
FR0000131104;04/01/19;39.40;40.83;39.175;40.74;5325079
FR0000131104;07/01/19;41.12;41.12;40.265;40.68;4195675
FR0000131104;08/01/19;40.705;41.35;40.47;40.885;4372775
FR0000131104;09/01/19;41.165;41.365;40.605;40.775;3619123
FR0000131104;10/01/19;40.40;41.35;40.355;41.215;3393318
FR0000131104;11/01/19;41.13;41.505;40.855;41.37;4219405
FR0000131104;14/01/19;41.16;41.915;41.10;41.62;4549021
FR0000131104;15/01/19;42.13;42.385;41.245;41.695;4260039
FR0000131104;16/01/19;42.00;43.08;41.90;43.08;5752135
FR0000131104;17/01/19;41.76;42.37;41.41;41.42;6948081
FR0000131104;18/01/19;41.89;42.51;41.795;42.47;6133060
FR0000131104;21/01/19;42.44;42.50;42.09;42.30;2545457
FR0000131104;22/01/19;41.875;41.875;41.00;41.515;5480516
FR0000131104;23/01/19;41.25;42.085;41.25;41.575;3582775
FR0000131104;24/01/19;41.61;42.23;41.165;41.38;4585018
FR0000131104;25/01/19;42.24;43.20;41.875;42.99;6014996
FR0000131104;28/01/19;42.99;42.99;42.235;42.455;3717482
FR0000131104;29/01/19;42.31;42.63;42.045;42.38;3030043
FR0000131104;30/01/19;42.355;42.53;42.00;42.32;3403567
FR0000131104;31/01/19;42.305;42.74;40.82;40.965;6691369
FR0000131906;02/01/19;53.82;53.82;51.98;52.93;1307962
FR0000131906;03/01/19;52.68;53.23;52.19;52.60;1005753
FR0000131906;04/01/19;53.01;54.30;53.01;54.23;1218149
FR0000131906;07/01/19;54.27;54.60;53.85;54.47;654551
FR0000131906;08/01/19;54.59;56.86;54.53;55.95;1693887
FR0000131906;09/01/19;56.51;57.44;56.20;56.64;1346933
FR0000131906;10/01/19;56.33;56.69;55.76;56.61;925881
FR0000131906;11/01/19;56.75;57.00;54.08;55.34;1856175
FR0000131906;14/01/19;54.83;56.49;54.60;56.10;1087995
FR0000131906;15/01/19;56.66;57.20;55.51;55.92;1366273
FR0000131906;16/01/19;56.16;56.99;55.61;56.88;1197438
FR0000131906;17/01/19;56.45;56.65;55.95;56.13;1025124
FR0000131906;18/01/19;56.83;57.30;56.73;57.10;1032458
FR0000131906;21/01/19;57.44;57.48;56.85;56.91;678144
FR0000131906;22/01/19;56.80;57.15;56.48;56.78;801943
FR0000131906;23/01/19;56.35;58.15;55.84;57.41;1341793
FR0000131906;24/01/19;57.80;58.56;56.67;58.30;1299804
FR0000131906;25/01/19;58.57;61.43;58.57;61.16;2796341
FR0000131906;28/01/19;61.08;61.11;59.92;60.31;999253
FR0000131906;29/01/19;60.65;62.00;59.87;61.31;1632866
FR0000131906;30/01/19;61.71;61.96;60.61;61.16;634053
FR0000131906;31/01/19;61.45;62.53;61.14;61.85;1371247
FR0000133308;02/01/19;14.065;14.185;13.885;14.095;4910990
FR0000133308;03/01/19;14.05;14.24;14.01;14.18;5917789
FR0000133308;04/01/19;14.215;14.32;14.125;14.28;6544823
FR0000133308;07/01/19;14.33;14.34;14.135;14.20;4471727
FR0000133308;08/01/19;14.195;14.25;13.78;13.78;13284369
FR0000133308;09/01/19;13.80;13.825;13.555;13.73;11198833
FR0000133308;10/01/19;13.70;13.815;13.535;13.57;8029226
FR0000133308;11/01/19;13.62;13.83;13.62;13.77;8246462
FR0000133308;14/01/19;13.71;13.745;13.535;13.555;5753138
FR0000133308;15/01/19;13.685;13.715;13.36;13.46;8191989
FR0000133308;16/01/19;13.50;13.505;13.33;13.40;5919593
FR0000133308;17/01/19;13.335;13.48;13.325;13.445;4800020
FR0000133308;18/01/19;13.50;13.61;13.37;13.57;8435568
FR0000133308;21/01/19;13.475;13.49;13.35;13.45;4910700
FR0000133308;22/01/19;13.33;13.47;13.28;13.36;5454861
FR0000133308;23/01/19;13.315;13.47;13.255;13.38;4974352
FR0000133308;24/01/19;13.395;13.455;13.275;13.365;5785467
FR0000133308;25/01/19;13.415;13.51;13.325;13.48;7533465
FR0000133308;28/01/19;13.47;13.56;13.435;13.485;5597554
FR0000133308;29/01/19;13.45;13.56;13.45;13.49;4632194
FR0000133308;30/01/19;13.35;13.51;13.28;13.51;5754016
FR0000133308;31/01/19;13.525;13.77;13.435;13.57;9919337
FR0010208488;02/01/19;12.35;12.545;12.17;12.54;5667806
FR0010208488;03/01/19;12.485;12.68;12.46;12.54;5886574
FR0010208488;04/01/19;12.54;12.745;12.54;12.715;6114329
FR0010208488;07/01/19;12.72;13.06;12.70;13.02;7298451
FR0010208488;08/01/19;13.00;13.275;12.97;13.16;7316273
FR0010208488;09/01/19;13.235;13.39;13.22;13.235;7596628
FR0010208488;10/01/19;13.12;13.47;13.075;13.465;7369770
FR0010208488;11/01/19;13.42;13.53;13.25;13.325;7387047
FR0010208488;14/01/19;13.325;13.415;13.225;13.36;4985574
FR0010208488;15/01/19;13.54;13.63;13.425;13.605;6608207
FR0010208488;16/01/19;13.615;13.645;13.475;13.50;4759903
FR0010208488;17/01/19;13.445;13.63;13.415;13.60;4191940
FR0010208488;18/01/19;13.63;13.89;13.575;13.835;8607118
FR0010208488;21/01/19;13.795;13.82;13.69;13.73;2595718
FR0010208488;22/01/19;13.645;13.755;13.615;13.695;3579941
FR0010208488;23/01/19;13.645;13.87;13.635;13.805;4777014
FR0010208488;24/01/19;13.79;13.855;13.705;13.755;7400827
FR0010208488;25/01/19;13.80;13.925;13.765;13.925;6238520
FR0010208488;28/01/19;13.825;14.00;13.79;13.875;4337477
FR0010208488;29/01/19;13.92;14.07;13.785;14.045;6175081
FR0010208488;30/01/19;13.96;13.99;13.81;13.895;5684232
FR0010208488;31/01/19;13.92;14.03;13.885;13.985;6473275
FR0010307819;02/01/19;49.15;49.15;48.23;48.94;494658
FR0010307819;03/01/19;48.50;48.72;47.91;48.07;445956
FR0010307819;04/01/19;48.49;49.48;48.26;49.35;432761
FR0010307819;07/01/19;49.73;49.73;49.08;49.49;566753
FR0010307819;08/01/19;48.70;50.66;48.70;50.20;630223
FR0010307819;09/01/19;50.40;51.18;50.28;51.18;678557
FR0010307819;10/01/19;50.88;51.14;50.50;51.14;603354
FR0010307819;11/01/19;51.24;51.32;50.74;51.02;418428
FR0010307819;14/01/19;50.26;50.30;49.56;50.26;482955
FR0010307819;15/01/19;50.36;50.90;50.04;50.22;415030
FR0010307819;16/01/19;49.92;50.58;49.87;50.58;435606
FR0010307819;17/01/19;50.50;50.52;50.10;50.30;457634
FR0010307819;18/01/19;50.72;51.30;50.46;51.08;666309
FR0010307819;21/01/19;50.92;51.40;50.86;51.12;384675
FR0010307819;22/01/19;51.20;51.36;50.86;51.10;398086
FR0010307819;23/01/19;51.50;51.50;50.46;50.58;775103
FR0010307819;24/01/19;50.58;51.38;50.58;51.18;508826
FR0010307819;25/01/19;51.36;52.34;51.20;52.26;517663
FR0010307819;28/01/19;52.18;52.18;51.48;51.64;400608
FR0010307819;29/01/19;51.78;52.32;51.48;52.08;342353
FR0010307819;30/01/19;51.92;52.22;51.62;52.22;398711
FR0010307819;31/01/19;52.30;52.76;51.50;51.76;668248
FR0013326246;02/01/19;133.14;133.34;130.18;132.62;531727
FR0013326246;03/01/19;132.70;134.32;131.94;133.30;482099
FR0013326246;04/01/19;135.34;139.14;135.10;138.12;674713
FR0013326246;07/01/19;138.90;139.04;136.44;137.32;482279
FR0013326246;08/01/19;137.92;143.56;137.78;141.66;836377
FR0013326246;09/01/19;141.76;144.10;140.14;143.34;686952
FR0013326246;10/01/19;142.40;144.02;142.40;143.28;518565
FR0013326246;11/01/19;142.78;144.02;142.68;143.80;693493
FR0013326246;14/01/19;142.42;144.66;142.18;143.88;520415
FR0013326246;15/01/19;144.38;145.02;141.80;142.40;461103
FR0013326246;16/01/19;143.98;145.50;143.64;145.46;415633
FR0013326246;17/01/19;144.14;146.86;143.74;146.30;473516
FR0013326246;18/01/19;147.16;151.50;147.10;150.24;668792
FR0013326246;21/01/19;151.00;151.00;148.62;149.26;314455
FR0013326246;22/01/19;148.54;150.04;148.18;148.50;414995
FR0013326246;23/01/19;148.00;149.80;147.86;149.10;409635
FR0013326246;24/01/19;148.66;150.78;147.96;150.24;369858
FR0013326246;25/01/19;148.84;152.74;147.76;152.66;501949
FR0013326246;28/01/19;152.00;154.46;151.64;154.10;354711
FR0013326246;29/01/19;153.46;157.32;153.12;156.06;555748
FR0013326246;30/01/19;155.64;157.98;155.36;157.98;471551
FR0013326246;31/01/19;155.00;157.48;151.60;157.16;654845
GB00BDSFG982;02/01/19;17.00;17.535;16.60;17.495;2295989
GB00BDSFG982;03/01/19;17.12;17.45;16.97;17.295;1491733
GB00BDSFG982;04/01/19;17.685;18.40;17.675;18.23;1963272
GB00BDSFG982;07/01/19;18.555;18.89;18.18;18.89;1997622
GB00BDSFG982;08/01/19;19.19;19.695;19.05;19.44;2019001
GB00BDSFG982;09/01/19;19.67;20.47;19.67;20.04;1884198
GB00BDSFG982;10/01/19;19.875;19.94;19.55;19.79;1509118
GB00BDSFG982;11/01/19;19.79;19.92;19.275;19.435;1369871
GB00BDSFG982;14/01/19;19.63;19.90;19.275;19.67;1086908
GB00BDSFG982;15/01/19;19.75;20.16;19.665;19.92;1431063
GB00BDSFG982;16/01/19;20.14;20.16;19.815;20.03;884573
GB00BDSFG982;17/01/19;19.995;20.21;19.81;20.08;940292
GB00BDSFG982;18/01/19;20.63;20.91;20.55;20.88;1630158
GB00BDSFG982;21/01/19;20.98;21.04;20.62;20.64;841862
GB00BDSFG982;22/01/19;20.45;20.74;20.22;20.35;1301250
GB00BDSFG982;23/01/19;20.25;20.49;19.885;19.905;1333385
GB00BDSFG982;24/01/19;19.80;20.17;19.45;20.15;1040980
GB00BDSFG982;25/01/19;20.19;20.51;20.18;20.43;1075780
GB00BDSFG982;28/01/19;20.25;20.38;19.915;19.95;782343
GB00BDSFG982;29/01/19;20.01;20.56;19.815;20.30;1246561
GB00BDSFG982;30/01/19;20.10;20.26;19.995;20.13;1228570
GB00BDSFG982;31/01/19;20.36;20.78;20.06;20.29;1024028
LU1598757687;02/01/19;17.90;17.90;17.056;17.698;7293409
LU1598757687;03/01/19;17.48;17.642;17.23;17.32;4655589
LU1598757687;04/01/19;17.638;18.566;17.524;18.46;6781200
LU1598757687;07/01/19;18.902;19.09;18.562;18.764;3921184
LU1598757687;08/01/19;18.828;19.492;18.82;19.192;5685850
LU1598757687;09/01/19;19.50;20.15;19.406;19.632;6897930
LU1598757687;10/01/19;19.334;19.436;19.032;19.406;3666519
LU1598757687;11/01/19;19.50;19.528;19.03;19.168;3621429
LU1598757687;14/01/19;18.94;19.458;18.75;19.312;3835172
LU1598757687;15/01/19;19.55;19.878;19.03;19.21;4659887
LU1598757687;16/01/19;19.20;19.35;19.006;19.28;3308446
LU1598757687;17/01/19;19.10;19.38;18.91;19.34;3917833
LU1598757687;18/01/19;19.602;20.10;19.602;20.01;6055464
LU1598757687;21/01/19;20.21;20.25;19.818;19.848;2758424
LU1598757687;22/01/19;19.584;19.668;18.872;18.944;5260203
LU1598757687;23/01/19;18.88;19.084;18.576;18.67;4767224
LU1598757687;24/01/19;18.65;19.028;18.608;18.994;3417344
LU1598757687;25/01/19;19.178;20.10;19.152;20.04;6536596
LU1598757687;28/01/19;20.00;20.47;19.906;20.15;5519531
LU1598757687;29/01/19;20.10;20.335;19.904;19.974;3955467
LU1598757687;30/01/19;20.24;20.50;20.13;20.29;4434498
LU1598757687;31/01/19;20.10;20.575;19.924;20.195;5392240
NL0000226223;02/01/19;12.225;12.225;11.915;12.145;2863004
NL0000226223;03/01/19;11.71;11.775;10.68;10.735;7950656
NL0000226223;04/01/19;10.80;10.965;10.635;10.905;4613105
NL0000226223;07/01/19;11.11;11.375;10.98;11.35;4200577
NL0000226223;08/01/19;11.30;11.795;11.255;11.37;4216346
NL0000226223;09/01/19;11.515;12.105;11.515;12.01;4768308
NL0000226223;10/01/19;11.935;12.23;11.78;12.17;3111928
NL0000226223;11/01/19;12.27;12.305;12.095;12.285;2218439
NL0000226223;14/01/19;12.05;12.30;12.05;12.155;2166565
NL0000226223;15/01/19;12.195;12.54;12.185;12.31;3554103
NL0000226223;16/01/19;12.345;12.55;12.335;12.55;2571425
NL0000226223;17/01/19;12.295;12.345;12.125;12.32;3364808
NL0000226223;18/01/19;12.45;12.875;12.40;12.86;4109079
NL0000226223;21/01/19;12.775;13.02;12.775;12.92;1510350
NL0000226223;22/01/19;12.82;12.94;12.42;12.48;2641236
NL0000226223;23/01/19;12.155;12.55;12.06;12.50;3680133
NL0000226223;24/01/19;12.515;13.89;12.46;13.765;9944412
NL0000226223;25/01/19;13.90;14.38;13.78;14.37;5778408
NL0000226223;28/01/19;14.37;14.42;13.78;14.07;4321305
NL0000226223;29/01/19;13.97;14.05;13.775;13.835;3204108
NL0000226223;30/01/19;14.045;14.28;13.86;13.885;3753856
NL0000226223;31/01/19;14.155;14.16;13.735;13.865;4410044
NL0000235190;02/01/19;83.58;84.45;82.10;84.17;1483033
NL0000235190;03/01/19;83.33;83.75;77.50;81.21;1955259
NL0000235190;04/01/19;82.16;85.52;81.53;85.12;2006859
NL0000235190;07/01/19;85.96;86.95;82.64;83.56;1428948
NL0000235190;08/01/19;83.83;88.61;83.56;86.65;2533915
NL0000235190;09/01/19;88.50;90.54;87.68;89.68;2365398
NL0000235190;10/01/19;89.00;89.70;87.87;89.61;1321653
NL0000235190;11/01/19;89.92;90.00;88.19;88.38;1184652
NL0000235190;14/01/19;87.87;90.44;87.79;89.91;1339132
NL0000235190;15/01/19;90.50;92.50;90.42;92.31;1870631
NL0000235190;16/01/19;92.50;93.04;91.60;92.54;1383158
NL0000235190;17/01/19;91.70;92.34;90.86;91.76;1196890
NL0000235190;18/01/19;92.45;94.08;92.20;93.66;1498962
NL0000235190;21/01/19;93.26;94.50;93.01;94.50;735952
NL0000235190;22/01/19;94.53;95.05;93.88;94.75;1284328
NL0000235190;23/01/19;93.97;95.28;93.31;93.81;1265183
NL0000235190;24/01/19;94.24;95.92;93.97;95.92;1534265
NL0000235190;25/01/19;96.00;97.12;95.60;96.51;1575939
NL0000235190;28/01/19;96.30;96.35;95.07;95.42;985381
NL0000235190;29/01/19;95.78;96.89;95.25;96.05;919305
NL0000235190;30/01/19;96.30;99.02;95.78;99.00;2213713
NL0000235190;31/01/19;100.00;100.46;99.12;100.22;2125869
