BE0003470755;03/04/18;112.05;112.30;110.50;112.00;296219
BE0003470755;04/04/18;112.10;112.15;109.20;109.80;359443
CH0012214059;03/04/18;43.88;44.21;43.77;43.99;208817
CH0012214059;04/04/18;43.85;44.05;43.30;43.48;168272
FR0000045072;03/04/18;13.10;13.275;13.10;13.225;5012393
FR0000045072;04/04/18;13.245;13.265;12.92;13.14;5366373
FR0000051732;03/04/18;110.00;110.35;108.70;109.40;389630
FR0000051732;04/04/18;109.55;109.65;106.70;106.85;391574
FR0000073272;03/04/18;85.44;86.24;84.36;85.60;1094385
FR0000073272;04/04/18;85.56;86.06;83.30;83.60;1230529
FR0000120073;03/04/18;99.14;99.74;98.56;98.88;1041834
FR0000120073;04/04/18;99.00;99.12;97.26;98.56;1109789
FR0000120172;03/04/18;16.74;16.94;16.575;16.695;3427707
FR0000120172;04/04/18;16.70;16.82;16.565;16.61;3634043
FR0000120271;03/04/18;46.27;47.035;46.235;46.705;7557631
FR0000120271;04/04/18;47.01;47.28;46.67;47.28;7706321
FR0000120321;03/04/18;183.85;184.70;182.35;183.40;649933
FR0000120321;04/04/18;184.05;186.75;182.05;186.75;912835
FR0000120404;03/04/18;43.56;43.92;43.30;43.77;597032
FR0000120404;04/04/18;43.81;43.81;43.02;43.41;878617
FR0000120503;03/04/18;40.27;40.92;40.26;40.77;786314
FR0000120503;04/04/18;40.88;40.88;40.15;40.52;691573
FR0000120578;03/04/18;65.00;65.20;63.97;64.37;2299510
FR0000120578;04/04/18;64.47;64.85;64.23;64.45;2175347
FR0000120628;03/04/18;21.50;21.675;21.43;21.59;5940379
FR0000120628;04/04/18;21.57;21.605;21.185;21.51;6680425
FR0000120644;03/04/18;65.40;65.53;64.77;64.77;1600222
FR0000120644;04/04/18;64.71;64.75;64.03;64.61;1692845
FR0000120693;03/04/18;134.70;135.90;134.15;135.90;618742
FR0000120693;04/04/18;136.00;137.70;134.90;137.70;674756
FR0000121014;03/04/18;249.05;256.30;248.70;256.00;891386
FR0000121014;04/04/18;256.60;257.50;251.60;255.85;1030027
FR0000121220;03/04/18;80.22;80.22;76.00;78.18;1852183
FR0000121220;04/04/18;78.06;78.90;76.84;78.10;898405
FR0000121261;03/04/18;119.15;119.70;117.00;118.30;644149
FR0000121261;04/04/18;118.20;118.75;116.80;118.40;741344
FR0000121485;03/04/18;390.70;402.70;389.00;401.50;257123
FR0000121485;04/04/18;402.30;405.70;395.10;400.80;287060
FR0000121501;03/04/18;19.45;19.64;19.245;19.43;3413024
FR0000121501;04/04/18;19.515;19.555;19.13;19.515;2808095
FR0000121667;03/04/18;109.20;109.90;108.75;109.70;760686
FR0000121667;04/04/18;109.55;110.10;109.20;110.10;645323
FR0000121972;03/04/18;71.00;71.00;69.44;69.86;2152111
FR0000121972;04/04/18;69.86;70.10;68.38;68.98;1810379
FR0000124141;03/04/18;19.12;19.265;19.05;19.14;1686094
FR0000124141;04/04/18;19.17;19.17;18.96;19.06;1253103
FR0000124711;03/04/18;185.55;185.90;183.95;184.70;433032
FR0000124711;04/04/18;184.95;186.50;182.90;186.25;466656
FR0000125007;03/04/18;42.575;42.855;42.25;42.64;1391954
FR0000125007;04/04/18;42.785;42.845;41.975;42.44;1609133
FR0000125338;03/04/18;100.25;100.75;99.60;100.25;444845
FR0000125338;04/04/18;100.60;100.80;98.20;98.84;551808
FR0000125486;03/04/18;79.20;79.72;78.98;78.98;1107475
FR0000125486;04/04/18;78.94;79.08;77.60;78.32;1237373
FR0000127771;03/04/18;20.85;21.02;20.80;20.90;6593966
FR0000127771;04/04/18;20.94;21.11;20.80;20.80;8859944
FR0000130577;03/04/18;56.00;56.14;55.28;55.28;533504
FR0000130577;04/04/18;55.32;55.64;54.80;55.28;704647
FR0000130809;03/04/18;43.805;44.105;43.45;43.74;2383311
FR0000130809;04/04/18;43.71;43.725;42.59;43.425;3278755
FR0000131104;03/04/18;60.14;60.28;59.36;59.69;2699041
FR0000131104;04/04/18;59.76;59.89;58.33;59.44;3378693
FR0000131906;03/04/18;97.00;97.79;95.95;96.42;1358057
FR0000131906;04/04/18;96.44;96.81;94.44;95.43;821834
FR0000133308;03/04/18;13.725;13.835;13.65;13.715;4296203
FR0000133308;04/04/18;13.735;13.765;13.58;13.72;6326757
FR0010208488;03/04/18;13.515;13.71;13.50;13.665;5152248
FR0010208488;04/04/18;13.85;13.865;13.70;13.795;7668881
FR0010307819;03/04/18;63.36;63.36;62.56;62.72;589043
FR0010307819;04/04/18;62.78;62.94;62.00;62.44;560299
FR0013176526;03/04/18;53.66;53.70;52.78;53.12;1121928
FR0013176526;04/04/18;53.22;53.36;52.44;53.34;809561
GB00BDSFG982;03/04/18;23.21;23.46;23.02;23.37;1407232
GB00BDSFG982;04/04/18;23.81;23.82;23.07;23.21;1029795
LU1598757687;03/04/18;25.50;25.895;25.13;25.67;4870862
LU1598757687;04/04/18;25.595;25.675;24.59;24.715;7109312
NL0000226223;03/04/18;17.50;17.64;17.325;17.425;4621111
NL0000226223;04/04/18;17.34;17.42;16.57;17.035;3624572
NL0000235190;03/04/18;92.88;94.05;91.55;93.60;1394820
NL0000235190;04/04/18;93.23;94.53;92.13;92.81;2566788
