BE0003470755;02/05/13;111.55;112.50;109.05;109.50;321007
BE0003470755;03/05/13;110.00;112.70;109.45;111.70;183957
BE0003470755;06/05/13;111.50;112.50;111.50;112.20;78557
BE0003470755;07/05/13;116.00;121.05;116.00;118.90;601541
BE0003470755;08/05/13;120.00;120.60;117.30;118.50;498367
BE0003470755;09/05/13;118.75;118.95;117.75;118.50;111291
BE0003470755;10/05/13;118.65;119.90;116.60;117.15;266338
BE0003470755;13/05/13;117.15;117.80;115.70;117.15;222229
BE0003470755;14/05/13;117.15;117.35;113.60;115.00;469023
BE0003470755;15/05/13;115.00;116.10;114.20;114.50;238701
BE0003470755;16/05/13;113.05;113.55;112.00;112.80;233016
BE0003470755;17/05/13;112.65;113.70;112.00;113.50;208687
BE0003470755;20/05/13;113.40;113.75;112.45;113.00;84650
BE0003470755;21/05/13;113.00;113.90;111.60;113.90;207594
BE0003470755;22/05/13;113.50;114.15;112.40;114.00;232418
BE0003470755;23/05/13;111.90;112.90;111.35;112.60;268625
BE0003470755;24/05/13;113.10;113.40;110.75;111.60;233521
BE0003470755;27/05/13;111.75;113.20;111.30;112.95;134899
BE0003470755;28/05/13;113.30;114.60;113.00;113.50;219138
BE0003470755;29/05/13;112.85;113.20;112.10;112.60;153076
BE0003470755;30/05/13;112.40;112.65;111.50;112.20;192233
BE0003470755;31/05/13;112.70;112.80;110.60;111.50;222829
FR0000045072;02/05/13;6.86;7.14;6.818;7.01;7694008
FR0000045072;03/05/13;7.05;7.193;7.043;7.158;6092706
FR0000045072;06/05/13;7.114;7.226;7.106;7.202;3821504
FR0000045072;07/05/13;7.283;7.313;6.851;7.088;12553897
FR0000045072;08/05/13;7.046;7.116;6.978;7.05;6510943
FR0000045072;09/05/13;7.061;7.101;6.972;7.045;4018656
FR0000045072;10/05/13;7.04;7.099;6.846;6.912;7771929
FR0000045072;13/05/13;6.935;6.95;6.745;6.79;6163892
FR0000045072;14/05/13;6.84;6.941;6.763;6.917;5614787
FR0000045072;15/05/13;6.974;7.228;6.943;7.187;11260635
FR0000045072;16/05/13;7.134;7.345;7.13;7.281;7416230
FR0000045072;17/05/13;7.215;7.36;7.209;7.36;8541066
FR0000045072;20/05/13;7.36;7.496;7.322;7.487;5036961
FR0000045072;21/05/13;7.457;7.50;7.301;7.379;6114895
FR0000045072;22/05/13;7.365;7.536;7.311;7.498;8290064
FR0000045072;23/05/13;7.214;7.349;7.14;7.257;10381153
FR0000045072;24/05/13;7.333;7.346;7.12;7.12;7947510
FR0000045072;27/05/13;7.179;7.23;7.158;7.195;2386474
FR0000045072;28/05/13;7.253;7.392;7.25;7.345;6969307
FR0000045072;29/05/13;7.32;7.36;7.218;7.289;4852467
FR0000045072;30/05/13;7.238;7.447;7.22;7.384;5349743
FR0000045072;31/05/13;7.38;7.39;7.252;7.297;7391475
FR0000051732;02/05/13;52.51;54.43;52.51;54.27;384660
FR0000051732;03/05/13;54.09;54.80;53.28;53.28;349004
FR0000051732;06/05/13;53.61;54.68;53.61;54.35;227337
FR0000051732;07/05/13;54.36;55.20;54.26;54.56;235800
FR0000051732;08/05/13;54.49;54.95;54.30;54.68;154557
FR0000051732;09/05/13;54.81;55.03;54.32;54.99;103163
FR0000051732;10/05/13;54.99;55.45;54.72;55.26;212841
FR0000051732;13/05/13;55.27;55.81;55.26;55.49;296177
FR0000051732;14/05/13;55.63;55.96;55.16;55.42;157146
FR0000051732;15/05/13;55.27;56.24;55.17;55.80;204016
FR0000051732;16/05/13;55.52;56.30;55.52;56.30;233738
FR0000051732;17/05/13;56.04;56.33;55.57;55.77;257441
FR0000051732;20/05/13;55.80;56.48;55.67;56.30;205343
FR0000051732;21/05/13;56.11;56.40;55.55;55.81;260822
FR0000051732;22/05/13;55.55;56.36;55.55;56.20;301211
FR0000051732;23/05/13;55.41;55.66;54.76;55.62;302641
FR0000051732;24/05/13;55.65;56.16;54.77;55.06;237550
FR0000051732;27/05/13;55.25;55.98;55.25;55.58;140420
FR0000051732;28/05/13;55.83;56.60;55.78;55.78;288356
FR0000051732;29/05/13;55.84;55.85;55.17;55.37;186139
FR0000051732;30/05/13;55.49;57.33;55.44;56.61;342772
FR0000051732;31/05/13;56.86;56.86;55.20;56.37;443290
FR0000073272;02/05/13;37.05;37.87;36.995;37.50;1282240
FR0000073272;03/05/13;37.535;38.16;37.335;37.90;745408
FR0000073272;06/05/13;37.795;37.85;37.46;37.65;350693
FR0000073272;07/05/13;37.65;37.85;37.38;37.61;680728
FR0000073272;08/05/13;37.845;38.015;37.495;37.935;685960
FR0000073272;09/05/13;37.955;38.975;37.955;38.655;856082
FR0000073272;10/05/13;38.69;39.285;38.535;39.245;775103
FR0000073272;13/05/13;39.06;39.365;38.98;39.21;726189
FR0000073272;14/05/13;39.685;40.25;39.43;39.50;1280591
FR0000073272;15/05/13;39.51;39.81;39.27;39.645;495341
FR0000073272;16/05/13;39.57;40.385;39.435;40.26;838831
FR0000073272;17/05/13;40.13;40.345;39.875;40.11;805172
FR0000073272;20/05/13;40.065;40.39;39.92;40.34;390669
FR0000073272;21/05/13;40.50;41.07;40.45;40.92;937706
FR0000073272;22/05/13;40.805;40.905;40.25;40.69;751714
FR0000073272;23/05/13;40.00;40.485;39.735;40.435;927257
FR0000073272;24/05/13;40.69;40.80;40.135;40.365;454001
FR0000073272;27/05/13;40.54;40.76;40.14;40.425;267461
FR0000073272;28/05/13;40.635;41.425;40.595;41.265;664814
FR0000073272;29/05/13;41.195;41.71;40.97;41.035;1168690
FR0000073272;30/05/13;40.82;41.685;40.79;41.54;644008
FR0000073272;31/05/13;41.55;41.55;40.555;41.095;1876239
FR0000120073;02/05/13;79.5372;79.9504;78.5537;79.0909;1053745
FR0000120073;03/05/13;79.3636;80.9422;79.0744;80.405;1059938
FR0000120073;06/05/13;80.3967;80.9587;80.2645;80.7355;533359
FR0000120073;07/05/13;80.6612;81.3471;80.4132;80.6859;727199
FR0000120073;08/05/13;80.5868;81.0744;80.1818;80.7686;652183
FR0000120073;09/05/13;80.5785;80.8099;80.0827;80.5785;455669
FR0000120073;10/05/13;80.6694;81.2975;80.1736;80.8017;783676
FR0000120073;13/05/13;80.8265;80.9587;80.2645;80.843;677213
FR0000120073;14/05/13;81.3223;81.3388;80.3471;80.9256;668338
FR0000120073;15/05/13;80.8678;81.0744;80.2893;80.8926;670974
FR0000120073;16/05/13;79.157;79.3388;78.5702;79.2645;843186
FR0000120073;17/05/13;79.4298;80.4463;79.157;80.3636;2152328
FR0000120073;20/05/13;80.5785;80.5785;79.8347;80.5785;504282
FR0000120073;21/05/13;80.2893;81.0661;79.9091;80.4132;907826
FR0000120073;22/05/13;80.1653;80.7438;79.8512;80.3802;947085
FR0000120073;23/05/13;79.0248;79.8182;78.7438;79.4545;1192309
FR0000120073;24/05/13;80.0827;80.8099;79.7438;80.124;1086628
FR0000120073;27/05/13;80.7438;80.9917;80.2479;80.6198;458750
FR0000120073;28/05/13;80.9835;81.3967;80.7355;81.0413;797299
FR0000120073;29/05/13;80.5785;81.1984;79.7686;80.1405;726266
FR0000120073;30/05/13;80.2893;81.3388;80.0992;80.9669;813304
FR0000120073;31/05/13;81.405;82.3636;81.3967;82.1074;2077645
FR0000120172;02/05/13;22.015;22.835;22.015;22.565;3892261
FR0000120172;03/05/13;22.63;22.99;22.39;22.99;2328093
FR0000120172;06/05/13;22.865;22.87;22.455;22.46;1024033
FR0000120172;07/05/13;22.48;23.095;22.465;23.095;2737251
FR0000120172;08/05/13;23.15;23.80;23.105;23.785;2663012
FR0000120172;09/05/13;23.685;23.72;23.15;23.31;1864943
FR0000120172;10/05/13;23.35;23.665;23.275;23.565;1584165
FR0000120172;13/05/13;23.59;23.60;23.185;23.185;1780366
FR0000120172;14/05/13;23.27;23.40;22.905;23.33;1291663
FR0000120172;15/05/13;23.335;23.685;23.17;23.60;1545218
FR0000120172;16/05/13;23.60;23.715;23.28;23.335;1620052
FR0000120172;17/05/13;23.235;23.495;22.94;23.27;3788144
FR0000120172;20/05/13;23.33;23.475;23.13;23.475;1121197
FR0000120172;21/05/13;23.425;23.54;23.08;23.32;1646142
FR0000120172;22/05/13;23.355;24.42;23.285;24.415;4207186
FR0000120172;23/05/13;23.415;23.725;23.00;23.17;5633562
FR0000120172;24/05/13;23.35;23.615;23.025;23.15;2601970
FR0000120172;27/05/13;23.455;23.655;23.34;23.655;1192099
FR0000120172;28/05/13;23.85;24.055;23.655;23.725;2001094
FR0000120172;29/05/13;23.485;23.57;22.60;22.60;3149085
FR0000120172;30/05/13;22.60;23.285;22.505;23.165;2392929
FR0000120172;31/05/13;23.21;23.21;22.66;22.815;2275632
FR0000120271;02/05/13;38.205;38.445;37.815;37.90;6701185
FR0000120271;03/05/13;38.17;38.50;37.94;38.435;6000535
FR0000120271;06/05/13;38.475;38.59;38.23;38.46;1691582
FR0000120271;07/05/13;38.695;38.715;38.42;38.525;3182048
FR0000120271;08/05/13;38.60;38.80;38.535;38.725;2713405
FR0000120271;09/05/13;38.70;38.91;38.375;38.76;2059943
FR0000120271;10/05/13;38.89;39.095;38.58;38.85;3797024
FR0000120271;13/05/13;38.83;38.895;38.62;38.81;2901782
FR0000120271;14/05/13;39.085;39.085;38.345;38.975;3587022
FR0000120271;15/05/13;39.09;39.10;38.60;38.90;3108325
FR0000120271;16/05/13;38.90;38.92;38.185;38.55;4405695
FR0000120271;17/05/13;38.61;39.38;38.595;39.00;9759872
FR0000120271;20/05/13;39.165;39.335;38.77;39.335;2311567
FR0000120271;21/05/13;39.33;39.675;39.18;39.675;4427609
FR0000120271;22/05/13;39.795;39.88;39.29;39.675;4133270
FR0000120271;23/05/13;39.04;39.46;38.97;39.355;6128446
FR0000120271;24/05/13;39.585;39.755;39.31;39.475;5129778
FR0000120271;27/05/13;39.80;39.89;39.52;39.80;2319553
FR0000120271;28/05/13;39.94;40.40;39.86;40.07;5340201
FR0000120271;29/05/13;40.00;40.00;39.08;39.40;6156695
FR0000120271;30/05/13;39.45;39.815;39.295;39.395;3744225
FR0000120271;31/05/13;39.44;39.44;38.585;38.585;7205647
FR0000120321;02/05/13;135.60;137.85;135.35;136.05;753913
FR0000120321;03/05/13;136.35;136.65;133.90;135.60;925969
FR0000120321;06/05/13;135.70;136.60;135.05;136.00;376195
FR0000120321;07/05/13;134.70;134.75;130.80;132.10;881741
FR0000120321;08/05/13;132.80;133.85;132.05;133.60;390886
FR0000120321;09/05/13;133.85;134.10;133.10;133.50;340915
FR0000120321;10/05/13;133.60;134.75;132.95;134.05;510831
FR0000120321;13/05/13;133.80;135.10;133.80;134.15;489556
FR0000120321;14/05/13;134.65;136.00;134.65;136.00;658050
FR0000120321;15/05/13;135.55;136.00;134.55;135.90;449679
FR0000120321;16/05/13;135.75;137.10;135.60;136.65;472202
FR0000120321;17/05/13;135.50;136.00;133.60;135.00;1317370
FR0000120321;20/05/13;135.35;135.35;133.75;135.35;385569
FR0000120321;21/05/13;135.35;136.60;134.70;136.60;480841
FR0000120321;22/05/13;136.55;137.50;134.50;136.30;546979
FR0000120321;23/05/13;134.00;134.90;133.35;133.75;692064
FR0000120321;24/05/13;134.15;134.70;131.80;132.95;660565
FR0000120321;27/05/13;133.70;134.60;133.50;134.45;280767
FR0000120321;28/05/13;135.10;137.65;134.55;136.10;549977
FR0000120321;29/05/13;135.00;135.95;132.40;132.55;505183
FR0000120321;30/05/13;132.55;134.25;131.60;133.60;353205
FR0000120321;31/05/13;133.95;133.95;130.35;130.35;738640
FR0000120404;02/05/13;25.10;25.475;25.10;25.30;1377464
FR0000120404;03/05/13;24.63;25.10;24.54;24.855;944543
FR0000120404;06/05/13;24.795;25.02;24.795;24.90;325362
FR0000120404;07/05/13;24.895;25.315;24.895;25.12;635370
FR0000120404;08/05/13;25.12;25.58;25.085;25.275;800393
FR0000120404;09/05/13;25.18;25.33;25.10;25.255;456923
FR0000120404;10/05/13;25.22;25.56;25.135;25.495;673175
FR0000120404;13/05/13;25.46;25.58;25.125;25.26;635859
FR0000120404;14/05/13;25.34;25.44;25.035;25.41;584201
FR0000120404;15/05/13;25.48;26.23;25.445;26.06;1171903
FR0000120404;16/05/13;26.155;26.815;26.11;26.80;1336783
FR0000120404;17/05/13;26.70;27.115;26.525;26.915;984912
FR0000120404;20/05/13;27.08;27.185;26.82;27.15;650374
FR0000120404;21/05/13;27.15;27.405;26.98;27.29;792413
FR0000120404;22/05/13;27.245;27.46;26.93;27.295;820419
FR0000120404;23/05/13;26.94;27.25;26.535;26.85;1587445
FR0000120404;24/05/13;26.835;27.325;26.805;26.99;952389
FR0000120404;27/05/13;27.035;27.255;26.96;27.135;198592
FR0000120404;28/05/13;27.395;27.54;27.205;27.345;677794
FR0000120404;29/05/13;27.275;27.36;26.85;26.95;578987
FR0000120404;30/05/13;26.95;27.325;26.88;27.295;342564
FR0000120404;31/05/13;27.265;27.76;26.855;27.70;1528360
FR0000120503;02/05/13;21.15;21.40;21.11;21.185;1768916
FR0000120503;03/05/13;21.205;21.77;21.14;21.63;1638386
FR0000120503;06/05/13;21.485;21.57;21.325;21.50;701546
FR0000120503;07/05/13;21.225;21.325;20.555;20.74;2634432
FR0000120503;08/05/13;20.815;21.12;20.795;21.01;1045163
FR0000120503;09/05/13;21.065;21.38;21.015;21.205;779533
FR0000120503;10/05/13;21.245;21.45;21.155;21.245;794680
FR0000120503;13/05/13;21.22;21.75;21.22;21.61;1631792
FR0000120503;14/05/13;21.725;21.725;21.055;21.30;1504991
FR0000120503;15/05/13;21.34;21.95;21.24;21.345;1752121
FR0000120503;16/05/13;21.25;21.29;20.57;20.665;1855205
FR0000120503;17/05/13;20.59;20.65;20.105;20.275;2335026
FR0000120503;20/05/13;20.425;20.885;20.425;20.72;999979
FR0000120503;21/05/13;20.735;20.90;20.435;20.54;930275
FR0000120503;22/05/13;20.555;20.63;20.36;20.40;961287
FR0000120503;23/05/13;20.085;20.30;19.97;20.04;1629950
FR0000120503;24/05/13;20.265;20.47;20.13;20.195;1208814
FR0000120503;27/05/13;20.35;20.405;20.255;20.28;476065
FR0000120503;28/05/13;20.45;20.85;20.36;20.64;1191218
FR0000120503;29/05/13;20.585;20.745;20.35;20.465;1550897
FR0000120503;30/05/13;20.535;21.23;20.465;20.85;1816829
FR0000120503;31/05/13;20.755;20.855;20.41;20.575;1348171
FR0000120578;02/05/13;80.17;83.69;80.10;83.37;3946953
FR0000120578;03/05/13;83.58;84.80;81.87;84.80;3169048
FR0000120578;06/05/13;84.80;84.98;84.24;84.31;1345600
FR0000120578;07/05/13;84.40;85.11;83.80;84.85;2476538
FR0000120578;08/05/13;84.84;86.35;84.68;86.35;2528441
FR0000120578;09/05/13;83.12;83.22;82.16;83.09;2076230
FR0000120578;10/05/13;83.35;85.24;83.30;85.13;2976345
FR0000120578;13/05/13;84.15;84.91;84.15;84.70;2028153
FR0000120578;14/05/13;83.99;85.07;83.95;84.75;2127021
FR0000120578;15/05/13;84.00;85.00;83.71;84.77;2107201
FR0000120578;16/05/13;84.10;85.32;84.08;84.62;2097060
FR0000120578;17/05/13;84.00;85.06;83.24;84.50;5813342
FR0000120578;20/05/13;84.12;84.62;83.95;84.31;1462930
FR0000120578;21/05/13;83.47;85.14;83.17;85.14;2296778
FR0000120578;22/05/13;85.04;86.43;84.52;86.43;2638101
FR0000120578;23/05/13;84.20;85.05;84.00;84.81;3348822
FR0000120578;24/05/13;85.00;85.64;84.09;84.51;2315580
FR0000120578;27/05/13;84.30;85.51;84.30;85.51;1219973
FR0000120578;28/05/13;85.21;87.03;85.21;86.67;3073602
FR0000120578;29/05/13;86.02;86.24;83.52;83.71;2731608
FR0000120578;30/05/13;83.60;84.76;83.57;84.02;2260718
FR0000120578;31/05/13;83.77;83.85;81.69;82.51;3726333
FR0000120628;02/05/13;14.22;14.50;14.035;14.31;7719213
FR0000120628;03/05/13;14.39;14.70;14.355;14.66;8224980
FR0000120628;06/05/13;14.70;14.78;14.63;14.71;4271661
FR0000120628;07/05/13;14.88;14.99;14.765;14.86;8697561
FR0000120628;08/05/13;14.925;15.08;14.835;15.01;7639297
FR0000120628;09/05/13;14.29;14.555;14.29;14.48;6464040
FR0000120628;10/05/13;14.55;14.78;14.53;14.64;6712204
FR0000120628;13/05/13;14.595;14.68;14.36;14.60;5325014
FR0000120628;14/05/13;14.705;14.785;14.435;14.785;5582168
FR0000120628;15/05/13;14.785;15.08;14.695;14.965;8673960
FR0000120628;16/05/13;14.90;15.17;14.81;15.105;6274893
FR0000120628;17/05/13;15.10;15.225;14.98;15.09;12425625
FR0000120628;20/05/13;15.145;15.22;14.885;15.13;4095682
FR0000120628;21/05/13;15.12;15.195;14.905;15.025;6164925
FR0000120628;22/05/13;15.05;15.20;15.005;15.17;7754754
FR0000120628;23/05/13;14.64;14.785;14.22;14.715;10572679
FR0000120628;24/05/13;14.89;15.00;14.675;14.76;5864778
FR0000120628;27/05/13;14.87;14.965;14.785;14.895;2423921
FR0000120628;28/05/13;14.94;15.48;14.93;15.37;10613300
FR0000120628;29/05/13;15.22;15.37;15.17;15.30;6001748
FR0000120628;30/05/13;15.21;15.69;15.17;15.57;7163457
FR0000120628;31/05/13;15.60;15.705;15.275;15.63;9555963
FR0000120644;02/05/13;57.48;58.21;56.83;57.43;2541939
FR0000120644;03/05/13;57.53;57.58;56.88;57.54;1866920
FR0000120644;06/05/13;57.50;57.82;57.30;57.47;663060
FR0000120644;07/05/13;57.46;58.00;57.06;57.79;1286729
FR0000120644;08/05/13;57.74;58.76;57.52;58.64;1222105
FR0000120644;09/05/13;58.34;58.46;57.92;58.02;814806
FR0000120644;10/05/13;58.23;58.71;58.06;58.52;951449
FR0000120644;13/05/13;58.60;59.25;58.54;58.82;1122544
FR0000120644;14/05/13;59.26;59.55;58.40;58.95;1110930
FR0000120644;15/05/13;59.00;59.17;58.53;58.88;797632
FR0000120644;16/05/13;59.02;59.26;58.57;58.87;1122778
FR0000120644;17/05/13;58.67;58.70;57.82;58.11;2969419
FR0000120644;20/05/13;58.17;59.17;57.88;59.17;974879
FR0000120644;21/05/13;59.00;59.20;58.38;58.83;1320508
FR0000120644;22/05/13;58.78;59.20;58.38;58.97;928535
FR0000120644;23/05/13;58.01;58.49;57.67;58.30;1702674
FR0000120644;24/05/13;58.61;58.90;57.67;58.02;1114005
FR0000120644;27/05/13;58.78;59.12;58.49;58.65;712409
FR0000120644;28/05/13;59.00;60.00;58.82;59.56;1739573
FR0000120644;29/05/13;59.10;59.40;58.23;58.40;1302677
FR0000120644;30/05/13;58.04;58.56;57.60;57.60;1463200
FR0000120644;31/05/13;57.80;57.80;56.50;56.74;2196067
FR0000120693;02/05/13;93.88;94.94;93.57;94.64;585453
FR0000120693;03/05/13;94.69;94.91;93.60;93.60;515978
FR0000120693;06/05/13;93.40;94.26;93.04;94.00;286120
FR0000120693;07/05/13;93.74;93.94;92.20;92.25;650554
FR0000120693;08/05/13;92.19;92.70;91.96;92.60;566143
FR0000120693;09/05/13;92.64;93.69;92.52;93.47;333917
FR0000120693;10/05/13;93.50;93.79;93.14;93.67;348514
FR0000120693;13/05/13;93.52;98.97;92.63;94.28;445608
FR0000120693;14/05/13;94.84;94.85;94.18;94.46;334205
FR0000120693;15/05/13;94.88;95.21;94.17;94.24;378107
FR0000120693;16/05/13;94.35;94.80;93.56;93.70;456154
FR0000120693;17/05/13;93.50;93.78;92.65;92.82;764639
FR0000120693;20/05/13;93.15;94.55;92.88;94.53;447244
FR0000120693;21/05/13;94.53;96.03;93.74;95.95;745256
FR0000120693;22/05/13;95.68;95.70;94.88;95.58;627751
FR0000120693;23/05/13;94.25;94.66;93.42;94.00;695115
FR0000120693;24/05/13;94.47;95.39;93.57;95.11;515909
FR0000120693;27/05/13;95.56;96.13;95.39;95.44;273747
FR0000120693;28/05/13;95.40;95.75;94.87;95.20;575257
FR0000120693;29/05/13;94.52;94.87;93.91;94.50;685132
FR0000120693;30/05/13;94.19;94.67;93.78;94.50;517953
FR0000120693;31/05/13;94.44;94.44;92.69;92.69;875131
FR0000121014;02/05/13;132.55;133.45;130.95;132.00;809414
FR0000121014;03/05/13;132.90;135.20;132.35;135.20;650733
FR0000121014;06/05/13;135.30;135.35;133.90;134.05;398285
FR0000121014;07/05/13;134.85;134.85;133.05;133.45;600569
FR0000121014;08/05/13;133.95;134.20;133.05;133.50;510019
FR0000121014;09/05/13;133.70;134.05;133.05;133.80;231065
FR0000121014;10/05/13;134.10;134.70;133.00;134.35;501397
FR0000121014;13/05/13;134.30;134.50;132.75;133.15;387700
FR0000121014;14/05/13;133.05;135.80;133.05;135.75;750826
FR0000121014;15/05/13;136.00;138.40;135.15;137.90;700499
FR0000121014;16/05/13;138.00;140.40;137.95;140.40;827857
FR0000121014;17/05/13;140.30;141.65;139.65;141.65;1610618
FR0000121014;20/05/13;142.00;142.70;141.75;142.30;392923
FR0000121014;21/05/13;142.40;143.35;142.25;143.20;561794
FR0000121014;22/05/13;142.90;143.20;139.55;141.80;986232
FR0000121014;23/05/13;137.00;138.15;135.60;137.40;1031697
FR0000121014;24/05/13;137.75;138.85;136.60;137.50;432580
FR0000121014;27/05/13;138.35;139.55;137.55;138.20;337143
FR0000121014;28/05/13;138.50;141.00;138.00;140.35;779416
FR0000121014;29/05/13;139.10;139.40;135.95;137.10;827659
FR0000121014;30/05/13;136.90;138.85;136.90;138.35;549672
FR0000121014;31/05/13;138.15;138.35;135.45;136.65;727837
FR0000121220;02/05/13;63.36;63.56;62.78;63.20;435844
FR0000121220;03/05/13;63.21;64.61;63.21;64.28;391748
FR0000121220;06/05/13;64.54;65.09;63.88;64.53;169026
FR0000121220;07/05/13;64.75;65.19;63.52;63.75;220568
FR0000121220;08/05/13;63.99;64.23;63.47;63.80;192854
FR0000121220;09/05/13;63.93;63.99;63.42;63.95;98289
FR0000121220;10/05/13;64.16;65.03;64.08;65.03;197128
FR0000121220;13/05/13;64.66;64.74;63.91;64.59;214386
FR0000121220;14/05/13;64.59;64.59;64.00;64.30;222924
FR0000121220;15/05/13;64.45;65.35;64.13;64.87;296588
FR0000121220;16/05/13;65.88;67.15;65.29;66.97;422385
FR0000121220;17/05/13;66.67;68.26;66.22;67.69;315216
FR0000121220;20/05/13;68.01;68.39;67.18;68.21;201909
FR0000121220;21/05/13;67.92;68.35;67.82;67.86;238826
FR0000121220;22/05/13;67.98;68.90;67.60;68.61;278899
FR0000121220;23/05/13;67.77;67.95;65.87;66.43;361279
FR0000121220;24/05/13;66.77;67.00;66.11;66.25;206656
FR0000121220;27/05/13;66.09;67.02;66.09;66.67;100447
FR0000121220;28/05/13;67.58;68.88;67.10;68.18;447455
FR0000121220;29/05/13;68.14;68.49;66.05;66.18;210630
FR0000121220;30/05/13;65.70;66.49;65.70;65.82;190585
FR0000121220;31/05/13;65.70;66.21;64.39;65.66;351078
FR0000121261;02/05/13;63.74;64.74;63.05;64.10;754017
FR0000121261;03/05/13;64.13;66.57;63.94;66.47;788084
FR0000121261;06/05/13;66.44;66.97;66.10;66.95;341911
FR0000121261;07/05/13;66.95;67.15;66.11;66.66;521868
FR0000121261;08/05/13;67.00;67.56;66.79;67.40;667568
FR0000121261;09/05/13;67.40;67.60;66.18;66.98;457576
FR0000121261;10/05/13;66.73;67.70;66.66;67.09;602130
FR0000121261;13/05/13;66.88;67.34;66.77;67.10;366703
FR0000121261;14/05/13;67.40;68.05;66.82;67.46;512185
FR0000121261;15/05/13;67.38;68.29;67.24;68.15;537721
FR0000121261;16/05/13;67.73;68.21;67.31;68.05;415105
FR0000121261;17/05/13;68.54;71.47;68.21;71.09;1723166
FR0000121261;20/05/13;71.34;71.81;70.70;70.97;555614
FR0000121261;21/05/13;70.54;70.80;68.51;70.80;1001607
FR0000121261;22/05/13;71.09;71.19;70.28;70.93;671035
FR0000121261;23/05/13;69.50;69.50;67.48;68.30;1471045
FR0000121261;24/05/13;66.21;66.63;65.47;66.06;915106
FR0000121261;27/05/13;66.77;66.88;65.97;66.14;368998
FR0000121261;28/05/13;66.77;67.96;66.65;67.50;686907
FR0000121261;29/05/13;67.37;67.64;66.60;66.88;521670
FR0000121261;30/05/13;66.97;68.34;66.97;67.16;657090
FR0000121261;31/05/13;67.33;68.48;66.52;67.78;825354
FR0000121485;02/05/13;167.00;168.95;167.00;168.55;244217
FR0000121485;03/05/13;168.85;170.10;167.95;168.90;242396
FR0000121485;06/05/13;168.55;171.25;168.00;170.80;114611
FR0000121485;07/05/13;170.95;171.25;169.45;171.10;206970
FR0000121485;08/05/13;170.15;172.20;169.95;171.35;312624
FR0000121485;09/05/13;171.65;172.05;169.95;171.15;185456
FR0000121485;10/05/13;171.80;174.40;170.50;174.40;178287
FR0000121485;13/05/13;174.20;174.75;172.95;173.70;155514
FR0000121485;14/05/13;173.90;174.00;170.80;173.35;293789
FR0000121485;15/05/13;172.85;173.50;170.00;173.00;338541
FR0000121485;16/05/13;173.00;176.10;172.85;175.45;188745
FR0000121485;17/05/13;175.65;177.10;175.10;176.10;262190
FR0000121485;20/05/13;176.45;176.85;175.00;175.70;162469
FR0000121485;21/05/13;176.10;177.15;173.90;176.15;213456
FR0000121485;22/05/13;176.15;176.15;173.30;175.85;215338
FR0000121485;23/05/13;173.25;174.35;171.95;172.00;315886
FR0000121485;24/05/13;172.45;173.35;170.35;170.60;260126
FR0000121485;27/05/13;170.95;172.00;169.90;170.35;156011
FR0000121485;28/05/13;171.50;175.50;170.85;174.50;302530
FR0000121485;29/05/13;174.50;174.70;168.50;168.50;348991
FR0000121485;30/05/13;168.80;170.90;168.10;170.15;248649
FR0000121485;31/05/13;170.45;170.45;166.50;168.20;334031
FR0000121501;02/05/13;3.821;3.84;3.60;3.70;5072461
FR0000121501;03/05/13;3.718;3.792;3.624;3.784;2727450
FR0000121501;06/05/13;3.795;3.867;3.739;3.808;1225437
FR0000121501;07/05/13;3.847;3.941;3.769;3.863;2674751
FR0000121501;08/05/13;3.877;3.949;3.819;3.849;1739165
FR0000121501;09/05/13;3.841;3.878;3.68;3.853;2953689
FR0000121501;10/05/13;3.831;4.003;3.831;3.989;3564068
FR0000121501;13/05/13;3.98;4.019;3.87;3.983;1967929
FR0000121501;14/05/13;4.025;4.15;3.93;4.075;4289704
FR0000121501;15/05/13;4.095;4.595;4.06;4.357;9900260
FR0000121501;16/05/13;4.29;4.407;4.244;4.288;4583030
FR0000121501;17/05/13;4.312;5.039;4.30;4.942;15944403
FR0000121501;20/05/13;4.945;5.39;4.945;5.36;11358643
FR0000121501;21/05/13;5.301;5.48;5.11;5.318;6299870
FR0000121501;22/05/13;5.31;5.319;5.127;5.178;3881066
FR0000121501;23/05/13;4.85;5.00;4.626;4.79;8144915
FR0000121501;24/05/13;4.843;4.899;4.756;4.80;4565903
FR0000121501;27/05/13;4.828;5.044;4.828;4.969;3050887
FR0000121501;28/05/13;5.08;5.32;5.04;5.159;6074571
FR0000121501;29/05/13;5.00;5.09;4.79;4.849;9541869
FR0000121501;30/05/13;4.792;5.04;4.721;4.868;5337182
FR0000121501;31/05/13;4.822;4.92;4.604;4.627;19695422
FR0000121667;02/05/13;84.44;85.51;83.93;84.49;762341
FR0000121667;03/05/13;84.48;85.68;83.48;85.56;467459
FR0000121667;06/05/13;85.34;85.99;84.59;85.45;207935
FR0000121667;07/05/13;85.85;86.00;84.96;85.56;347112
FR0000121667;08/05/13;85.34;86.96;84.98;86.96;323742
FR0000121667;09/05/13;87.28;87.35;86.54;86.93;221166
FR0000121667;10/05/13;87.00;88.30;86.97;87.84;348224
FR0000121667;13/05/13;88.20;88.98;87.84;88.16;300950
FR0000121667;14/05/13;88.78;89.15;87.58;88.73;318466
FR0000121667;15/05/13;88.97;89.58;88.36;88.90;316472
FR0000121667;16/05/13;88.93;89.73;88.31;88.63;346519
FR0000121667;17/05/13;88.08;88.73;87.40;88.22;1028929
FR0000121667;20/05/13;88.47;88.72;87.71;88.62;246352
FR0000121667;21/05/13;88.64;89.52;88.55;89.07;363973
FR0000121667;22/05/13;88.82;89.90;88.27;89.70;448713
FR0000121667;23/05/13;88.46;89.43;87.61;89.43;754216
FR0000121667;24/05/13;89.53;89.98;87.07;87.27;566953
FR0000121667;27/05/13;88.08;88.79;87.57;88.18;266386
FR0000121667;28/05/13;88.22;89.75;88.15;88.86;490251
FR0000121667;29/05/13;88.51;88.80;86.91;86.91;408226
FR0000121667;30/05/13;86.85;87.96;86.03;87.09;422127
FR0000121667;31/05/13;87.27;87.27;85.13;85.13;1015854
FR0000121972;02/05/13;56.80;57.73;56.27;56.84;2336229
FR0000121972;03/05/13;57.12;57.70;56.72;57.55;1534640
FR0000121972;06/05/13;57.36;57.55;57.10;57.50;530558
FR0000121972;07/05/13;57.85;57.85;57.08;57.20;1186997
FR0000121972;08/05/13;57.16;58.98;57.05;58.50;1466183
FR0000121972;09/05/13;58.36;58.85;58.31;58.55;659219
FR0000121972;10/05/13;58.50;59.45;58.39;58.82;1078139
FR0000121972;13/05/13;58.68;59.14;58.36;58.68;795885
FR0000121972;14/05/13;58.79;58.96;58.06;58.90;983373
FR0000121972;15/05/13;58.58;59.21;58.46;58.95;703129
FR0000121972;16/05/13;58.83;59.37;58.68;59.25;776300
FR0000121972;17/05/13;59.00;60.08;58.73;60.06;3147805
FR0000121972;20/05/13;60.00;60.25;59.52;60.10;853594
FR0000121972;21/05/13;59.75;61.58;59.75;61.45;1800294
FR0000121972;22/05/13;61.49;63.00;61.39;62.81;2758774
FR0000121972;23/05/13;60.69;61.78;60.29;60.86;2123663
FR0000121972;24/05/13;60.85;61.79;60.24;60.58;1204608
FR0000121972;27/05/13;60.99;61.71;60.97;61.29;719582
FR0000121972;28/05/13;60.73;62.12;60.71;61.31;1516572
FR0000121972;29/05/13;60.49;60.95;60.05;60.15;1371607
FR0000121972;30/05/13;59.91;61.94;59.79;61.64;988154
FR0000121972;31/05/13;61.66;62.10;60.59;61.34;1588083
FR0000124141;02/05/13;10.445;10.585;10.235;10.44;3882837
FR0000124141;03/05/13;10.75;11.095;10.34;10.65;6621462
FR0000124141;06/05/13;10.61;10.81;10.30;10.735;4272370
FR0000124141;07/05/13;10.78;10.85;10.415;10.485;2999746
FR0000124141;08/05/13;10.48;10.505;10.35;10.40;2638114
FR0000124141;09/05/13;10.35;10.42;10.17;10.18;2958270
FR0000124141;10/05/13;10.17;10.295;10.135;10.235;2738077
FR0000124141;13/05/13;10.25;10.51;10.155;10.455;3048465
FR0000124141;14/05/13;10.505;10.605;10.355;10.395;2987599
FR0000124141;15/05/13;10.395;10.72;10.365;10.65;5174628
FR0000124141;16/05/13;10.725;10.73;10.505;10.66;3525462
FR0000124141;17/05/13;10.61;10.76;10.575;10.625;4263713
FR0000124141;20/05/13;10.00;10.205;9.906;10.06;3575198
FR0000124141;21/05/13;10.095;10.175;9.98;9.998;3191333
FR0000124141;22/05/13;9.962;10.085;9.952;9.978;2158171
FR0000124141;23/05/13;9.833;9.889;9.746;9.852;3647566
FR0000124141;24/05/13;9.89;9.965;9.623;9.623;3877951
FR0000124141;27/05/13;9.596;9.748;9.59;9.642;2955376
FR0000124141;28/05/13;9.675;9.863;9.57;9.78;4618164
FR0000124141;29/05/13;9.728;9.877;9.52;9.52;3812202
FR0000124141;30/05/13;9.53;9.693;9.527;9.627;3381177
FR0000124141;31/05/13;9.622;9.728;9.552;9.608;4806113
FR0000124711;02/05/13;198.50;201.15;195.30;199.00;471203
FR0000124711;03/05/13;191.95;193.00;189.10;193.00;428137
FR0000124711;06/05/13;194.30;194.60;192.35;193.20;186213
FR0000124711;07/05/13;195.00;195.40;193.55;194.45;280998
FR0000124711;08/05/13;193.65;195.60;192.45;194.50;253198
FR0000124711;09/05/13;194.40;194.90;192.10;194.45;128289
FR0000124711;10/05/13;194.10;196.80;193.40;193.80;259230
FR0000124711;13/05/13;194.80;197.65;194.10;197.65;274815
FR0000124711;14/05/13;200.00;201.80;198.20;201.80;320887
FR0000124711;15/05/13;201.00;202.40;200.15;202.40;220715
FR0000124711;16/05/13;202.70;204.50;201.05;203.20;281321
FR0000124711;17/05/13;204.05;208.00;203.25;207.45;565322
FR0000124711;20/05/13;208.00;208.25;206.10;207.35;146468
FR0000124711;21/05/13;207.55;208.25;206.30;208.25;272474
FR0000124711;22/05/13;209.00;209.00;204.15;205.40;314705
FR0000124711;23/05/13;200.00;201.70;196.60;197.70;627780
FR0000124711;24/05/13;195.85;197.60;193.30;196.00;425658
FR0000124711;27/05/13;197.95;198.30;195.60;197.00;165038
FR0000124711;28/05/13;197.55;200.10;197.55;198.00;419890
FR0000124711;29/05/13;196.80;197.75;192.70;193.60;294703
FR0000124711;30/05/13;194.00;194.85;192.15;193.05;254956
FR0000124711;31/05/13;193.25;193.45;187.25;189.25;635194
FR0000125007;02/05/13;30.50;30.865;30.085;30.50;2157801
FR0000125007;03/05/13;30.58;31.145;30.25;31.045;1800247
FR0000125007;06/05/13;30.95;31.03;30.42;31.01;793912
FR0000125007;07/05/13;30.95;31.50;30.90;31.305;1965025
FR0000125007;08/05/13;31.315;32.20;31.27;32.17;2277973
FR0000125007;09/05/13;32.08;32.685;32.06;32.30;1523066
FR0000125007;10/05/13;32.01;32.675;32.005;32.615;1924435
FR0000125007;13/05/13;32.275;32.54;31.965;32.20;1747964
FR0000125007;14/05/13;32.15;32.715;31.87;32.605;2206736
FR0000125007;15/05/13;32.395;32.795;32.31;32.47;1389198
FR0000125007;16/05/13;32.265;32.995;32.19;32.995;2239107
FR0000125007;17/05/13;32.585;33.175;32.55;32.715;3259317
FR0000125007;20/05/13;32.56;32.825;32.36;32.78;1166128
FR0000125007;21/05/13;32.695;33.325;32.645;33.10;1885750
FR0000125007;22/05/13;33.00;33.105;32.13;32.535;1970404
FR0000125007;23/05/13;31.30;32.25;31.20;32.17;2901545
FR0000125007;24/05/13;32.16;32.73;32.07;32.41;2509116
FR0000125007;27/05/13;32.285;32.46;32.20;32.265;898605
FR0000125007;28/05/13;32.125;33.28;32.125;33.04;2148567
FR0000125007;29/05/13;32.60;33.11;32.515;33.035;1955744
FR0000125007;30/05/13;32.46;33.93;32.46;33.70;2966874
FR0000125007;31/05/13;33.33;33.775;33.07;33.54;2408219
FR0000125338;02/05/13;35.405;37.88;35.405;37.60;2015801
FR0000125338;03/05/13;37.685;38.01;37.21;38.01;1101945
FR0000125338;06/05/13;38.145;38.265;37.92;38.01;396593
FR0000125338;07/05/13;38.20;38.585;37.98;38.24;629205
FR0000125338;08/05/13;38.30;39.045;38.04;38.90;602981
FR0000125338;09/05/13;38.945;39.165;38.45;39.09;355773
FR0000125338;10/05/13;39.145;39.445;38.80;39.315;519855
FR0000125338;13/05/13;39.30;39.50;38.91;39.12;602629
FR0000125338;14/05/13;39.285;39.30;38.855;39.15;581784
FR0000125338;15/05/13;39.175;39.55;38.89;39.55;844122
FR0000125338;16/05/13;39.43;39.53;39.035;39.385;493448
FR0000125338;17/05/13;39.20;39.36;38.565;39.28;938617
FR0000125338;20/05/13;39.41;39.965;39.38;39.965;429376
FR0000125338;21/05/13;39.945;40.10;39.635;40.01;679653
FR0000125338;22/05/13;40.05;40.08;38.61;38.725;1369362
FR0000125338;23/05/13;38.04;38.34;37.64;38.065;1071904
FR0000125338;24/05/13;38.19;39.39;38.19;38.67;1040668
FR0000125338;27/05/13;38.935;39.00;38.55;38.62;319628
FR0000125338;28/05/13;38.89;39.045;38.625;38.625;647953
FR0000125338;29/05/13;38.61;38.695;37.60;38.195;648529
FR0000125338;30/05/13;38.24;38.73;38.13;38.25;1029441
FR0000125338;31/05/13;38.005;38.39;37.335;37.77;1691148
FR0000125486;02/05/13;36.605;37.035;36.18;36.655;2145763
FR0000125486;03/05/13;36.705;37.535;36.48;37.35;1635447
FR0000125486;06/05/13;37.35;37.45;37.01;37.295;1045982
FR0000125486;07/05/13;37.265;37.94;37.265;37.66;1337431
FR0000125486;08/05/13;37.595;37.96;37.465;37.95;993926
FR0000125486;09/05/13;37.77;37.94;37.695;37.85;1142114
FR0000125486;10/05/13;37.795;37.93;37.37;37.695;1387915
FR0000125486;13/05/13;37.64;37.82;37.305;37.55;1485168
FR0000125486;14/05/13;37.755;37.785;37.26;37.71;1458124
FR0000125486;15/05/13;37.74;37.905;37.495;37.875;1120669
FR0000125486;16/05/13;37.745;37.87;37.26;37.715;1001178
FR0000125486;17/05/13;37.635;38.24;37.57;38.025;2761480
FR0000125486;20/05/13;38.23;38.445;38.115;38.44;1140632
FR0000125486;21/05/13;38.45;38.61;38.04;38.535;1379475
FR0000125486;22/05/13;38.56;38.56;37.865;38.015;1787629
FR0000125486;23/05/13;37.005;37.50;36.755;37.255;2392658
FR0000125486;24/05/13;37.515;38.055;37.32;37.495;1619899
FR0000125486;27/05/13;37.675;37.975;37.545;37.865;780953
FR0000125486;28/05/13;38.00;39.45;37.97;39.305;3161067
FR0000125486;29/05/13;38.91;39.405;38.52;39.35;2263142
FR0000125486;30/05/13;39.07;40.10;39.00;40.00;2487180
FR0000125486;31/05/13;39.89;40.065;39.195;39.695;2412243
FR0000127771;02/05/13;17.03;17.15;16.855;17.07;6497855
FR0000127771;03/05/13;17.15;17.15;16.805;16.935;6271623
FR0000127771;06/05/13;16.955;17.065;16.84;16.875;2117315
FR0000127771;07/05/13;16.925;16.99;16.745;16.93;3272593
FR0000127771;08/05/13;16.855;16.955;16.805;16.90;2478414
FR0000127771;09/05/13;16.79;16.955;16.65;16.89;3227090
FR0000127771;10/05/13;16.90;17.10;16.755;16.91;4124767
FR0000127771;13/05/13;16.995;17.035;16.685;16.755;4671673
FR0000127771;14/05/13;16.04;16.09;15.74;15.985;5079442
FR0000127771;15/05/13;15.90;15.90;15.50;15.72;6161453
FR0000127771;16/05/13;15.595;15.65;15.205;15.30;8247798
FR0000127771;17/05/13;15.19;15.33;15.17;15.19;7654305
FR0000127771;20/05/13;15.135;15.34;15.12;15.315;3469782
FR0000127771;21/05/13;15.20;15.48;15.20;15.40;4809859
FR0000127771;22/05/13;15.45;15.795;15.435;15.605;7600504
FR0000127771;23/05/13;15.205;15.465;15.10;15.10;7601050
FR0000127771;24/05/13;15.13;15.395;15.13;15.17;5747653
FR0000127771;27/05/13;15.42;15.69;15.385;15.595;3424480
FR0000127771;28/05/13;15.50;15.765;15.495;15.715;6222046
FR0000127771;29/05/13;15.70;15.78;15.44;15.445;4100788
FR0000127771;30/05/13;15.23;15.50;15.22;15.475;3274918
FR0000127771;31/05/13;15.31;15.385;15.105;15.17;12703367
FR0000130577;02/05/13;53.03;54.37;53.03;54.03;653702
FR0000130577;03/05/13;53.87;54.37;53.71;54.32;377602
FR0000130577;06/05/13;54.16;54.78;54.14;54.78;235795
FR0000130577;07/05/13;54.67;55.00;54.42;54.60;402882
FR0000130577;08/05/13;54.37;55.00;54.07;54.90;353910
FR0000130577;09/05/13;54.97;55.20;54.57;55.12;340844
FR0000130577;10/05/13;55.00;55.80;54.97;55.76;488269
FR0000130577;13/05/13;55.76;56.01;55.55;55.74;409441
FR0000130577;14/05/13;55.89;55.90;54.99;55.22;572334
FR0000130577;15/05/13;55.12;55.35;54.82;55.24;648651
FR0000130577;16/05/13;55.23;55.61;54.87;55.25;598357
FR0000130577;17/05/13;55.23;55.90;55.05;55.59;539443
FR0000130577;20/05/13;55.39;56.91;55.39;56.91;526285
FR0000130577;21/05/13;56.79;57.24;56.37;57.24;492450
FR0000130577;22/05/13;57.01;57.15;56.62;56.88;501716
FR0000130577;23/05/13;56.00;56.55;55.80;56.42;611522
FR0000130577;24/05/13;56.50;56.56;55.48;55.69;419229
FR0000130577;27/05/13;56.44;56.88;56.21;56.70;207345
FR0000130577;28/05/13;56.80;57.64;56.62;57.37;559660
FR0000130577;29/05/13;56.90;57.18;55.78;55.98;408727
FR0000130577;30/05/13;55.53;56.78;55.51;56.40;316578
FR0000130577;31/05/13;56.20;56.40;55.27;55.27;721643
FR0000130809;02/05/13;27.15;28.39;27.06;27.78;5811411
FR0000130809;03/05/13;27.93;28.765;27.645;28.545;5333642
FR0000130809;06/05/13;28.53;28.54;28.205;28.52;2197990
FR0000130809;07/05/13;29.50;30.835;29.26;30.14;10691753
FR0000130809;08/05/13;30.16;31.08;30.025;30.72;5832374
FR0000130809;09/05/13;30.84;31.18;30.455;30.68;3166693
FR0000130809;10/05/13;30.48;30.815;29.84;30.065;5111160
FR0000130809;13/05/13;29.82;30.095;29.30;29.845;3947315
FR0000130809;14/05/13;29.99;30.11;29.43;29.995;4144816
FR0000130809;15/05/13;29.70;30.88;29.61;30.60;5105320
FR0000130809;16/05/13;30.20;30.99;30.155;30.765;3851493
FR0000130809;17/05/13;30.405;31.85;30.40;31.50;8502764
FR0000130809;20/05/13;31.45;32.38;31.42;32.155;4598914
FR0000130809;21/05/13;32.185;32.39;31.60;32.00;4743624
FR0000130809;22/05/13;32.15;32.405;31.45;32.13;4171781
FR0000130809;23/05/13;31.20;31.39;30.495;30.885;9258305
FR0000130809;24/05/13;31.23;31.39;30.37;30.635;3896269
FR0000130809;27/05/13;30.90;31.14;30.77;30.925;1326646
FR0000130809;28/05/13;31.255;32.385;31.245;31.88;5988491
FR0000130809;29/05/13;31.40;31.56;30.895;31.01;4508796
FR0000130809;30/05/13;30.925;31.64;30.775;31.09;3729179
FR0000130809;31/05/13;31.22;31.24;30.675;30.86;4445542
FR0000131104;02/05/13;42.15;43.67;41.85;42.87;6583008
FR0000131104;03/05/13;43.73;44.00;42.69;43.89;6175104
FR0000131104;06/05/13;43.68;44.00;43.535;43.895;1990650
FR0000131104;07/05/13;44.00;45.30;43.945;44.95;5260725
FR0000131104;08/05/13;45.095;45.50;44.30;44.65;3451027
FR0000131104;09/05/13;44.555;45.025;44.24;44.54;2186750
FR0000131104;10/05/13;44.505;45.18;44.125;44.67;3474652
FR0000131104;13/05/13;44.84;44.905;43.82;44.155;3585556
FR0000131104;14/05/13;44.52;45.075;44.01;45.045;3645416
FR0000131104;15/05/13;44.70;45.79;44.39;45.75;4648555
FR0000131104;16/05/13;45.495;46.18;45.31;45.85;3848669
FR0000131104;17/05/13;45.84;47.05;45.60;46.49;7918358
FR0000131104;20/05/13;46.675;47.25;46.20;46.705;3126982
FR0000131104;21/05/13;45.90;45.97;44.665;45.485;4614943
FR0000131104;22/05/13;45.42;46.37;44.92;46.05;4250572
FR0000131104;23/05/13;44.59;45.205;44.20;44.78;5796041
FR0000131104;24/05/13;45.02;45.23;43.77;44.22;4335249
FR0000131104;27/05/13;44.445;45.18;44.445;45.105;1623697
FR0000131104;28/05/13;45.465;46.80;45.385;46.04;4642588
FR0000131104;29/05/13;45.95;46.095;45.26;45.27;4043610
FR0000131104;30/05/13;45.33;46.22;45.33;45.63;3899211
FR0000131104;31/05/13;45.87;45.97;45.325;45.325;4449267
FR0000131906;02/05/13;52.24;52.25;50.71;52.02;1506246
FR0000131906;03/05/13;52.30;53.78;51.75;53.65;1018447
FR0000131906;06/05/13;53.89;53.89;52.72;53.19;688046
FR0000131906;07/05/13;53.12;54.98;52.96;54.08;1310828
FR0000131906;08/05/13;53.96;54.54;53.24;53.42;856535
FR0000131906;09/05/13;53.45;53.45;52.45;53.03;814843
FR0000131906;10/05/13;51.17;53.23;50.78;52.40;1646615
FR0000131906;13/05/13;53.20;54.36;53.16;53.79;1331177
FR0000131906;14/05/13;54.25;56.28;53.77;56.00;1371173
FR0000131906;15/05/13;56.20;58.95;55.45;58.50;2118512
FR0000131906;16/05/13;58.40;59.49;58.04;59.19;1247865
FR0000131906;17/05/13;59.50;61.68;59.44;61.29;2135517
FR0000131906;20/05/13;61.65;63.67;61.55;62.13;1194329
FR0000131906;21/05/13;61.96;62.27;59.87;62.27;1861159
FR0000131906;22/05/13;62.58;62.81;61.12;62.13;1060399
FR0000131906;23/05/13;59.50;60.48;58.99;59.66;1626952
FR0000131906;24/05/13;60.00;60.36;58.37;59.25;1252881
FR0000131906;27/05/13;59.24;59.60;58.50;59.50;770255
FR0000131906;28/05/13;59.87;61.98;59.87;61.47;1379445
FR0000131906;29/05/13;61.30;61.42;59.62;59.71;951858
FR0000131906;30/05/13;58.10;60.75;57.50;59.35;1505568
FR0000131906;31/05/13;59.14;60.17;58.29;59.76;1267369
FR0000133308;02/05/13;8.141;8.29;8.065;8.076;9980464
FR0000133308;03/05/13;8.157;8.248;8.052;8.248;6920393
FR0000133308;06/05/13;8.249;8.258;8.156;8.187;2981430
FR0000133308;07/05/13;8.249;8.249;8.152;8.189;5814366
FR0000133308;08/05/13;8.199;8.238;8.127;8.159;5983719
FR0000133308;09/05/13;8.159;8.208;8.098;8.191;3793765
FR0000133308;10/05/13;8.20;8.389;8.20;8.355;7846932
FR0000133308;13/05/13;8.348;8.389;8.276;8.332;5226355
FR0000133308;14/05/13;8.381;8.382;8.197;8.324;4760329
FR0000133308;15/05/13;8.281;8.32;8.186;8.32;6917830
FR0000133308;16/05/13;8.314;8.32;8.152;8.214;8477204
FR0000133308;17/05/13;8.166;8.263;8.123;8.233;10236359
FR0000133308;20/05/13;8.274;8.312;8.228;8.296;4218744
FR0000133308;21/05/13;8.296;8.309;8.161;8.292;7604158
FR0000133308;22/05/13;8.338;8.377;8.249;8.303;6254027
FR0000133308;23/05/13;8.15;8.203;8.044;8.099;10226094
FR0000133308;24/05/13;8.173;8.189;8.075;8.10;5588152
FR0000133308;27/05/13;8.188;8.236;8.143;8.189;3348887
FR0000133308;28/05/13;8.221;8.357;8.20;8.30;7981841
FR0000133308;29/05/13;8.30;8.342;8.143;8.15;9674963
FR0000133308;30/05/13;8.15;8.206;8.078;8.109;9376366
FR0000133308;31/05/13;8.08;8.085;7.843;7.843;14131890
FR0010208488;02/05/13;16.50;16.565;16.18;16.48;6147370
FR0010208488;03/05/13;16.46;16.765;16.31;16.73;5711553
FR0010208488;06/05/13;16.64;16.695;16.415;16.485;2475000
FR0010208488;07/05/13;16.52;16.555;16.345;16.505;3225795
FR0010208488;08/05/13;16.465;16.74;16.445;16.685;3640668
FR0010208488;09/05/13;16.615;16.665;16.42;16.545;2424263
FR0010208488;10/05/13;16.515;16.675;16.505;16.645;3047528
FR0010208488;13/05/13;16.70;16.75;16.55;16.73;2665783
FR0010208488;14/05/13;16.02;16.575;16.00;16.575;8297564
FR0010208488;15/05/13;16.545;16.64;16.28;16.46;3594484
FR0010208488;16/05/13;16.485;16.485;16.275;16.36;3188265
FR0010208488;17/05/13;16.405;16.755;16.36;16.605;9305677
FR0010208488;20/05/13;16.62;16.725;16.485;16.665;2160147
FR0010208488;21/05/13;16.665;16.68;16.375;16.525;3527321
FR0010208488;22/05/13;16.56;16.635;16.395;16.50;4271926
FR0010208488;23/05/13;16.22;16.44;16.115;16.29;5140670
FR0010208488;24/05/13;16.395;16.425;16.205;16.26;2264616
FR0010208488;27/05/13;16.31;16.41;16.22;16.305;1795445
FR0010208488;28/05/13;16.40;16.53;16.32;16.435;3636250
FR0010208488;29/05/13;16.42;16.42;16.065;16.065;4224056
FR0010208488;30/05/13;16.125;16.155;15.92;16.05;3435920
FR0010208488;31/05/13;16.015;16.07;15.75;15.75;5249724
FR0010307819;02/05/13;34.60;35.735;34.43;35.69;1100708
FR0010307819;03/05/13;35.63;35.665;35.20;35.555;710546
FR0010307819;06/05/13;35.295;35.64;34.975;35.445;577343
FR0010307819;07/05/13;35.85;37.085;35.64;36.745;930057
FR0010307819;08/05/13;36.595;37.66;36.53;37.545;589804
FR0010307819;09/05/13;37.48;37.82;37.37;37.40;404767
FR0010307819;10/05/13;37.40;38.195;37.215;37.365;577414
FR0010307819;13/05/13;37.48;37.645;37.325;37.515;356600
FR0010307819;14/05/13;37.75;37.905;37.31;37.68;534533
FR0010307819;15/05/13;37.645;38.175;37.49;38.00;318780
FR0010307819;16/05/13;37.99;38.495;37.83;38.405;467177
FR0010307819;17/05/13;38.17;38.83;38.04;38.69;596440
FR0010307819;20/05/13;38.785;39.00;38.47;38.99;333126
FR0010307819;21/05/13;38.93;39.295;38.625;38.90;694643
FR0010307819;22/05/13;38.71;39.04;38.71;38.90;550868
FR0010307819;23/05/13;38.40;38.73;37.72;37.995;848813
FR0010307819;24/05/13;37.93;38.365;37.85;38.025;461704
FR0010307819;27/05/13;38.38;38.46;38.155;38.46;228878
FR0010307819;28/05/13;38.49;39.15;38.085;38.935;488594
FR0010307819;29/05/13;37.40;37.85;37.40;37.62;678298
FR0010307819;30/05/13;37.53;38.405;37.53;38.33;372191
FR0010307819;31/05/13;38.22;38.355;37.675;38.045;1240252
FR0013176526;02/05/13;14.6667;14.8583;14.5667;14.745;1386732
FR0013176526;03/05/13;14.7733;15.2733;14.7167;15.2483;1191777
FR0013176526;06/05/13;15.2067;15.4183;15.125;15.4183;781950
FR0013176526;07/05/13;15.45;15.7967;15.3067;15.4517;1503234
FR0013176526;08/05/13;15.4267;15.78;15.4267;15.74;866877
FR0013176526;09/05/13;15.7733;15.80;15.5667;15.675;750345
FR0013176526;10/05/13;15.7433;15.905;15.6333;15.755;847587
FR0013176526;13/05/13;15.7517;15.9067;15.64;15.7983;724461
FR0013176526;14/05/13;15.8333;15.8967;15.70;15.8767;1153053
FR0013176526;15/05/13;15.88;16.2067;15.80;16.2067;1403892
FR0013176526;16/05/13;16.1767;16.3467;16.07;16.19;1317036
FR0013176526;17/05/13;16.15;16.5833;16.15;16.565;1400817
FR0013176526;20/05/13;16.5383;16.88;16.5317;16.7867;844749
FR0013176526;21/05/13;17.2033;17.38;16.8667;17.33;2547669
FR0013176526;22/05/13;17.36;17.4767;17.0067;17.2933;1396344
FR0013176526;23/05/13;16.8333;16.8667;16.45;16.7833;1999920
FR0013176526;24/05/13;16.7933;16.9033;16.3667;16.4767;1493394
FR0013176526;27/05/13;16.5517;17.0533;16.5517;16.9933;582159
FR0013176526;28/05/13;17.1133;17.3667;16.9533;17.1367;1182183
FR0013176526;29/05/13;17.00;17.00;16.67;16.84;988230
FR0013176526;30/05/13;16.92;17.28;16.8767;17.1567;932943
FR0013176526;31/05/13;17.1467;17.3567;16.82;17.25;1166334
GB00BDSFG982;02/05/13;40.125;40.375;39.66;40.30;1250376
GB00BDSFG982;03/05/13;40.67;41.805;40.505;41.77;1017734
GB00BDSFG982;06/05/13;41.53;41.75;41.24;41.635;507744
GB00BDSFG982;07/05/13;41.63;41.99;41.57;41.735;716040
GB00BDSFG982;08/05/13;41.855;42.89;41.83;42.78;794748
GB00BDSFG982;09/05/13;42.84;42.995;42.59;42.745;512498
GB00BDSFG982;10/05/13;42.745;42.925;42.57;42.745;755152
GB00BDSFG982;13/05/13;42.75;43.00;42.27;42.35;539904
GB00BDSFG982;14/05/13;42.92;42.935;42.235;42.73;619560
GB00BDSFG982;15/05/13;42.745;42.875;42.005;42.35;562804
GB00BDSFG982;16/05/13;42.30;42.52;42.245;42.465;592446
GB00BDSFG982;17/05/13;42.47;42.475;41.85;42.105;773080
GB00BDSFG982;20/05/13;42.25;42.26;41.385;41.89;701676
GB00BDSFG982;21/05/13;42.00;43.425;41.875;43.425;1401382
GB00BDSFG982;22/05/13;43.50;44.16;43.34;43.95;1007010
GB00BDSFG982;23/05/13;42.915;43.42;42.55;43.19;910232
GB00BDSFG982;24/05/13;43.24;43.515;42.885;42.95;691986
GB00BDSFG982;27/05/13;43.14;43.49;43.14;43.395;277364
GB00BDSFG982;28/05/13;43.57;44.50;43.35;44.30;810254
GB00BDSFG982;29/05/13;44.12;44.15;43.625;43.815;1006670
GB00BDSFG982;30/05/13;43.73;44.03;43.325;43.91;781710
GB00BDSFG982;31/05/13;43.90;43.91;42.86;42.965;946774
LU1598757687;02/05/13;28.047;28.557;27.714;28.149;3258618
LU1598757687;03/05/13;28.434;29.22;28.203;28.893;3791694
LU1598757687;06/05/13;28.806;29.31;28.806;29.049;1166831
LU1598757687;07/05/13;29.04;29.391;28.893;29.055;2485229
LU1598757687;08/05/13;29.211;29.253;28.218;28.647;3880560
LU1598757687;09/05/13;28.917;29.658;28.80;29.532;3797252
LU1598757687;10/05/13;30.735;31.26;30.03;30.285;6482624
LU1598757687;13/05/13;30.345;30.705;29.778;29.88;2829190
LU1598757687;14/05/13;30.045;30.045;28.887;29.382;4297260
LU1598757687;15/05/13;29.544;29.73;29.16;29.283;2904663
LU1598757687;16/05/13;29.28;29.388;28.794;29.355;2965402
LU1598757687;17/05/13;29.16;30.285;29.04;29.919;5159118
LU1598757687;20/05/13;30.12;30.42;29.943;30.315;1917577
LU1598757687;21/05/13;30.30;31.02;30.195;30.825;2816704
LU1598757687;22/05/13;30.84;31.20;30.525;30.735;2438364
LU1598757687;23/05/13;29.85;30.12;29.514;29.916;4066628
LU1598757687;24/05/13;30.06;30.135;29.487;29.82;2299501
LU1598757687;27/05/13;29.925;30.225;29.781;30.21;944038
LU1598757687;28/05/13;30.21;30.465;29.952;30.27;2282630
LU1598757687;29/05/13;30.21;30.405;29.865;30.015;2440076
LU1598757687;30/05/13;29.979;30.45;29.733;30.225;2280862
LU1598757687;31/05/13;30.24;30.27;29.667;29.70;3263849
NL0000226223;02/05/13;6.56;6.72;6.547;6.689;3414782
NL0000226223;03/05/13;6.686;6.701;6.582;6.699;3459092
NL0000226223;06/05/13;6.707;6.746;6.644;6.712;1141207
NL0000226223;07/05/13;6.695;6.849;6.695;6.808;2690717
NL0000226223;08/05/13;6.802;7.141;6.79;7.132;2986800
NL0000226223;09/05/13;7.13;7.153;7.011;7.048;1987042
NL0000226223;10/05/13;7.105;7.205;7.059;7.196;1701703
NL0000226223;13/05/13;7.20;7.235;6.953;7.063;2501449
NL0000226223;14/05/13;7.095;7.10;6.964;7.051;2373811
NL0000226223;15/05/13;7.058;7.21;7.019;7.21;2466595
NL0000226223;16/05/13;7.186;7.273;7.132;7.222;3871734
NL0000226223;17/05/13;7.19;7.34;7.103;7.32;4325005
NL0000226223;20/05/13;7.41;7.627;7.40;7.52;2941653
NL0000226223;21/05/13;7.505;7.689;7.428;7.677;3946558
NL0000226223;22/05/13;7.623;7.687;7.477;7.551;3453803
NL0000226223;23/05/13;7.32;7.42;7.185;7.307;3470118
NL0000226223;24/05/13;7.365;7.369;7.155;7.189;2364189
NL0000226223;27/05/13;7.214;7.281;7.162;7.261;867676
NL0000226223;28/05/13;7.363;7.521;7.363;7.381;3671196
NL0000226223;29/05/13;7.251;7.315;7.136;7.187;3675296
NL0000226223;30/05/13;7.162;7.472;7.162;7.339;3878763
NL0000226223;31/05/13;7.396;7.397;7.19;7.262;3791553
NL0000235190;02/05/13;40.00;40.675;39.805;40.355;2341439
NL0000235190;03/05/13;40.42;40.955;40.165;40.85;1962660
NL0000235190;06/05/13;40.68;40.945;40.515;40.725;733349
NL0000235190;07/05/13;40.49;41.155;40.47;40.725;1867659
NL0000235190;08/05/13;40.67;41.485;40.67;41.25;1972279
NL0000235190;09/05/13;41.39;41.585;41.05;41.335;1391174
NL0000235190;10/05/13;41.605;41.865;41.23;41.51;2277938
NL0000235190;13/05/13;41.675;41.895;40.85;41.20;2600409
NL0000235190;14/05/13;41.80;42.55;41.585;42.44;4563592
NL0000235190;15/05/13;42.905;43.35;42.785;43.115;2846366
NL0000235190;16/05/13;42.94;43.495;42.83;43.30;2513485
NL0000235190;17/05/13;43.295;43.37;42.90;43.30;3449904
NL0000235190;20/05/13;43.30;43.335;42.625;43.165;1394240
NL0000235190;21/05/13;43.165;43.30;42.685;43.075;2153559
NL0000235190;22/05/13;43.19;43.35;42.76;43.10;1737715
NL0000235190;23/05/13;42.51;42.82;41.805;42.02;2714654
NL0000235190;24/05/13;42.445;42.59;42.105;42.525;1384365
NL0000235190;27/05/13;42.785;42.855;42.395;42.595;826325
NL0000235190;28/05/13;42.94;43.80;42.69;43.80;2690521
NL0000235190;29/05/13;43.69;44.675;43.15;44.20;4228263
NL0000235190;30/05/13;43.995;44.80;43.90;44.245;1970093
NL0000235190;31/05/13;43.99;44.45;42.87;44.45;10733430
