BE0003470755;01/12/15;109.25;109.90;107.25;107.40;360431
BE0003470755;02/12/15;107.35;107.75;105.70;105.80;327051
BE0003470755;03/12/15;104.95;105.60;101.30;101.30;1081672
BE0003470755;04/12/15;95.25;95.59;92.80;92.87;1234224
BE0003470755;07/12/15;92.90;95.53;92.20;94.99;1154161
BE0003470755;08/12/15;95.00;95.00;92.59;93.00;998103
BE0003470755;09/12/15;93.00;93.26;92.04;92.05;1049217
BE0003470755;10/12/15;92.05;93.67;91.87;92.12;1214903
BE0003470755;11/12/15;92.00;92.91;91.85;92.20;1437578
BE0003470755;14/12/15;92.10;93.26;91.55;91.91;1015641
BE0003470755;15/12/15;92.25;93.35;92.11;93.30;745733
BE0003470755;16/12/15;93.47;94.70;93.07;93.28;485075
BE0003470755;17/12/15;94.50;97.58;94.41;96.30;713245
BE0003470755;18/12/15;97.95;98.05;95.60;96.51;881479
BE0003470755;21/12/15;96.47;97.74;95.20;95.20;372825
BE0003470755;22/12/15;95.70;96.10;94.35;95.00;365028
BE0003470755;23/12/15;95.72;99.30;95.25;98.98;437166
BE0003470755;24/12/15;99.40;99.40;97.87;98.31;54372
BE0003470755;28/12/15;98.90;98.98;97.53;98.09;165002
BE0003470755;29/12/15;98.73;99.98;98.50;99.98;293492
BE0003470755;30/12/15;100.00;100.00;99.15;99.51;254602
BE0003470755;31/12/15;99.25;99.70;98.28;98.43;121806
CH0012214059;01/12/15;51.04;51.04;49.73;49.73;620939
CH0012214059;02/12/15;49.905;51.68;49.83;51.04;666909
CH0012214059;03/12/15;50.90;51.73;49.25;49.25;840400
CH0012214059;04/12/15;49.25;49.73;47.71;48.45;1038348
CH0012214059;07/12/15;48.52;49.20;47.985;48.24;475561
CH0012214059;08/12/15;48.25;48.31;46.365;46.845;936824
CH0012214059;09/12/15;46.87;47.335;45.645;46.50;680899
CH0012214059;10/12/15;46.58;47.175;46.215;46.215;513901
CH0012214059;11/12/15;46.10;46.415;45.45;45.965;439979
CH0012214059;14/12/15;46.195;46.48;45.28;45.28;521648
CH0012214059;15/12/15;45.57;46.20;45.18;46.16;610181
CH0012214059;16/12/15;45.895;46.49;45.38;46.085;516197
CH0012214059;17/12/15;47.025;47.145;45.82;45.835;683542
CH0012214059;18/12/15;45.45;45.95;44.53;45.00;1308355
CH0012214059;21/12/15;45.00;45.645;44.525;44.525;433025
CH0012214059;22/12/15;44.795;45.115;44.46;44.92;471968
CH0012214059;23/12/15;45.43;46.86;45.38;46.66;539677
CH0012214059;24/12/15;46.98;46.99;46.465;46.60;51945
CH0012214059;28/12/15;46.60;46.665;45.785;45.95;460899
CH0012214059;29/12/15;46.20;46.525;45.70;46.525;398021
CH0012214059;30/12/15;46.445;46.685;46.28;46.485;373008
CH0012214059;31/12/15;46.60;46.90;46.525;46.72;109280
FR0000045072;01/12/15;11.44;11.475;11.375;11.415;5438755
FR0000045072;02/12/15;11.42;11.515;11.19;11.305;6451577
FR0000045072;03/12/15;11.255;11.495;11.065;11.15;10622586
FR0000045072;04/12/15;11.095;11.22;10.995;11.095;7425076
FR0000045072;07/12/15;11.135;11.185;10.94;10.965;4450421
FR0000045072;08/12/15;10.96;10.99;10.565;10.66;8537704
FR0000045072;09/12/15;10.695;10.78;10.485;10.575;5404316
FR0000045072;10/12/15;10.525;10.665;10.315;10.44;6895488
FR0000045072;11/12/15;10.415;10.46;10.17;10.23;6211963
FR0000045072;14/12/15;10.29;10.425;10.095;10.12;7391040
FR0000045072;15/12/15;10.205;10.485;10.15;10.435;7238381
FR0000045072;16/12/15;10.50;10.545;10.30;10.475;5456871
FR0000045072;17/12/15;10.685;10.785;10.605;10.65;7630339
FR0000045072;18/12/15;10.56;10.74;10.495;10.57;8644171
FR0000045072;21/12/15;10.50;10.575;10.375;10.375;4779723
FR0000045072;22/12/15;10.53;10.715;10.51;10.625;7345282
FR0000045072;23/12/15;10.745;10.90;10.71;10.845;5272888
FR0000045072;24/12/15;10.85;10.90;10.83;10.89;1007380
FR0000045072;28/12/15;10.89;10.90;10.665;10.68;3406401
FR0000045072;29/12/15;10.76;10.86;10.71;10.86;2854841
FR0000045072;30/12/15;10.85;10.925;10.80;10.895;3401308
FR0000045072;31/12/15;10.87;10.905;10.86;10.88;838368
FR0000051732;01/12/15;77.24;77.77;76.64;77.42;332076
FR0000051732;02/12/15;77.63;78.14;77.61;77.90;262005
FR0000051732;03/12/15;78.01;79.00;76.61;77.26;456471
FR0000051732;04/12/15;77.46;77.95;76.54;77.87;261746
FR0000051732;07/12/15;77.95;79.42;77.92;79.29;427091
FR0000051732;08/12/15;79.27;79.78;77.79;78.03;429169
FR0000051732;09/12/15;78.37;79.02;77.29;77.69;319876
FR0000051732;10/12/15;77.56;78.33;76.81;78.06;279079
FR0000051732;11/12/15;77.62;78.25;76.67;76.90;358194
FR0000051732;14/12/15;77.00;77.30;76.26;76.31;212004
FR0000051732;15/12/15;76.75;79.47;76.56;79.29;418430
FR0000051732;16/12/15;79.30;79.54;78.21;78.22;274770
FR0000051732;17/12/15;79.60;80.00;78.65;78.94;300827
FR0000051732;18/12/15;78.43;78.56;76.95;77.22;633267
FR0000051732;21/12/15;77.25;77.76;76.50;76.50;152406
FR0000051732;22/12/15;77.14;77.19;75.48;75.54;398966
FR0000051732;23/12/15;75.61;76.92;75.61;76.85;215123
FR0000051732;24/12/15;76.60;76.86;75.54;76.20;64260
FR0000051732;28/12/15;75.91;76.62;75.88;76.39;139188
FR0000051732;29/12/15;76.88;77.88;76.60;77.88;191742
FR0000051732;30/12/15;77.88;77.93;77.23;77.54;94688
FR0000051732;31/12/15;77.07;77.68;76.70;77.45;66476
FR0000073272;01/12/15;68.50;68.76;67.85;68.17;2403183
FR0000073272;02/12/15;68.50;68.72;67.89;68.00;1178131
FR0000073272;03/12/15;67.88;68.41;64.72;65.85;2980978
FR0000073272;04/12/15;65.56;65.56;63.89;64.98;1751410
FR0000073272;07/12/15;65.37;66.21;65.01;65.15;1136681
FR0000073272;08/12/15;65.36;65.36;63.89;64.35;1046402
FR0000073272;09/12/15;64.36;64.56;62.67;62.67;1338440
FR0000073272;10/12/15;62.63;63.54;62.12;63.17;1120907
FR0000073272;11/12/15;63.12;63.15;61.60;61.98;1468910
FR0000073272;14/12/15;62.49;63.18;60.89;60.89;1586019
FR0000073272;15/12/15;61.39;63.32;61.31;63.32;1843587
FR0000073272;16/12/15;63.32;64.83;62.66;64.30;1486328
FR0000073272;17/12/15;66.07;66.07;64.39;64.57;1651065
FR0000073272;18/12/15;64.38;64.38;63.17;63.49;1871782
FR0000073272;21/12/15;63.02;64.13;62.59;62.59;1132266
FR0000073272;22/12/15;63.01;63.24;61.92;62.28;645747
FR0000073272;23/12/15;62.75;63.28;62.65;62.93;700792
FR0000073272;24/12/15;63.00;63.17;62.31;62.96;113947
FR0000073272;28/12/15;62.91;63.10;62.33;62.60;298306
FR0000073272;29/12/15;62.86;63.84;62.86;63.79;586669
FR0000073272;30/12/15;63.58;64.00;63.26;63.75;632108
FR0000073272;31/12/15;63.90;64.33;63.37;63.37;298407
FR0000120073;01/12/15;102.9091;103.0909;99.3182;99.7727;2819534
FR0000120073;02/12/15;99.6818;100.4545;97.9545;98.1818;1639180
FR0000120073;03/12/15;98.1818;100.00;94.7273;95.9546;2913588
FR0000120073;04/12/15;96.2727;97.0455;95.1364;95.8636;1968402
FR0000120073;07/12/15;96.9091;99.0909;96.5455;97.5455;1081303
FR0000120073;08/12/15;97.2273;97.7273;95.7727;96.1818;1052253
FR0000120073;09/12/15;96.9545;97.5455;95.2273;95.2273;1326480
FR0000120073;10/12/15;95.2273;96.1818;94.6364;94.9091;1045198
FR0000120073;11/12/15;94.9545;95.3182;93.0455;93.5909;1517300
FR0000120073;14/12/15;93.6364;95.5455;92.7727;92.7727;1515620
FR0000120073;15/12/15;93.5909;95.7727;93.3636;95.1818;1332447
FR0000120073;16/12/15;95.1818;96.2273;94.6364;95.0455;1184134
FR0000120073;17/12/15;97.0909;97.4091;96.3182;96.3182;1373724
FR0000120073;18/12/15;95.4545;96.4091;94.6364;95.2273;2059915
FR0000120073;21/12/15;95.1364;96.2273;92.4545;92.4545;1421988
FR0000120073;22/12/15;93.4091;93.7727;92.1364;92.7273;988971
FR0000120073;23/12/15;94.0909;95.1364;93.8636;94.8182;962940
FR0000120073;24/12/15;95.1818;95.2727;94.3182;94.5455;106030
FR0000120073;28/12/15;94.8636;95.0455;94.1818;94.3182;378535
FR0000120073;29/12/15;94.8182;96.0455;94.8182;96.00;496120
FR0000120073;30/12/15;95.7273;96.0455;95.2727;95.4545;452260
FR0000120073;31/12/15;94.8182;95.2273;94.2273;94.2273;290423
FR0000120172;01/12/15;29.205;29.30;28.20;28.26;3602824
FR0000120172;02/12/15;28.305;28.505;27.99;28.00;2430938
FR0000120172;03/12/15;27.93;28.715;27.16;27.245;5123856
FR0000120172;04/12/15;27.60;27.92;27.35;27.715;4021824
FR0000120172;07/12/15;27.88;28.18;27.69;27.85;1778989
FR0000120172;08/12/15;27.80;28.045;27.085;27.26;2896393
FR0000120172;09/12/15;27.285;27.63;27.01;27.27;2445474
FR0000120172;10/12/15;27.12;27.28;26.715;26.87;2588494
FR0000120172;11/12/15;26.87;26.87;26.00;26.155;3566826
FR0000120172;14/12/15;26.28;26.79;25.91;26.005;3355570
FR0000120172;15/12/15;26.275;27.145;26.19;27.09;3688947
FR0000120172;16/12/15;27.13;27.36;26.83;27.055;2766301
FR0000120172;17/12/15;27.665;27.865;27.125;27.23;3688271
FR0000120172;18/12/15;26.97;27.265;26.59;26.65;4490161
FR0000120172;21/12/15;26.66;27.195;26.44;26.44;1973185
FR0000120172;22/12/15;26.56;26.71;26.025;26.335;2683233
FR0000120172;23/12/15;26.595;27.13;26.595;27.10;2026002
FR0000120172;24/12/15;27.265;27.265;26.78;27.04;278391
FR0000120172;28/12/15;27.145;27.15;26.75;26.80;992983
FR0000120172;29/12/15;26.945;27.365;26.945;27.225;1331547
FR0000120172;30/12/15;27.14;27.30;26.995;27.115;982770
FR0000120172;31/12/15;27.12;27.175;26.65;26.65;441021
FR0000120271;01/12/15;46.885;47.15;46.615;46.79;6343624
FR0000120271;02/12/15;46.515;47.40;46.515;46.65;6642800
FR0000120271;03/12/15;46.30;47.16;44.465;44.465;14869675
FR0000120271;04/12/15;44.15;45.085;43.125;43.455;12401186
FR0000120271;07/12/15;43.355;43.555;42.52;42.84;9021818
FR0000120271;08/12/15;42.505;43.00;41.63;42.43;10704602
FR0000120271;09/12/15;42.60;43.78;42.035;42.825;8559648
FR0000120271;10/12/15;42.72;43.625;42.605;43.08;7648455
FR0000120271;11/12/15;42.715;42.91;41.57;41.80;8523699
FR0000120271;14/12/15;41.735;42.30;40.565;40.58;11531683
FR0000120271;15/12/15;41.12;42.53;41.085;42.285;9986130
FR0000120271;16/12/15;42.43;42.80;41.935;42.075;7556787
FR0000120271;17/12/15;43.00;43.025;41.765;41.90;8814072
FR0000120271;18/12/15;41.37;42.35;41.345;42.01;14560488
FR0000120271;21/12/15;41.095;41.91;40.725;40.725;8193210
FR0000120271;22/12/15;40.70;41.05;40.44;40.815;6344746
FR0000120271;23/12/15;41.235;42.20;41.085;42.115;8167434
FR0000120271;24/12/15;42.40;42.45;41.91;42.105;1132089
FR0000120271;28/12/15;42.15;42.195;41.19;41.38;3147657
FR0000120271;29/12/15;41.615;42.29;41.53;42.14;4200499
FR0000120271;30/12/15;42.085;42.255;41.44;41.565;3715497
FR0000120271;31/12/15;40.89;41.695;40.89;41.265;1603060
FR0000120321;01/12/15;168.00;168.75;166.35;167.05;519853
FR0000120321;02/12/15;167.70;169.75;167.35;168.55;390080
FR0000120321;03/12/15;168.10;171.85;160.70;161.30;1531389
FR0000120321;04/12/15;160.65;160.65;157.75;159.25;1119177
FR0000120321;07/12/15;160.75;164.50;160.00;163.20;584331
FR0000120321;08/12/15;163.30;164.85;159.30;159.85;755060
FR0000120321;09/12/15;161.30;161.35;157.35;157.45;603238
FR0000120321;10/12/15;156.30;157.35;154.65;156.40;674489
FR0000120321;11/12/15;155.95;156.80;153.70;154.45;653145
FR0000120321;14/12/15;154.45;157.30;152.00;152.00;670777
FR0000120321;15/12/15;153.35;158.55;152.95;158.40;1038549
FR0000120321;16/12/15;158.25;159.10;157.05;157.95;711443
FR0000120321;17/12/15;162.70;163.40;160.65;160.85;767732
FR0000120321;18/12/15;159.35;160.45;156.75;157.75;1258622
FR0000120321;21/12/15;157.30;159.60;155.10;155.10;601585
FR0000120321;22/12/15;155.85;155.85;152.50;153.95;592977
FR0000120321;23/12/15;156.15;157.95;155.55;157.10;514789
FR0000120321;24/12/15;156.70;156.75;155.55;156.70;72485
FR0000120321;28/12/15;157.00;157.25;154.80;154.80;265179
FR0000120321;29/12/15;155.85;158.15;155.85;158.15;426106
FR0000120321;30/12/15;157.45;158.60;156.75;157.35;318072
FR0000120321;31/12/15;157.00;157.80;155.25;155.30;127355
FR0000120404;01/12/15;41.00;41.49;40.58;41.075;1877189
FR0000120404;02/12/15;41.00;41.90;40.79;41.565;1335438
FR0000120404;03/12/15;41.425;42.675;40.70;40.70;2138110
FR0000120404;04/12/15;40.57;41.10;40.065;40.825;1373955
FR0000120404;07/12/15;40.96;41.69;40.67;40.785;1001483
FR0000120404;08/12/15;40.91;41.215;39.725;40.11;1547846
FR0000120404;09/12/15;40.28;40.60;38.645;38.86;2180791
FR0000120404;10/12/15;38.50;39.53;37.475;39.21;2214202
FR0000120404;11/12/15;39.27;39.50;38.56;38.82;1439976
FR0000120404;14/12/15;38.925;39.36;38.015;38.04;1052463
FR0000120404;15/12/15;38.475;39.34;38.05;39.34;1314023
FR0000120404;16/12/15;39.35;39.74;38.915;39.22;1036581
FR0000120404;17/12/15;40.115;42.39;40.05;40.295;1786533
FR0000120404;18/12/15;39.80;40.00;38.86;39.035;1865570
FR0000120404;21/12/15;39.00;39.585;38.60;39.24;827900
FR0000120404;22/12/15;39.515;39.575;38.55;39.00;751733
FR0000120404;23/12/15;39.45;40.035;39.195;39.85;546165
FR0000120404;24/12/15;40.15;40.23;39.77;39.95;110193
FR0000120404;28/12/15;39.98;40.07;39.61;39.82;278474
FR0000120404;29/12/15;40.11;40.47;39.99;40.255;343616
FR0000120404;30/12/15;40.15;40.45;39.81;40.28;437522
FR0000120404;31/12/15;40.20;40.395;39.885;40.005;126327
FR0000120503;01/12/15;35.63;35.855;35.37;35.38;949606
FR0000120503;02/12/15;35.415;35.725;35.16;35.565;555706
FR0000120503;03/12/15;35.455;35.94;34.44;34.635;1213627
FR0000120503;04/12/15;34.515;34.615;33.84;34.15;1102471
FR0000120503;07/12/15;34.175;34.505;33.895;34.40;651177
FR0000120503;08/12/15;35.38;35.89;34.675;34.815;1903231
FR0000120503;09/12/15;34.935;35.47;34.545;35.205;1371362
FR0000120503;10/12/15;35.15;35.76;35.035;35.66;1533271
FR0000120503;11/12/15;35.60;36.325;35.135;35.61;1364908
FR0000120503;14/12/15;35.63;35.97;35.11;35.165;873981
FR0000120503;15/12/15;35.325;35.465;34.595;34.775;1347566
FR0000120503;16/12/15;34.71;35.56;34.655;35.345;879018
FR0000120503;17/12/15;35.72;36.22;35.70;35.83;1268078
FR0000120503;18/12/15;35.70;35.775;35.43;35.585;1134233
FR0000120503;21/12/15;35.47;35.85;35.30;35.31;650999
FR0000120503;22/12/15;35.55;36.24;35.30;35.89;1080034
FR0000120503;23/12/15;36.10;36.79;36.065;36.51;726070
FR0000120503;24/12/15;36.64;36.67;36.30;36.48;65206
FR0000120503;28/12/15;36.33;36.51;36.055;36.275;452821
FR0000120503;29/12/15;36.375;36.67;36.335;36.63;532645
FR0000120503;30/12/15;36.50;37.00;36.50;36.70;583342
FR0000120503;31/12/15;36.65;36.905;36.50;36.545;198184
FR0000120578;01/12/15;84.48;84.53;83.22;83.65;2277781
FR0000120578;02/12/15;83.65;84.12;83.00;83.08;2052604
FR0000120578;03/12/15;82.85;84.66;79.81;79.83;4879825
FR0000120578;04/12/15;79.12;79.52;77.81;79.26;4419157
FR0000120578;07/12/15;79.87;81.45;79.62;80.18;2369253
FR0000120578;08/12/15;79.90;80.24;78.26;78.66;3002900
FR0000120578;09/12/15;78.68;79.39;77.05;77.27;3694990
FR0000120578;10/12/15;76.48;77.08;75.82;76.76;4073379
FR0000120578;11/12/15;76.58;77.46;76.19;76.42;3896916
FR0000120578;14/12/15;76.86;77.94;74.59;74.73;4181586
FR0000120578;15/12/15;76.97;79.11;76.66;78.72;5860189
FR0000120578;16/12/15;79.09;79.90;78.11;78.72;3693694
FR0000120578;17/12/15;80.80;80.90;79.26;79.40;4257116
FR0000120578;18/12/15;78.81;79.78;78.18;78.75;6373436
FR0000120578;21/12/15;78.32;79.64;77.79;77.79;3098988
FR0000120578;22/12/15;78.04;78.26;76.98;77.81;2210929
FR0000120578;23/12/15;78.62;80.45;78.53;79.96;2668734
FR0000120578;24/12/15;78.52;79.17;78.00;79.09;764225
FR0000120578;28/12/15;78.96;79.16;78.31;78.54;1404768
FR0000120578;29/12/15;79.37;80.19;79.18;80.10;1597145
FR0000120578;30/12/15;80.09;80.32;79.61;79.71;1324001
FR0000120578;31/12/15;78.56;79.01;78.55;78.60;657993
FR0000120628;01/12/15;25.825;25.83;25.44;25.63;4520404
FR0000120628;02/12/15;25.735;25.775;25.42;25.485;4635678
FR0000120628;03/12/15;25.42;26.02;24.46;24.46;13066296
FR0000120628;04/12/15;25.00;25.75;24.83;25.25;13692246
FR0000120628;07/12/15;25.43;25.99;25.36;25.805;7850087
FR0000120628;08/12/15;25.755;25.88;25.355;25.52;7476753
FR0000120628;09/12/15;25.57;25.725;25.185;25.265;5225429
FR0000120628;10/12/15;25.255;25.39;24.935;25.235;6226363
FR0000120628;11/12/15;25.165;25.22;24.57;24.65;8200422
FR0000120628;14/12/15;24.92;25.265;24.125;24.125;8538185
FR0000120628;15/12/15;24.265;24.905;24.21;24.685;8648463
FR0000120628;16/12/15;24.80;24.98;24.565;24.565;7242011
FR0000120628;17/12/15;25.30;25.79;25.115;25.115;9419188
FR0000120628;18/12/15;24.71;25.175;24.65;24.975;12082098
FR0000120628;21/12/15;25.00;25.375;24.845;24.935;5634073
FR0000120628;22/12/15;25.205;25.24;24.585;24.755;4401205
FR0000120628;23/12/15;25.035;25.235;24.905;25.10;4419300
FR0000120628;24/12/15;25.20;25.30;25.09;25.09;667910
FR0000120628;28/12/15;25.085;25.18;24.875;24.93;2197397
FR0000120628;29/12/15;25.065;25.49;25.065;25.49;2677034
FR0000120628;30/12/15;25.42;25.505;25.275;25.295;2624334
FR0000120628;31/12/15;25.015;25.345;25.005;25.23;939107
FR0000120644;01/12/15;66.20;66.28;65.19;65.45;1555593
FR0000120644;02/12/15;65.41;66.32;65.29;65.88;1101570
FR0000120644;03/12/15;65.66;66.50;62.19;62.51;4151555
FR0000120644;04/12/15;62.34;62.99;61.87;62.75;2628481
FR0000120644;07/12/15;63.22;64.32;63.22;63.71;1328556
FR0000120644;08/12/15;63.65;64.29;63.26;63.69;2597408
FR0000120644;09/12/15;63.98;64.07;62.75;62.92;1697163
FR0000120644;10/12/15;62.50;62.84;62.01;62.37;1191449
FR0000120644;11/12/15;62.30;62.52;61.18;61.39;1660250
FR0000120644;14/12/15;61.50;62.77;60.93;60.95;1741381
FR0000120644;15/12/15;61.47;62.35;61.27;62.12;1774130
FR0000120644;16/12/15;62.23;62.79;61.83;62.34;1492007
FR0000120644;17/12/15;63.65;63.90;63.09;63.12;1939558
FR0000120644;18/12/15;62.60;62.94;61.63;61.93;3031804
FR0000120644;21/12/15;61.93;62.71;61.20;61.20;1393191
FR0000120644;22/12/15;61.47;61.48;60.35;60.94;982943
FR0000120644;23/12/15;61.64;62.62;61.56;62.38;1032532
FR0000120644;24/12/15;62.68;62.68;62.12;62.47;102969
FR0000120644;28/12/15;62.63;62.67;61.92;62.27;538962
FR0000120644;29/12/15;62.83;63.27;62.65;63.14;813471
FR0000120644;30/12/15;63.09;63.41;62.72;63.04;671629
FR0000120644;31/12/15;62.98;63.08;62.28;62.28;286757
FR0000120693;01/12/15;107.75;109.35;107.65;108.00;373546
FR0000120693;02/12/15;107.85;109.00;107.30;108.85;373621
FR0000120693;03/12/15;108.60;110.25;104.70;104.70;657417
FR0000120693;04/12/15;104.20;104.40;102.90;104.10;570774
FR0000120693;07/12/15;104.65;105.95;104.20;105.25;342378
FR0000120693;08/12/15;105.20;106.00;103.90;104.20;414867
FR0000120693;09/12/15;104.85;104.85;102.50;102.50;460775
FR0000120693;10/12/15;102.25;103.40;101.35;102.95;505993
FR0000120693;11/12/15;103.15;104.10;101.45;102.00;522132
FR0000120693;14/12/15;102.45;103.05;100.35;100.45;352534
FR0000120693;15/12/15;101.40;102.80;101.00;102.45;500677
FR0000120693;16/12/15;102.60;104.35;102.15;103.80;553343
FR0000120693;17/12/15;105.85;106.55;105.45;105.95;504694
FR0000120693;18/12/15;104.80;106.15;103.95;104.15;797147
FR0000120693;21/12/15;103.95;104.85;102.70;102.70;296089
FR0000120693;22/12/15;103.10;103.45;101.20;102.35;283893
FR0000120693;23/12/15;103.00;104.75;102.90;104.45;299344
FR0000120693;24/12/15;104.85;105.50;103.90;105.00;52187
FR0000120693;28/12/15;105.15;105.15;104.00;104.00;114743
FR0000120693;29/12/15;104.60;106.20;104.60;106.20;243752
FR0000120693;30/12/15;105.75;106.40;105.10;106.05;183056
FR0000120693;31/12/15;107.95;107.95;105.20;105.20;120154
FR0000121014;01/12/15;157.85;159.40;156.60;157.40;691285
FR0000121014;02/12/15;157.90;159.85;157.35;158.45;638809
FR0000121014;03/12/15;158.50;161.00;151.00;151.20;1956712
FR0000121014;04/12/15;152.00;153.30;150.25;152.25;1320690
FR0000121014;07/12/15;153.90;155.65;152.85;154.45;716753
FR0000121014;08/12/15;154.90;154.90;149.40;150.50;1011983
FR0000121014;09/12/15;151.10;151.65;147.65;148.85;942918
FR0000121014;10/12/15;147.70;148.80;146.10;148.00;967547
FR0000121014;11/12/15;147.50;147.50;143.70;144.95;1238338
FR0000121014;14/12/15;145.60;146.90;142.10;142.20;1046798
FR0000121014;15/12/15;143.80;149.05;143.40;147.95;1556323
FR0000121014;16/12/15;148.90;150.15;146.90;148.65;856083
FR0000121014;17/12/15;153.40;153.50;148.90;148.90;1205449
FR0000121014;18/12/15;147.65;147.65;144.15;145.00;1925953
FR0000121014;21/12/15;144.15;146.80;142.70;142.70;842623
FR0000121014;22/12/15;143.65;144.60;141.80;143.80;683818
FR0000121014;23/12/15;145.00;146.75;144.35;146.45;730057
FR0000121014;24/12/15;145.95;146.45;144.65;146.05;105195
FR0000121014;28/12/15;146.15;146.65;144.10;144.10;285861
FR0000121014;29/12/15;145.80;147.75;145.45;147.75;517351
FR0000121014;30/12/15;147.70;148.80;146.35;147.15;424524
FR0000121014;31/12/15;146.00;146.15;144.75;144.90;179455
FR0000121220;01/12/15;93.80;95.18;93.26;94.40;343857
FR0000121220;02/12/15;94.85;95.39;94.25;95.08;230534
FR0000121220;03/12/15;94.72;96.40;92.71;92.75;386238
FR0000121220;04/12/15;92.76;93.37;92.29;93.11;332992
FR0000121220;07/12/15;93.29;94.29;92.91;93.07;255217
FR0000121220;08/12/15;93.08;93.55;91.73;92.55;275209
FR0000121220;09/12/15;92.36;92.79;91.40;91.65;288715
FR0000121220;10/12/15;91.62;91.83;90.57;90.76;196947
FR0000121220;11/12/15;90.97;90.99;89.07;90.16;377779
FR0000121220;14/12/15;90.16;91.35;88.77;88.86;266214
FR0000121220;15/12/15;89.60;89.89;88.29;89.58;584921
FR0000121220;16/12/15;89.60;91.13;89.28;90.48;486131
FR0000121220;17/12/15;91.40;92.56;91.40;91.90;502739
FR0000121220;18/12/15;91.15;91.53;89.87;90.50;416052
FR0000121220;21/12/15;90.01;90.45;89.28;89.32;272382
FR0000121220;22/12/15;89.67;89.82;87.45;88.34;397326
FR0000121220;23/12/15;89.00;89.99;88.47;89.65;303659
FR0000121220;24/12/15;89.50;90.21;89.50;90.07;31666
FR0000121220;28/12/15;89.94;90.16;89.03;90.01;114483
FR0000121220;29/12/15;90.64;91.74;90.10;91.74;192066
FR0000121220;30/12/15;91.72;91.95;90.97;91.46;110793
FR0000121220;31/12/15;90.92;91.05;90.14;90.14;53434
FR0000121261;01/12/15;94.90;95.85;94.11;94.18;406965
FR0000121261;02/12/15;94.29;94.84;93.24;93.84;415621
FR0000121261;03/12/15;93.89;94.86;90.10;90.16;866106
FR0000121261;04/12/15;90.00;91.11;89.29;90.90;716760
FR0000121261;07/12/15;91.32;92.22;90.75;91.68;368831
FR0000121261;08/12/15;91.68;92.52;90.24;91.16;470460
FR0000121261;09/12/15;91.06;91.60;89.29;89.61;692914
FR0000121261;10/12/15;89.15;90.40;88.87;89.42;557767
FR0000121261;11/12/15;89.32;89.36;86.21;86.84;846144
FR0000121261;14/12/15;87.22;87.88;84.70;84.94;624367
FR0000121261;15/12/15;85.80;87.79;85.80;87.05;688192
FR0000121261;16/12/15;87.28;88.29;86.45;87.58;568703
FR0000121261;17/12/15;88.98;90.13;87.64;88.04;785227
FR0000121261;18/12/15;87.46;87.75;86.44;87.50;809556
FR0000121261;21/12/15;87.39;88.76;86.50;86.50;407555
FR0000121261;22/12/15;86.95;87.30;85.27;86.61;602352
FR0000121261;23/12/15;87.23;89.06;87.23;88.77;372075
FR0000121261;24/12/15;89.18;91.00;88.30;88.45;90125
FR0000121261;28/12/15;88.55;88.70;87.46;87.47;191438
FR0000121261;29/12/15;88.32;88.81;87.63;88.81;292542
FR0000121261;30/12/15;88.41;88.86;88.11;88.47;169889
FR0000121261;31/12/15;90.83;90.85;87.81;87.90;94065
FR0000121485;01/12/15;164.60;165.20;161.85;162.15;224799
FR0000121485;02/12/15;162.60;163.00;158.90;160.65;546663
FR0000121485;03/12/15;160.65;167.55;159.85;160.25;809705
FR0000121485;04/12/15;159.50;160.95;159.20;160.50;421935
FR0000121485;07/12/15;161.25;162.15;160.10;160.60;297110
FR0000121485;08/12/15;160.60;161.95;157.50;158.70;324053
FR0000121485;09/12/15;159.55;160.40;156.25;157.75;345777
FR0000121485;10/12/15;156.65;159.05;155.30;157.85;243486
FR0000121485;11/12/15;159.30;159.60;153.55;155.45;405392
FR0000121485;14/12/15;156.00;158.50;153.25;153.25;381371
FR0000121485;15/12/15;154.75;157.55;154.30;156.00;379332
FR0000121485;16/12/15;156.45;156.60;153.95;155.80;384299
FR0000121485;17/12/15;159.15;161.20;158.25;158.35;391088
FR0000121485;18/12/15;157.40;158.00;154.75;156.00;409601
FR0000121485;21/12/15;155.30;158.05;154.70;155.05;171916
FR0000121485;22/12/15;156.00;158.10;155.00;157.30;175224
FR0000121485;23/12/15;158.55;161.20;158.55;160.95;203200
FR0000121485;24/12/15;160.40;161.20;159.30;160.85;32755
FR0000121485;28/12/15;160.85;161.00;157.50;158.00;122923
FR0000121485;29/12/15;159.10;161.05;158.40;161.05;114453
FR0000121485;30/12/15;160.75;161.55;158.90;160.45;108524
FR0000121485;31/12/15;160.00;160.00;157.95;157.95;39371
FR0000121501;01/12/15;17.04;17.13;16.67;16.685;4469573
FR0000121501;02/12/15;16.68;16.865;16.43;16.60;2905901
FR0000121501;03/12/15;16.655;17.01;16.41;16.45;8069924
FR0000121501;04/12/15;16.47;16.635;16.12;16.375;5048550
FR0000121501;07/12/15;16.54;16.715;16.43;16.465;2865610
FR0000121501;08/12/15;16.53;16.65;15.985;16.09;4923383
FR0000121501;09/12/15;16.15;16.275;15.835;16.04;5016958
FR0000121501;10/12/15;16.01;16.335;15.915;16.04;3324907
FR0000121501;11/12/15;16.07;16.125;15.74;15.80;5793129
FR0000121501;14/12/15;15.835;15.90;15.285;15.33;5285026
FR0000121501;15/12/15;15.51;15.97;15.45;15.83;4601854
FR0000121501;16/12/15;15.92;15.95;15.62;15.80;3102549
FR0000121501;17/12/15;16.21;16.27;15.95;16.14;4639367
FR0000121501;18/12/15;16.00;16.19;15.99;16.105;5336060
FR0000121501;21/12/15;16.085;16.355;16.03;16.115;3286518
FR0000121501;22/12/15;16.295;16.34;15.835;16.00;3180491
FR0000121501;23/12/15;16.15;16.40;16.145;16.38;2440248
FR0000121501;24/12/15;16.375;16.38;16.33;16.375;286511
FR0000121501;28/12/15;16.34;16.355;16.045;16.07;1439579
FR0000121501;29/12/15;16.15;16.385;16.12;16.285;1899750
FR0000121501;30/12/15;16.265;16.34;16.20;16.285;1460189
FR0000121501;31/12/15;16.135;16.28;16.13;16.205;506368
FR0000121667;01/12/15;124.15;125.15;123.15;123.40;367248
FR0000121667;02/12/15;124.00;124.40;122.30;122.90;419126
FR0000121667;03/12/15;123.00;125.00;115.40;117.50;1177135
FR0000121667;04/12/15;116.95;117.05;114.40;116.25;879087
FR0000121667;07/12/15;117.85;121.00;117.55;119.55;573347
FR0000121667;08/12/15;119.80;120.85;116.75;117.05;689748
FR0000121667;09/12/15;117.20;117.85;115.90;116.20;503306
FR0000121667;10/12/15;115.95;116.55;114.45;115.45;425092
FR0000121667;11/12/15;115.40;116.40;113.40;113.85;701737
FR0000121667;14/12/15;113.85;114.90;111.80;111.80;665052
FR0000121667;15/12/15;113.05;115.30;112.65;114.90;644737
FR0000121667;16/12/15;114.95;116.05;114.70;114.90;498595
FR0000121667;17/12/15;118.30;118.70;116.40;116.40;780197
FR0000121667;18/12/15;115.40;115.80;113.90;115.05;963469
FR0000121667;21/12/15;115.15;116.60;112.90;112.90;461367
FR0000121667;22/12/15;114.25;114.25;111.70;112.10;390481
FR0000121667;23/12/15;113.45;114.60;112.75;114.55;401992
FR0000121667;24/12/15;114.00;114.50;113.75;114.50;40836
FR0000121667;28/12/15;114.80;115.00;114.05;114.25;208760
FR0000121667;29/12/15;114.80;116.50;114.75;116.50;232968
FR0000121667;30/12/15;116.05;117.05;115.60;116.25;220979
FR0000121667;31/12/15;116.50;116.80;115.05;115.05;127510
FR0000121972;01/12/15;59.55;59.92;57.37;57.52;3091674
FR0000121972;02/12/15;57.52;57.76;56.69;57.39;1655959
FR0000121972;03/12/15;57.30;58.66;55.03;55.15;4147069
FR0000121972;04/12/15;55.00;55.83;54.70;55.49;2589463
FR0000121972;07/12/15;56.00;56.65;55.61;56.10;1397618
FR0000121972;08/12/15;55.96;56.10;54.95;55.49;2132147
FR0000121972;09/12/15;55.42;55.52;54.34;54.80;2463917
FR0000121972;10/12/15;54.53;55.30;54.32;55.00;2020458
FR0000121972;11/12/15;54.58;54.69;52.77;53.25;3282852
FR0000121972;14/12/15;53.49;54.07;52.42;52.42;3520976
FR0000121972;15/12/15;52.60;53.15;52.12;53.00;2693415
FR0000121972;16/12/15;53.00;53.78;52.69;53.06;1429644
FR0000121972;17/12/15;54.07;54.59;53.43;53.46;2265626
FR0000121972;18/12/15;52.45;52.89;51.76;52.13;3360550
FR0000121972;21/12/15;51.94;53.02;51.79;51.79;1783500
FR0000121972;22/12/15;52.10;52.29;51.37;51.96;1107876
FR0000121972;23/12/15;52.49;54.15;52.49;53.84;2034101
FR0000121972;24/12/15;53.96;54.29;53.36;53.57;135082
FR0000121972;28/12/15;53.61;53.86;53.03;53.10;570044
FR0000121972;29/12/15;53.46;54.33;53.46;54.31;1118272
FR0000121972;30/12/15;54.11;54.20;53.52;53.68;1020530
FR0000121972;31/12/15;53.48;53.56;52.56;52.56;634693
FR0000124141;01/12/15;22.70;22.795;22.375;22.48;1735230
FR0000124141;02/12/15;22.60;22.86;22.425;22.50;1383932
FR0000124141;03/12/15;22.475;22.82;21.875;22.075;2864535
FR0000124141;04/12/15;21.97;22.02;21.69;21.885;1924010
FR0000124141;07/12/15;21.88;22.19;21.825;22.055;1264880
FR0000124141;08/12/15;22.005;22.065;21.60;21.63;1461386
FR0000124141;09/12/15;21.63;21.85;21.595;21.63;2037647
FR0000124141;10/12/15;21.635;21.83;21.47;21.585;1678305
FR0000124141;11/12/15;21.625;21.63;21.125;21.125;2156071
FR0000124141;14/12/15;21.68;21.945;21.23;21.765;4058002
FR0000124141;15/12/15;21.92;21.95;21.48;21.87;3012028
FR0000124141;16/12/15;21.85;21.98;21.74;21.875;1921487
FR0000124141;17/12/15;22.23;22.65;22.025;22.09;2258174
FR0000124141;18/12/15;21.93;22.11;21.545;21.545;4198059
FR0000124141;21/12/15;21.565;21.76;21.41;21.41;1750310
FR0000124141;22/12/15;21.50;21.50;20.92;20.975;1783811
FR0000124141;23/12/15;21.12;21.35;20.90;21.295;1459903
FR0000124141;24/12/15;21.365;21.38;21.165;21.38;279358
FR0000124141;28/12/15;21.385;21.58;21.25;21.365;1072353
FR0000124141;29/12/15;21.47;22.195;21.47;22.065;2096640
FR0000124141;30/12/15;22.02;22.26;22.00;22.065;1173936
FR0000124141;31/12/15;21.945;22.105;21.705;21.865;459922
FR0000124711;01/12/15;243.50;247.85;243.30;246.15;311777
FR0000124711;02/12/15;247.90;249.40;243.50;243.50;342983
FR0000124711;03/12/15;243.20;248.65;233.35;233.35;711334
FR0000124711;04/12/15;232.50;233.95;227.65;232.60;610335
FR0000124711;07/12/15;234.10;240.45;233.45;236.65;334915
FR0000124711;08/12/15;236.10;239.10;234.25;234.85;331253
FR0000124711;09/12/15;236.40;236.95;231.10;231.45;349402
FR0000124711;10/12/15;230.00;231.95;228.25;230.15;327965
FR0000124711;11/12/15;230.15;230.45;225.60;227.05;439807
FR0000124711;14/12/15;228.70;232.85;224.10;224.20;432083
FR0000124711;15/12/15;225.10;231.65;224.90;230.35;510465
FR0000124711;16/12/15;230.85;231.95;229.40;230.20;330705
FR0000124711;17/12/15;235.80;238.05;234.55;234.60;459971
FR0000124711;18/12/15;232.30;236.90;230.60;233.60;651803
FR0000124711;21/12/15;234.10;237.30;230.20;230.20;300883
FR0000124711;22/12/15;232.20;232.40;226.80;230.05;222358
FR0000124711;23/12/15;232.70;235.20;231.50;234.15;225845
FR0000124711;24/12/15;235.40;236.15;233.85;236.15;25668
FR0000124711;28/12/15;236.90;236.90;233.05;233.25;102187
FR0000124711;29/12/15;234.85;237.60;234.60;237.60;198679
FR0000124711;30/12/15;236.45;238.30;234.55;235.75;183361
FR0000124711;31/12/15;235.00;237.25;234.40;234.40;72460
FR0000125007;01/12/15;41.995;42.06;41.005;41.125;2307286
FR0000125007;02/12/15;41.29;41.63;40.91;41.325;1301539
FR0000125007;03/12/15;41.325;42.115;39.55;39.67;3584289
FR0000125007;04/12/15;39.40;39.99;39.175;39.81;2320687
FR0000125007;07/12/15;40.00;40.80;39.845;40.39;1659221
FR0000125007;08/12/15;40.35;40.44;39.27;39.595;2121895
FR0000125007;09/12/15;39.70;39.985;38.66;38.835;2579418
FR0000125007;10/12/15;38.65;39.195;38.405;38.715;1975933
FR0000125007;11/12/15;38.72;38.81;37.825;38.545;2690552
FR0000125007;14/12/15;38.82;39.35;37.985;38.08;2011152
FR0000125007;15/12/15;38.37;39.445;38.12;39.285;3047888
FR0000125007;16/12/15;39.405;39.84;39.10;39.305;2484351
FR0000125007;17/12/15;40.20;40.415;39.70;39.70;2359109
FR0000125007;18/12/15;39.295;39.835;39.055;39.39;4005295
FR0000125007;21/12/15;39.305;40.155;39.00;39.00;1453241
FR0000125007;22/12/15;39.22;39.48;38.655;39.00;1078016
FR0000125007;23/12/15;39.35;40.09;39.35;39.965;1090414
FR0000125007;24/12/15;39.65;39.98;39.575;39.865;282578
FR0000125007;28/12/15;40.00;40.20;39.28;39.49;606912
FR0000125007;29/12/15;39.75;40.355;39.75;40.21;925760
FR0000125007;30/12/15;40.21;40.41;39.93;40.185;830383
FR0000125007;31/12/15;40.155;40.265;39.845;39.85;296403
FR0000125338;01/12/15;87.79;88.11;86.75;87.14;776594
FR0000125338;02/12/15;87.24;88.35;87.06;87.31;489515
FR0000125338;03/12/15;87.82;88.87;85.28;85.84;897211
FR0000125338;04/12/15;86.00;86.54;85.17;86.40;610797
FR0000125338;07/12/15;86.88;87.94;86.75;87.37;473539
FR0000125338;08/12/15;87.16;87.50;85.81;86.39;623135
FR0000125338;09/12/15;86.38;87.53;85.30;85.46;924893
FR0000125338;10/12/15;85.04;86.05;84.07;85.69;552454
FR0000125338;11/12/15;85.41;85.57;84.01;84.16;580518
FR0000125338;14/12/15;84.69;85.76;83.53;83.64;544891
FR0000125338;15/12/15;84.59;86.62;84.05;86.15;548351
FR0000125338;16/12/15;86.18;86.36;85.16;85.21;498744
FR0000125338;17/12/15;86.52;87.54;86.17;86.42;709561
FR0000125338;18/12/15;85.91;86.19;84.97;85.48;834513
FR0000125338;21/12/15;85.49;85.80;84.05;84.05;622736
FR0000125338;22/12/15;84.73;84.77;83.02;83.62;413634
FR0000125338;23/12/15;84.09;84.62;83.57;84.46;301105
FR0000125338;24/12/15;84.50;84.61;83.56;84.03;82396
FR0000125338;28/12/15;83.95;84.29;83.46;84.14;169531
FR0000125338;29/12/15;84.40;86.22;84.40;86.13;330990
FR0000125338;30/12/15;85.74;86.45;85.53;86.01;275064
FR0000125338;31/12/15;85.21;85.84;84.64;85.60;147295
FR0000125486;01/12/15;61.79;61.94;60.54;60.86;1750732
FR0000125486;02/12/15;61.10;61.37;60.74;60.99;1391649
FR0000125486;03/12/15;60.99;61.74;58.58;58.94;2448192
FR0000125486;04/12/15;58.68;59.34;58.28;59.04;2190898
FR0000125486;07/12/15;59.57;60.46;59.35;60.21;1521773
FR0000125486;08/12/15;60.29;60.61;59.42;59.71;1968711
FR0000125486;09/12/15;60.05;60.35;59.30;59.41;1258603
FR0000125486;10/12/15;59.31;59.35;58.47;58.60;1276226
FR0000125486;11/12/15;58.38;58.48;57.25;57.63;1642970
FR0000125486;14/12/15;57.86;58.42;57.11;57.16;1414916
FR0000125486;15/12/15;57.77;58.05;57.49;57.68;2419083
FR0000125486;16/12/15;58.02;58.19;57.68;57.94;1934712
FR0000125486;17/12/15;58.97;59.46;58.77;59.16;2867356
FR0000125486;18/12/15;58.42;58.60;57.98;58.40;5627928
FR0000125486;21/12/15;58.32;59.13;57.90;57.90;1292878
FR0000125486;22/12/15;58.35;58.58;57.46;58.03;977016
FR0000125486;23/12/15;58.70;59.16;58.68;59.03;1027893
FR0000125486;24/12/15;59.24;59.28;58.97;59.28;181173
FR0000125486;28/12/15;59.20;59.23;58.40;58.46;487039
FR0000125486;29/12/15;58.94;59.67;58.94;59.50;706051
FR0000125486;30/12/15;59.29;59.67;59.00;59.48;627230
FR0000125486;31/12/15;59.06;59.54;59.02;59.14;180102
FR0000127771;01/12/15;19.865;20.075;19.84;19.99;4289649
FR0000127771;02/12/15;20.06;20.29;20.035;20.13;3436793
FR0000127771;03/12/15;20.12;20.38;19.72;19.72;9281620
FR0000127771;04/12/15;19.64;19.79;19.505;19.60;6270732
FR0000127771;07/12/15;19.665;19.945;19.665;19.72;3368325
FR0000127771;08/12/15;19.675;19.715;19.355;19.44;4519678
FR0000127771;09/12/15;19.49;19.54;19.185;19.26;4973450
FR0000127771;10/12/15;19.27;19.35;19.13;19.205;4409770
FR0000127771;11/12/15;19.22;19.285;18.99;19.025;6443230
FR0000127771;14/12/15;19.065;19.345;18.805;18.805;6314541
FR0000127771;15/12/15;18.95;19.21;18.91;19.155;5748114
FR0000127771;16/12/15;19.215;19.475;19.035;19.235;5774966
FR0000127771;17/12/15;19.54;19.585;19.31;19.425;6609554
FR0000127771;18/12/15;19.30;19.525;19.095;19.15;9232800
FR0000127771;21/12/15;19.10;19.39;18.98;18.98;5235669
FR0000127771;22/12/15;19.045;19.115;18.825;19.04;3924999
FR0000127771;23/12/15;19.21;19.67;19.155;19.625;3932521
FR0000127771;24/12/15;19.60;19.62;19.415;19.605;668763
FR0000127771;28/12/15;19.615;19.64;19.44;19.53;1946619
FR0000127771;29/12/15;19.635;19.805;19.595;19.695;2641301
FR0000127771;30/12/15;19.625;19.895;19.60;19.80;3797207
FR0000127771;31/12/15;19.735;19.86;19.695;19.86;1167071
FR0000130577;01/12/15;60.02;62.10;60.02;60.60;1195125
FR0000130577;02/12/15;61.02;62.35;60.85;61.24;934222
FR0000130577;03/12/15;60.96;62.98;60.06;60.26;1610060
FR0000130577;04/12/15;60.04;60.23;59.38;59.70;790415
FR0000130577;07/12/15;59.90;60.82;59.77;60.42;712555
FR0000130577;08/12/15;58.90;60.04;58.41;59.10;1758779
FR0000130577;09/12/15;59.27;59.35;58.37;58.48;735377
FR0000130577;10/12/15;58.33;59.69;57.90;58.96;800816
FR0000130577;11/12/15;58.32;58.79;57.57;57.69;1239336
FR0000130577;14/12/15;58.01;58.83;57.65;57.93;1165974
FR0000130577;15/12/15;58.44;59.66;58.20;59.47;1056230
FR0000130577;16/12/15;59.69;60.14;59.10;60.00;849290
FR0000130577;17/12/15;61.03;61.11;60.35;60.36;841208
FR0000130577;18/12/15;60.09;60.23;59.73;60.05;1360121
FR0000130577;21/12/15;60.10;61.00;59.92;60.00;549840
FR0000130577;22/12/15;60.49;60.50;59.63;60.01;521377
FR0000130577;23/12/15;60.39;61.42;60.39;61.13;454413
FR0000130577;24/12/15;61.39;61.39;61.00;61.18;66741
FR0000130577;28/12/15;61.33;61.39;60.83;60.88;391787
FR0000130577;29/12/15;61.28;61.70;60.95;61.70;333102
FR0000130577;30/12/15;61.62;62.02;61.39;61.81;330403
FR0000130577;31/12/15;61.79;61.82;61.12;61.38;151438
FR0000130809;01/12/15;45.48;45.705;45.135;45.305;2780980
FR0000130809;02/12/15;45.53;45.735;44.85;45.125;2206463
FR0000130809;03/12/15;45.00;45.87;43.56;43.94;5652317
FR0000130809;04/12/15;43.75;44.15;43.10;43.71;3771034
FR0000130809;07/12/15;43.965;44.29;43.165;43.39;2661465
FR0000130809;08/12/15;43.39;43.39;41.76;42.035;4283125
FR0000130809;09/12/15;42.07;42.60;41.27;41.80;3601506
FR0000130809;10/12/15;41.605;42.27;41.25;41.69;2930656
FR0000130809;11/12/15;41.49;41.66;40.29;40.685;4179512
FR0000130809;14/12/15;40.75;41.51;40.09;40.145;3991783
FR0000130809;15/12/15;40.565;41.835;40.475;41.555;4120441
FR0000130809;16/12/15;41.88;42.305;41.16;42.19;4110641
FR0000130809;17/12/15;43.165;43.925;42.88;43.19;5092046
FR0000130809;18/12/15;42.77;43.50;42.605;42.915;7218336
FR0000130809;21/12/15;42.85;43.565;42.60;42.67;2854354
FR0000130809;22/12/15;43.00;43.175;42.32;42.585;2009263
FR0000130809;23/12/15;43.15;43.54;43.04;43.35;2381103
FR0000130809;24/12/15;43.38;43.54;43.12;43.265;229625
FR0000130809;28/12/15;43.43;43.48;42.635;42.745;1043700
FR0000130809;29/12/15;42.91;43.62;42.91;43.375;1556930
FR0000130809;30/12/15;43.27;43.325;42.645;42.785;1792340
FR0000130809;31/12/15;42.87;42.94;42.48;42.57;467097
FR0000131104;01/12/15;56.37;56.88;56.10;56.28;2982684
FR0000131104;02/12/15;56.57;56.77;55.58;55.94;2332141
FR0000131104;03/12/15;55.88;57.06;54.19;54.33;6616185
FR0000131104;04/12/15;54.04;54.49;53.22;53.87;4121093
FR0000131104;07/12/15;54.81;54.81;53.83;54.02;2696471
FR0000131104;08/12/15;53.89;54.00;52.51;52.98;3464406
FR0000131104;09/12/15;53.08;53.48;52.10;52.18;3361428
FR0000131104;10/12/15;52.00;52.80;51.70;52.27;3252682
FR0000131104;11/12/15;52.11;52.27;51.00;51.29;3917722
FR0000131104;14/12/15;51.65;52.17;50.15;50.28;3983384
FR0000131104;15/12/15;50.74;52.66;50.70;52.45;4221709
FR0000131104;16/12/15;52.76;53.02;51.94;52.48;2876630
FR0000131104;17/12/15;53.73;54.31;53.13;53.28;5717413
FR0000131104;18/12/15;52.72;53.69;52.55;53.19;7212662
FR0000131104;21/12/15;53.01;53.87;52.59;52.59;2841667
FR0000131104;22/12/15;52.85;53.28;52.13;52.70;2193169
FR0000131104;23/12/15;53.13;53.74;53.08;53.71;2682833
FR0000131104;24/12/15;53.55;53.77;53.14;53.30;437990
FR0000131104;28/12/15;53.23;53.40;52.21;52.36;2185640
FR0000131104;29/12/15;52.67;53.10;52.46;53.10;3133696
FR0000131104;30/12/15;53.01;53.26;52.48;52.59;2358486
FR0000131104;31/12/15;52.59;52.81;52.23;52.23;706459
FR0000131906;01/12/15;98.00;98.14;94.85;95.06;1324696
FR0000131906;02/12/15;94.50;95.77;93.02;94.79;1027535
FR0000131906;03/12/15;94.67;96.50;91.17;91.44;1367170
FR0000131906;04/12/15;91.32;93.19;90.70;92.85;1069296
FR0000131906;07/12/15;93.77;95.75;92.95;94.35;1073251
FR0000131906;08/12/15;94.61;94.80;91.55;92.19;875430
FR0000131906;09/12/15;92.07;93.32;90.94;92.03;947432
FR0000131906;10/12/15;91.79;94.22;91.23;92.74;1067343
FR0000131906;11/12/15;92.00;92.01;86.31;87.84;2414604
FR0000131906;14/12/15;88.84;88.98;85.29;85.50;1133305
FR0000131906;15/12/15;86.70;88.53;86.31;87.98;1358159
FR0000131906;16/12/15;88.68;89.89;87.27;88.86;1002378
FR0000131906;17/12/15;91.04;92.49;90.95;91.42;1044005
FR0000131906;18/12/15;90.77;92.59;90.34;91.92;1534786
FR0000131906;21/12/15;91.79;93.79;91.24;91.62;701475
FR0000131906;22/12/15;92.69;93.18;90.66;91.88;732341
FR0000131906;23/12/15;92.72;94.55;92.68;94.34;638046
FR0000131906;24/12/15;94.03;95.25;94.03;95.25;126541
FR0000131906;28/12/15;94.17;94.36;93.21;93.40;381890
FR0000131906;29/12/15;93.78;95.07;93.57;94.32;465564
FR0000131906;30/12/15;94.04;94.53;93.38;94.33;443619
FR0000131906;31/12/15;94.23;94.23;92.27;92.63;172802
FR0000133308;01/12/15;16.375;16.435;16.005;16.07;10093287
FR0000133308;02/12/15;16.13;16.31;16.05;16.185;7568637
FR0000133308;03/12/15;16.20;16.46;15.60;15.70;13945042
FR0000133308;04/12/15;15.585;15.685;15.365;15.45;11654095
FR0000133308;07/12/15;15.40;15.785;15.40;15.495;6711310
FR0000133308;08/12/15;15.65;15.795;15.35;15.395;8932197
FR0000133308;09/12/15;15.40;15.515;15.135;15.16;8237417
FR0000133308;10/12/15;15.10;15.30;15.045;15.12;6518862
FR0000133308;11/12/15;15.105;15.24;14.915;14.915;10514704
FR0000133308;14/12/15;14.955;15.21;14.745;14.745;9061464
FR0000133308;15/12/15;14.885;15.36;14.85;15.30;8724054
FR0000133308;16/12/15;15.40;15.60;15.25;15.29;6930614
FR0000133308;17/12/15;15.725;15.865;15.585;15.65;7986113
FR0000133308;18/12/15;15.45;15.575;15.34;15.385;15762668
FR0000133308;21/12/15;15.365;15.51;15.06;15.06;6236162
FR0000133308;22/12/15;15.25;15.275;14.94;15.11;5381453
FR0000133308;23/12/15;15.315;15.48;15.265;15.45;4219327
FR0000133308;24/12/15;15.45;15.45;15.27;15.355;801540
FR0000133308;28/12/15;15.415;15.45;15.32;15.32;2433111
FR0000133308;29/12/15;15.45;15.64;15.43;15.64;3058952
FR0000133308;30/12/15;15.585;15.675;15.47;15.58;3121698
FR0000133308;31/12/15;15.47;15.525;15.40;15.485;1874171
FR0010208488;01/12/15;16.525;16.65;16.33;16.55;5609893
FR0010208488;02/12/15;16.605;16.665;16.31;16.445;4772734
FR0010208488;03/12/15;16.445;16.83;15.95;15.95;8412185
FR0010208488;04/12/15;15.95;16.14;15.85;15.97;6840292
FR0010208488;07/12/15;16.15;16.24;15.945;15.96;3743204
FR0010208488;08/12/15;15.94;15.985;15.675;15.725;5762391
FR0010208488;09/12/15;15.745;15.92;15.525;15.76;5667535
FR0010208488;10/12/15;15.805;16.17;15.76;16.025;8323903
FR0010208488;11/12/15;16.025;16.165;15.705;15.835;7139186
FR0010208488;14/12/15;15.905;16.11;15.50;15.51;6193287
FR0010208488;15/12/15;15.61;15.94;15.58;15.89;5374346
FR0010208488;16/12/15;15.78;16.175;15.73;16.02;6012632
FR0010208488;17/12/15;16.325;16.62;16.21;16.28;8036893
FR0010208488;18/12/15;16.12;16.38;15.96;15.99;12229276
FR0010208488;21/12/15;15.965;16.24;15.82;15.96;6303668
FR0010208488;22/12/15;16.045;16.09;15.76;15.925;3683117
FR0010208488;23/12/15;16.09;16.565;16.09;16.505;6142939
FR0010208488;24/12/15;16.50;16.64;16.455;16.475;747384
FR0010208488;28/12/15;16.505;16.59;16.27;16.30;2063585
FR0010208488;29/12/15;16.355;16.535;16.355;16.535;2837252
FR0010208488;30/12/15;16.50;16.62;16.385;16.43;2857854
FR0010208488;31/12/15;16.39;16.45;16.305;16.325;1039427
FR0010307819;01/12/15;56.00;56.00;55.02;55.08;719766
FR0010307819;02/12/15;55.05;55.34;54.56;54.90;700456
FR0010307819;03/12/15;54.70;55.93;53.40;53.48;945154
FR0010307819;04/12/15;53.46;53.86;52.98;53.78;613592
FR0010307819;07/12/15;54.04;54.89;54.04;54.31;404312
FR0010307819;08/12/15;54.30;54.38;53.61;54.06;696020
FR0010307819;09/12/15;54.16;54.35;53.32;53.64;461763
FR0010307819;10/12/15;53.69;54.29;53.18;53.65;466493
FR0010307819;11/12/15;53.60;53.64;52.40;52.68;413227
FR0010307819;14/12/15;52.76;53.46;51.80;51.83;549321
FR0010307819;15/12/15;52.35;52.53;51.95;52.28;742213
FR0010307819;16/12/15;52.30;52.89;52.11;52.30;612136
FR0010307819;17/12/15;53.20;53.36;52.51;52.55;540243
FR0010307819;18/12/15;52.10;52.17;51.42;51.65;835717
FR0010307819;21/12/15;51.82;52.37;51.50;51.50;655948
FR0010307819;22/12/15;51.79;51.79;50.90;51.58;428383
FR0010307819;23/12/15;51.90;52.44;51.90;52.24;434482
FR0010307819;24/12/15;52.49;52.50;52.05;52.05;62434
FR0010307819;28/12/15;52.10;52.41;51.90;52.20;188428
FR0010307819;29/12/15;52.50;53.17;52.48;53.12;325165
FR0010307819;30/12/15;52.90;53.09;52.57;52.62;257920
FR0010307819;31/12/15;52.69;52.83;52.20;52.20;133865
FR0013176526;01/12/15;49.0667;49.3167;48.1667;48.30;863208
FR0013176526;02/12/15;47.60;47.6333;46.75;47.0333;1790715
FR0013176526;03/12/15;47.1333;47.3667;45.25;45.75;2151696
FR0013176526;04/12/15;45.7333;46.2667;45.1167;46.1667;1865904
FR0013176526;07/12/15;46.65;47.45;46.40;47.1667;903066
FR0013176526;08/12/15;47.1667;47.3333;45.65;46.15;806301
FR0013176526;09/12/15;46.40;46.7167;45.80;46.1167;891720
FR0013176526;10/12/15;45.8333;46.3167;45.5167;45.9167;591786
FR0013176526;11/12/15;45.6333;45.7167;44.15;44.70;906183
FR0013176526;14/12/15;44.9833;44.9833;43.4167;43.5333;1375521
FR0013176526;15/12/15;43.9333;45.6333;43.8667;45.4167;1236891
FR0013176526;16/12/15;45.5333;46.10;45.05;45.90;1088505
FR0013176526;17/12/15;46.70;47.20;46.3667;46.4833;805560
FR0013176526;18/12/15;46.2833;46.5833;45.80;46.30;948375
FR0013176526;21/12/15;46.3333;47.95;46.2833;46.80;1008228
FR0013176526;22/12/15;47.3333;47.4667;46.35;46.50;672783
FR0013176526;23/12/15;47.0667;48.00;47.0667;47.9833;655032
FR0013176526;24/12/15;48.00;48.2167;47.8167;47.8167;112569
FR0013176526;28/12/15;47.8167;47.9167;47.20;47.20;381966
FR0013176526;29/12/15;47.45;47.9833;47.35;47.9167;448758
FR0013176526;30/12/15;47.70;48.1833;47.50;47.8333;365370
FR0013176526;31/12/15;48.00;48.00;47.2667;47.5167;154998
GB00BDSFG982;01/12/15;24.94;25.08;24.4775;24.59;1757158
GB00BDSFG982;02/12/15;24.58;24.675;24.1775;24.225;1301646
GB00BDSFG982;03/12/15;24.20;24.39;23.56;23.6025;2297552
GB00BDSFG982;04/12/15;23.6675;24.355;22.77;23.1075;2779636
GB00BDSFG982;07/12/15;23.10;23.10;22.1325;22.275;2009696
GB00BDSFG982;08/12/15;22.1825;22.2475;21.5525;21.905;2431012
GB00BDSFG982;09/12/15;21.955;23.1025;21.575;22.6875;3044814
GB00BDSFG982;10/12/15;22.7125;23.93;22.6925;23.5425;3305094
GB00BDSFG982;11/12/15;23.5425;23.6825;22.87;23.08;2577816
GB00BDSFG982;14/12/15;23.115;23.3175;22.5875;22.6225;2232490
GB00BDSFG982;15/12/15;22.78;23.395;22.71;23.2725;2217792
GB00BDSFG982;16/12/15;23.35;23.90;23.2225;23.4975;2119784
GB00BDSFG982;17/12/15;23.85;23.8925;23.015;23.025;1897724
GB00BDSFG982;18/12/15;22.795;23.2425;22.5575;22.6525;2788018
GB00BDSFG982;21/12/15;22.55;22.90;22.2625;22.32;1765728
GB00BDSFG982;22/12/15;22.5475;22.65;22.265;22.62;1599500
GB00BDSFG982;23/12/15;22.8475;23.9775;22.8475;23.95;2037576
GB00BDSFG982;24/12/15;24.05;24.05;23.395;23.395;394900
GB00BDSFG982;28/12/15;23.465;23.4675;22.8725;22.8875;629786
GB00BDSFG982;29/12/15;22.995;23.6175;22.9725;23.5425;1304226
GB00BDSFG982;30/12/15;23.45;23.4525;23.185;23.2925;964642
GB00BDSFG982;31/12/15;23.13;23.1925;22.855;22.8675;307488
LU1598757687;01/12/15;14.037;14.079;13.692;13.842;5387918
LU1598757687;02/12/15;13.752;13.779;12.378;12.615;16186069
LU1598757687;03/12/15;12.609;12.846;12.204;12.204;8961247
LU1598757687;04/12/15;12.30;12.492;11.805;11.916;8639478
LU1598757687;07/12/15;12.006;12.027;11.448;11.475;6414901
LU1598757687;08/12/15;11.454;11.46;10.56;10.866;11355860
LU1598757687;09/12/15;10.83;11.445;10.053;11.244;13367157
LU1598757687;10/12/15;11.067;11.70;10.965;11.52;9170781
LU1598757687;11/12/15;11.58;11.724;10.731;10.785;8553434
LU1598757687;14/12/15;10.887;11.04;10.11;10.11;6926406
LU1598757687;15/12/15;10.35;10.818;10.275;10.671;7348007
LU1598757687;16/12/15;10.80;10.833;10.20;10.536;6852768
LU1598757687;17/12/15;10.80;10.98;10.32;10.335;6823139
LU1598757687;18/12/15;10.23;10.767;10.203;10.767;8826136
LU1598757687;21/12/15;10.74;11.136;10.614;10.62;4452949
LU1598757687;22/12/15;10.866;11.262;10.764;11.262;5356303
LU1598757687;23/12/15;11.631;12.879;11.55;12.51;10558977
LU1598757687;24/12/15;12.60;12.84;12.24;12.60;1811458
LU1598757687;28/12/15;12.627;12.627;11.943;11.943;3201335
LU1598757687;29/12/15;11.94;12.081;11.499;11.652;5390128
LU1598757687;30/12/15;11.694;12.066;11.493;11.919;3893925
LU1598757687;31/12/15;12.021;12.021;11.691;11.691;1268201
NL0000226223;01/12/15;6.927;6.983;6.874;6.889;2768577
NL0000226223;02/12/15;6.916;6.975;6.883;6.95;2185810
NL0000226223;03/12/15;6.92;6.982;6.613;6.753;3073500
NL0000226223;04/12/15;6.766;6.766;6.627;6.738;2095035
NL0000226223;07/12/15;6.751;6.783;6.608;6.63;1983538
NL0000226223;08/12/15;6.606;6.636;6.401;6.42;2100152
NL0000226223;09/12/15;6.462;6.489;6.355;6.413;2074955
NL0000226223;10/12/15;6.375;6.454;6.296;6.34;2281436
NL0000226223;11/12/15;6.333;6.333;6.118;6.183;1680800
NL0000226223;14/12/15;6.18;6.18;5.896;5.901;1949563
NL0000226223;15/12/15;5.892;6.166;5.892;6.147;2258929
NL0000226223;16/12/15;6.14;6.162;6.012;6.031;1710232
NL0000226223;17/12/15;6.216;6.305;6.14;6.174;2209746
NL0000226223;18/12/15;6.106;6.177;6.03;6.068;2192657
NL0000226223;21/12/15;6.061;6.18;6.049;6.079;1291947
NL0000226223;22/12/15;6.142;6.15;6.069;6.113;1492143
NL0000226223;23/12/15;6.147;6.267;6.133;6.248;1073228
NL0000226223;24/12/15;6.219;6.241;6.156;6.163;174899
NL0000226223;28/12/15;6.235;6.287;6.135;6.15;530494
NL0000226223;29/12/15;6.161;6.272;6.161;6.272;1017753
NL0000226223;30/12/15;6.274;6.368;6.25;6.272;961826
NL0000226223;31/12/15;6.225;6.269;6.181;6.181;227895
NL0000235190;01/12/15;68.29;68.50;66.76;67.25;2219478
NL0000235190;02/12/15;67.46;67.92;66.97;67.20;1437294
NL0000235190;03/12/15;67.13;68.48;61.74;63.66;6181200
NL0000235190;04/12/15;63.79;64.38;62.70;64.01;3097108
NL0000235190;07/12/15;64.67;66.60;64.46;65.89;2011149
NL0000235190;08/12/15;66.01;66.09;64.23;64.71;2132119
NL0000235190;09/12/15;64.72;65.06;63.16;63.49;2114173
NL0000235190;10/12/15;63.22;64.45;62.75;64.18;1795007
NL0000235190;11/12/15;63.82;64.12;61.74;62.28;2837745
NL0000235190;14/12/15;62.76;63.95;61.02;61.30;2705807
NL0000235190;15/12/15;61.87;63.47;61.17;63.14;3433031
NL0000235190;16/12/15;63.28;65.50;63.04;64.39;2426738
NL0000235190;17/12/15;66.30;67.01;65.13;65.13;2735628
NL0000235190;18/12/15;64.46;64.81;62.86;63.26;4059339
NL0000235190;21/12/15;63.00;63.59;61.92;61.92;2398413
NL0000235190;22/12/15;62.89;62.89;61.28;61.90;2041101
NL0000235190;23/12/15;62.55;63.00;62.41;62.58;1938482
NL0000235190;24/12/15;62.23;62.44;61.64;62.15;322046
NL0000235190;28/12/15;62.23;62.76;61.55;61.71;781866
NL0000235190;29/12/15;62.40;63.54;62.28;63.05;1417901
NL0000235190;30/12/15;62.74;63.13;62.30;62.58;1178738
NL0000235190;31/12/15;62.67;62.88;62.00;62.00;409212
