BE0003470755;01/10/13;111.00;111.25;110.30;110.95;106178
BE0003470755;02/10/13;110.60;110.90;109.35;110.15;109194
BE0003470755;03/10/13;108.90;109.00;107.20;107.60;233030
BE0003470755;04/10/13;107.50;108.10;106.70;107.50;170499
BE0003470755;07/10/13;110.00;110.50;108.05;108.75;232389
BE0003470755;08/10/13;109.10;109.35;107.00;108.00;167983
BE0003470755;09/10/13;108.10;109.15;107.65;108.05;148672
BE0003470755;10/10/13;108.55;110.30;108.00;110.30;133668
BE0003470755;11/10/13;110.40;111.05;110.15;110.60;115814
BE0003470755;14/10/13;110.75;111.10;109.90;110.95;79738
BE0003470755;15/10/13;111.80;115.65;111.65;114.85;234754
BE0003470755;16/10/13;114.95;115.60;114.10;115.25;103664
BE0003470755;17/10/13;115.05;115.35;114.10;115.05;132493
BE0003470755;18/10/13;115.20;116.00;115.20;116.00;195926
BE0003470755;21/10/13;116.00;118.70;115.55;118.35;174586
BE0003470755;22/10/13;117.65;119.15;117.50;117.75;162116
BE0003470755;23/10/13;117.50;118.15;116.95;118.10;140519
BE0003470755;24/10/13;118.15;118.45;116.50;117.30;135523
BE0003470755;25/10/13;113.50;118.25;113.00;116.10;378188
BE0003470755;28/10/13;116.20;117.35;116.20;117.30;104566
BE0003470755;29/10/13;117.00;117.65;115.80;116.10;155255
BE0003470755;30/10/13;116.00;116.85;115.85;116.05;121620
BE0003470755;31/10/13;115.50;116.00;114.40;115.30;180605
FR0000045072;01/10/13;8.148;8.358;8.144;8.352;5699890
FR0000045072;02/10/13;8.315;8.499;8.30;8.45;8137007
FR0000045072;03/10/13;8.458;8.476;8.306;8.319;4194134
FR0000045072;04/10/13;8.30;8.496;8.264;8.468;4443319
FR0000045072;07/10/13;8.414;8.473;8.31;8.473;4112336
FR0000045072;08/10/13;8.469;8.61;8.441;8.55;7030297
FR0000045072;09/10/13;8.55;8.841;8.537;8.692;9116655
FR0000045072;10/10/13;8.782;9.005;8.734;8.968;8686206
FR0000045072;11/10/13;9.027;9.144;8.88;8.979;6504959
FR0000045072;14/10/13;8.90;8.95;8.82;8.941;3581590
FR0000045072;15/10/13;9.00;9.11;8.984;9.079;4866015
FR0000045072;16/10/13;9.044;9.229;9.016;9.151;5346001
FR0000045072;17/10/13;9.138;9.20;8.985;9.20;4590531
FR0000045072;18/10/13;9.24;9.254;9.114;9.141;4312356
FR0000045072;21/10/13;9.155;9.173;9.042;9.147;4008597
FR0000045072;22/10/13;9.116;9.168;9.056;9.123;3821511
FR0000045072;23/10/13;9.045;9.088;8.88;8.904;6113019
FR0000045072;24/10/13;8.975;9.159;8.949;9.119;5262196
FR0000045072;25/10/13;8.942;8.973;8.756;8.848;7640998
FR0000045072;28/10/13;8.88;8.91;8.60;8.614;6281330
FR0000045072;29/10/13;8.60;8.775;8.50;8.734;5728274
FR0000045072;30/10/13;8.732;8.85;8.636;8.692;4247835
FR0000045072;31/10/13;8.778;8.962;8.75;8.897;7976895
FR0000051732;01/10/13;57.96;59.05;57.82;59.05;326710
FR0000051732;02/10/13;59.05;59.05;56.96;57.46;629224
FR0000051732;03/10/13;57.75;57.76;57.06;57.40;177085
FR0000051732;04/10/13;57.48;57.48;56.72;57.18;256304
FR0000051732;07/10/13;57.00;57.18;56.50;56.54;284076
FR0000051732;08/10/13;56.49;56.96;56.36;56.78;161383
FR0000051732;09/10/13;56.53;56.75;56.17;56.39;158213
FR0000051732;10/10/13;56.69;57.53;56.56;57.51;262661
FR0000051732;11/10/13;57.65;58.56;57.55;58.54;310135
FR0000051732;14/10/13;58.33;58.58;57.75;58.26;244052
FR0000051732;15/10/13;58.57;58.73;58.24;58.55;243402
FR0000051732;16/10/13;58.50;58.75;58.18;58.71;231616
FR0000051732;17/10/13;58.44;58.65;57.90;58.52;216435
FR0000051732;18/10/13;58.36;59.46;58.36;59.45;374349
FR0000051732;21/10/13;59.50;60.30;59.45;60.20;536639
FR0000051732;22/10/13;59.80;60.30;59.62;60.12;371864
FR0000051732;23/10/13;60.00;60.12;59.47;59.69;230261
FR0000051732;24/10/13;59.66;59.80;58.98;59.00;261975
FR0000051732;25/10/13;58.50;60.05;57.70;59.82;582546
FR0000051732;28/10/13;59.65;60.02;59.43;59.88;284780
FR0000051732;29/10/13;59.89;60.84;59.84;60.68;420937
FR0000051732;30/10/13;60.10;61.80;60.10;61.45;421253
FR0000051732;31/10/13;61.30;63.45;61.20;62.88;526087
FR0000073272;01/10/13;45.545;46.69;45.485;46.25;804906
FR0000073272;02/10/13;46.05;46.30;45.845;46.225;773582
FR0000073272;03/10/13;46.17;46.29;45.47;45.505;490333
FR0000073272;04/10/13;45.53;46.125;45.45;45.76;519452
FR0000073272;07/10/13;45.75;45.89;45.11;45.695;480324
FR0000073272;08/10/13;45.79;46.14;45.535;45.75;470121
FR0000073272;09/10/13;45.845;45.845;45.13;45.23;407277
FR0000073272;10/10/13;45.57;46.17;45.495;46.00;474668
FR0000073272;11/10/13;46.20;46.20;45.71;46.025;379989
FR0000073272;14/10/13;45.665;45.95;45.515;45.95;234410
FR0000073272;15/10/13;46.11;46.13;45.45;45.545;493686
FR0000073272;16/10/13;45.585;45.825;44.48;44.48;887098
FR0000073272;17/10/13;45.00;45.04;44.215;44.45;595215
FR0000073272;18/10/13;44.745;45.665;44.58;45.665;697731
FR0000073272;21/10/13;45.955;46.26;45.57;46.05;851739
FR0000073272;22/10/13;46.00;46.70;45.87;46.63;879648
FR0000073272;23/10/13;46.38;46.995;46.295;46.995;699118
FR0000073272;24/10/13;47.00;47.77;46.40;47.015;836480
FR0000073272;25/10/13;47.015;47.115;46.68;46.865;478073
FR0000073272;28/10/13;46.91;47.035;46.595;46.71;390314
FR0000073272;29/10/13;46.905;47.355;46.90;47.12;403920
FR0000073272;30/10/13;47.32;47.535;47.20;47.435;448281
FR0000073272;31/10/13;47.325;47.625;46.95;47.075;765932
FR0000120073;01/10/13;85.124;85.9091;84.7521;85.00;777029
FR0000120073;02/10/13;84.5868;84.7107;83.0165;83.5124;886649
FR0000120073;03/10/13;83.4711;84.0909;82.9752;83.1405;507405
FR0000120073;04/10/13;83.2231;83.4711;82.5703;83.2645;583444
FR0000120073;07/10/13;82.8099;83.0579;81.8512;82.8512;556595
FR0000120073;08/10/13;82.7686;82.8099;81.8926;82.2727;601418
FR0000120073;09/10/13;81.8182;81.9835;81.0496;81.3884;952179
FR0000120073;10/10/13;81.6116;82.9339;81.438;82.3719;1115649
FR0000120073;11/10/13;82.686;82.8099;82.3884;82.6033;534717
FR0000120073;14/10/13;82.4793;82.9339;81.9504;82.9339;510481
FR0000120073;15/10/13;83.2645;83.8843;82.9339;83.5124;825922
FR0000120073;16/10/13;83.4711;83.719;82.6116;82.8512;748301
FR0000120073;17/10/13;82.8512;83.843;82.6446;83.6364;550602
FR0000120073;18/10/13;84.2149;84.2975;83.4711;84.0496;762406
FR0000120073;21/10/13;83.8843;84.5455;83.6777;84.4628;580543
FR0000120073;22/10/13;84.1736;84.9174;84.1322;84.7521;625289
FR0000120073;23/10/13;84.3802;85.1653;84.3802;84.876;681479
FR0000120073;24/10/13;82.6446;84.0909;82.3967;83.3884;1177250
FR0000120073;25/10/13;83.3884;84.4628;83.0579;84.1322;665101
FR0000120073;28/10/13;84.4628;84.6281;83.9256;84.2149;460746
FR0000120073;29/10/13;84.1736;84.7521;83.3058;83.719;762977
FR0000120073;30/10/13;83.8017;83.8843;82.3058;82.6446;753916
FR0000120073;31/10/13;82.2314;83.1405;82.1074;82.8926;884013
FR0000120172;01/10/13;25.35;25.88;25.35;25.88;1970243
FR0000120172;02/10/13;25.655;25.705;25.285;25.65;1769989
FR0000120172;03/10/13;25.755;25.995;25.60;25.80;1556091
FR0000120172;04/10/13;25.825;26.015;25.655;26.00;1799945
FR0000120172;07/10/13;25.72;25.72;25.32;25.675;1853013
FR0000120172;08/10/13;25.73;25.935;25.64;25.80;1421973
FR0000120172;09/10/13;25.80;26.59;25.76;26.195;3681171
FR0000120172;10/10/13;26.285;26.685;26.255;26.685;2904431
FR0000120172;11/10/13;26.50;26.635;26.41;26.515;1881685
FR0000120172;14/10/13;26.40;26.745;26.26;26.70;1515823
FR0000120172;15/10/13;26.85;27.08;26.69;26.875;2383396
FR0000120172;16/10/13;26.83;26.895;26.65;26.81;2087607
FR0000120172;17/10/13;27.15;27.715;27.15;27.64;4332389
FR0000120172;18/10/13;27.50;27.645;26.815;27.365;3667137
FR0000120172;21/10/13;27.365;27.43;27.15;27.305;1368174
FR0000120172;22/10/13;27.295;27.785;27.24;27.565;1589931
FR0000120172;23/10/13;27.47;27.51;27.285;27.47;1447531
FR0000120172;24/10/13;27.47;27.57;27.115;27.20;1533029
FR0000120172;25/10/13;27.09;27.235;26.875;27.20;2509595
FR0000120172;28/10/13;27.34;27.38;26.88;27.225;1346010
FR0000120172;29/10/13;27.225;27.33;26.915;27.255;1564271
FR0000120172;30/10/13;27.275;27.37;26.715;26.905;1770673
FR0000120172;31/10/13;26.75;27.02;26.75;26.98;1967077
FR0000120271;01/10/13;42.995;43.16;42.61;43.155;4182313
FR0000120271;02/10/13;42.835;43.035;42.56;42.90;3564209
FR0000120271;03/10/13;42.90;43.04;42.42;42.42;2911679
FR0000120271;04/10/13;42.445;43.17;42.435;42.89;3189334
FR0000120271;07/10/13;42.68;43.035;42.05;42.99;3087401
FR0000120271;08/10/13;42.855;43.155;42.79;42.985;2944884
FR0000120271;09/10/13;42.855;43.475;42.635;43.065;3885191
FR0000120271;10/10/13;43.25;43.66;43.08;43.635;4664340
FR0000120271;11/10/13;43.75;43.775;43.40;43.615;2492219
FR0000120271;14/10/13;43.45;43.855;43.26;43.63;2409190
FR0000120271;15/10/13;43.535;44.365;43.175;44.29;4270608
FR0000120271;16/10/13;44.295;44.56;44.04;44.38;3991659
FR0000120271;17/10/13;44.09;44.445;43.72;44.42;3601892
FR0000120271;18/10/13;44.285;44.795;44.005;44.795;6300340
FR0000120271;21/10/13;44.645;44.66;44.26;44.395;2910472
FR0000120271;22/10/13;44.19;44.20;43.435;44.20;5411109
FR0000120271;23/10/13;43.82;43.995;43.595;43.81;3427448
FR0000120271;24/10/13;44.08;44.20;43.79;43.99;2720732
FR0000120271;25/10/13;44.00;44.90;43.95;44.575;5415551
FR0000120271;28/10/13;44.685;44.845;44.33;44.70;2633470
FR0000120271;29/10/13;44.74;45.23;44.74;45.14;4352870
FR0000120271;30/10/13;45.235;45.67;45.18;45.23;4101442
FR0000120271;31/10/13;45.00;45.265;44.10;45.265;6257990
FR0000120321;01/10/13;127.00;127.85;125.65;127.60;499281
FR0000120321;02/10/13;126.85;127.00;125.25;125.70;467140
FR0000120321;03/10/13;125.70;126.60;124.55;124.70;331371
FR0000120321;04/10/13;125.00;126.30;124.35;124.35;431493
FR0000120321;07/10/13;123.95;125.05;122.45;124.75;448195
FR0000120321;08/10/13;124.65;124.95;123.80;123.80;388994
FR0000120321;09/10/13;124.05;125.10;123.85;124.25;514518
FR0000120321;10/10/13;125.30;126.10;124.45;126.10;524668
FR0000120321;11/10/13;126.30;126.35;125.10;125.55;383251
FR0000120321;14/10/13;125.45;125.45;122.50;123.25;680736
FR0000120321;15/10/13;123.45;124.30;123.20;124.05;458058
FR0000120321;16/10/13;121.10;122.20;120.50;122.15;925613
FR0000120321;17/10/13;122.05;124.30;121.80;123.10;558959
FR0000120321;18/10/13;125.65;127.70;125.20;127.50;861337
FR0000120321;21/10/13;127.70;127.70;126.55;127.05;302552
FR0000120321;22/10/13;127.30;130.60;127.15;129.25;660702
FR0000120321;23/10/13;128.95;130.30;128.30;128.95;413929
FR0000120321;24/10/13;129.40;129.40;127.65;127.90;422283
FR0000120321;25/10/13;127.05;127.85;126.55;127.65;322876
FR0000120321;28/10/13;128.10;128.80;127.50;128.50;278197
FR0000120321;29/10/13;128.45;130.00;128.05;128.75;367872
FR0000120321;30/10/13;128.80;129.00;126.85;127.40;450716
FR0000120321;31/10/13;125.00;126.20;124.10;126.15;1109866
FR0000120404;01/10/13;30.835;31.97;30.835;31.90;1168796
FR0000120404;02/10/13;31.74;31.78;31.445;31.585;728149
FR0000120404;03/10/13;31.59;31.855;31.29;31.345;628878
FR0000120404;04/10/13;31.35;31.82;31.33;31.82;1100051
FR0000120404;07/10/13;31.71;32.035;31.425;32.035;867646
FR0000120404;08/10/13;32.02;32.095;31.73;31.79;806519
FR0000120404;09/10/13;31.74;31.79;31.43;31.55;660994
FR0000120404;10/10/13;31.595;31.84;31.46;31.665;803237
FR0000120404;11/10/13;32.40;32.55;32.05;32.265;1256145
FR0000120404;14/10/13;32.18;32.925;32.14;32.89;793905
FR0000120404;15/10/13;33.00;33.00;32.40;32.545;903555
FR0000120404;16/10/13;32.56;32.56;32.22;32.50;733519
FR0000120404;17/10/13;32.31;32.61;32.165;32.305;724512
FR0000120404;18/10/13;32.80;33.885;32.625;33.61;1786997
FR0000120404;21/10/13;33.62;33.96;33.34;33.82;859271
FR0000120404;22/10/13;33.76;34.095;33.69;33.79;880294
FR0000120404;23/10/13;33.73;33.94;33.29;33.50;860188
FR0000120404;24/10/13;33.47;33.815;33.35;33.69;761598
FR0000120404;25/10/13;33.505;33.62;33.085;33.615;705791
FR0000120404;28/10/13;33.63;33.76;33.10;33.20;741809
FR0000120404;29/10/13;33.16;33.48;32.84;33.03;703056
FR0000120404;30/10/13;33.155;33.335;32.71;32.91;536184
FR0000120404;31/10/13;32.865;33.095;32.78;33.015;647584
FR0000120503;01/10/13;27.065;27.15;26.695;27.115;796823
FR0000120503;02/10/13;27.015;27.24;26.83;26.915;614517
FR0000120503;03/10/13;26.985;27.18;26.52;26.65;856449
FR0000120503;04/10/13;26.645;26.795;26.36;26.65;762138
FR0000120503;07/10/13;26.515;26.57;26.13;26.53;577708
FR0000120503;08/10/13;26.58;26.67;26.33;26.40;861303
FR0000120503;09/10/13;26.32;26.48;26.10;26.385;916820
FR0000120503;10/10/13;26.545;27.685;26.545;27.645;1304761
FR0000120503;11/10/13;27.665;28.68;27.50;28.09;1549659
FR0000120503;14/10/13;28.00;28.23;27.835;28.11;716368
FR0000120503;15/10/13;28.155;29.13;28.045;29.13;1961155
FR0000120503;16/10/13;28.54;29.74;28.50;29.595;1595272
FR0000120503;17/10/13;29.58;29.58;28.885;29.195;902973
FR0000120503;18/10/13;29.295;29.52;29.015;29.455;704249
FR0000120503;21/10/13;29.49;29.725;29.42;29.61;565190
FR0000120503;22/10/13;29.55;29.725;29.15;29.49;768423
FR0000120503;23/10/13;29.29;29.42;28.84;29.17;650390
FR0000120503;24/10/13;29.155;29.505;29.155;29.325;488530
FR0000120503;25/10/13;29.325;29.60;29.00;29.30;507143
FR0000120503;28/10/13;29.33;29.51;28.90;28.925;739136
FR0000120503;29/10/13;28.905;29.155;28.77;28.91;774246
FR0000120503;30/10/13;28.94;29.29;28.75;28.80;596803
FR0000120503;31/10/13;28.70;28.915;28.395;28.79;886764
FR0000120578;01/10/13;75.24;75.61;75.01;75.61;2046460
FR0000120578;02/10/13;75.18;75.24;74.22;74.74;2343948
FR0000120578;03/10/13;74.72;74.90;74.38;74.40;1797232
FR0000120578;04/10/13;74.25;74.87;73.93;74.65;1925182
FR0000120578;07/10/13;74.20;74.98;73.14;74.74;1965461
FR0000120578;08/10/13;74.64;74.74;73.51;73.56;1749285
FR0000120578;09/10/13;73.21;73.42;71.68;71.99;3772577
FR0000120578;10/10/13;72.70;73.41;72.40;72.95;3036395
FR0000120578;11/10/13;73.01;73.74;72.53;73.37;1918659
FR0000120578;14/10/13;73.68;73.68;72.98;73.20;2042729
FR0000120578;15/10/13;73.65;73.80;73.22;73.52;1871385
FR0000120578;16/10/13;74.00;74.16;72.58;73.00;2724219
FR0000120578;17/10/13;72.99;73.37;72.70;72.70;2489054
FR0000120578;18/10/13;73.29;73.50;72.79;73.26;2950092
FR0000120578;21/10/13;73.42;73.96;73.42;73.71;1585132
FR0000120578;22/10/13;73.46;75.11;73.31;74.70;2806302
FR0000120578;23/10/13;74.40;74.49;73.86;74.31;2393294
FR0000120578;24/10/13;74.80;74.99;74.01;74.86;1999881
FR0000120578;25/10/13;74.49;75.80;74.23;75.21;2659606
FR0000120578;28/10/13;75.76;75.80;75.25;75.50;1567170
FR0000120578;29/10/13;75.40;76.00;75.35;75.70;2285617
FR0000120578;30/10/13;74.00;78.25;73.90;77.55;4987398
FR0000120578;31/10/13;77.64;79.12;77.26;78.54;4650917
FR0000120628;01/10/13;17.195;17.52;17.165;17.43;5836073
FR0000120628;02/10/13;17.425;17.43;17.02;17.11;6338487
FR0000120628;03/10/13;17.22;17.325;17.10;17.185;5044433
FR0000120628;04/10/13;17.195;17.435;17.155;17.355;6000059
FR0000120628;07/10/13;17.28;17.35;17.05;17.35;4940341
FR0000120628;08/10/13;17.36;17.445;17.135;17.175;3934448
FR0000120628;09/10/13;17.19;17.66;17.14;17.41;6964264
FR0000120628;10/10/13;17.70;18.29;17.65;18.27;10534960
FR0000120628;11/10/13;18.295;18.33;18.155;18.19;5458957
FR0000120628;14/10/13;18.17;18.325;17.975;18.325;4078021
FR0000120628;15/10/13;18.39;18.71;18.375;18.505;6085799
FR0000120628;16/10/13;18.465;18.945;18.425;18.825;6981815
FR0000120628;17/10/13;18.85;18.895;18.48;18.805;4524280
FR0000120628;18/10/13;18.935;18.955;18.70;18.83;5091319
FR0000120628;21/10/13;18.80;18.855;18.565;18.59;3799085
FR0000120628;22/10/13;18.585;18.895;18.51;18.72;5598782
FR0000120628;23/10/13;18.65;18.725;18.425;18.675;4308513
FR0000120628;24/10/13;18.80;18.845;18.515;18.635;4815297
FR0000120628;25/10/13;18.44;18.44;18.005;18.27;6304368
FR0000120628;28/10/13;18.39;18.45;17.755;17.90;6178319
FR0000120628;29/10/13;17.805;18.345;17.765;18.265;5924023
FR0000120628;30/10/13;18.325;18.51;18.015;18.125;5377604
FR0000120628;31/10/13;18.025;18.41;18.025;18.40;5198140
FR0000120644;01/10/13;55.10;56.05;54.96;55.81;1891887
FR0000120644;02/10/13;55.71;55.71;54.72;54.98;1538716
FR0000120644;03/10/13;55.12;55.32;54.78;54.81;1037339
FR0000120644;04/10/13;54.89;55.66;54.82;55.47;1491310
FR0000120644;07/10/13;55.11;55.12;54.63;54.81;1193191
FR0000120644;08/10/13;54.69;54.91;53.91;54.00;1668933
FR0000120644;09/10/13;53.98;54.00;52.82;53.00;2013831
FR0000120644;10/10/13;53.28;53.76;52.85;53.41;2222822
FR0000120644;11/10/13;53.74;53.74;52.81;53.05;1575128
FR0000120644;14/10/13;52.90;53.68;52.55;53.48;1862202
FR0000120644;15/10/13;53.54;53.61;52.70;53.04;2234713
FR0000120644;16/10/13;50.32;51.85;50.30;51.83;4744194
FR0000120644;17/10/13;51.22;52.66;51.16;52.55;2356807
FR0000120644;18/10/13;53.00;53.64;52.70;53.57;1994121
FR0000120644;21/10/13;53.50;53.54;52.98;53.40;1597098
FR0000120644;22/10/13;53.33;54.30;53.21;54.21;1975254
FR0000120644;23/10/13;54.00;54.54;53.90;54.54;1674901
FR0000120644;24/10/13;54.74;54.98;54.53;54.83;1607561
FR0000120644;25/10/13;54.93;55.48;54.83;55.30;1772824
FR0000120644;28/10/13;55.53;55.65;55.08;55.54;1028153
FR0000120644;29/10/13;55.61;56.13;55.47;55.75;1333412
FR0000120644;30/10/13;55.68;55.73;54.03;54.23;2560245
FR0000120644;31/10/13;53.86;54.87;53.80;54.62;1526472
FR0000120693;01/10/13;91.20;91.41;90.16;90.39;928459
FR0000120693;02/10/13;90.08;90.37;88.13;88.27;630642
FR0000120693;03/10/13;88.51;88.76;88.13;88.50;513728
FR0000120693;04/10/13;88.00;88.49;87.87;88.22;615986
FR0000120693;07/10/13;88.07;89.85;87.98;89.82;634249
FR0000120693;08/10/13;89.83;89.92;88.65;88.78;452726
FR0000120693;09/10/13;88.78;89.29;88.40;88.59;365188
FR0000120693;10/10/13;88.72;89.23;88.30;89.10;429614
FR0000120693;11/10/13;88.17;89.29;88.10;88.99;438574
FR0000120693;14/10/13;88.65;89.11;88.39;88.60;334145
FR0000120693;15/10/13;88.85;88.93;87.74;87.88;613602
FR0000120693;16/10/13;87.98;88.48;87.07;88.23;494877
FR0000120693;17/10/13;87.99;88.21;86.38;87.89;810684
FR0000120693;18/10/13;88.03;89.32;88.00;89.26;570713
FR0000120693;21/10/13;89.20;89.30;88.77;88.90;410582
FR0000120693;22/10/13;88.95;89.31;88.28;88.71;513263
FR0000120693;23/10/13;88.25;89.13;88.18;88.87;419114
FR0000120693;24/10/13;86.61;87.79;86.02;86.09;1408649
FR0000120693;25/10/13;86.43;86.85;86.05;86.48;843474
FR0000120693;28/10/13;86.51;87.17;86.40;87.12;495598
FR0000120693;29/10/13;87.24;88.11;87.10;88.09;436641
FR0000120693;30/10/13;88.11;88.89;87.78;87.93;490922
FR0000120693;31/10/13;87.85;89.10;87.49;88.50;718889
FR0000121014;01/10/13;146.00;148.30;145.65;148.05;690896
FR0000121014;02/10/13;146.95;147.55;144.00;144.75;797890
FR0000121014;03/10/13;145.25;146.30;145.10;145.75;614648
FR0000121014;04/10/13;146.00;146.80;144.75;146.70;497011
FR0000121014;07/10/13;145.30;145.50;143.00;145.15;621451
FR0000121014;08/10/13;144.70;145.90;144.30;144.30;396102
FR0000121014;09/10/13;144.30;145.50;143.10;143.60;604319
FR0000121014;10/10/13;144.60;146.15;144.10;145.90;660797
FR0000121014;11/10/13;146.20;146.80;145.60;146.20;460354
FR0000121014;14/10/13;145.40;145.75;143.65;144.80;483979
FR0000121014;15/10/13;144.90;146.10;144.35;144.85;661330
FR0000121014;16/10/13;136.70;138.70;135.00;138.70;2668073
FR0000121014;17/10/13;139.00;139.40;135.00;138.05;1144440
FR0000121014;18/10/13;139.40;141.45;139.00;141.00;1071795
FR0000121014;21/10/13;141.20;141.25;138.55;139.25;998905
FR0000121014;22/10/13;139.05;141.00;139.05;140.40;786356
FR0000121014;23/10/13;140.25;140.40;139.35;139.65;591993
FR0000121014;24/10/13;139.80;140.40;138.60;139.80;555298
FR0000121014;25/10/13;139.00;139.35;137.95;139.15;621677
FR0000121014;28/10/13;140.00;140.00;139.05;139.60;404875
FR0000121014;29/10/13;139.10;140.35;139.05;140.20;537980
FR0000121014;30/10/13;140.90;141.70;140.25;140.70;576646
FR0000121014;31/10/13;140.20;142.20;139.90;141.80;731493
FR0000121220;01/10/13;68.85;70.51;68.85;69.95;159377
FR0000121220;02/10/13;70.31;70.31;68.75;69.04;176444
FR0000121220;03/10/13;69.43;69.50;68.75;68.79;101932
FR0000121220;04/10/13;68.80;68.94;67.95;68.12;165716
FR0000121220;07/10/13;67.72;68.04;67.36;67.80;159587
FR0000121220;08/10/13;67.75;68.09;67.56;67.56;138270
FR0000121220;09/10/13;67.40;67.90;67.10;67.72;143431
FR0000121220;10/10/13;67.98;68.97;67.71;68.61;171944
FR0000121220;11/10/13;68.95;70.29;68.79;69.60;188030
FR0000121220;14/10/13;69.31;69.89;69.30;69.89;93850
FR0000121220;15/10/13;69.98;70.32;69.80;69.97;115453
FR0000121220;16/10/13;69.40;70.43;69.40;70.28;149244
FR0000121220;17/10/13;69.93;70.60;69.70;70.22;185499
FR0000121220;18/10/13;70.70;72.54;70.56;72.40;235449
FR0000121220;21/10/13;72.18;73.21;72.18;73.11;132336
FR0000121220;22/10/13;72.72;73.64;72.72;73.12;104252
FR0000121220;23/10/13;72.48;74.42;72.44;73.06;222633
FR0000121220;24/10/13;72.87;73.10;72.32;72.39;135986
FR0000121220;25/10/13;72.49;72.59;71.26;71.81;230047
FR0000121220;28/10/13;71.52;72.23;71.52;71.85;125960
FR0000121220;29/10/13;72.00;72.27;71.54;71.80;148640
FR0000121220;30/10/13;71.99;72.27;71.56;71.79;148714
FR0000121220;31/10/13;71.73;71.95;70.73;71.49;206495
FR0000121261;01/10/13;82.42;83.67;82.24;83.65;564162
FR0000121261;02/10/13;82.93;83.42;79.94;80.75;1693974
FR0000121261;03/10/13;79.00;79.55;78.27;78.59;1461354
FR0000121261;04/10/13;78.23;80.10;77.35;79.47;978272
FR0000121261;07/10/13;79.20;79.50;78.12;78.17;841921
FR0000121261;08/10/13;78.37;78.49;77.35;77.55;729392
FR0000121261;09/10/13;77.38;78.12;76.01;76.33;907246
FR0000121261;10/10/13;76.72;78.85;76.00;78.72;929007
FR0000121261;11/10/13;79.23;79.65;77.82;79.27;575093
FR0000121261;14/10/13;79.00;79.15;77.78;78.19;508021
FR0000121261;15/10/13;79.73;80.23;78.69;79.71;800887
FR0000121261;16/10/13;79.74;79.93;78.90;79.61;513165
FR0000121261;17/10/13;79.65;80.15;78.95;79.08;516158
FR0000121261;18/10/13;79.46;80.79;79.31;80.74;551126
FR0000121261;21/10/13;80.99;81.18;79.55;80.91;565251
FR0000121261;22/10/13;80.87;82.86;80.79;81.93;716021
FR0000121261;23/10/13;81.67;81.92;80.45;81.20;597456
FR0000121261;24/10/13;81.63;81.98;81.29;81.53;430904
FR0000121261;25/10/13;81.19;81.41;80.33;80.42;518513
FR0000121261;28/10/13;80.66;80.80;79.36;79.75;665210
FR0000121261;29/10/13;77.00;77.15;76.10;76.78;1870577
FR0000121261;30/10/13;76.87;78.20;76.81;77.26;671968
FR0000121261;31/10/13;77.02;77.46;76.47;77.02;726712
FR0000121485;01/10/13;165.65;168.20;165.30;168.20;183908
FR0000121485;02/10/13;167.35;168.10;164.35;164.85;219378
FR0000121485;03/10/13;163.50;164.80;162.50;163.40;217662
FR0000121485;04/10/13;163.20;164.25;162.60;163.35;184125
FR0000121485;07/10/13;162.85;164.30;161.70;164.30;199897
FR0000121485;08/10/13;164.75;165.40;161.90;162.45;160275
FR0000121485;09/10/13;162.80;162.95;160.30;161.00;206679
FR0000121485;10/10/13;162.00;164.65;160.40;164.40;236338
FR0000121485;11/10/13;164.85;166.90;164.55;166.80;169679
FR0000121485;14/10/13;167.00;167.00;164.50;166.40;173634
FR0000121485;15/10/13;166.90;167.25;165.80;167.05;160586
FR0000121485;16/10/13;165.00;166.10;163.75;165.55;297066
FR0000121485;17/10/13;165.95;168.10;165.30;168.10;195409
FR0000121485;18/10/13;168.40;172.10;168.10;172.10;212770
FR0000121485;21/10/13;172.15;172.65;170.30;171.55;112779
FR0000121485;22/10/13;171.95;175.15;171.60;175.15;238274
FR0000121485;23/10/13;174.75;175.45;173.85;174.60;236044
FR0000121485;24/10/13;174.20;175.55;172.40;172.65;233754
FR0000121485;25/10/13;167.30;169.50;164.50;167.40;690558
FR0000121485;28/10/13;168.00;168.40;166.80;168.20;138936
FR0000121485;29/10/13;168.60;168.80;167.55;168.55;107244
FR0000121485;30/10/13;168.60;169.05;167.65;168.35;180451
FR0000121485;31/10/13;167.60;168.45;167.15;167.35;226338
FR0000121501;01/10/13;9.90;10.455;9.64;10.455;5161541
FR0000121501;02/10/13;10.38;10.455;10.10;10.18;2978791
FR0000121501;03/10/13;10.245;10.31;10.10;10.14;1333087
FR0000121501;04/10/13;10.085;10.305;9.985;10.295;1396135
FR0000121501;07/10/13;10.185;10.40;10.07;10.40;1768763
FR0000121501;08/10/13;10.335;10.475;10.115;10.115;2129788
FR0000121501;09/10/13;10.40;10.45;9.98;10.02;4363796
FR0000121501;10/10/13;10.15;10.365;10.07;10.175;2729434
FR0000121501;11/10/13;10.315;10.34;10.085;10.165;2422270
FR0000121501;14/10/13;9.64;9.64;8.70;9.045;14223657
FR0000121501;15/10/13;9.05;9.125;8.45;8.52;7878850
FR0000121501;16/10/13;8.30;8.40;7.36;8.045;18764595
FR0000121501;17/10/13;8.25;8.695;8.06;8.51;7225313
FR0000121501;18/10/13;8.53;8.70;8.31;8.60;4491413
FR0000121501;21/10/13;8.675;9.07;7.925;8.335;7214871
FR0000121501;22/10/13;8.24;8.29;7.96;8.20;4084767
FR0000121501;23/10/13;8.10;8.70;8.05;8.545;4617591
FR0000121501;24/10/13;8.595;8.615;8.10;8.165;3071561
FR0000121501;25/10/13;8.19;8.41;7.695;7.748;5357548
FR0000121501;28/10/13;7.80;7.815;6.943;7.176;10844051
FR0000121501;29/10/13;7.165;7.488;7.09;7.279;4415755
FR0000121501;30/10/13;7.30;7.43;7.139;7.224;3056842
FR0000121501;31/10/13;7.318;7.65;7.248;7.506;5272651
FR0000121667;01/10/13;79.73;80.15;78.50;79.40;829615
FR0000121667;02/10/13;79.05;79.11;76.92;77.80;1077068
FR0000121667;03/10/13;77.82;78.69;77.70;77.97;709257
FR0000121667;04/10/13;78.05;78.25;77.50;77.85;627390
FR0000121667;07/10/13;77.82;78.00;76.06;77.97;914357
FR0000121667;08/10/13;78.00;78.55;77.53;77.53;734589
FR0000121667;09/10/13;77.53;78.59;77.36;77.92;595184
FR0000121667;10/10/13;78.42;79.18;77.99;78.69;663352
FR0000121667;11/10/13;78.90;79.99;78.50;79.56;483364
FR0000121667;14/10/13;79.45;80.05;78.61;79.48;419282
FR0000121667;15/10/13;79.83;79.91;78.78;79.00;462952
FR0000121667;16/10/13;79.04;79.49;77.44;77.88;586713
FR0000121667;17/10/13;78.00;78.65;77.62;78.10;442097
FR0000121667;18/10/13;78.50;79.64;78.33;79.32;561018
FR0000121667;21/10/13;79.98;79.98;78.61;78.90;475171
FR0000121667;22/10/13;78.80;79.92;78.80;79.39;561400
FR0000121667;23/10/13;79.65;80.39;79.10;80.00;636344
FR0000121667;24/10/13;77.50;78.36;77.00;77.49;1287776
FR0000121667;25/10/13;77.45;77.84;76.86;77.16;609600
FR0000121667;28/10/13;77.76;77.88;77.20;77.57;409903
FR0000121667;29/10/13;77.59;78.70;77.57;78.66;422494
FR0000121667;30/10/13;78.70;79.01;78.23;78.87;395884
FR0000121667;31/10/13;78.38;79.87;78.36;79.10;838915
FR0000121972;01/10/13;62.69;64.11;62.69;64.05;1898405
FR0000121972;02/10/13;63.93;63.93;61.96;62.44;1683802
FR0000121972;03/10/13;61.70;61.95;60.10;60.46;1728175
FR0000121972;04/10/13;60.57;61.15;60.36;61.09;1359279
FR0000121972;07/10/13;60.67;61.22;59.69;61.16;1005152
FR0000121972;08/10/13;61.06;61.31;60.59;60.85;984994
FR0000121972;09/10/13;60.83;61.12;60.23;60.68;1234498
FR0000121972;10/10/13;61.00;62.78;60.68;62.78;1915211
FR0000121972;11/10/13;62.74;62.93;62.39;62.79;943632
FR0000121972;14/10/13;62.30;62.69;61.63;62.22;1002880
FR0000121972;15/10/13;62.30;62.58;61.83;62.38;966175
FR0000121972;16/10/13;62.02;62.34;61.07;61.41;1947934
FR0000121972;17/10/13;61.00;61.24;60.29;60.63;1480875
FR0000121972;18/10/13;61.15;62.20;60.74;62.20;1367353
FR0000121972;21/10/13;62.16;62.29;61.81;62.11;1009696
FR0000121972;22/10/13;62.00;63.13;61.95;62.60;1364613
FR0000121972;23/10/13;62.33;63.09;62.01;62.10;1348198
FR0000121972;24/10/13;62.61;63.62;62.41;63.27;1393583
FR0000121972;25/10/13;60.50;62.58;60.49;62.58;2909471
FR0000121972;28/10/13;62.69;62.74;61.00;61.25;1306122
FR0000121972;29/10/13;61.17;61.86;61.08;61.57;1402241
FR0000121972;30/10/13;61.28;61.74;61.10;61.60;1479429
FR0000121972;31/10/13;61.05;62.19;61.04;62.05;1524998
FR0000124141;01/10/13;12.60;12.87;12.56;12.825;1669008
FR0000124141;02/10/13;12.78;13.09;12.78;12.93;1533113
FR0000124141;03/10/13;12.92;12.98;12.84;12.95;1450942
FR0000124141;04/10/13;12.89;13.195;12.88;13.10;1648995
FR0000124141;07/10/13;13.10;13.195;12.925;13.185;2277417
FR0000124141;08/10/13;13.17;13.23;13.085;13.10;1979786
FR0000124141;09/10/13;13.125;13.67;13.10;13.545;3290676
FR0000124141;10/10/13;13.365;13.59;13.355;13.585;2483243
FR0000124141;11/10/13;13.60;13.65;13.455;13.48;2694273
FR0000124141;14/10/13;13.455;13.74;13.42;13.715;1565396
FR0000124141;15/10/13;13.785;13.835;13.69;13.79;2367035
FR0000124141;16/10/13;13.81;13.945;13.685;13.91;3313716
FR0000124141;17/10/13;13.825;13.875;13.445;13.52;3618366
FR0000124141;18/10/13;13.535;13.56;13.31;13.47;2744432
FR0000124141;21/10/13;13.315;13.35;13.03;13.22;2590861
FR0000124141;22/10/13;13.125;13.15;12.66;12.85;4232736
FR0000124141;23/10/13;12.78;13.035;12.75;12.99;2533715
FR0000124141;24/10/13;13.06;13.18;12.83;13.04;2657955
FR0000124141;25/10/13;13.075;13.09;12.895;12.98;2396941
FR0000124141;28/10/13;12.91;12.995;12.715;12.85;3381180
FR0000124141;29/10/13;12.785;12.84;12.32;12.44;5101808
FR0000124141;30/10/13;12.43;12.65;12.335;12.615;3047299
FR0000124141;31/10/13;12.56;12.70;12.50;12.62;2023779
FR0000124711;01/10/13;181.35;184.50;181.25;184.50;411754
FR0000124711;02/10/13;183.80;184.05;181.80;183.15;283171
FR0000124711;03/10/13;182.50;184.30;181.35;182.95;208197
FR0000124711;04/10/13;182.45;185.35;182.15;183.95;225607
FR0000124711;07/10/13;182.00;182.20;179.45;180.25;267545
FR0000124711;08/10/13;180.05;181.35;180.00;180.30;184238
FR0000124711;09/10/13;180.10;182.10;179.35;181.30;290504
FR0000124711;10/10/13;184.45;186.45;182.40;186.10;365477
FR0000124711;11/10/13;185.35;187.70;185.25;186.20;204412
FR0000124711;14/10/13;184.85;187.60;184.70;187.55;152406
FR0000124711;15/10/13;188.00;189.35;187.35;188.05;174123
FR0000124711;16/10/13;188.95;190.50;186.75;189.85;281287
FR0000124711;17/10/13;189.40;191.85;188.80;190.60;285340
FR0000124711;18/10/13;191.85;192.70;190.15;192.70;343498
FR0000124711;21/10/13;191.60;191.70;188.90;189.65;256911
FR0000124711;22/10/13;188.70;192.30;188.70;192.30;313874
FR0000124711;23/10/13;191.30;192.90;191.10;192.90;226706
FR0000124711;24/10/13;194.25;195.90;193.25;194.50;297446
FR0000124711;25/10/13;194.55;196.05;193.20;194.65;195638
FR0000124711;28/10/13;196.00;196.20;193.90;195.05;211277
FR0000124711;29/10/13;195.10;196.70;194.65;196.45;193358
FR0000124711;30/10/13;197.20;197.20;192.30;192.50;261423
FR0000124711;31/10/13;191.35;193.65;191.35;193.00;341082
FR0000125007;01/10/13;36.845;37.97;36.71;37.96;1698440
FR0000125007;02/10/13;37.61;37.715;37.00;37.30;1628517
FR0000125007;03/10/13;37.43;37.595;36.885;37.01;916813
FR0000125007;04/10/13;37.185;38.585;37.18;38.40;2380281
FR0000125007;07/10/13;38.17;38.585;37.765;38.535;1511439
FR0000125007;08/10/13;38.44;38.485;38.015;38.265;1349504
FR0000125007;09/10/13;37.515;37.56;36.61;36.87;3345706
FR0000125007;10/10/13;36.985;38.53;36.75;38.105;2496458
FR0000125007;11/10/13;38.06;38.10;37.295;37.48;1521185
FR0000125007;14/10/13;37.20;37.47;36.905;37.44;1064664
FR0000125007;15/10/13;37.44;37.945;37.225;37.89;1221334
FR0000125007;16/10/13;37.73;37.98;37.605;37.965;1069839
FR0000125007;17/10/13;37.66;37.715;36.875;37.16;1779360
FR0000125007;18/10/13;37.29;37.875;36.985;37.875;1511275
FR0000125007;21/10/13;37.785;37.94;37.565;37.865;1027320
FR0000125007;22/10/13;37.77;38.40;37.64;38.10;1499253
FR0000125007;23/10/13;37.855;38.07;37.58;37.70;1111612
FR0000125007;24/10/13;37.915;38.30;37.70;37.835;996089
FR0000125007;25/10/13;38.50;39.915;38.27;39.685;4134252
FR0000125007;28/10/13;39.95;40.00;38.365;38.635;2036041
FR0000125007;29/10/13;38.35;38.865;38.275;38.69;1333335
FR0000125007;30/10/13;38.69;38.89;38.365;38.595;1004176
FR0000125007;31/10/13;38.27;38.83;38.23;38.745;1339731
FR0000125338;01/10/13;43.985;44.505;43.97;44.50;444276
FR0000125338;02/10/13;44.425;44.60;44.235;44.565;842656
FR0000125338;03/10/13;44.475;44.735;44.17;44.35;411794
FR0000125338;04/10/13;44.29;44.47;43.63;43.885;846991
FR0000125338;07/10/13;43.805;43.905;43.195;43.80;477941
FR0000125338;08/10/13;43.755;44.01;43.575;43.725;511627
FR0000125338;09/10/13;43.51;43.65;42.875;43.095;590317
FR0000125338;10/10/13;43.415;44.53;43.285;44.38;685807
FR0000125338;11/10/13;45.00;45.605;44.53;44.80;852942
FR0000125338;14/10/13;44.45;44.45;43.55;44.275;613219
FR0000125338;15/10/13;44.27;45.065;44.27;44.965;660002
FR0000125338;16/10/13;44.995;45.61;44.865;45.32;881390
FR0000125338;17/10/13;45.24;45.665;45.065;45.57;755271
FR0000125338;18/10/13;46.75;48.39;46.60;48.06;2504591
FR0000125338;21/10/13;48.73;49.215;48.09;48.70;1605830
FR0000125338;22/10/13;48.89;49.32;48.575;49.085;1176974
FR0000125338;23/10/13;48.88;49.05;47.855;48.135;1569030
FR0000125338;24/10/13;47.45;47.685;46.81;46.89;1701275
FR0000125338;25/10/13;46.585;47.10;46.405;46.915;1168695
FR0000125338;28/10/13;46.835;46.99;46.445;46.85;827048
FR0000125338;29/10/13;46.91;47.95;46.90;47.60;846786
FR0000125338;30/10/13;47.67;48.04;47.585;47.98;551169
FR0000125338;31/10/13;47.93;48.71;47.93;48.45;823977
FR0000125486;01/10/13;43.135;43.86;43.03;43.86;1873638
FR0000125486;02/10/13;43.755;43.805;43.325;43.61;1469218
FR0000125486;03/10/13;43.61;44.015;43.495;43.605;1311168
FR0000125486;04/10/13;43.515;44.125;43.475;44.005;1553028
FR0000125486;07/10/13;43.69;43.96;43.40;43.895;1122394
FR0000125486;08/10/13;43.835;44.11;43.74;43.97;1025672
FR0000125486;09/10/13;43.765;44.04;43.30;44.01;1554022
FR0000125486;10/10/13;44.16;45.27;44.15;45.27;2447444
FR0000125486;11/10/13;45.115;45.53;45.02;45.495;1416519
FR0000125486;14/10/13;45.00;45.485;44.90;45.34;1390032
FR0000125486;15/10/13;45.50;46.25;45.405;46.21;1771910
FR0000125486;16/10/13;46.00;46.425;45.745;46.345;1395412
FR0000125486;17/10/13;46.135;46.48;45.97;46.48;1445615
FR0000125486;18/10/13;46.50;46.825;46.20;46.785;1517921
FR0000125486;21/10/13;46.825;47.20;46.75;46.875;1198042
FR0000125486;22/10/13;46.80;47.475;46.47;47.365;1509879
FR0000125486;23/10/13;47.10;47.26;46.88;47.26;1282100
FR0000125486;24/10/13;47.395;47.795;47.24;47.62;1324349
FR0000125486;25/10/13;47.52;48.35;47.47;48.11;1988975
FR0000125486;28/10/13;48.00;48.285;47.135;47.235;1497567
FR0000125486;29/10/13;47.095;47.51;47.065;47.355;1582179
FR0000125486;30/10/13;47.29;47.53;46.87;47.04;1175768
FR0000125486;31/10/13;46.85;47.345;46.54;47.245;1458125
FR0000127771;01/10/13;17.145;17.29;17.065;17.29;3915458
FR0000127771;02/10/13;17.25;17.335;17.085;17.15;3202513
FR0000127771;03/10/13;17.225;17.235;16.83;16.875;3133297
FR0000127771;04/10/13;16.89;17.455;16.87;17.285;5184299
FR0000127771;07/10/13;17.165;17.185;17.01;17.10;3195787
FR0000127771;08/10/13;17.055;17.195;17.01;17.05;2917187
FR0000127771;09/10/13;17.05;17.68;16.975;17.49;7715800
FR0000127771;10/10/13;17.595;18.19;17.505;18.145;7732979
FR0000127771;11/10/13;18.26;18.42;18.02;18.09;5133938
FR0000127771;14/10/13;18.03;18.245;17.995;18.20;2556936
FR0000127771;15/10/13;18.245;18.39;18.21;18.305;2713634
FR0000127771;16/10/13;18.375;18.98;18.185;18.97;8245674
FR0000127771;17/10/13;18.90;19.245;18.86;19.245;7915010
FR0000127771;18/10/13;19.24;19.35;18.995;19.325;5941981
FR0000127771;21/10/13;19.155;19.28;19.105;19.18;3242789
FR0000127771;22/10/13;19.10;19.225;19.025;19.075;3547472
FR0000127771;23/10/13;18.945;18.98;18.74;18.89;4381837
FR0000127771;24/10/13;18.90;19.00;18.795;18.97;2930761
FR0000127771;25/10/13;18.795;18.85;18.57;18.77;3626059
FR0000127771;28/10/13;18.845;18.845;18.60;18.72;2415152
FR0000127771;29/10/13;18.75;18.90;18.655;18.765;2595095
FR0000127771;30/10/13;18.75;18.80;18.485;18.565;3768749
FR0000127771;31/10/13;18.49;18.695;18.355;18.695;3757973
FR0000130577;01/10/13;59.09;59.47;58.71;58.98;812790
FR0000130577;02/10/13;58.70;58.95;58.10;58.45;579454
FR0000130577;03/10/13;58.30;58.90;57.79;58.00;597979
FR0000130577;04/10/13;58.00;58.45;57.98;58.22;610781
FR0000130577;07/10/13;58.17;58.25;57.74;57.97;362082
FR0000130577;08/10/13;58.02;58.60;57.60;57.62;432312
FR0000130577;09/10/13;57.42;57.55;56.66;56.85;598167
FR0000130577;10/10/13;56.86;57.92;56.55;57.78;815910
FR0000130577;11/10/13;58.10;58.70;57.89;58.06;619259
FR0000130577;14/10/13;57.82;58.06;57.73;58.01;455922
FR0000130577;15/10/13;58.06;59.92;58.06;59.64;837184
FR0000130577;16/10/13;58.90;59.08;57.78;58.44;1138658
FR0000130577;17/10/13;58.61;58.96;57.92;58.96;615131
FR0000130577;18/10/13;59.34;59.75;59.13;59.53;604535
FR0000130577;21/10/13;59.70;60.07;59.27;59.59;522865
FR0000130577;22/10/13;59.60;60.84;59.60;60.20;688608
FR0000130577;23/10/13;60.42;60.65;59.93;60.06;561621
FR0000130577;24/10/13;59.45;60.14;59.00;60.00;1005678
FR0000130577;25/10/13;59.82;60.72;59.59;60.65;636145
FR0000130577;28/10/13;60.63;61.05;60.36;60.65;629912
FR0000130577;29/10/13;60.79;61.23;60.52;61.09;585272
FR0000130577;30/10/13;61.28;61.59;60.82;61.10;543930
FR0000130577;31/10/13;61.05;61.43;60.75;61.43;810632
FR0000130809;01/10/13;36.905;37.855;36.90;37.85;3927687
FR0000130809;02/10/13;37.685;39.175;37.565;38.80;6818148
FR0000130809;03/10/13;39.00;39.14;38.05;38.21;3093947
FR0000130809;04/10/13;38.38;39.14;38.215;38.92;3189293
FR0000130809;07/10/13;38.67;39.27;38.365;39.27;3094571
FR0000130809;08/10/13;39.26;39.345;38.395;38.395;4009592
FR0000130809;09/10/13;38.515;39.475;38.405;38.96;4187751
FR0000130809;10/10/13;39.30;40.795;39.05;40.435;6510476
FR0000130809;11/10/13;40.785;40.84;39.98;40.595;4426528
FR0000130809;14/10/13;40.26;40.75;40.06;40.685;2469233
FR0000130809;15/10/13;40.925;41.72;40.73;41.57;3943116
FR0000130809;16/10/13;41.425;42.03;41.345;41.845;3679322
FR0000130809;17/10/13;41.825;41.895;41.09;41.835;2809182
FR0000130809;18/10/13;42.00;42.55;41.67;42.48;5003471
FR0000130809;21/10/13;42.295;42.35;41.46;41.715;3925138
FR0000130809;22/10/13;41.555;42.085;41.315;41.71;3545957
FR0000130809;23/10/13;41.38;41.42;40.505;40.70;4113360
FR0000130809;24/10/13;41.39;41.69;41.205;41.395;3804866
FR0000130809;25/10/13;41.11;41.22;40.515;40.90;3118237
FR0000130809;28/10/13;41.03;41.21;39.945;40.13;3950412
FR0000130809;29/10/13;39.75;40.875;39.505;40.805;3404132
FR0000130809;30/10/13;40.865;41.17;40.52;40.755;3283478
FR0000130809;31/10/13;40.915;41.95;40.85;41.82;4741851
FR0000131104;01/10/13;50.17;50.86;50.05;50.85;2975895
FR0000131104;02/10/13;50.61;51.39;50.40;51.12;3523779
FR0000131104;03/10/13;51.14;51.29;50.37;50.58;2132635
FR0000131104;04/10/13;50.56;51.35;50.56;51.12;2834608
FR0000131104;07/10/13;50.95;51.16;50.49;51.06;2388794
FR0000131104;08/10/13;50.95;51.15;50.55;50.55;2628192
FR0000131104;09/10/13;50.70;51.99;50.61;51.50;3702281
FR0000131104;10/10/13;51.99;53.50;51.83;53.39;5270694
FR0000131104;11/10/13;53.73;53.88;53.05;53.40;2446588
FR0000131104;14/10/13;52.98;53.70;52.54;53.70;2217112
FR0000131104;15/10/13;54.00;54.33;53.65;54.17;3331359
FR0000131104;16/10/13;54.01;54.56;53.79;54.30;3496535
FR0000131104;17/10/13;54.07;54.40;53.45;54.25;3315248
FR0000131104;18/10/13;54.50;54.70;54.23;54.30;4315370
FR0000131104;21/10/13;54.19;54.25;53.51;53.77;3079752
FR0000131104;22/10/13;53.53;54.41;53.53;54.18;2630049
FR0000131104;23/10/13;53.70;53.70;52.85;53.00;3373891
FR0000131104;24/10/13;54.00;54.28;53.69;54.19;3371425
FR0000131104;25/10/13;53.52;53.78;52.96;53.35;2926298
FR0000131104;28/10/13;53.54;53.74;52.10;52.71;2675414
FR0000131104;29/10/13;52.00;53.56;51.69;53.51;3033188
FR0000131104;30/10/13;53.60;54.00;52.39;52.77;2779870
FR0000131104;31/10/13;53.80;54.80;53.55;54.54;6195161
FR0000131906;01/10/13;59.19;60.35;59.04;59.90;773944
FR0000131906;02/10/13;59.60;59.95;58.69;59.20;676019
FR0000131906;03/10/13;59.65;59.75;58.79;59.50;623059
FR0000131906;04/10/13;59.51;62.03;59.19;61.16;1204901
FR0000131906;07/10/13;61.10;61.95;60.30;61.95;844825
FR0000131906;08/10/13;61.99;62.10;61.16;61.37;699988
FR0000131906;09/10/13;61.55;62.81;61.21;62.20;1023730
FR0000131906;10/10/13;62.74;65.56;62.72;64.91;1498854
FR0000131906;11/10/13;65.21;65.28;64.31;65.15;744477
FR0000131906;14/10/13;65.04;65.51;64.52;65.51;505922
FR0000131906;15/10/13;66.00;67.32;65.87;66.90;910240
FR0000131906;16/10/13;66.90;67.77;66.36;67.69;704930
FR0000131906;17/10/13;67.76;68.40;66.86;68.05;953026
FR0000131906;18/10/13;68.16;68.66;67.44;68.39;686510
FR0000131906;21/10/13;68.56;68.70;67.71;68.02;711468
FR0000131906;22/10/13;67.85;69.00;67.35;68.03;927013
FR0000131906;23/10/13;67.61;68.16;67.26;67.45;1036177
FR0000131906;24/10/13;68.04;68.53;67.53;68.27;1144421
FR0000131906;25/10/13;66.00;66.78;65.30;66.11;1374001
FR0000131906;28/10/13;66.69;66.70;63.18;63.65;1306008
FR0000131906;29/10/13;64.08;65.00;63.65;64.03;714398
FR0000131906;30/10/13;64.43;65.89;64.08;64.61;831967
FR0000131906;31/10/13;64.34;65.92;64.02;64.51;1095513
FR0000133308;01/10/13;9.241;9.407;9.22;9.407;8446978
FR0000133308;02/10/13;9.359;9.362;9.232;9.297;10025734
FR0000133308;03/10/13;9.297;9.339;9.18;9.292;9278330
FR0000133308;04/10/13;9.30;9.495;9.287;9.48;8591983
FR0000133308;07/10/13;9.40;9.524;9.295;9.524;8119649
FR0000133308;08/10/13;9.55;9.806;9.532;9.65;17212414
FR0000133308;09/10/13;9.62;9.897;9.61;9.854;12622618
FR0000133308;10/10/13;9.93;10.26;9.90;10.22;15760134
FR0000133308;11/10/13;10.245;10.245;9.93;10.055;14539292
FR0000133308;14/10/13;10.00;10.17;9.96;10.135;7205953
FR0000133308;15/10/13;10.15;10.20;10.075;10.18;9003287
FR0000133308;16/10/13;10.115;10.48;10.10;10.45;14462103
FR0000133308;17/10/13;10.375;10.38;10.185;10.37;9615420
FR0000133308;18/10/13;10.385;10.495;10.30;10.415;8680039
FR0000133308;21/10/13;10.385;10.545;10.33;10.545;6908978
FR0000133308;22/10/13;10.50;10.70;10.45;10.65;13160883
FR0000133308;23/10/13;10.505;10.595;9.998;10.08;28072800
FR0000133308;24/10/13;10.08;10.215;9.988;10.18;10122554
FR0000133308;25/10/13;10.14;10.175;10.06;10.145;5707105
FR0000133308;28/10/13;10.165;10.225;10.12;10.18;5225115
FR0000133308;29/10/13;10.15;10.38;10.15;10.37;7301826
FR0000133308;30/10/13;10.38;10.44;10.06;10.165;8659983
FR0000133308;31/10/13;10.135;10.15;10.00;10.11;9551834
FR0010208488;01/10/13;18.675;19.05;18.635;19.04;4488628
FR0010208488;02/10/13;18.945;19.06;18.705;18.945;3850456
FR0010208488;03/10/13;18.95;18.95;18.555;18.65;3568516
FR0010208488;04/10/13;18.58;18.935;18.55;18.88;3689781
FR0010208488;07/10/13;18.795;19.325;18.625;19.225;4711684
FR0010208488;08/10/13;19.075;19.075;18.77;18.90;5196446
FR0010208488;09/10/13;18.905;19.39;18.84;19.155;5226326
FR0010208488;10/10/13;19.36;19.475;19.135;19.475;5057859
FR0010208488;11/10/13;19.235;19.375;19.045;19.23;4232896
FR0010208488;14/10/13;19.11;19.52;19.10;19.355;2781228
FR0010208488;15/10/13;19.47;19.48;19.25;19.40;3718883
FR0010208488;16/10/13;19.40;19.50;19.305;19.325;4802491
FR0010208488;17/10/13;19.00;19.10;18.61;18.805;7465535
FR0010208488;18/10/13;18.815;18.90;18.50;18.56;7018677
FR0010208488;21/10/13;18.58;18.675;18.535;18.575;3608412
FR0010208488;22/10/13;18.415;18.415;18.145;18.31;7124324
FR0010208488;23/10/13;18.14;18.275;18.01;18.21;4301743
FR0010208488;24/10/13;18.30;18.495;18.185;18.445;4325173
FR0010208488;25/10/13;18.435;18.515;18.385;18.435;3173227
FR0010208488;28/10/13;18.505;18.555;18.01;18.20;5375222
FR0010208488;29/10/13;18.225;18.39;18.17;18.29;4679141
FR0010208488;30/10/13;18.35;18.525;18.195;18.27;3170932
FR0010208488;31/10/13;18.21;18.365;18.085;18.34;4699982
FR0010307819;01/10/13;41.135;41.19;40.705;41.09;764607
FR0010307819;02/10/13;41.47;41.565;40.465;40.60;519461
FR0010307819;03/10/13;40.685;40.835;39.95;40.03;601841
FR0010307819;04/10/13;40.135;40.95;40.115;40.74;572028
FR0010307819;07/10/13;40.665;40.665;39.72;40.25;493160
FR0010307819;08/10/13;40.305;40.66;40.115;40.27;475893
FR0010307819;09/10/13;40.10;40.27;39.54;40.015;583415
FR0010307819;10/10/13;40.205;41.22;40.185;41.125;665480
FR0010307819;11/10/13;41.325;41.35;40.955;41.195;542486
FR0010307819;14/10/13;41.00;41.445;40.78;41.445;434284
FR0010307819;15/10/13;41.675;41.68;40.57;41.15;583523
FR0010307819;16/10/13;41.14;41.29;40.675;40.86;429179
FR0010307819;17/10/13;40.765;40.87;39.90;40.14;711833
FR0010307819;18/10/13;40.28;40.79;39.965;40.79;715208
FR0010307819;21/10/13;40.95;41.21;40.73;40.975;423889
FR0010307819;22/10/13;41.15;41.50;40.945;41.41;449627
FR0010307819;23/10/13;41.245;41.615;41.18;41.24;414104
FR0010307819;24/10/13;41.44;41.72;41.275;41.40;429296
FR0010307819;25/10/13;40.90;41.35;40.755;41.295;461199
FR0010307819;28/10/13;41.295;41.465;41.005;41.11;350509
FR0010307819;29/10/13;41.02;41.625;41.00;41.375;451105
FR0010307819;30/10/13;41.355;41.625;41.16;41.545;298703
FR0010307819;31/10/13;41.40;42.42;41.40;41.83;648818
FR0013176526;01/10/13;21.0433;21.6467;21.00;21.6467;806454
FR0013176526;02/10/13;21.6067;21.6067;21.1833;21.39;707847
FR0013176526;03/10/13;21.3933;21.4467;21.1567;21.2533;609291
FR0013176526;04/10/13;21.24;21.4167;20.87;21.37;904842
FR0013176526;07/10/13;21.3367;21.3667;20.9167;21.3333;738342
FR0013176526;08/10/13;21.3667;21.40;21.14;21.2633;710520
FR0013176526;09/10/13;21.30;21.5667;21.18;21.37;788547
FR0013176526;10/10/13;21.4967;21.7233;21.39;21.6867;1243449
FR0013176526;11/10/13;21.6667;21.8267;21.5767;21.7333;968124
FR0013176526;14/10/13;21.6667;21.81;21.3933;21.8067;598761
FR0013176526;15/10/13;21.8833;22.5167;21.8533;22.2367;1199685
FR0013176526;16/10/13;22.1567;22.4433;21.8833;22.3933;739575
FR0013176526;17/10/13;22.50;22.7733;22.27;22.5867;1204974
FR0013176526;18/10/13;23.32;23.94;22.8067;23.94;2121957
FR0013176526;21/10/13;23.99;23.9933;23.4667;23.81;921186
FR0013176526;22/10/13;23.9333;24.2333;23.6733;24.13;1142745
FR0013176526;23/10/13;24.1367;24.25;23.9067;24.0833;705264
FR0013176526;24/10/13;24.23;24.6233;24.1133;24.5867;1063728
FR0013176526;25/10/13;24.52;24.8333;24.40;24.8333;1059303
FR0013176526;28/10/13;25.00;25.00;23.9333;24.06;1297377
FR0013176526;29/10/13;24.0667;24.29;23.8867;24.1567;689835
FR0013176526;30/10/13;24.1967;24.5567;24.0567;24.1667;702411
FR0013176526;31/10/13;24.1467;24.54;23.91;24.3833;824481
GB00BDSFG982;01/10/13;43.50;43.965;43.42;43.745;469268
GB00BDSFG982;02/10/13;43.845;43.85;43.21;43.60;518088
GB00BDSFG982;03/10/13;43.84;44.615;43.53;44.26;866134
GB00BDSFG982;04/10/13;44.25;44.39;44.01;44.20;451230
GB00BDSFG982;07/10/13;44.065;44.165;43.43;43.755;537454
GB00BDSFG982;08/10/13;43.75;44.55;43.38;43.565;542648
GB00BDSFG982;09/10/13;43.565;43.76;43.05;43.12;544758
GB00BDSFG982;10/10/13;43.41;43.55;43.15;43.23;622734
GB00BDSFG982;11/10/13;43.025;43.34;42.555;43.23;782510
GB00BDSFG982;14/10/13;43.195;43.425;43.02;43.375;508602
GB00BDSFG982;15/10/13;43.94;44.40;43.75;44.35;667684
GB00BDSFG982;16/10/13;44.40;44.425;43.65;44.11;626832
GB00BDSFG982;17/10/13;44.005;44.135;43.255;43.745;781784
GB00BDSFG982;18/10/13;43.89;43.965;43.485;43.835;604700
GB00BDSFG982;21/10/13;43.895;44.55;43.875;44.535;641076
GB00BDSFG982;22/10/13;44.60;44.76;44.325;44.395;535398
GB00BDSFG982;23/10/13;44.39;44.485;44.05;44.255;452782
GB00BDSFG982;24/10/13;44.165;44.53;43.83;44.395;565226
GB00BDSFG982;25/10/13;44.435;44.94;44.25;44.84;707776
GB00BDSFG982;28/10/13;44.88;45.00;43.025;43.90;1594960
GB00BDSFG982;29/10/13;43.845;44.47;43.84;43.98;784644
GB00BDSFG982;30/10/13;43.03;43.895;42.87;42.99;1221180
GB00BDSFG982;31/10/13;40.45;40.45;38.565;38.575;6804598
LU1598757687;01/10/13;30.57;30.915;30.315;30.915;2316739
LU1598757687;02/10/13;30.90;31.32;30.645;31.29;2815333
LU1598757687;03/10/13;31.44;31.725;31.05;31.14;1938640
LU1598757687;04/10/13;31.005;31.335;30.705;31.245;1592310
LU1598757687;07/10/13;31.125;31.725;30.75;31.665;2230419
LU1598757687;08/10/13;31.53;31.68;31.08;31.38;2306441
LU1598757687;09/10/13;31.515;31.77;31.095;31.305;2453363
LU1598757687;10/10/13;31.50;32.40;31.365;32.295;2821028
LU1598757687;11/10/13;32.52;32.865;32.445;32.73;2276615
LU1598757687;14/10/13;33.195;34.11;33.075;33.855;4691276
LU1598757687;15/10/13;34.41;35.355;34.29;35.34;5481230
LU1598757687;16/10/13;35.37;35.55;34.65;35.295;3085391
LU1598757687;17/10/13;35.355;35.37;34.38;35.07;3710650
LU1598757687;18/10/13;35.265;35.355;34.71;35.10;2744476
LU1598757687;21/10/13;35.55;36.27;35.28;36.09;4243825
LU1598757687;22/10/13;35.325;35.70;34.71;34.77;5194315
LU1598757687;23/10/13;34.725;35.07;34.29;34.695;2781018
LU1598757687;24/10/13;34.98;35.175;34.815;35.16;2113668
LU1598757687;25/10/13;35.025;35.205;34.89;35.025;1815198
LU1598757687;28/10/13;35.16;35.43;33.75;33.885;3127215
LU1598757687;29/10/13;33.81;34.425;33.765;34.08;2591786
LU1598757687;30/10/13;34.86;35.22;34.44;34.50;3674918
LU1598757687;31/10/13;34.38;35.055;34.275;34.905;2344840
NL0000226223;01/10/13;6.793;6.85;6.723;6.807;3282674
NL0000226223;02/10/13;6.806;6.95;6.718;6.779;2979579
NL0000226223;03/10/13;6.794;6.831;6.73;6.74;1437989
NL0000226223;04/10/13;6.727;6.781;6.67;6.722;2189957
NL0000226223;07/10/13;6.715;6.805;6.666;6.746;2068644
NL0000226223;08/10/13;6.738;6.768;6.683;6.683;1928392
NL0000226223;09/10/13;6.694;6.706;6.578;6.602;2437580
NL0000226223;10/10/13;6.646;6.814;6.644;6.76;2570336
NL0000226223;11/10/13;6.80;6.874;6.764;6.811;2312439
NL0000226223;14/10/13;6.766;6.788;6.672;6.73;1991348
NL0000226223;15/10/13;6.79;6.792;6.659;6.659;2934031
NL0000226223;16/10/13;6.663;6.696;6.463;6.49;5719909
NL0000226223;17/10/13;6.508;6.565;6.373;6.406;3100197
NL0000226223;18/10/13;6.419;6.42;6.293;6.333;3835008
NL0000226223;21/10/13;6.35;6.514;6.35;6.509;3565216
NL0000226223;22/10/13;6.394;6.533;6.362;6.372;4210594
NL0000226223;23/10/13;6.00;6.112;5.76;5.806;15615083
NL0000226223;24/10/13;5.791;5.806;5.629;5.658;6097983
NL0000226223;25/10/13;5.60;5.668;5.534;5.562;6466305
NL0000226223;28/10/13;5.581;5.696;5.506;5.593;5716283
NL0000226223;29/10/13;5.61;5.767;5.61;5.759;5640961
NL0000226223;30/10/13;5.774;5.801;5.635;5.651;3269593
NL0000226223;31/10/13;5.656;5.738;5.611;5.696;2707907
NL0000235190;01/10/13;47.59;48.365;47.53;48.335;2246455
NL0000235190;02/10/13;48.10;48.85;47.885;48.575;2122793
NL0000235190;03/10/13;48.705;49.055;48.525;48.59;1811598
NL0000235190;04/10/13;48.46;49.35;47.955;49.21;1796721
NL0000235190;07/10/13;49.485;50.42;49.20;50.30;3140692
NL0000235190;08/10/13;50.40;50.58;48.915;48.995;2631239
NL0000235190;09/10/13;48.94;48.95;47.775;47.935;2433324
NL0000235190;10/10/13;48.49;48.67;47.945;48.30;2727575
NL0000235190;11/10/13;48.74;48.87;48.30;48.77;1882808
NL0000235190;14/10/13;48.72;48.93;48.335;48.92;1211344
NL0000235190;15/10/13;49.265;49.265;48.43;48.54;1791129
NL0000235190;16/10/13;48.56;48.635;47.995;48.315;1518694
NL0000235190;17/10/13;48.42;48.62;47.94;48.465;1820856
NL0000235190;18/10/13;48.995;49.115;48.60;48.96;2052359
NL0000235190;21/10/13;49.00;49.14;47.94;48.025;1830580
NL0000235190;22/10/13;48.30;48.54;47.595;47.69;2161973
NL0000235190;23/10/13;47.585;47.735;47.01;47.30;2534202
NL0000235190;24/10/13;47.68;48.40;47.395;48.40;2066874
NL0000235190;25/10/13;48.35;49.04;48.01;49.04;1784910
NL0000235190;28/10/13;49.245;49.485;48.515;48.64;1485558
NL0000235190;29/10/13;48.64;49.33;48.54;49.33;1396637
NL0000235190;30/10/13;49.35;50.46;49.35;50.28;2292227
NL0000235190;31/10/13;49.98;50.69;49.57;50.61;2619922
