BE0003470755;01/08/16;93.63;93.70;91.12;91.37;278100
BE0003470755;02/08/16;92.40;92.40;89.79;90.43;302233
BE0003470755;03/08/16;90.91;90.97;89.63;90.72;245083
BE0003470755;04/08/16;91.25;92.21;90.49;90.60;251591
BE0003470755;05/08/16;91.11;92.81;91.11;92.74;249616
BE0003470755;08/08/16;92.95;94.65;92.84;94.25;300253
BE0003470755;09/08/16;94.05;95.90;93.99;95.72;196757
BE0003470755;10/08/16;95.30;95.84;95.09;95.69;167334
BE0003470755;11/08/16;95.92;97.35;95.59;97.32;251141
BE0003470755;12/08/16;97.05;97.45;96.33;96.75;251516
BE0003470755;15/08/16;97.00;97.81;96.66;96.91;92990
BE0003470755;16/08/16;96.53;97.79;96.53;97.07;176683
BE0003470755;17/08/16;97.16;97.40;96.21;96.68;186449
BE0003470755;18/08/16;97.48;97.86;97.04;97.70;155231
BE0003470755;19/08/16;97.90;97.90;96.65;97.37;231016
BE0003470755;22/08/16;97.30;98.25;96.80;97.38;245494
BE0003470755;23/08/16;97.70;98.40;97.31;97.82;192902
BE0003470755;24/08/16;97.60;98.51;97.00;98.22;209007
BE0003470755;25/08/16;97.65;97.70;96.52;96.98;210199
BE0003470755;26/08/16;96.96;98.62;96.96;98.14;165863
BE0003470755;29/08/16;97.60;98.01;96.63;97.42;132554
BE0003470755;30/08/16;97.96;99.36;97.95;98.49;200887
BE0003470755;31/08/16;98.39;98.74;97.80;98.41;237386
CH0012214059;01/08/16;42.47;43.065;42.12;42.25;182813
CH0012214059;02/08/16;42.225;42.335;40.55;40.635;275828
CH0012214059;03/08/16;40.81;41.275;40.25;41.275;232082
CH0012214059;04/08/16;41.745;42.205;41.64;42.18;257845
CH0012214059;05/08/16;43.905;44.71;43.785;44.465;603992
CH0012214059;08/08/16;44.94;46.15;44.675;45.755;440600
CH0012214059;09/08/16;45.62;46.545;45.55;46.545;371959
CH0012214059;10/08/16;46.42;46.86;45.92;46.86;326645
CH0012214059;11/08/16;46.895;47.62;46.41;47.62;391822
CH0012214059;12/08/16;47.465;48.10;47.27;47.405;316985
CH0012214059;15/08/16;47.59;48.14;47.065;47.17;233311
CH0012214059;16/08/16;46.735;47.975;46.735;47.22;468116
CH0012214059;17/08/16;47.53;47.58;46.525;46.725;416989
CH0012214059;18/08/16;47.315;47.49;46.76;47.035;259940
CH0012214059;19/08/16;47.255;47.34;46.115;46.115;466903
CH0012214059;22/08/16;46.115;46.835;45.99;46.58;390604
CH0012214059;23/08/16;46.995;47.255;46.455;46.945;329085
CH0012214059;24/08/16;46.695;47.41;46.43;46.995;290869
CH0012214059;25/08/16;46.655;46.88;46.165;46.685;301180
CH0012214059;26/08/16;46.585;47.555;46.41;47.315;348428
CH0012214059;29/08/16;46.945;47.035;46.305;46.765;267447
CH0012214059;30/08/16;47.40;48.665;47.245;48.36;552598
CH0012214059;31/08/16;48.35;48.35;47.465;47.465;505053
FR0000045072;01/08/16;8.05;8.119;7.752;7.807;6399793
FR0000045072;02/08/16;7.791;7.791;7.513;7.594;7431569
FR0000045072;03/08/16;7.84;7.90;7.51;7.601;8914654
FR0000045072;04/08/16;7.678;7.87;7.667;7.80;6504459
FR0000045072;05/08/16;7.812;7.967;7.80;7.967;5832405
FR0000045072;08/08/16;8.016;8.20;8.003;8.142;5988484
FR0000045072;09/08/16;8.131;8.236;8.08;8.213;4793714
FR0000045072;10/08/16;8.16;8.296;8.146;8.284;3727347
FR0000045072;11/08/16;8.342;8.35;8.201;8.294;3922331
FR0000045072;12/08/16;8.255;8.332;8.23;8.247;2526113
FR0000045072;15/08/16;8.25;8.302;8.21;8.238;2060615
FR0000045072;16/08/16;8.20;8.25;8.105;8.167;3935051
FR0000045072;17/08/16;8.199;8.24;8.038;8.068;3309892
FR0000045072;18/08/16;8.126;8.137;7.971;8.061;3761404
FR0000045072;19/08/16;8.062;8.062;7.83;7.916;4344541
FR0000045072;22/08/16;7.893;8.043;7.864;7.937;3856649
FR0000045072;23/08/16;7.992;8.12;7.95;8.101;4362472
FR0000045072;24/08/16;8.058;8.291;7.991;8.235;4933672
FR0000045072;25/08/16;8.20;8.25;8.135;8.181;3202930
FR0000045072;26/08/16;8.136;8.205;8.10;8.195;4311097
FR0000045072;29/08/16;8.158;8.25;8.124;8.153;2329890
FR0000045072;30/08/16;8.201;8.346;8.173;8.293;5509794
FR0000045072;31/08/16;8.299;8.576;8.293;8.49;9395986
FR0000051732;01/08/16;87.62;88.89;87.07;87.32;245189
FR0000051732;02/08/16;86.82;87.30;85.43;85.89;309169
FR0000051732;03/08/16;86.45;86.45;85.04;85.31;334101
FR0000051732;04/08/16;85.51;87.08;85.28;86.60;238772
FR0000051732;05/08/16;87.03;88.52;87.01;88.38;239912
FR0000051732;08/08/16;88.59;88.85;88.00;88.43;197393
FR0000051732;09/08/16;88.20;88.85;88.03;88.76;175945
FR0000051732;10/08/16;88.84;89.91;88.82;89.22;195300
FR0000051732;11/08/16;89.43;90.09;89.11;90.09;154835
FR0000051732;12/08/16;89.90;89.99;88.70;89.12;197312
FR0000051732;15/08/16;89.10;89.79;88.70;89.56;86541
FR0000051732;16/08/16;89.04;89.24;88.36;88.49;138094
FR0000051732;17/08/16;88.44;88.59;87.20;87.53;201666
FR0000051732;18/08/16;87.72;88.27;87.65;88.21;184152
FR0000051732;19/08/16;88.25;88.39;87.15;87.70;200855
FR0000051732;22/08/16;87.35;88.73;87.33;88.00;161177
FR0000051732;23/08/16;88.62;89.58;88.08;89.50;198344
FR0000051732;24/08/16;88.97;89.60;88.65;88.86;156017
FR0000051732;25/08/16;88.39;88.72;87.16;87.70;222842
FR0000051732;26/08/16;87.78;88.73;87.55;88.67;204902
FR0000051732;29/08/16;88.34;88.77;87.40;88.36;136673
FR0000051732;30/08/16;88.89;89.45;88.78;89.12;160847
FR0000051732;31/08/16;88.70;89.13;88.07;88.21;195999
FR0000073272;01/08/16;61.16;62.17;61.00;62.03;1259471
FR0000073272;02/08/16;61.95;62.25;61.01;61.22;1106566
FR0000073272;03/08/16;61.31;61.45;60.58;60.75;754194
FR0000073272;04/08/16;61.24;61.50;60.10;60.36;913387
FR0000073272;05/08/16;60.50;61.02;59.91;60.51;1263049
FR0000073272;08/08/16;60.75;61.34;60.55;60.92;846769
FR0000073272;09/08/16;60.92;61.79;60.87;61.68;742004
FR0000073272;10/08/16;61.70;61.88;61.34;61.75;475153
FR0000073272;11/08/16;61.92;62.52;61.45;62.52;459186
FR0000073272;12/08/16;62.30;62.78;62.30;62.53;447756
FR0000073272;15/08/16;62.57;62.99;62.33;62.55;304869
FR0000073272;16/08/16;62.37;62.44;61.39;61.39;570886
FR0000073272;17/08/16;61.56;61.69;61.05;61.31;489813
FR0000073272;18/08/16;61.50;61.78;61.29;61.72;401391
FR0000073272;19/08/16;61.69;61.71;61.00;61.40;532370
FR0000073272;22/08/16;61.40;61.80;60.66;61.00;595176
FR0000073272;23/08/16;61.12;62.15;61.12;61.85;587328
FR0000073272;24/08/16;61.48;62.91;61.19;62.81;767416
FR0000073272;25/08/16;62.37;62.51;61.61;61.91;511856
FR0000073272;26/08/16;61.72;62.51;61.51;62.27;859466
FR0000073272;29/08/16;61.96;62.35;61.65;62.23;303588
FR0000073272;30/08/16;62.46;62.97;62.37;62.64;626834
FR0000073272;31/08/16;62.64;63.08;62.42;62.68;875659
FR0000120073;01/08/16;84.5546;85.7909;83.6455;84.6182;1118363
FR0000120073;02/08/16;84.6273;84.6727;83.1182;83.4182;753890
FR0000120073;03/08/16;83.7182;83.9545;82.7727;83.70;541565
FR0000120073;04/08/16;84.2364;84.2727;82.9364;83.30;732839
FR0000120073;05/08/16;83.7455;84.8364;83.3546;84.7455;713720
FR0000120073;08/08/16;84.9545;85.5545;84.6364;84.9909;430159
FR0000120073;09/08/16;85.0364;87.1455;84.9545;87.0727;734180
FR0000120073;10/08/16;86.70;87.5545;86.6636;87.3364;718862
FR0000120073;11/08/16;87.5091;88.3727;87.3636;88.3182;563601
FR0000120073;12/08/16;88.2091;88.4546;87.9818;88.20;545989
FR0000120073;15/08/16;88.0182;88.6727;88.0091;88.1636;331596
FR0000120073;16/08/16;88.7273;90.7727;88.50;90.2364;1392810
FR0000120073;17/08/16;90.0818;90.4545;89.2091;89.4818;775012
FR0000120073;18/08/16;89.9818;90.2727;89.5636;89.8182;730332
FR0000120073;19/08/16;89.9909;90.0273;88.8091;89.4182;676343
FR0000120073;22/08/16;89.4091;89.9818;88.3727;88.5455;580836
FR0000120073;23/08/16;88.8091;89.8182;88.5909;89.00;606518
FR0000120073;24/08/16;88.4909;89.7364;88.1909;89.0455;567403
FR0000120073;25/08/16;88.8364;88.8364;87.9273;88.2818;578293
FR0000120073;26/08/16;88.2455;90.0545;88.0091;89.9545;619681
FR0000120073;29/08/16;89.6091;89.6636;88.4909;89.4727;442674
FR0000120073;30/08/16;89.5455;90.4545;89.4182;89.6818;704297
FR0000120073;31/08/16;89.5455;90.0909;89.2364;89.3909;635322
FR0000120172;01/08/16;22.37;22.38;21.81;22.20;3892064
FR0000120172;02/08/16;22.09;22.15;21.52;21.59;4496965
FR0000120172;03/08/16;21.585;21.755;21.365;21.69;3189609
FR0000120172;04/08/16;21.80;21.945;21.60;21.70;2951016
FR0000120172;05/08/16;21.80;21.95;21.60;21.84;2508475
FR0000120172;08/08/16;21.875;22.185;21.84;21.935;1941810
FR0000120172;09/08/16;21.94;22.345;21.90;22.305;2570319
FR0000120172;10/08/16;22.15;22.445;22.15;22.40;2071055
FR0000120172;11/08/16;22.50;22.625;22.37;22.615;2274517
FR0000120172;12/08/16;22.595;22.765;22.58;22.70;2057369
FR0000120172;15/08/16;22.745;22.80;22.595;22.595;1317115
FR0000120172;16/08/16;22.50;22.50;22.17;22.345;2001253
FR0000120172;17/08/16;22.415;22.445;22.025;22.03;2192186
FR0000120172;18/08/16;22.185;22.19;21.95;22.055;2102915
FR0000120172;19/08/16;22.04;22.07;21.795;21.93;2186497
FR0000120172;22/08/16;22.35;22.63;22.16;22.53;4901771
FR0000120172;23/08/16;22.66;23.025;22.64;22.80;3593391
FR0000120172;24/08/16;22.695;22.985;22.53;22.805;2523681
FR0000120172;25/08/16;22.75;22.80;22.31;22.425;2792894
FR0000120172;26/08/16;22.40;22.45;22.165;22.385;2138228
FR0000120172;29/08/16;22.285;22.31;22.00;22.145;1818581
FR0000120172;30/08/16;22.16;22.39;22.155;22.28;2135625
FR0000120172;31/08/16;22.20;22.77;22.20;22.57;5247870
FR0000120271;01/08/16;43.585;43.60;42.095;42.095;4830329
FR0000120271;02/08/16;41.84;42.055;41.19;41.465;5217211
FR0000120271;03/08/16;41.52;41.85;40.965;41.60;5164316
FR0000120271;04/08/16;42.205;42.42;41.90;42.225;4703707
FR0000120271;05/08/16;42.345;43.115;42.335;42.945;4470734
FR0000120271;08/08/16;42.94;43.13;42.805;42.995;3616124
FR0000120271;09/08/16;42.87;43.50;42.76;43.395;3768383
FR0000120271;10/08/16;43.00;43.385;42.80;43.05;3075413
FR0000120271;11/08/16;43.215;43.52;42.61;43.52;3586664
FR0000120271;12/08/16;43.62;43.88;43.00;43.35;4083415
FR0000120271;15/08/16;43.365;43.785;43.235;43.415;2540748
FR0000120271;16/08/16;43.255;43.91;43.105;43.51;4971511
FR0000120271;17/08/16;43.665;43.795;43.125;43.345;3919969
FR0000120271;18/08/16;43.545;43.685;43.145;43.65;3055195
FR0000120271;19/08/16;43.695;43.78;42.96;43.065;4892593
FR0000120271;22/08/16;42.95;43.25;42.375;42.455;3152699
FR0000120271;23/08/16;42.485;42.89;42.465;42.775;3273446
FR0000120271;24/08/16;42.35;43.03;42.195;42.735;3629564
FR0000120271;25/08/16;42.555;42.72;42.28;42.58;2858828
FR0000120271;26/08/16;42.485;43.65;42.45;43.42;4520799
FR0000120271;29/08/16;43.13;43.285;42.795;43.015;2192811
FR0000120271;30/08/16;42.92;43.71;42.89;43.495;4515817
FR0000120271;31/08/16;43.285;43.655;42.75;42.75;5810126
FR0000120321;01/08/16;170.90;170.90;168.50;170.25;483474
FR0000120321;02/08/16;169.70;170.90;169.15;170.25;588698
FR0000120321;03/08/16;170.65;170.80;168.50;169.35;385269
FR0000120321;04/08/16;170.45;170.70;167.70;170.60;540100
FR0000120321;05/08/16;170.95;172.45;170.00;171.95;384075
FR0000120321;08/08/16;172.00;172.05;170.65;171.10;319671
FR0000120321;09/08/16;171.35;174.10;171.15;174.10;319190
FR0000120321;10/08/16;173.15;173.95;172.60;173.00;267989
FR0000120321;11/08/16;173.50;175.80;173.50;175.60;332573
FR0000120321;12/08/16;175.65;176.30;175.10;175.75;257481
FR0000120321;15/08/16;176.15;177.25;175.60;175.70;293508
FR0000120321;16/08/16;175.05;175.90;174.15;174.55;379577
FR0000120321;17/08/16;175.00;175.55;173.65;173.80;316867
FR0000120321;18/08/16;174.70;174.85;172.15;172.70;391948
FR0000120321;19/08/16;172.40;172.80;170.80;171.70;425531
FR0000120321;22/08/16;172.00;173.50;170.35;170.95;289139
FR0000120321;23/08/16;171.70;172.70;170.55;170.65;523241
FR0000120321;24/08/16;170.00;171.35;169.10;170.65;436195
FR0000120321;25/08/16;169.95;171.00;168.90;170.65;341392
FR0000120321;26/08/16;170.50;172.10;169.40;171.30;287862
FR0000120321;29/08/16;170.80;171.50;169.30;171.50;202720
FR0000120321;30/08/16;172.00;173.05;170.95;171.15;438630
FR0000120321;31/08/16;170.75;171.35;169.35;169.35;430305
FR0000120404;01/08/16;37.54;37.595;36.66;36.965;765300
FR0000120404;02/08/16;36.745;36.98;35.795;35.95;1140801
FR0000120404;03/08/16;35.935;35.95;34.86;35.47;1364562
FR0000120404;04/08/16;35.60;35.86;35.39;35.43;942165
FR0000120404;05/08/16;35.525;35.86;35.39;35.725;935166
FR0000120404;08/08/16;35.79;36.275;35.465;35.61;1036235
FR0000120404;09/08/16;35.60;35.885;35.425;35.50;986258
FR0000120404;10/08/16;35.35;35.615;35.235;35.40;1161854
FR0000120404;11/08/16;35.645;35.86;35.125;35.82;873724
FR0000120404;12/08/16;35.705;35.785;35.39;35.725;610106
FR0000120404;15/08/16;35.885;35.97;35.535;35.645;421258
FR0000120404;16/08/16;35.50;35.56;35.075;35.305;737861
FR0000120404;17/08/16;35.40;35.405;34.56;34.685;674594
FR0000120404;18/08/16;34.955;34.99;34.355;34.735;809354
FR0000120404;19/08/16;34.77;34.885;34.035;34.24;726608
FR0000120404;22/08/16;34.245;34.51;33.76;33.84;958565
FR0000120404;23/08/16;34.06;34.455;33.95;34.405;823736
FR0000120404;24/08/16;34.255;34.625;34.085;34.275;581075
FR0000120404;25/08/16;34.22;34.22;33.575;33.895;986357
FR0000120404;26/08/16;33.89;34.315;33.725;34.10;891981
FR0000120404;29/08/16;33.90;34.085;33.64;33.975;566496
FR0000120404;30/08/16;34.10;34.335;33.805;33.87;782764
FR0000120404;31/08/16;33.85;34.70;33.70;33.845;1642162
FR0000120503;01/08/16;26.50;26.74;26.17;26.25;699467
FR0000120503;02/08/16;26.235;26.315;25.535;25.535;990199
FR0000120503;03/08/16;25.555;25.64;25.32;25.635;587902
FR0000120503;04/08/16;25.705;25.89;25.59;25.655;413524
FR0000120503;05/08/16;25.76;26.27;25.75;26.265;871314
FR0000120503;08/08/16;26.295;26.625;26.25;26.395;573255
FR0000120503;09/08/16;26.355;26.69;26.355;26.60;873444
FR0000120503;10/08/16;26.555;26.94;26.50;26.94;613886
FR0000120503;11/08/16;26.995;27.37;26.80;27.37;1016463
FR0000120503;12/08/16;27.32;27.845;27.32;27.75;1127045
FR0000120503;15/08/16;27.92;28.14;27.865;27.955;663819
FR0000120503;16/08/16;27.885;28.175;27.785;27.79;813971
FR0000120503;17/08/16;27.85;27.905;27.50;27.56;506533
FR0000120503;18/08/16;27.715;27.82;27.515;27.715;455255
FR0000120503;19/08/16;27.685;27.705;27.34;27.49;447819
FR0000120503;22/08/16;27.495;27.925;27.42;27.605;564582
FR0000120503;23/08/16;27.735;28.06;27.51;27.845;745507
FR0000120503;24/08/16;27.75;28.14;27.62;28.045;613242
FR0000120503;25/08/16;27.975;28.02;27.635;27.97;612665
FR0000120503;26/08/16;27.91;28.18;27.795;28.03;501011
FR0000120503;29/08/16;27.995;28.18;27.745;27.95;566469
FR0000120503;30/08/16;28.08;28.39;28.045;28.125;534068
FR0000120503;31/08/16;28.53;29.35;28.43;28.43;1938435
FR0000120578;01/08/16;76.74;77.21;75.44;76.27;1559754
FR0000120578;02/08/16;76.20;76.39;73.91;73.91;2858061
FR0000120578;03/08/16;73.97;74.06;72.46;73.42;2213067
FR0000120578;04/08/16;73.12;73.27;72.19;72.75;2153052
FR0000120578;05/08/16;72.70;72.77;71.24;72.53;2979899
FR0000120578;08/08/16;73.00;73.05;72.14;72.25;1818869
FR0000120578;09/08/16;72.31;73.08;71.92;73.05;1591612
FR0000120578;10/08/16;72.63;72.81;70.94;71.21;2569908
FR0000120578;11/08/16;71.37;72.02;71.34;71.98;1616043
FR0000120578;12/08/16;71.92;72.01;71.42;71.70;1397520
FR0000120578;15/08/16;71.70;72.30;71.60;71.79;933602
FR0000120578;16/08/16;71.40;71.67;70.65;70.87;1694424
FR0000120578;17/08/16;71.01;71.15;70.04;70.05;1373378
FR0000120578;18/08/16;70.21;70.54;69.49;70.17;1675419
FR0000120578;19/08/16;70.11;70.25;69.08;69.71;1949985
FR0000120578;22/08/16;69.77;70.61;69.21;69.56;1695725
FR0000120578;23/08/16;69.56;69.66;68.62;68.86;2954516
FR0000120578;24/08/16;68.66;69.61;68.50;69.09;2014380
FR0000120578;25/08/16;68.75;68.77;67.54;68.57;2648380
FR0000120578;26/08/16;68.49;69.50;67.99;69.35;2262685
FR0000120578;29/08/16;69.53;69.67;68.73;69.43;1222127
FR0000120578;30/08/16;69.44;70.03;69.37;69.69;2055271
FR0000120578;31/08/16;69.59;69.64;68.76;69.07;2919231
FR0000120628;01/08/16;18.385;18.46;17.875;17.97;5495906
FR0000120628;02/08/16;17.76;17.85;17.345;17.395;9470829
FR0000120628;03/08/16;17.60;17.915;16.94;17.05;9492653
FR0000120628;04/08/16;17.195;17.49;17.155;17.30;6158036
FR0000120628;05/08/16;17.37;17.74;17.22;17.65;8715589
FR0000120628;08/08/16;17.805;18.325;17.765;18.115;6420790
FR0000120628;09/08/16;18.07;18.30;17.975;18.27;5695798
FR0000120628;10/08/16;18.09;18.63;18.02;18.50;6628964
FR0000120628;11/08/16;18.67;18.67;18.36;18.62;4916961
FR0000120628;12/08/16;18.645;18.70;18.38;18.525;4963607
FR0000120628;15/08/16;18.55;18.675;18.45;18.485;2801197
FR0000120628;16/08/16;18.315;18.34;17.92;18.21;6343558
FR0000120628;17/08/16;18.315;18.445;17.915;17.915;4792176
FR0000120628;18/08/16;18.04;18.07;17.85;17.995;3780109
FR0000120628;19/08/16;18.015;18.02;17.41;17.505;7522295
FR0000120628;22/08/16;17.55;17.935;17.505;17.55;5004858
FR0000120628;23/08/16;17.655;18.065;17.64;17.95;6961937
FR0000120628;24/08/16;17.855;18.225;17.715;18.05;5200404
FR0000120628;25/08/16;18.00;18.03;17.68;17.865;4141296
FR0000120628;26/08/16;17.90;18.05;17.765;17.995;5174295
FR0000120628;29/08/16;17.95;18.18;17.85;17.995;3233758
FR0000120628;30/08/16;18.10;18.43;18.025;18.335;7385127
FR0000120628;31/08/16;18.295;19.10;18.285;18.82;11083989
FR0000120644;01/08/16;69.45;69.50;68.06;68.55;1596054
FR0000120644;02/08/16;68.21;68.44;67.69;67.79;1422755
FR0000120644;03/08/16;67.81;68.25;67.43;67.81;1699263
FR0000120644;04/08/16;68.01;68.32;67.39;68.22;1241442
FR0000120644;05/08/16;68.50;69.89;68.25;69.64;1895582
FR0000120644;08/08/16;69.79;69.79;67.94;68.15;1823139
FR0000120644;09/08/16;68.10;68.93;67.98;68.82;1270321
FR0000120644;10/08/16;68.50;68.96;68.50;68.75;693147
FR0000120644;11/08/16;69.28;69.85;69.05;69.85;1189147
FR0000120644;12/08/16;69.50;69.92;69.30;69.90;998738
FR0000120644;15/08/16;69.95;70.45;69.70;69.75;973372
FR0000120644;16/08/16;69.55;69.82;69.19;69.25;1078848
FR0000120644;17/08/16;69.43;69.58;68.35;68.53;1405504
FR0000120644;18/08/16;68.74;68.87;68.34;68.53;935654
FR0000120644;19/08/16;68.66;68.75;68.00;68.62;1461284
FR0000120644;22/08/16;68.45;68.94;67.85;68.27;1007156
FR0000120644;23/08/16;68.68;68.86;68.35;68.46;1119583
FR0000120644;24/08/16;68.09;68.71;67.90;68.22;1002607
FR0000120644;25/08/16;67.88;68.50;67.50;68.14;826505
FR0000120644;26/08/16;68.20;68.85;67.88;68.31;862504
FR0000120644;29/08/16;68.02;68.68;67.82;68.64;746960
FR0000120644;30/08/16;68.86;69.44;68.78;68.98;1087426
FR0000120644;31/08/16;68.82;69.04;67.88;68.11;1635368
FR0000120693;01/08/16;102.60;102.95;101.20;101.75;234850
FR0000120693;02/08/16;101.25;101.60;100.25;100.90;351916
FR0000120693;03/08/16;100.95;101.15;100.25;100.40;319735
FR0000120693;04/08/16;100.80;101.55;100.15;101.55;301271
FR0000120693;05/08/16;101.95;103.30;101.70;103.05;331220
FR0000120693;08/08/16;103.10;103.15;102.10;102.15;244879
FR0000120693;09/08/16;102.40;104.00;102.30;103.70;327845
FR0000120693;10/08/16;103.55;104.10;103.15;103.70;327370
FR0000120693;11/08/16;104.05;106.10;104.05;106.10;383420
FR0000120693;12/08/16;105.80;106.15;105.65;106.10;260960
FR0000120693;15/08/16;106.30;106.85;106.15;106.25;223313
FR0000120693;16/08/16;105.65;106.45;105.30;105.80;385598
FR0000120693;17/08/16;105.85;106.05;104.50;104.95;255632
FR0000120693;18/08/16;105.35;105.60;104.45;104.45;279059
FR0000120693;19/08/16;104.50;105.50;103.95;105.35;386729
FR0000120693;22/08/16;105.45;106.10;103.95;104.95;405924
FR0000120693;23/08/16;105.40;105.90;104.45;104.45;297021
FR0000120693;24/08/16;102.75;104.00;102.55;102.85;664385
FR0000120693;25/08/16;102.70;103.25;101.65;102.80;364008
FR0000120693;26/08/16;102.60;103.35;102.25;102.95;262670
FR0000120693;29/08/16;102.55;102.85;101.75;102.80;192466
FR0000120693;30/08/16;103.05;104.10;103.05;103.50;336470
FR0000120693;31/08/16;103.10;103.50;102.50;102.90;426092
FR0000121014;01/08/16;153.95;154.90;152.25;152.90;590890
FR0000121014;02/08/16;152.30;152.70;149.45;149.50;815489
FR0000121014;03/08/16;150.20;150.45;148.20;149.85;587159
FR0000121014;04/08/16;150.70;151.00;149.00;149.85;504262
FR0000121014;05/08/16;150.45;153.60;150.45;153.40;768527
FR0000121014;08/08/16;153.90;154.00;151.65;152.00;542661
FR0000121014;09/08/16;151.45;153.80;151.20;153.60;504015
FR0000121014;10/08/16;153.15;153.70;152.50;153.05;561780
FR0000121014;11/08/16;153.95;156.20;152.65;156.20;674231
FR0000121014;12/08/16;156.35;158.70;155.70;158.60;770068
FR0000121014;15/08/16;158.20;159.30;157.55;158.70;611417
FR0000121014;16/08/16;158.00;158.70;157.15;157.15;585312
FR0000121014;17/08/16;157.45;157.95;155.90;156.05;454816
FR0000121014;18/08/16;157.00;157.65;156.70;157.40;373456
FR0000121014;19/08/16;157.50;157.50;155.65;157.05;523188
FR0000121014;22/08/16;156.90;157.80;155.75;156.15;393291
FR0000121014;23/08/16;156.60;157.80;156.60;156.90;387232
FR0000121014;24/08/16;156.20;157.60;155.40;157.30;399296
FR0000121014;25/08/16;156.50;156.50;155.30;155.60;491742
FR0000121014;26/08/16;155.20;157.10;154.45;155.90;460956
FR0000121014;29/08/16;155.60;156.40;153.55;155.50;344453
FR0000121014;30/08/16;155.50;156.45;154.75;154.75;511520
FR0000121014;31/08/16;154.30;155.15;151.70;151.70;940894
FR0000121220;01/08/16;104.95;105.10;103.50;103.90;124947
FR0000121220;02/08/16;103.85;104.10;102.65;102.90;121352
FR0000121220;03/08/16;103.05;103.15;100.85;101.40;248574
FR0000121220;04/08/16;101.65;102.75;101.45;102.70;113511
FR0000121220;05/08/16;102.90;104.65;102.90;104.40;126457
FR0000121220;08/08/16;104.45;104.75;103.80;104.05;122918
FR0000121220;09/08/16;103.85;105.70;103.85;105.70;123078
FR0000121220;10/08/16;105.50;105.70;104.75;104.90;168861
FR0000121220;11/08/16;105.45;106.45;105.10;106.45;119446
FR0000121220;12/08/16;106.35;106.70;105.55;105.85;150216
FR0000121220;15/08/16;106.15;106.55;106.00;106.50;57162
FR0000121220;16/08/16;106.10;106.10;104.60;104.60;181829
FR0000121220;17/08/16;104.95;105.10;104.40;104.80;82033
FR0000121220;18/08/16;105.45;105.60;104.95;105.40;75611
FR0000121220;19/08/16;105.35;105.70;104.70;105.50;109272
FR0000121220;22/08/16;105.30;106.10;104.65;105.35;104711
FR0000121220;23/08/16;105.90;106.05;105.20;105.20;100717
FR0000121220;24/08/16;104.75;105.80;104.15;105.35;97963
FR0000121220;25/08/16;105.20;105.25;104.20;104.60;92713
FR0000121220;26/08/16;104.55;105.15;103.65;104.85;108976
FR0000121220;29/08/16;104.65;104.90;103.75;104.55;89646
FR0000121220;30/08/16;104.95;105.55;104.75;104.75;127676
FR0000121220;31/08/16;104.70;105.15;103.85;103.85;166654
FR0000121261;01/08/16;91.76;92.26;91.26;91.51;390460
FR0000121261;02/08/16;91.24;91.78;90.46;90.74;557628
FR0000121261;03/08/16;90.79;91.21;89.53;90.83;554609
FR0000121261;04/08/16;91.30;92.09;91.00;91.65;460330
FR0000121261;05/08/16;91.94;93.92;91.94;93.76;537787
FR0000121261;08/08/16;94.00;94.95;93.90;94.27;514449
FR0000121261;09/08/16;94.00;95.32;93.78;95.23;478415
FR0000121261;10/08/16;94.70;95.36;94.46;95.22;350393
FR0000121261;11/08/16;95.40;96.94;95.29;96.54;611381
FR0000121261;12/08/16;96.31;96.49;95.45;95.80;359220
FR0000121261;15/08/16;95.80;96.57;95.80;96.01;250771
FR0000121261;16/08/16;95.45;95.97;94.65;94.65;415902
FR0000121261;17/08/16;94.90;95.36;94.11;94.43;306703
FR0000121261;18/08/16;94.90;95.25;94.48;95.18;303648
FR0000121261;19/08/16;94.98;95.17;94.09;95.09;293550
FR0000121261;22/08/16;94.77;95.66;94.07;94.43;374560
FR0000121261;23/08/16;94.89;96.08;94.76;95.31;403513
FR0000121261;24/08/16;94.93;96.00;94.46;95.84;319424
FR0000121261;25/08/16;95.38;95.38;94.18;94.71;283851
FR0000121261;26/08/16;94.63;95.90;94.42;95.23;263257
FR0000121261;29/08/16;94.90;95.40;94.37;95.13;242407
FR0000121261;30/08/16;95.22;95.82;94.91;95.35;415687
FR0000121261;31/08/16;95.20;96.35;95.20;95.30;469989
FR0000121485;01/08/16;170.70;174.40;170.65;172.25;285524
FR0000121485;02/08/16;171.25;171.60;167.90;169.35;271865
FR0000121485;03/08/16;169.45;169.80;167.85;169.50;201549
FR0000121485;04/08/16;170.00;170.80;168.85;169.05;151393
FR0000121485;05/08/16;169.65;173.00;169.65;172.50;275726
FR0000121485;08/08/16;172.80;173.00;169.30;170.10;199483
FR0000121485;09/08/16;169.75;171.80;169.35;171.70;152620
FR0000121485;10/08/16;170.80;173.00;169.55;172.30;181727
FR0000121485;11/08/16;172.70;173.85;170.95;173.60;185110
FR0000121485;12/08/16;173.70;176.95;173.15;176.80;230484
FR0000121485;15/08/16;176.65;177.00;175.30;175.30;161197
FR0000121485;16/08/16;174.20;175.10;173.75;174.10;150994
FR0000121485;17/08/16;174.25;174.65;173.05;173.20;134541
FR0000121485;18/08/16;174.10;175.60;173.90;175.60;110567
FR0000121485;19/08/16;175.20;175.65;173.20;174.60;142876
FR0000121485;22/08/16;174.05;175.20;171.70;172.60;130665
FR0000121485;23/08/16;173.10;173.90;172.60;172.75;138267
FR0000121485;24/08/16;172.00;173.15;170.60;172.15;107070
FR0000121485;25/08/16;171.25;171.25;168.85;170.15;156286
FR0000121485;26/08/16;170.00;171.55;168.80;170.55;156902
FR0000121485;29/08/16;170.15;171.05;168.20;168.80;91848
FR0000121485;30/08/16;169.20;170.20;168.60;168.70;137033
FR0000121485;31/08/16;168.65;170.95;168.65;169.95;192551
FR0000121501;01/08/16;13.535;13.55;13.235;13.345;3997017
FR0000121501;02/08/16;13.30;13.41;12.815;12.91;4931525
FR0000121501;03/08/16;12.875;12.92;12.45;12.69;7666995
FR0000121501;04/08/16;12.815;13.05;12.55;12.69;4916798
FR0000121501;05/08/16;12.78;13.215;12.665;13.215;3497660
FR0000121501;08/08/16;13.285;13.45;13.105;13.20;2788395
FR0000121501;09/08/16;13.225;13.415;13.125;13.31;3802281
FR0000121501;10/08/16;13.27;13.46;13.225;13.37;2486783
FR0000121501;11/08/16;13.475;13.50;13.225;13.425;2234421
FR0000121501;12/08/16;13.435;13.56;13.365;13.425;2795516
FR0000121501;15/08/16;13.44;13.71;13.41;13.585;2388115
FR0000121501;16/08/16;13.51;13.51;13.175;13.285;3237681
FR0000121501;17/08/16;13.26;13.34;13.025;13.135;2918404
FR0000121501;18/08/16;13.22;13.28;13.115;13.27;2463966
FR0000121501;19/08/16;13.29;13.295;12.98;13.09;2788221
FR0000121501;22/08/16;13.055;13.425;13.04;13.32;3175850
FR0000121501;23/08/16;13.305;13.65;13.175;13.535;3490284
FR0000121501;24/08/16;13.495;13.69;13.35;13.645;1884208
FR0000121501;25/08/16;13.535;13.59;13.26;13.36;2835555
FR0000121501;26/08/16;13.34;13.545;13.23;13.485;3111489
FR0000121501;29/08/16;13.43;13.47;13.195;13.265;1839419
FR0000121501;30/08/16;13.365;13.525;13.30;13.445;2092721
FR0000121501;31/08/16;13.40;13.53;13.21;13.225;3359561
FR0000121667;01/08/16;115.50;116.00;113.55;114.30;495113
FR0000121667;02/08/16;114.05;114.80;112.80;113.30;560519
FR0000121667;03/08/16;114.70;114.75;111.80;112.60;634775
FR0000121667;04/08/16;112.85;113.05;110.75;113.05;545908
FR0000121667;05/08/16;111.75;114.10;111.70;114.00;430316
FR0000121667;08/08/16;114.35;114.40;113.65;114.00;276600
FR0000121667;09/08/16;114.10;115.35;113.60;115.30;349846
FR0000121667;10/08/16;115.00;115.90;114.75;115.00;260626
FR0000121667;11/08/16;115.45;116.30;115.15;115.40;219720
FR0000121667;12/08/16;115.55;115.55;114.55;115.25;271284
FR0000121667;15/08/16;115.35;116.45;114.95;115.75;161989
FR0000121667;16/08/16;115.45;115.45;114.15;114.35;301617
FR0000121667;17/08/16;114.45;114.65;113.05;113.50;301500
FR0000121667;18/08/16;113.70;114.10;112.55;113.10;298557
FR0000121667;19/08/16;112.95;113.10;111.20;112.15;454276
FR0000121667;22/08/16;112.35;113.25;111.55;112.15;320549
FR0000121667;23/08/16;112.70;113.20;112.25;112.40;262820
FR0000121667;24/08/16;112.00;113.35;111.30;112.50;268992
FR0000121667;25/08/16;112.05;112.65;110.65;112.55;365476
FR0000121667;26/08/16;112.45;113.40;111.70;112.95;243508
FR0000121667;29/08/16;112.75;113.60;111.80;113.55;210571
FR0000121667;30/08/16;113.90;115.05;113.85;114.75;381073
FR0000121667;31/08/16;114.30;114.75;113.85;113.85;447627
FR0000121972;01/08/16;58.95;59.37;57.95;58.36;1064058
FR0000121972;02/08/16;58.20;58.41;57.12;57.97;1720710
FR0000121972;03/08/16;57.94;58.04;56.95;57.60;1377144
FR0000121972;04/08/16;57.86;58.66;57.82;58.22;1106770
FR0000121972;05/08/16;58.45;59.14;58.31;59.00;1297559
FR0000121972;08/08/16;59.20;59.72;59.00;59.30;861004
FR0000121972;09/08/16;59.43;60.35;59.24;60.16;1543562
FR0000121972;10/08/16;59.75;60.73;59.62;60.58;1155490
FR0000121972;11/08/16;60.71;61.63;60.54;61.59;1343660
FR0000121972;12/08/16;61.48;61.90;61.09;61.40;1061505
FR0000121972;15/08/16;61.34;61.65;61.07;61.09;580987
FR0000121972;16/08/16;60.65;61.02;60.28;60.29;1132884
FR0000121972;17/08/16;60.23;60.47;59.61;60.01;928960
FR0000121972;18/08/16;60.41;60.91;60.41;60.87;876428
FR0000121972;19/08/16;60.80;60.95;60.24;60.91;1291843
FR0000121972;22/08/16;60.77;61.56;60.37;60.43;984603
FR0000121972;23/08/16;60.93;61.71;60.64;61.37;1143196
FR0000121972;24/08/16;60.96;62.16;60.65;61.78;975116
FR0000121972;25/08/16;62.02;62.02;60.88;61.13;859743
FR0000121972;26/08/16;61.12;62.03;60.69;61.85;741916
FR0000121972;29/08/16;61.39;61.76;60.79;61.25;575343
FR0000121972;30/08/16;61.72;62.23;61.45;61.99;960116
FR0000121972;31/08/16;61.79;62.00;61.09;61.09;1551638
FR0000124141;01/08/16;20.095;20.605;19.88;19.89;2014088
FR0000124141;02/08/16;19.92;20.195;19.83;19.855;2050530
FR0000124141;03/08/16;19.955;20.09;19.695;19.745;1272083
FR0000124141;04/08/16;19.865;19.87;19.59;19.75;1278412
FR0000124141;05/08/16;19.805;20.17;19.79;20.00;1341105
FR0000124141;08/08/16;20.10;20.30;19.99;20.055;1348883
FR0000124141;09/08/16;20.02;20.155;19.955;19.97;1486303
FR0000124141;10/08/16;19.90;19.935;19.775;19.855;1037487
FR0000124141;11/08/16;19.88;20.065;19.82;19.945;1126134
FR0000124141;12/08/16;19.95;20.075;19.89;20.015;978938
FR0000124141;15/08/16;20.05;20.13;19.995;20.015;727589
FR0000124141;16/08/16;19.94;19.975;19.665;19.685;1053597
FR0000124141;17/08/16;19.74;19.755;19.35;19.35;1145965
FR0000124141;18/08/16;19.46;19.555;19.365;19.42;741409
FR0000124141;19/08/16;19.43;19.50;19.065;19.14;1070274
FR0000124141;22/08/16;19.14;19.35;19.115;19.285;1109360
FR0000124141;23/08/16;19.35;19.48;19.33;19.37;754585
FR0000124141;24/08/16;19.275;19.47;19.20;19.255;948366
FR0000124141;25/08/16;19.18;19.33;19.105;19.25;1154603
FR0000124141;26/08/16;19.26;19.455;19.195;19.345;1101079
FR0000124141;29/08/16;19.27;19.30;19.105;19.19;618663
FR0000124141;30/08/16;19.205;19.55;19.205;19.32;1322182
FR0000124141;31/08/16;19.295;19.405;19.065;19.065;1916406
FR0000124711;01/08/16;246.10;247.45;244.35;244.90;239308
FR0000124711;02/08/16;243.85;244.80;241.80;243.05;265410
FR0000124711;03/08/16;243.35;244.05;240.35;241.50;223207
FR0000124711;04/08/16;242.00;244.35;239.70;244.35;252945
FR0000124711;05/08/16;245.35;247.15;244.00;246.30;260528
FR0000124711;08/08/16;246.50;246.95;244.10;245.05;178260
FR0000124711;09/08/16;244.50;246.25;244.45;245.95;217818
FR0000124711;10/08/16;245.50;247.20;245.00;246.20;159887
FR0000124711;11/08/16;247.00;248.00;245.40;246.95;158849
FR0000124711;12/08/16;246.15;248.55;245.95;248.40;143027
FR0000124711;15/08/16;248.95;249.45;247.55;247.95;107652
FR0000124711;16/08/16;246.40;247.00;244.80;245.45;181875
FR0000124711;17/08/16;246.90;247.60;243.10;244.05;178816
FR0000124711;18/08/16;245.50;245.65;244.05;245.30;159585
FR0000124711;19/08/16;244.80;245.05;242.35;243.80;247578
FR0000124711;22/08/16;244.00;245.85;241.95;244.05;177242
FR0000124711;23/08/16;245.40;248.20;244.85;247.10;172550
FR0000124711;24/08/16;245.75;247.50;244.60;245.90;138270
FR0000124711;25/08/16;245.00;245.85;243.05;245.85;190968
FR0000124711;26/08/16;245.20;246.60;243.70;245.20;155771
FR0000124711;29/08/16;244.05;244.85;241.90;243.95;114784
FR0000124711;30/08/16;245.60;247.80;245.15;245.40;203115
FR0000124711;31/08/16;245.75;247.85;244.70;246.00;262905
FR0000125007;01/08/16;38.215;38.43;37.53;37.725;1455650
FR0000125007;02/08/16;37.605;37.785;36.995;37.18;1760228
FR0000125007;03/08/16;37.275;37.275;36.725;37.23;942763
FR0000125007;04/08/16;37.53;37.805;37.405;37.565;1260632
FR0000125007;05/08/16;37.635;37.995;37.515;37.90;1527281
FR0000125007;08/08/16;38.09;38.555;37.94;38.34;1401942
FR0000125007;09/08/16;38.42;39.105;38.305;39.05;1616157
FR0000125007;10/08/16;38.83;39.025;38.645;38.79;1003437
FR0000125007;11/08/16;39.00;39.39;38.73;39.345;1059432
FR0000125007;12/08/16;39.33;39.57;39.185;39.47;1241857
FR0000125007;15/08/16;39.58;39.745;39.34;39.34;538903
FR0000125007;16/08/16;39.08;39.555;38.805;39.035;1123127
FR0000125007;17/08/16;39.07;39.23;38.615;38.725;1080126
FR0000125007;18/08/16;39.005;39.165;38.85;39.10;926633
FR0000125007;19/08/16;39.045;39.045;38.525;38.825;1110915
FR0000125007;22/08/16;38.75;39.42;38.695;38.85;1105534
FR0000125007;23/08/16;39.09;39.705;38.925;39.405;1120212
FR0000125007;24/08/16;39.16;39.975;38.99;39.81;1254645
FR0000125007;25/08/16;39.66;39.66;39.01;39.09;1401790
FR0000125007;26/08/16;39.155;39.50;38.85;39.29;1181674
FR0000125007;29/08/16;39.095;39.15;38.645;39.065;997648
FR0000125007;30/08/16;39.245;39.625;39.17;39.375;1177112
FR0000125007;31/08/16;39.355;39.945;39.135;39.32;2250139
FR0000125338;01/08/16;86.00;87.16;85.07;85.37;337584
FR0000125338;02/08/16;85.01;85.22;83.36;83.74;590566
FR0000125338;03/08/16;83.87;84.02;82.95;83.43;314381
FR0000125338;04/08/16;83.66;85.92;83.48;84.58;427146
FR0000125338;05/08/16;84.84;85.62;84.51;85.58;384436
FR0000125338;08/08/16;85.71;85.80;85.08;85.55;275055
FR0000125338;09/08/16;85.34;86.38;85.04;86.21;276270
FR0000125338;10/08/16;86.00;87.07;85.91;86.39;370304
FR0000125338;11/08/16;86.73;87.05;85.50;86.05;375815
FR0000125338;12/08/16;86.04;86.28;85.52;85.79;327255
FR0000125338;15/08/16;85.79;86.62;85.49;86.28;166889
FR0000125338;16/08/16;86.13;86.25;85.18;85.28;238628
FR0000125338;17/08/16;85.50;85.55;83.87;84.31;323087
FR0000125338;18/08/16;84.72;85.36;84.43;85.21;299563
FR0000125338;19/08/16;84.97;85.36;83.63;84.30;346848
FR0000125338;22/08/16;84.26;85.61;84.12;84.92;347766
FR0000125338;23/08/16;85.20;86.32;84.90;86.16;345183
FR0000125338;24/08/16;85.60;86.90;85.15;86.49;389757
FR0000125338;25/08/16;86.21;86.21;84.98;85.57;275995
FR0000125338;26/08/16;85.70;88.29;85.45;87.88;723928
FR0000125338;29/08/16;87.44;87.95;86.58;87.55;260725
FR0000125338;30/08/16;87.88;89.40;87.83;88.37;382895
FR0000125338;31/08/16;88.36;88.81;87.19;87.34;438685
FR0000125486;01/08/16;68.00;68.08;67.05;67.22;1049597
FR0000125486;02/08/16;67.23;67.82;67.23;67.37;1425484
FR0000125486;03/08/16;67.38;67.40;66.50;67.09;1645642
FR0000125486;04/08/16;67.64;67.87;66.65;67.23;1081728
FR0000125486;05/08/16;67.35;67.68;66.79;67.04;2327583
FR0000125486;08/08/16;67.02;67.40;66.51;67.27;1051345
FR0000125486;09/08/16;67.36;67.68;67.10;67.68;1023160
FR0000125486;10/08/16;67.44;67.75;67.20;67.71;919423
FR0000125486;11/08/16;68.00;69.68;67.93;69.68;1811732
FR0000125486;12/08/16;69.67;69.80;68.90;68.90;1248590
FR0000125486;15/08/16;68.83;69.28;68.64;68.70;676310
FR0000125486;16/08/16;68.40;68.43;67.60;67.60;1590266
FR0000125486;17/08/16;67.55;67.62;66.63;66.99;1457393
FR0000125486;18/08/16;67.50;67.90;67.35;67.72;1021340
FR0000125486;19/08/16;67.74;67.74;66.82;67.02;1111616
FR0000125486;22/08/16;66.84;67.49;66.37;66.90;894131
FR0000125486;23/08/16;67.42;67.55;67.04;67.15;1247171
FR0000125486;24/08/16;66.73;67.42;66.46;67.02;1111234
FR0000125486;25/08/16;66.95;67.18;66.48;66.94;693106
FR0000125486;26/08/16;66.98;67.66;66.74;67.44;863133
FR0000125486;29/08/16;67.26;67.40;66.87;67.26;540816
FR0000125486;30/08/16;67.57;68.22;67.52;68.03;1153418
FR0000125486;31/08/16;67.88;69.06;67.77;67.99;1739632
FR0000127771;01/08/16;17.69;17.745;17.49;17.57;1875421
FR0000127771;02/08/16;17.55;17.675;17.425;17.46;2317536
FR0000127771;03/08/16;17.47;17.54;17.24;17.395;2013820
FR0000127771;04/08/16;17.46;17.56;17.38;17.41;1679070
FR0000127771;05/08/16;17.48;17.685;17.43;17.64;2662804
FR0000127771;08/08/16;17.685;17.805;17.61;17.66;1647793
FR0000127771;09/08/16;17.675;17.99;17.645;17.99;2342028
FR0000127771;10/08/16;17.91;18.02;17.845;18.005;1758002
FR0000127771;11/08/16;18.06;18.095;17.87;18.005;2375286
FR0000127771;12/08/16;18.025;18.155;17.985;18.095;2721779
FR0000127771;15/08/16;18.14;18.14;18.00;18.015;1249141
FR0000127771;16/08/16;17.95;17.95;17.695;17.85;1844071
FR0000127771;17/08/16;17.90;17.90;17.625;17.67;1692792
FR0000127771;18/08/16;17.765;17.825;17.585;17.68;2728385
FR0000127771;19/08/16;17.62;17.655;17.405;17.61;2655948
FR0000127771;22/08/16;17.605;17.67;17.41;17.525;1994144
FR0000127771;23/08/16;17.555;17.645;17.41;17.595;2398464
FR0000127771;24/08/16;17.49;17.725;17.345;17.665;2859808
FR0000127771;25/08/16;17.485;17.615;17.355;17.58;2473446
FR0000127771;26/08/16;17.225;17.405;16.51;17.275;9374540
FR0000127771;29/08/16;17.19;17.24;17.075;17.21;2887958
FR0000127771;30/08/16;17.27;17.53;17.20;17.45;5026173
FR0000127771;31/08/16;17.44;17.53;17.36;17.38;4712858
FR0000130577;01/08/16;66.72;67.04;65.79;65.84;393223
FR0000130577;02/08/16;65.59;65.70;64.80;64.98;605279
FR0000130577;03/08/16;65.24;65.26;64.18;64.78;451369
FR0000130577;04/08/16;65.05;65.10;64.43;65.01;461223
FR0000130577;05/08/16;65.15;66.23;65.15;66.13;393032
FR0000130577;08/08/16;66.39;66.78;66.11;66.13;487347
FR0000130577;09/08/16;65.96;66.99;65.96;66.99;320887
FR0000130577;10/08/16;66.67;67.10;66.53;67.10;366636
FR0000130577;11/08/16;67.20;67.45;66.72;67.29;333095
FR0000130577;12/08/16;67.20;67.58;67.04;67.47;253489
FR0000130577;15/08/16;67.47;67.68;67.33;67.39;197722
FR0000130577;16/08/16;67.10;67.38;66.69;66.69;284427
FR0000130577;17/08/16;66.73;66.76;65.97;65.97;319624
FR0000130577;18/08/16;66.34;66.59;66.30;66.55;226830
FR0000130577;19/08/16;66.53;66.60;65.70;66.03;454714
FR0000130577;22/08/16;66.13;66.80;65.77;65.98;330930
FR0000130577;23/08/16;66.34;66.71;66.33;66.44;418843
FR0000130577;24/08/16;66.16;67.54;66.05;67.43;511421
FR0000130577;25/08/16;67.01;67.26;66.76;67.14;299849
FR0000130577;26/08/16;66.93;67.67;66.71;67.43;452668
FR0000130577;29/08/16;67.20;67.73;66.91;67.67;239187
FR0000130577;30/08/16;67.60;67.92;67.17;67.20;502398
FR0000130577;31/08/16;67.05;67.34;66.51;66.55;403023
FR0000130809;01/08/16;30.85;31.035;29.035;29.435;6162304
FR0000130809;02/08/16;29.22;29.255;28.025;28.515;6328400
FR0000130809;03/08/16;29.70;29.955;28.855;29.415;7770197
FR0000130809;04/08/16;29.74;30.50;29.73;29.945;4197770
FR0000130809;05/08/16;30.11;30.94;30.095;30.94;3899746
FR0000130809;08/08/16;31.03;31.85;30.98;31.31;3441581
FR0000130809;09/08/16;31.29;31.935;31.205;31.86;3542508
FR0000130809;10/08/16;31.59;32.185;31.555;31.88;3332027
FR0000130809;11/08/16;32.13;32.195;31.71;32.195;2728870
FR0000130809;12/08/16;32.13;32.37;31.98;32.045;2123702
FR0000130809;15/08/16;32.005;32.10;31.69;31.82;2000508
FR0000130809;16/08/16;31.67;31.86;31.20;31.395;3153240
FR0000130809;17/08/16;31.52;31.615;30.71;30.785;3220295
FR0000130809;18/08/16;31.025;31.115;30.42;30.745;2851890
FR0000130809;19/08/16;30.76;30.76;29.62;30.06;3939014
FR0000130809;22/08/16;30.015;30.64;29.91;30.15;2895173
FR0000130809;23/08/16;30.425;31.12;30.325;31.005;4280842
FR0000130809;24/08/16;30.84;32.105;30.64;31.805;4623628
FR0000130809;25/08/16;31.65;31.91;31.305;31.725;2949830
FR0000130809;26/08/16;31.59;32.15;31.435;31.92;2836707
FR0000130809;29/08/16;31.845;32.20;31.525;31.615;1776523
FR0000130809;30/08/16;31.89;32.435;31.765;32.185;3781124
FR0000130809;31/08/16;32.17;33.07;32.165;32.645;4779747
FR0000131104;01/08/16;45.00;45.34;43.355;43.695;3561619
FR0000131104;02/08/16;43.405;43.47;41.585;41.805;5436257
FR0000131104;03/08/16;42.015;42.445;41.36;42.035;4482100
FR0000131104;04/08/16;42.395;42.985;42.14;42.56;3241331
FR0000131104;05/08/16;42.75;43.88;42.71;43.845;3495410
FR0000131104;08/08/16;44.00;44.85;43.94;44.39;2715129
FR0000131104;09/08/16;44.415;44.905;43.99;44.815;2417823
FR0000131104;10/08/16;44.40;45.125;44.38;44.63;2670859
FR0000131104;11/08/16;45.01;45.10;44.355;45.00;2621201
FR0000131104;12/08/16;44.905;45.215;44.63;44.675;1975011
FR0000131104;15/08/16;44.665;45.01;44.475;44.615;1251812
FR0000131104;16/08/16;44.315;44.575;43.835;44.02;2608348
FR0000131104;17/08/16;44.355;44.585;43.37;43.405;2726539
FR0000131104;18/08/16;43.76;43.85;42.915;43.38;2234472
FR0000131104;19/08/16;43.305;43.405;42.02;42.58;3075607
FR0000131104;22/08/16;42.50;43.45;42.28;43.015;2741637
FR0000131104;23/08/16;43.205;44.19;43.16;43.905;2961570
FR0000131104;24/08/16;43.70;45.015;43.445;44.655;2709968
FR0000131104;25/08/16;44.435;44.71;44.03;44.43;2233173
FR0000131104;26/08/16;44.315;45.085;44.18;44.83;2094408
FR0000131104;29/08/16;44.625;45.10;44.31;44.485;1601631
FR0000131104;30/08/16;44.83;45.62;44.70;45.35;3644146
FR0000131104;31/08/16;45.43;46.62;45.305;45.605;5373144
FR0000131906;01/08/16;78.95;79.29;76.58;77.39;809241
FR0000131906;02/08/16;76.85;77.34;74.33;74.76;1153446
FR0000131906;03/08/16;74.79;74.99;72.60;73.90;1291574
FR0000131906;04/08/16;74.50;75.47;73.74;74.20;772289
FR0000131906;05/08/16;74.61;77.11;74.41;77.11;939030
FR0000131906;08/08/16;77.65;77.93;76.06;76.54;737789
FR0000131906;09/08/16;76.49;77.27;75.67;77.14;736965
FR0000131906;10/08/16;76.24;76.74;75.76;75.88;713162
FR0000131906;11/08/16;76.49;77.22;75.54;76.88;719700
FR0000131906;12/08/16;76.73;77.37;75.66;76.00;538243
FR0000131906;15/08/16;76.26;77.52;76.09;76.89;468984
FR0000131906;16/08/16;76.00;76.00;74.35;74.43;912335
FR0000131906;17/08/16;74.50;74.81;73.09;73.43;670603
FR0000131906;18/08/16;74.04;74.07;73.14;73.69;464526
FR0000131906;19/08/16;73.79;73.79;72.25;73.20;680501
FR0000131906;22/08/16;73.10;74.53;72.99;73.86;573453
FR0000131906;23/08/16;71.71;73.76;71.43;73.00;1288916
FR0000131906;24/08/16;72.51;73.74;71.88;73.21;559387
FR0000131906;25/08/16;73.12;73.25;72.10;72.28;877244
FR0000131906;26/08/16;72.11;73.97;72.10;73.05;680763
FR0000131906;29/08/16;72.79;73.28;72.09;72.55;439415
FR0000131906;30/08/16;73.01;73.90;72.78;73.36;573720
FR0000131906;31/08/16;73.31;74.29;73.04;73.31;721149
FR0000133308;01/08/16;13.865;13.87;13.565;13.755;5098384
FR0000133308;02/08/16;13.725;13.735;13.48;13.505;5133865
FR0000133308;03/08/16;13.53;13.635;13.41;13.59;4569788
FR0000133308;04/08/16;13.685;13.705;13.53;13.655;4136928
FR0000133308;05/08/16;13.705;13.905;13.705;13.84;6546565
FR0000133308;08/08/16;13.845;13.88;13.69;13.75;5166621
FR0000133308;09/08/16;13.75;13.925;13.73;13.925;7628455
FR0000133308;10/08/16;13.885;13.995;13.825;13.825;3640537
FR0000133308;11/08/16;13.89;14.135;13.77;14.125;4334419
FR0000133308;12/08/16;14.14;14.15;14.005;14.125;3327038
FR0000133308;15/08/16;14.125;14.155;13.97;13.97;2703256
FR0000133308;16/08/16;13.965;13.965;13.755;13.785;4156128
FR0000133308;17/08/16;13.825;13.835;13.575;13.61;4019043
FR0000133308;18/08/16;13.735;13.775;13.575;13.68;2920781
FR0000133308;19/08/16;13.63;13.715;13.42;13.505;4037794
FR0000133308;22/08/16;13.525;13.805;13.51;13.625;3323183
FR0000133308;23/08/16;13.68;13.755;13.56;13.675;3853391
FR0000133308;24/08/16;13.605;13.71;13.515;13.53;5401273
FR0000133308;25/08/16;13.545;13.67;13.45;13.60;4245859
FR0000133308;26/08/16;13.615;13.71;13.57;13.66;3393681
FR0000133308;29/08/16;13.60;13.60;13.475;13.525;3105584
FR0000133308;30/08/16;13.615;13.765;13.525;13.525;5995382
FR0000133308;31/08/16;13.55;14.02;13.525;13.69;8423049
FR0010208488;01/08/16;14.86;14.935;14.375;14.40;6676068
FR0010208488;02/08/16;14.385;14.415;14.105;14.25;4718780
FR0010208488;03/08/16;14.345;14.43;14.19;14.295;4730872
FR0010208488;04/08/16;14.37;14.50;14.345;14.425;4550989
FR0010208488;05/08/16;14.535;14.645;14.50;14.62;4203718
FR0010208488;08/08/16;14.645;14.725;14.575;14.635;3266178
FR0010208488;09/08/16;14.635;14.705;14.605;14.65;3242461
FR0010208488;10/08/16;14.57;14.69;14.52;14.56;4147746
FR0010208488;11/08/16;14.67;14.76;14.55;14.705;3185493
FR0010208488;12/08/16;14.71;14.89;14.695;14.82;4202499
FR0010208488;15/08/16;14.885;14.945;14.795;14.835;2352210
FR0010208488;16/08/16;14.78;14.845;14.665;14.675;3551205
FR0010208488;17/08/16;14.73;14.745;14.36;14.36;4573655
FR0010208488;18/08/16;14.455;14.495;14.36;14.47;2734463
FR0010208488;19/08/16;14.475;14.54;14.21;14.32;3995342
FR0010208488;22/08/16;14.32;14.46;14.18;14.245;3065721
FR0010208488;23/08/16;14.32;14.41;14.285;14.37;3122000
FR0010208488;24/08/16;14.285;14.385;14.205;14.295;2992112
FR0010208488;25/08/16;14.24;14.29;14.15;14.25;2523807
FR0010208488;26/08/16;14.25;14.44;14.165;14.33;2851059
FR0010208488;29/08/16;14.25;14.30;14.12;14.25;1860699
FR0010208488;30/08/16;14.29;14.42;14.29;14.30;2910208
FR0010208488;31/08/16;14.285;14.42;14.245;14.29;3012308
FR0010307819;01/08/16;51.00;51.98;50.90;51.22;924729
FR0010307819;02/08/16;51.06;51.26;50.31;50.62;643813
FR0010307819;03/08/16;50.70;50.72;50.00;50.66;575297
FR0010307819;04/08/16;50.82;51.32;50.82;51.05;490246
FR0010307819;05/08/16;51.10;51.57;51.10;51.50;436010
FR0010307819;08/08/16;51.47;51.95;51.40;51.65;348081
FR0010307819;09/08/16;51.72;52.57;51.72;52.54;452123
FR0010307819;10/08/16;52.24;52.81;52.24;52.81;364434
FR0010307819;11/08/16;52.88;53.50;52.76;53.50;538765
FR0010307819;12/08/16;53.40;53.54;53.10;53.36;359895
FR0010307819;15/08/16;53.34;53.76;53.19;53.20;202632
FR0010307819;16/08/16;53.00;53.47;52.85;52.89;490805
FR0010307819;17/08/16;52.94;53.38;52.70;53.10;685055
FR0010307819;18/08/16;53.18;53.65;53.14;53.53;386168
FR0010307819;19/08/16;53.60;53.62;53.13;53.31;510851
FR0010307819;22/08/16;53.12;53.99;53.12;53.30;598206
FR0010307819;23/08/16;53.48;54.08;53.44;53.97;383805
FR0010307819;24/08/16;53.58;54.44;53.52;54.18;391465
FR0010307819;25/08/16;53.94;54.12;53.67;53.82;450494
FR0010307819;26/08/16;53.86;54.40;53.63;54.10;303800
FR0010307819;29/08/16;53.84;54.07;53.37;53.75;312598
FR0010307819;30/08/16;53.81;54.31;53.81;53.92;508170
FR0010307819;31/08/16;53.91;54.03;53.58;53.71;477703
FR0013176526;01/08/16;46.01;46.43;45.35;45.63;764327
FR0013176526;02/08/16;45.50;45.855;44.62;44.85;788866
FR0013176526;03/08/16;44.84;44.85;43.695;44.17;1181088
FR0013176526;04/08/16;44.43;45.025;44.43;44.695;766352
FR0013176526;05/08/16;44.86;46.055;44.835;45.97;556953
FR0013176526;08/08/16;46.115;46.46;45.96;46.08;592018
FR0013176526;09/08/16;45.97;47.00;45.93;46.93;568829
FR0013176526;10/08/16;46.54;46.825;46.35;46.625;535011
FR0013176526;11/08/16;46.89;47.00;46.22;46.70;592151
FR0013176526;12/08/16;46.685;46.865;46.15;46.20;516293
FR0013176526;15/08/16;46.18;46.79;46.18;46.395;300162
FR0013176526;16/08/16;46.135;46.33;45.75;45.81;431122
FR0013176526;17/08/16;45.97;46.075;45.265;45.475;478836
FR0013176526;18/08/16;45.725;46.065;45.565;46.04;330429
FR0013176526;19/08/16;46.05;46.05;45.50;45.895;491672
FR0013176526;22/08/16;45.765;46.64;45.585;45.88;409156
FR0013176526;23/08/16;45.985;46.435;45.76;46.085;451699
FR0013176526;24/08/16;45.885;46.60;45.435;46.485;353757
FR0013176526;25/08/16;46.18;46.18;45.12;45.50;632836
FR0013176526;26/08/16;45.40;46.05;45.395;45.895;492300
FR0013176526;29/08/16;45.78;45.955;45.25;45.915;249989
FR0013176526;30/08/16;46.445;46.75;45.855;45.99;500755
FR0013176526;31/08/16;46.00;46.795;45.83;46.39;1043913
GB00BDSFG982;01/08/16;25.265;25.295;24.1275;24.1525;1639838
GB00BDSFG982;02/08/16;24.125;24.165;23.125;23.3725;2150802
GB00BDSFG982;03/08/16;23.3775;23.865;23.235;23.865;1749864
GB00BDSFG982;04/08/16;24.1325;24.7125;23.86;24.0275;1980560
GB00BDSFG982;05/08/16;24.0675;24.5975;24.05;24.395;1864652
GB00BDSFG982;08/08/16;24.545;24.99;24.4825;24.78;1333368
GB00BDSFG982;09/08/16;24.70;25.575;24.63;25.025;2344152
GB00BDSFG982;10/08/16;24.9475;25.46;24.85;24.95;1613942
GB00BDSFG982;11/08/16;24.8725;25.165;24.575;25.125;1707548
GB00BDSFG982;12/08/16;25.115;25.995;25.115;25.535;2232726
GB00BDSFG982;15/08/16;25.56;25.63;25.345;25.50;1054270
GB00BDSFG982;16/08/16;25.42;26.145;25.25;25.595;1854016
GB00BDSFG982;17/08/16;25.595;25.61;24.9975;25.425;1669364
GB00BDSFG982;18/08/16;25.50;26.395;25.50;26.345;1894672
GB00BDSFG982;19/08/16;26.40;27.30;26.325;26.87;3031526
GB00BDSFG982;22/08/16;26.71;27.02;26.30;26.345;1953034
GB00BDSFG982;23/08/16;26.36;26.685;26.36;26.555;1763260
GB00BDSFG982;24/08/16;26.425;26.76;26.145;26.48;1347590
GB00BDSFG982;25/08/16;26.305;26.52;26.075;26.245;1530226
GB00BDSFG982;26/08/16;26.145;26.75;26.125;26.46;1176828
GB00BDSFG982;29/08/16;26.33;26.65;26.255;26.65;1060372
GB00BDSFG982;30/08/16;26.855;26.86;26.29;26.29;1374620
GB00BDSFG982;31/08/16;26.30;26.665;26.10;26.485;1967766
LU1598757687;01/08/16;17.70;17.85;17.16;17.265;6100283
LU1598757687;02/08/16;17.196;17.199;16.191;16.35;8643915
LU1598757687;03/08/16;16.335;17.04;15.99;16.365;7153510
LU1598757687;04/08/16;16.587;17.07;16.575;16.857;6961816
LU1598757687;05/08/16;17.10;17.424;16.935;17.304;7169474
LU1598757687;08/08/16;17.49;17.802;17.46;17.616;5059692
LU1598757687;09/08/16;17.559;17.76;17.43;17.70;5818308
LU1598757687;10/08/16;17.424;17.628;17.01;17.085;5914164
LU1598757687;11/08/16;16.845;17.229;16.50;17.046;5953048
LU1598757687;12/08/16;17.112;17.331;16.68;16.746;5153362
LU1598757687;15/08/16;16.551;16.902;16.419;16.857;3933858
LU1598757687;16/08/16;16.86;17.64;16.824;17.397;6817295
LU1598757687;17/08/16;17.172;17.451;16.764;16.842;5385845
LU1598757687;18/08/16;17.055;17.508;16.917;17.37;6256627
LU1598757687;19/08/16;17.589;17.592;16.983;17.172;5269953
LU1598757687;22/08/16;16.95;17.064;16.65;16.812;5130388
LU1598757687;23/08/16;16.932;17.25;16.926;17.154;3854507
LU1598757687;24/08/16;16.92;17.115;16.77;16.788;4564196
LU1598757687;25/08/16;16.608;16.74;16.251;16.719;5543272
LU1598757687;26/08/16;16.635;17.217;16.557;17.166;5373237
LU1598757687;29/08/16;16.632;16.818;16.563;16.662;5004876
LU1598757687;30/08/16;16.71;16.854;16.446;16.485;4940355
LU1598757687;31/08/16;16.29;16.38;15.696;15.873;8410998
NL0000226223;01/08/16;6.534;6.648;6.468;6.505;2127001
NL0000226223;02/08/16;6.489;6.507;6.237;6.243;3166381
NL0000226223;03/08/16;6.241;6.33;6.073;6.312;2726743
NL0000226223;04/08/16;6.317;6.548;6.317;6.537;3515168
NL0000226223;05/08/16;6.541;6.675;6.532;6.66;2017480
NL0000226223;08/08/16;6.645;6.709;6.623;6.659;1661710
NL0000226223;09/08/16;6.64;6.685;6.614;6.647;1829791
NL0000226223;10/08/16;6.641;6.65;6.541;6.577;2284650
NL0000226223;11/08/16;6.549;6.689;6.549;6.67;1981676
NL0000226223;12/08/16;6.692;6.715;6.659;6.674;1045141
NL0000226223;15/08/16;6.664;6.876;6.599;6.828;1661569
NL0000226223;16/08/16;6.765;6.799;6.64;6.64;2020416
NL0000226223;17/08/16;6.632;6.684;6.538;6.553;1575075
NL0000226223;18/08/16;6.616;6.762;6.569;6.762;1633438
NL0000226223;19/08/16;6.74;6.766;6.682;6.733;1431041
NL0000226223;22/08/16;6.757;6.793;6.696;6.718;1381640
NL0000226223;23/08/16;6.741;6.889;6.687;6.88;1911927
NL0000226223;24/08/16;6.858;6.858;6.75;6.809;2326178
NL0000226223;25/08/16;6.79;6.80;6.718;6.764;1797100
NL0000226223;26/08/16;6.795;6.837;6.76;6.789;1593001
NL0000226223;29/08/16;6.763;6.768;6.643;6.748;698235
NL0000226223;30/08/16;6.767;6.87;6.765;6.834;1324130
NL0000226223;31/08/16;6.85;6.851;6.703;6.703;2439357
NL0000235190;01/08/16;52.90;53.42;51.98;52.25;1478246
NL0000235190;02/08/16;51.97;52.25;51.10;51.26;1452157
NL0000235190;03/08/16;51.39;51.49;50.12;50.46;2030505
NL0000235190;04/08/16;50.75;51.21;50.32;50.60;1294118
NL0000235190;05/08/16;50.67;51.24;50.20;51.00;1863512
NL0000235190;08/08/16;50.58;50.85;50.10;50.34;1460112
NL0000235190;09/08/16;50.41;51.17;50.35;51.10;2085484
NL0000235190;10/08/16;50.97;51.61;50.86;51.20;1280319
NL0000235190;11/08/16;51.51;51.84;50.76;51.84;1289892
NL0000235190;12/08/16;51.84;52.19;51.72;52.03;1103502
NL0000235190;15/08/16;52.22;52.67;51.90;52.28;914110
NL0000235190;16/08/16;52.14;52.14;51.00;51.49;1699009
NL0000235190;17/08/16;51.49;51.69;50.63;50.69;1436602
NL0000235190;18/08/16;50.06;50.37;49.80;50.00;2297949
NL0000235190;19/08/16;50.00;50.13;49.505;49.86;1913687
NL0000235190;22/08/16;50.00;50.38;49.625;49.975;1701962
NL0000235190;23/08/16;50.02;51.06;50.00;50.60;1389824
NL0000235190;24/08/16;50.50;51.43;50.00;51.21;1250402
NL0000235190;25/08/16;51.05;51.14;50.16;50.55;1168283
NL0000235190;26/08/16;50.55;51.42;50.36;51.04;1133912
NL0000235190;29/08/16;50.91;51.33;50.62;51.30;895224
NL0000235190;30/08/16;51.49;52.04;51.41;51.44;1506347
NL0000235190;31/08/16;51.63;52.90;51.60;52.29;2233225
