BE0003470755;01/08/13;103.50;104.45;102.65;104.30;214710
BE0003470755;02/08/13;104.75;108.15;104.70;107.20;287610
BE0003470755;05/08/13;106.00;107.15;105.50;106.45;154011
BE0003470755;06/08/13;105.70;106.20;104.55;104.80;224902
BE0003470755;07/08/13;104.95;104.95;103.45;104.05;157633
BE0003470755;08/08/13;104.05;104.70;103.55;104.15;248192
BE0003470755;09/08/13;104.50;105.75;103.85;105.50;160062
BE0003470755;12/08/13;107.50;108.70;106.35;108.15;184360
BE0003470755;13/08/13;108.30;110.75;108.25;109.20;179809
BE0003470755;14/08/13;109.20;109.85;108.70;108.90;90659
BE0003470755;15/08/13;108.90;109.45;108.05;109.35;98211
BE0003470755;16/08/13;109.70;109.75;107.80;108.85;135653
BE0003470755;19/08/13;108.95;109.90;108.05;109.70;138678
BE0003470755;20/08/13;108.65;109.45;107.30;109.40;175859
BE0003470755;21/08/13;109.50;109.85;107.95;108.00;102036
BE0003470755;22/08/13;108.10;110.55;108.10;110.05;109541
BE0003470755;23/08/13;110.05;111.50;109.10;110.65;119074
BE0003470755;26/08/13;110.20;110.55;109.00;109.80;60962
BE0003470755;27/08/13;109.00;109.40;107.20;108.15;180971
BE0003470755;28/08/13;107.45;107.50;105.20;106.40;154123
BE0003470755;29/08/13;106.70;107.35;106.30;106.75;80254
BE0003470755;30/08/13;106.85;106.85;105.25;105.40;137926
FR0000045072;01/08/13;7.23;7.625;7.184;7.57;14737355
FR0000045072;02/08/13;7.566;7.677;7.416;7.65;8589087
FR0000045072;05/08/13;7.66;7.845;7.66;7.839;10014412
FR0000045072;06/08/13;8.00;8.244;7.701;7.766;23277924
FR0000045072;07/08/13;7.716;8.02;7.601;7.943;9639127
FR0000045072;08/08/13;7.996;8.142;7.988;8.087;8976337
FR0000045072;09/08/13;8.102;8.22;8.096;8.176;6857979
FR0000045072;12/08/13;8.20;8.268;8.119;8.243;6427459
FR0000045072;13/08/13;8.25;8.282;8.154;8.232;5475628
FR0000045072;14/08/13;8.241;8.328;8.182;8.314;5040802
FR0000045072;15/08/13;8.268;8.376;8.106;8.208;5297391
FR0000045072;16/08/13;8.183;8.378;8.151;8.378;6676531
FR0000045072;19/08/13;8.362;8.376;8.14;8.151;5770226
FR0000045072;20/08/13;8.10;8.10;7.851;8.016;8864170
FR0000045072;21/08/13;8.047;8.113;7.911;7.97;5420263
FR0000045072;22/08/13;7.99;8.19;7.983;8.152;5402504
FR0000045072;23/08/13;8.18;8.227;8.058;8.167;3715672
FR0000045072;26/08/13;8.166;8.166;7.998;8.044;3134213
FR0000045072;27/08/13;7.986;8.02;7.671;7.703;10072788
FR0000045072;28/08/13;7.64;7.785;7.56;7.756;8390856
FR0000045072;29/08/13;7.82;7.908;7.756;7.85;5396683
FR0000045072;30/08/13;7.86;7.88;7.644;7.645;5578931
FR0000051732;01/08/13;56.72;57.86;56.65;57.79;230342
FR0000051732;02/08/13;58.00;58.19;57.51;58.19;170856
FR0000051732;05/08/13;58.23;58.43;57.87;58.03;138659
FR0000051732;06/08/13;58.05;58.52;57.81;58.38;261714
FR0000051732;07/08/13;58.42;58.76;58.09;58.76;424287
FR0000051732;08/08/13;58.98;58.98;58.38;58.64;137640
FR0000051732;09/08/13;58.70;58.99;58.55;58.99;173308
FR0000051732;12/08/13;58.89;59.10;58.45;58.74;188971
FR0000051732;13/08/13;58.70;58.75;58.02;58.17;223471
FR0000051732;14/08/13;58.19;58.77;57.96;58.64;234900
FR0000051732;15/08/13;58.50;58.50;58.07;58.49;89147
FR0000051732;16/08/13;58.50;58.96;58.09;58.96;203064
FR0000051732;19/08/13;59.00;59.07;58.44;59.02;145556
FR0000051732;20/08/13;58.98;58.98;57.89;58.51;206015
FR0000051732;21/08/13;58.64;58.85;58.44;58.49;175161
FR0000051732;22/08/13;58.25;58.54;58.17;58.35;229594
FR0000051732;23/08/13;58.35;58.35;57.95;57.99;156220
FR0000051732;26/08/13;58.15;58.15;57.36;57.51;140438
FR0000051732;27/08/13;57.91;57.91;56.11;56.37;352430
FR0000051732;28/08/13;56.34;56.37;55.05;55.92;444275
FR0000051732;29/08/13;56.15;56.58;55.91;56.51;209042
FR0000051732;30/08/13;56.38;56.73;56.20;56.20;224742
FR0000073272;01/08/13;44.235;44.66;44.195;44.40;646935
FR0000073272;02/08/13;44.50;44.50;43.89;44.27;471009
FR0000073272;05/08/13;44.245;44.30;43.815;43.82;428268
FR0000073272;06/08/13;43.805;43.995;43.21;43.28;718834
FR0000073272;07/08/13;43.075;43.23;42.845;43.075;679250
FR0000073272;08/08/13;43.20;43.66;42.95;43.65;595481
FR0000073272;09/08/13;43.76;43.82;43.305;43.40;468244
FR0000073272;12/08/13;43.505;43.90;42.91;43.055;366193
FR0000073272;13/08/13;43.17;43.30;42.545;42.695;613408
FR0000073272;14/08/13;42.70;43.20;42.70;42.99;434959
FR0000073272;15/08/13;42.93;43.18;42.51;42.80;395182
FR0000073272;16/08/13;42.79;42.96;42.215;42.81;661121
FR0000073272;19/08/13;42.93;43.15;42.70;43.10;509931
FR0000073272;20/08/13;43.00;43.02;42.20;42.495;610073
FR0000073272;21/08/13;42.555;43.57;42.49;43.265;761423
FR0000073272;22/08/13;43.475;43.845;43.41;43.675;580292
FR0000073272;23/08/13;43.80;43.97;43.29;43.84;361122
FR0000073272;26/08/13;43.90;43.91;43.23;43.61;246996
FR0000073272;27/08/13;43.61;43.78;42.80;42.90;512540
FR0000073272;28/08/13;42.80;42.99;41.915;42.21;676777
FR0000073272;29/08/13;42.305;42.735;42.14;42.495;540458
FR0000073272;30/08/13;42.53;42.60;41.755;42.015;472960
FR0000120073;01/08/13;82.9339;83.1405;82.2314;83.1405;707438
FR0000120073;02/08/13;83.1405;83.3471;82.7273;83.3058;565777
FR0000120073;05/08/13;83.3058;83.595;82.7686;83.0165;473370
FR0000120073;06/08/13;82.686;82.9752;82.1488;82.5207;691862
FR0000120073;07/08/13;82.1818;82.9339;81.9008;82.9339;605041
FR0000120073;08/08/13;82.686;83.0579;82.4132;82.9752;498999
FR0000120073;09/08/13;82.9752;83.7603;82.5041;83.5537;569693
FR0000120073;12/08/13;83.5124;83.843;82.9339;83.4298;328201
FR0000120073;13/08/13;83.595;84.5455;83.4711;84.5455;480847
FR0000120073;14/08/13;84.6694;85.2066;84.5041;84.5868;424647
FR0000120073;15/08/13;84.5455;84.7934;83.719;84.5868;371196
FR0000120073;16/08/13;84.5041;85.8265;84.3388;85.7851;810030
FR0000120073;19/08/13;85.7025;85.7851;84.8347;85.0826;441399
FR0000120073;20/08/13;84.4628;84.6694;83.9256;84.4215;695989
FR0000120073;21/08/13;84.7521;85.124;84.1322;84.3802;452844
FR0000120073;22/08/13;84.2562;86.0744;84.2562;86.0744;637158
FR0000120073;23/08/13;86.6116;87.1074;86.1157;86.8595;763341
FR0000120073;26/08/13;86.7355;87.1074;86.1984;87.0661;300513
FR0000120073;27/08/13;86.6529;86.8182;85.124;85.124;744249
FR0000120073;28/08/13;84.4628;84.7107;83.0579;83.6777;1031254
FR0000120073;29/08/13;83.9669;83.9669;83.2645;83.5537;493394
FR0000120073;30/08/13;83.2645;83.595;82.124;82.2397;1002981
FR0000120172;01/08/13;23.14;23.835;23.14;23.64;2381564
FR0000120172;02/08/13;23.75;23.77;23.385;23.715;1490143
FR0000120172;05/08/13;23.65;23.775;23.51;23.555;1208535
FR0000120172;06/08/13;23.475;23.645;23.025;23.18;1743117
FR0000120172;07/08/13;23.145;23.275;22.97;23.10;1591396
FR0000120172;08/08/13;23.135;23.75;23.09;23.75;2481249
FR0000120172;09/08/13;23.77;23.935;23.64;23.895;1340753
FR0000120172;12/08/13;23.87;23.89;23.465;23.71;1087670
FR0000120172;13/08/13;23.825;24.22;23.75;24.215;2058778
FR0000120172;14/08/13;24.245;24.58;24.12;24.195;2299922
FR0000120172;15/08/13;24.065;24.27;23.42;23.835;1692426
FR0000120172;16/08/13;23.965;24.22;23.72;24.085;1931176
FR0000120172;19/08/13;24.08;24.12;23.655;23.69;1495319
FR0000120172;20/08/13;23.625;23.655;23.15;23.50;2161022
FR0000120172;21/08/13;23.595;23.735;23.34;23.54;1618912
FR0000120172;22/08/13;23.68;24.075;23.575;24.04;1774867
FR0000120172;23/08/13;24.05;24.25;23.765;24.21;1160127
FR0000120172;26/08/13;24.14;24.15;23.76;24.07;797435
FR0000120172;27/08/13;23.80;23.85;22.835;22.90;3038081
FR0000120172;28/08/13;22.74;23.055;22.265;22.785;3131111
FR0000120172;29/08/13;23.87;24.145;23.535;24.06;4165584
FR0000120172;30/08/13;23.895;24.00;23.465;23.685;3669545
FR0000120271;01/08/13;40.395;40.62;39.90;40.50;4170047
FR0000120271;02/08/13;40.695;40.79;40.285;40.53;4343184
FR0000120271;05/08/13;40.535;40.70;40.21;40.475;3008240
FR0000120271;06/08/13;40.325;40.395;39.81;40.13;3354000
FR0000120271;07/08/13;39.925;40.15;39.69;40.09;2944828
FR0000120271;08/08/13;40.255;40.39;39.955;40.30;2874261
FR0000120271;09/08/13;40.335;40.48;39.955;40.25;2986652
FR0000120271;12/08/13;40.285;40.445;40.05;40.37;2176304
FR0000120271;13/08/13;40.40;40.77;40.335;40.65;2755667
FR0000120271;14/08/13;40.70;41.035;40.61;40.79;3205957
FR0000120271;15/08/13;40.71;41.19;40.71;41.19;3862648
FR0000120271;16/08/13;41.145;41.615;41.04;41.555;4942034
FR0000120271;19/08/13;41.60;41.61;41.005;41.065;3017223
FR0000120271;20/08/13;40.91;41.12;40.51;40.675;4872630
FR0000120271;21/08/13;40.845;40.96;40.535;40.69;2939833
FR0000120271;22/08/13;40.705;41.34;40.645;41.24;3551687
FR0000120271;23/08/13;41.165;42.08;40.785;42.01;5301478
FR0000120271;26/08/13;41.995;42.11;41.71;42.00;2233165
FR0000120271;27/08/13;41.625;42.17;41.485;41.725;6690927
FR0000120271;28/08/13;41.725;42.90;41.535;42.815;10378777
FR0000120271;29/08/13;42.81;42.825;42.16;42.51;4509010
FR0000120271;30/08/13;42.27;42.325;41.78;41.915;5004358
FR0000120321;01/08/13;126.80;128.50;126.05;127.85;534343
FR0000120321;02/08/13;128.00;128.05;126.60;127.20;435234
FR0000120321;05/08/13;127.45;128.05;127.25;127.65;266929
FR0000120321;06/08/13;127.90;130.20;127.90;128.85;475559
FR0000120321;07/08/13;128.85;128.85;127.40;128.30;358933
FR0000120321;08/08/13;128.25;128.65;126.55;127.85;373857
FR0000120321;09/08/13;128.10;128.10;126.45;127.25;357802
FR0000120321;12/08/13;127.55;127.75;125.70;127.00;270627
FR0000120321;13/08/13;127.55;129.75;127.40;128.60;667973
FR0000120321;14/08/13;128.90;130.00;128.25;129.20;328977
FR0000120321;15/08/13;129.15;129.85;127.70;128.95;281851
FR0000120321;16/08/13;129.00;130.10;128.85;129.45;493878
FR0000120321;19/08/13;130.20;130.35;126.45;127.00;810825
FR0000120321;20/08/13;126.65;126.80;125.05;125.65;627298
FR0000120321;21/08/13;125.85;126.40;124.95;125.60;346772
FR0000120321;22/08/13;125.70;127.90;125.40;127.45;430059
FR0000120321;23/08/13;127.35;127.35;125.15;125.60;391148
FR0000120321;26/08/13;125.45;125.90;124.80;125.70;238473
FR0000120321;27/08/13;125.20;126.30;122.45;122.45;598239
FR0000120321;28/08/13;122.20;123.25;121.00;122.90;705729
FR0000120321;29/08/13;123.55;123.55;121.00;122.40;500979
FR0000120321;30/08/13;128.00;130.00;126.00;126.25;1196123
FR0000120404;01/08/13;28.63;28.865;28.55;28.765;1070679
FR0000120404;02/08/13;28.85;28.95;28.56;28.67;715341
FR0000120404;05/08/13;28.70;28.895;28.57;28.75;532686
FR0000120404;06/08/13;28.71;28.875;28.515;28.70;726481
FR0000120404;07/08/13;28.59;28.59;28.16;28.19;682363
FR0000120404;08/08/13;28.62;28.70;28.275;28.52;874499
FR0000120404;09/08/13;28.645;28.89;28.605;28.75;529385
FR0000120404;12/08/13;29.07;29.46;29.04;29.435;1196417
FR0000120404;13/08/13;29.48;29.79;29.375;29.75;824767
FR0000120404;14/08/13;29.695;29.90;29.58;29.89;467034
FR0000120404;15/08/13;29.90;30.265;29.845;30.265;1186054
FR0000120404;16/08/13;30.29;30.855;29.95;30.50;1164001
FR0000120404;19/08/13;30.36;30.465;29.97;29.995;729938
FR0000120404;20/08/13;29.955;30.005;29.08;29.72;899108
FR0000120404;21/08/13;29.715;29.80;29.50;29.515;510312
FR0000120404;22/08/13;29.485;29.875;29.47;29.65;605417
FR0000120404;23/08/13;29.545;29.755;29.27;29.67;525352
FR0000120404;26/08/13;29.605;29.65;29.215;29.235;407394
FR0000120404;27/08/13;29.85;30.35;28.61;28.795;1788388
FR0000120404;28/08/13;28.16;28.315;27.375;27.52;2090880
FR0000120404;29/08/13;28.35;28.515;27.95;28.49;1136977
FR0000120404;30/08/13;28.545;28.695;28.21;28.605;942932
FR0000120503;01/08/13;22.00;22.56;21.975;22.54;1228596
FR0000120503;02/08/13;22.58;22.715;22.54;22.715;865814
FR0000120503;05/08/13;22.69;23.00;22.625;22.92;1315537
FR0000120503;06/08/13;22.765;22.83;22.355;22.43;794431
FR0000120503;07/08/13;22.415;22.625;22.15;22.42;703933
FR0000120503;08/08/13;22.43;23.10;22.43;22.85;856718
FR0000120503;09/08/13;22.925;23.475;22.89;23.465;1143827
FR0000120503;12/08/13;23.465;23.78;23.45;23.76;777878
FR0000120503;13/08/13;23.80;23.89;23.61;23.84;502122
FR0000120503;14/08/13;23.87;24.14;23.76;24.13;828068
FR0000120503;15/08/13;24.085;24.42;23.93;24.205;869654
FR0000120503;16/08/13;24.235;24.555;24.10;24.555;749227
FR0000120503;19/08/13;24.55;24.565;24.15;24.565;715582
FR0000120503;20/08/13;24.40;24.42;23.725;23.90;1225385
FR0000120503;21/08/13;23.84;24.065;23.62;23.62;734129
FR0000120503;22/08/13;23.76;24.235;23.72;24.035;1008156
FR0000120503;23/08/13;24.03;24.05;23.53;23.935;875836
FR0000120503;26/08/13;23.98;24.00;23.52;23.64;429049
FR0000120503;27/08/13;23.655;23.755;22.87;22.93;1369691
FR0000120503;28/08/13;24.00;25.48;23.80;25.33;5181084
FR0000120503;29/08/13;24.57;24.99;23.975;24.365;2321781
FR0000120503;30/08/13;24.32;24.43;23.63;23.665;1602238
FR0000120578;01/08/13;75.75;77.10;74.80;76.85;7222693
FR0000120578;02/08/13;77.25;77.50;76.05;76.36;3307924
FR0000120578;05/08/13;76.53;76.85;76.13;76.71;2165962
FR0000120578;06/08/13;77.20;78.38;77.10;77.50;3097530
FR0000120578;07/08/13;78.40;79.20;77.97;78.32;2804114
FR0000120578;08/08/13;78.36;79.24;78.10;78.73;2342100
FR0000120578;09/08/13;78.85;79.12;78.50;78.85;2082071
FR0000120578;12/08/13;78.10;78.40;77.39;77.70;2331562
FR0000120578;13/08/13;77.88;78.24;77.53;78.24;1883194
FR0000120578;14/08/13;78.49;78.53;77.70;78.03;2063488
FR0000120578;15/08/13;78.17;78.21;76.66;77.34;2419464
FR0000120578;16/08/13;77.50;77.98;77.13;77.75;2447012
FR0000120578;19/08/13;77.75;77.91;77.03;77.40;1778567
FR0000120578;20/08/13;77.47;77.86;76.88;76.94;2613177
FR0000120578;21/08/13;77.38;77.55;75.75;75.75;2499960
FR0000120578;22/08/13;75.66;76.46;75.44;75.65;3380466
FR0000120578;23/08/13;75.28;75.35;74.44;74.94;3068988
FR0000120578;26/08/13;75.24;76.99;75.24;76.65;1657302
FR0000120578;27/08/13;76.63;76.63;75.00;75.00;3538339
FR0000120578;28/08/13;74.55;75.07;73.50;73.50;4598473
FR0000120578;29/08/13;74.03;74.39;73.44;74.20;2324281
FR0000120578;30/08/13;74.50;74.74;72.69;72.69;3442457
FR0000120628;01/08/13;16.66;16.845;16.595;16.755;7278212
FR0000120628;02/08/13;17.00;17.415;16.88;17.125;10481127
FR0000120628;05/08/13;17.18;17.49;17.18;17.375;5671014
FR0000120628;06/08/13;17.35;17.42;16.97;17.125;4842761
FR0000120628;07/08/13;16.75;17.13;16.65;17.10;4975733
FR0000120628;08/08/13;17.065;17.445;17.055;17.41;4954851
FR0000120628;09/08/13;17.425;17.485;17.265;17.40;4142138
FR0000120628;12/08/13;17.41;17.61;17.40;17.60;4276798
FR0000120628;13/08/13;17.675;17.68;17.42;17.53;3951994
FR0000120628;14/08/13;17.53;17.905;17.47;17.83;5805459
FR0000120628;15/08/13;17.765;17.80;17.445;17.755;4847067
FR0000120628;16/08/13;17.70;18.16;17.695;18.16;7052675
FR0000120628;19/08/13;18.07;18.17;17.95;18.015;6666500
FR0000120628;20/08/13;17.85;17.87;17.06;17.325;10739878
FR0000120628;21/08/13;17.41;17.495;17.015;17.07;5379384
FR0000120628;22/08/13;17.02;17.485;17.02;17.33;6929408
FR0000120628;23/08/13;17.365;17.56;17.18;17.45;3416723
FR0000120628;26/08/13;17.455;17.485;17.155;17.155;4442410
FR0000120628;27/08/13;17.10;17.16;16.595;16.615;7962918
FR0000120628;28/08/13;16.515;16.685;16.34;16.55;7029554
FR0000120628;29/08/13;16.70;16.885;16.54;16.86;5347079
FR0000120628;30/08/13;16.885;16.96;16.45;16.485;5919089
FR0000120644;01/08/13;59.53;60.27;59.53;60.07;1197578
FR0000120644;02/08/13;60.12;60.45;59.91;60.39;1195901
FR0000120644;05/08/13;59.44;60.01;59.29;59.42;1524013
FR0000120644;06/08/13;59.32;60.07;59.23;59.63;1156924
FR0000120644;07/08/13;59.45;59.71;59.14;59.45;1092829
FR0000120644;08/08/13;59.45;59.45;58.86;59.07;1019207
FR0000120644;09/08/13;59.20;59.42;58.79;59.26;918575
FR0000120644;12/08/13;59.15;59.21;58.56;59.12;649053
FR0000120644;13/08/13;59.44;59.78;59.20;59.68;756867
FR0000120644;14/08/13;59.75;59.99;59.18;59.20;1116462
FR0000120644;15/08/13;59.02;59.19;58.37;58.97;773267
FR0000120644;16/08/13;59.11;59.60;58.83;59.27;1189389
FR0000120644;19/08/13;59.44;59.45;58.59;58.91;697169
FR0000120644;20/08/13;58.80;58.80;57.86;58.15;1172956
FR0000120644;21/08/13;58.23;58.41;57.96;58.14;756910
FR0000120644;22/08/13;58.12;58.69;58.12;58.39;1036123
FR0000120644;23/08/13;58.35;58.48;57.80;58.48;672881
FR0000120644;26/08/13;58.48;58.61;57.94;58.49;345691
FR0000120644;27/08/13;58.34;58.48;57.29;57.41;1617781
FR0000120644;28/08/13;57.48;57.50;56.75;57.05;1222150
FR0000120644;29/08/13;57.04;57.45;56.72;57.26;748922
FR0000120644;30/08/13;56.00;56.90;55.84;56.34;1882230
FR0000120693;01/08/13;89.95;91.58;89.91;91.50;496377
FR0000120693;02/08/13;92.00;92.00;91.02;91.50;464177
FR0000120693;05/08/13;91.70;92.17;91.61;91.90;244608
FR0000120693;06/08/13;91.55;92.81;91.55;92.57;338680
FR0000120693;07/08/13;92.31;92.65;92.23;92.49;498703
FR0000120693;08/08/13;92.44;92.44;91.79;92.15;450729
FR0000120693;09/08/13;92.34;92.80;92.00;92.76;263345
FR0000120693;12/08/13;92.60;92.87;92.17;92.65;324565
FR0000120693;13/08/13;92.75;93.42;92.71;93.10;367068
FR0000120693;14/08/13;93.30;93.62;93.12;93.40;368401
FR0000120693;15/08/13;93.33;93.55;92.63;93.14;446261
FR0000120693;16/08/13;93.06;93.50;92.83;93.50;352550
FR0000120693;19/08/13;93.40;93.48;92.45;93.00;308749
FR0000120693;20/08/13;92.73;92.82;91.60;92.26;388082
FR0000120693;21/08/13;92.32;92.34;91.41;91.90;384380
FR0000120693;22/08/13;92.17;92.90;92.11;92.87;397686
FR0000120693;23/08/13;92.78;93.10;92.12;93.01;326435
FR0000120693;26/08/13;92.98;93.07;92.27;92.82;159729
FR0000120693;27/08/13;92.76;92.87;91.55;92.02;435084
FR0000120693;28/08/13;91.75;91.80;90.28;90.68;551091
FR0000120693;29/08/13;91.50;92.70;87.60;89.00;1207696
FR0000120693;30/08/13;89.02;89.09;87.84;87.84;546318
FR0000121014;01/08/13;137.95;140.00;137.45;140.00;1021579
FR0000121014;02/08/13;140.50;140.80;138.75;140.65;960836
FR0000121014;05/08/13;140.80;141.00;139.65;140.10;695888
FR0000121014;06/08/13;140.40;141.25;139.60;140.00;679378
FR0000121014;07/08/13;140.35;140.50;138.45;138.95;901742
FR0000121014;08/08/13;139.05;139.65;137.75;138.80;630391
FR0000121014;09/08/13;139.20;139.50;137.10;139.05;449056
FR0000121014;12/08/13;139.80;140.10;138.30;139.95;348516
FR0000121014;13/08/13;140.30;140.95;139.70;140.10;329040
FR0000121014;14/08/13;140.10;142.00;140.10;142.00;523934
FR0000121014;15/08/13;141.75;141.90;139.00;140.00;660798
FR0000121014;16/08/13;139.95;140.90;138.15;140.90;706124
FR0000121014;19/08/13;140.85;141.25;139.90;140.85;465939
FR0000121014;20/08/13;140.50;140.55;139.10;139.65;667349
FR0000121014;21/08/13;140.65;140.70;138.25;139.15;431730
FR0000121014;22/08/13;139.15;140.70;139.15;139.90;531787
FR0000121014;23/08/13;139.50;139.65;137.60;139.00;444711
FR0000121014;26/08/13;139.40;140.20;138.00;139.80;268189
FR0000121014;27/08/13;138.90;140.40;135.80;135.80;907207
FR0000121014;28/08/13;135.00;135.50;132.35;133.15;821990
FR0000121014;29/08/13;133.90;135.15;133.30;134.60;511994
FR0000121014;30/08/13;134.60;134.95;132.55;132.55;604084
FR0000121220;01/08/13;68.67;69.30;68.65;69.16;108766
FR0000121220;02/08/13;69.17;69.85;69.12;69.69;129122
FR0000121220;05/08/13;69.70;70.03;69.42;69.46;131013
FR0000121220;06/08/13;69.45;70.16;69.45;69.65;92890
FR0000121220;07/08/13;69.64;69.66;68.55;68.77;150316
FR0000121220;08/08/13;68.78;68.78;66.73;67.19;271654
FR0000121220;09/08/13;67.20;67.49;65.67;65.84;311127
FR0000121220;12/08/13;66.89;67.22;65.90;67.03;280914
FR0000121220;13/08/13;68.66;69.00;67.21;67.59;169185
FR0000121220;14/08/13;67.58;68.62;67.25;68.50;172756
FR0000121220;15/08/13;68.43;68.43;67.70;68.34;124790
FR0000121220;16/08/13;68.18;68.28;67.20;67.80;177150
FR0000121220;19/08/13;67.73;68.61;67.72;68.12;113304
FR0000121220;20/08/13;67.98;69.23;67.49;69.23;192301
FR0000121220;21/08/13;69.22;69.59;67.81;67.81;209769
FR0000121220;22/08/13;67.80;68.49;67.80;68.49;211649
FR0000121220;23/08/13;68.48;68.58;67.92;68.40;156169
FR0000121220;26/08/13;68.39;68.47;67.80;68.00;67639
FR0000121220;27/08/13;67.97;68.49;67.54;67.67;247403
FR0000121220;28/08/13;67.25;67.29;66.19;66.70;183031
FR0000121220;29/08/13;66.71;67.35;66.53;67.34;176320
FR0000121220;30/08/13;67.15;67.21;66.59;66.77;178516
FR0000121261;01/08/13;75.90;76.49;75.02;76.20;587329
FR0000121261;02/08/13;76.59;76.75;75.15;75.45;538470
FR0000121261;05/08/13;75.50;76.10;75.29;75.90;420671
FR0000121261;06/08/13;75.77;75.91;74.26;74.54;554591
FR0000121261;07/08/13;74.43;74.50;73.41;73.97;535888
FR0000121261;08/08/13;74.30;74.43;73.21;73.57;542261
FR0000121261;09/08/13;73.96;75.13;73.59;74.93;520658
FR0000121261;12/08/13;75.25;75.41;73.95;75.24;352922
FR0000121261;13/08/13;75.50;75.94;75.17;75.64;317943
FR0000121261;14/08/13;75.84;76.20;75.25;76.09;394146
FR0000121261;15/08/13;76.02;76.15;74.28;74.88;361185
FR0000121261;16/08/13;75.04;75.74;74.29;75.74;378443
FR0000121261;19/08/13;75.52;75.60;74.66;75.27;325910
FR0000121261;20/08/13;74.76;75.00;73.36;74.66;472007
FR0000121261;21/08/13;74.70;75.36;74.23;74.97;315406
FR0000121261;22/08/13;74.93;76.38;74.85;75.98;497860
FR0000121261;23/08/13;76.15;76.17;74.66;75.59;387517
FR0000121261;26/08/13;75.70;75.90;74.68;75.29;198174
FR0000121261;27/08/13;74.37;74.75;73.02;73.51;734561
FR0000121261;28/08/13;73.17;73.33;71.75;72.24;647709
FR0000121261;29/08/13;72.81;74.12;72.49;73.88;521182
FR0000121261;30/08/13;73.92;73.92;72.30;72.39;542419
FR0000121485;01/08/13;174.50;179.50;174.20;179.50;372222
FR0000121485;02/08/13;180.00;181.15;178.00;180.75;160338
FR0000121485;05/08/13;181.00;181.60;178.40;179.55;141257
FR0000121485;06/08/13;180.00;181.20;178.50;179.90;158965
FR0000121485;07/08/13;180.00;180.45;177.15;177.80;140725
FR0000121485;08/08/13;178.80;179.80;176.85;179.25;139096
FR0000121485;09/08/13;180.00;183.10;178.65;183.10;239847
FR0000121485;12/08/13;183.90;183.90;181.30;182.15;138705
FR0000121485;13/08/13;182.40;184.10;181.75;182.10;156243
FR0000121485;14/08/13;182.20;185.15;182.20;184.50;203840
FR0000121485;15/08/13;184.30;184.30;179.40;180.60;167630
FR0000121485;16/08/13;180.35;181.00;178.20;178.60;182072
FR0000121485;19/08/13;178.55;179.95;178.40;179.20;95873
FR0000121485;20/08/13;178.40;178.75;175.00;178.30;147217
FR0000121485;21/08/13;179.10;180.30;178.35;179.60;142797
FR0000121485;22/08/13;180.10;181.10;179.00;179.15;161089
FR0000121485;23/08/13;179.75;179.80;177.60;178.80;64048
FR0000121485;26/08/13;178.40;179.00;176.85;178.05;64088
FR0000121485;27/08/13;177.35;177.85;173.00;174.05;183293
FR0000121485;28/08/13;173.30;174.45;172.40;172.75;248533
FR0000121485;29/08/13;173.30;174.85;171.85;174.35;118479
FR0000121485;30/08/13;174.80;174.80;170.90;170.90;154080
FR0000121501;01/08/13;7.50;7.571;7.06;7.37;5684512
FR0000121501;02/08/13;7.29;7.437;7.254;7.385;3872279
FR0000121501;05/08/13;7.429;7.70;7.349;7.70;4446203
FR0000121501;06/08/13;7.675;7.98;7.53;7.602;5194495
FR0000121501;07/08/13;7.491;7.605;7.26;7.574;3348269
FR0000121501;08/08/13;7.699;8.285;7.63;8.205;6734801
FR0000121501;09/08/13;8.415;8.70;8.40;8.415;5659111
FR0000121501;12/08/13;8.535;8.65;8.225;8.415;3335646
FR0000121501;13/08/13;8.495;8.50;8.31;8.45;1915290
FR0000121501;14/08/13;8.48;8.945;8.48;8.84;3816507
FR0000121501;15/08/13;8.82;8.91;8.315;8.50;3759206
FR0000121501;16/08/13;8.44;8.975;8.345;8.935;3385960
FR0000121501;19/08/13;8.995;9.18;8.925;8.985;3518585
FR0000121501;20/08/13;8.855;8.855;8.525;8.665;5537420
FR0000121501;21/08/13;8.655;8.925;8.595;8.71;2142192
FR0000121501;22/08/13;8.765;9.325;8.73;9.225;3501252
FR0000121501;23/08/13;9.245;9.33;9.12;9.195;2472145
FR0000121501;26/08/13;9.22;9.24;8.975;9.15;1384121
FR0000121501;27/08/13;9.36;9.60;9.07;9.17;6809063
FR0000121501;28/08/13;9.05;9.115;8.48;8.82;6522775
FR0000121501;29/08/13;9.01;9.215;8.955;9.055;3213449
FR0000121501;30/08/13;9.15;9.17;8.53;8.55;3548984
FR0000121667;01/08/13;84.85;85.28;84.39;85.00;449531
FR0000121667;02/08/13;85.45;86.98;84.86;86.71;404988
FR0000121667;05/08/13;87.16;88.13;86.87;87.58;440199
FR0000121667;06/08/13;87.75;89.09;87.70;88.65;448216
FR0000121667;07/08/13;88.45;88.50;87.23;88.06;311967
FR0000121667;08/08/13;87.91;88.26;87.14;88.14;395555
FR0000121667;09/08/13;88.07;88.64;87.24;88.45;308650
FR0000121667;12/08/13;88.45;88.68;87.41;87.96;198625
FR0000121667;13/08/13;88.37;88.54;87.46;87.85;253512
FR0000121667;14/08/13;88.00;88.48;87.70;88.18;239358
FR0000121667;15/08/13;88.10;88.30;87.40;88.15;215672
FR0000121667;16/08/13;88.02;88.83;87.65;88.66;380121
FR0000121667;19/08/13;88.77;88.77;87.83;88.26;229325
FR0000121667;20/08/13;88.23;88.41;86.43;86.89;377194
FR0000121667;21/08/13;87.17;87.81;86.92;87.08;213360
FR0000121667;22/08/13;87.17;88.26;86.80;87.38;288266
FR0000121667;23/08/13;86.99;87.08;86.23;86.98;255228
FR0000121667;26/08/13;87.06;87.93;86.56;87.91;194761
FR0000121667;27/08/13;87.81;88.16;84.93;85.27;567989
FR0000121667;28/08/13;85.59;85.85;84.60;84.70;489646
FR0000121667;29/08/13;84.00;84.00;80.87;83.76;1185489
FR0000121667;30/08/13;83.28;83.67;81.42;81.69;781579
FR0000121972;01/08/13;60.99;62.63;60.52;62.63;2278820
FR0000121972;02/08/13;62.76;62.79;61.18;61.75;1578376
FR0000121972;05/08/13;62.00;62.35;61.15;61.34;1038826
FR0000121972;06/08/13;61.62;62.06;61.05;61.32;1182309
FR0000121972;07/08/13;61.29;61.36;60.58;61.09;1106935
FR0000121972;08/08/13;61.50;61.56;60.50;61.16;860372
FR0000121972;09/08/13;61.40;61.84;60.83;61.41;821507
FR0000121972;12/08/13;62.00;62.50;61.10;61.17;903506
FR0000121972;13/08/13;61.83;61.83;60.67;61.00;879035
FR0000121972;14/08/13;61.27;61.35;60.94;61.22;832341
FR0000121972;15/08/13;61.36;61.40;60.37;61.10;563266
FR0000121972;16/08/13;61.06;61.22;60.50;61.10;1113467
FR0000121972;19/08/13;61.00;61.16;60.28;60.49;580059
FR0000121972;20/08/13;60.39;60.46;59.40;60.10;1020193
FR0000121972;21/08/13;60.23;60.37;59.78;59.82;753171
FR0000121972;22/08/13;60.07;60.46;59.77;60.19;1205460
FR0000121972;23/08/13;59.99;60.70;59.46;60.60;783020
FR0000121972;26/08/13;60.68;60.68;59.42;60.39;341645
FR0000121972;27/08/13;60.18;60.18;58.46;58.48;1470379
FR0000121972;28/08/13;58.31;58.62;57.69;58.27;1257858
FR0000121972;29/08/13;58.70;59.23;58.26;58.99;1050179
FR0000121972;30/08/13;58.86;58.98;57.52;57.90;1401920
FR0000124141;01/08/13;10.15;10.24;10.10;10.165;2481845
FR0000124141;02/08/13;10.24;10.315;10.155;10.27;3300997
FR0000124141;05/08/13;10.40;10.83;10.155;10.62;6296078
FR0000124141;06/08/13;10.57;10.60;10.175;10.22;4086569
FR0000124141;07/08/13;10.22;10.65;10.155;10.535;3402573
FR0000124141;08/08/13;10.535;10.765;10.425;10.75;2260201
FR0000124141;09/08/13;10.785;10.855;10.695;10.79;2128334
FR0000124141;12/08/13;10.785;10.99;10.695;10.95;2242920
FR0000124141;13/08/13;10.995;10.995;10.80;10.90;1807049
FR0000124141;14/08/13;10.91;10.935;10.81;10.87;1265914
FR0000124141;15/08/13;10.84;10.93;10.75;10.795;1840010
FR0000124141;16/08/13;10.885;11.03;10.86;10.90;2372094
FR0000124141;19/08/13;10.90;10.91;10.735;10.745;1518900
FR0000124141;20/08/13;10.71;10.72;10.48;10.575;2132840
FR0000124141;21/08/13;10.965;11.525;10.935;11.455;7963079
FR0000124141;22/08/13;11.41;12.00;11.385;11.77;6786800
FR0000124141;23/08/13;11.815;11.82;11.295;11.475;5381946
FR0000124141;26/08/13;11.55;11.65;11.32;11.465;1464436
FR0000124141;27/08/13;11.50;11.545;11.185;11.22;2430945
FR0000124141;28/08/13;11.155;11.815;11.15;11.71;3663504
FR0000124141;29/08/13;11.70;11.845;11.59;11.845;1778483
FR0000124141;30/08/13;11.805;11.82;11.605;11.655;1881364
FR0000124711;01/08/13;183.40;185.30;182.05;185.30;358857
FR0000124711;02/08/13;186.30;186.60;184.50;185.90;268268
FR0000124711;05/08/13;186.15;189.85;186.15;188.65;254540
FR0000124711;06/08/13;188.30;191.00;188.05;189.85;334659
FR0000124711;07/08/13;189.25;190.10;185.40;185.90;291079
FR0000124711;08/08/13;186.90;188.30;185.70;186.85;303461
FR0000124711;09/08/13;186.90;187.10;182.50;183.20;359375
FR0000124711;12/08/13;184.60;185.05;182.15;182.40;174467
FR0000124711;13/08/13;183.65;184.65;182.85;183.75;158624
FR0000124711;14/08/13;183.45;186.40;183.45;184.05;234629
FR0000124711;15/08/13;184.40;184.80;180.15;181.45;221739
FR0000124711;16/08/13;181.35;183.00;180.50;181.50;386716
FR0000124711;19/08/13;181.05;181.80;180.15;181.15;177492
FR0000124711;20/08/13;181.00;181.30;178.20;178.45;283419
FR0000124711;21/08/13;178.50;179.50;175.50;175.50;259853
FR0000124711;22/08/13;174.70;177.10;174.35;175.00;424593
FR0000124711;23/08/13;175.00;177.35;173.95;176.95;317249
FR0000124711;26/08/13;177.00;178.20;176.05;177.50;134053
FR0000124711;27/08/13;176.05;177.00;171.65;172.35;411548
FR0000124711;28/08/13;171.10;173.10;171.00;172.10;293265
FR0000124711;29/08/13;172.20;172.60;170.60;172.15;219980
FR0000124711;30/08/13;171.40;172.80;170.10;170.10;369085
FR0000125007;01/08/13;34.93;35.62;34.735;35.62;2268867
FR0000125007;02/08/13;35.665;35.685;34.96;35.30;1653755
FR0000125007;05/08/13;35.33;36.15;35.33;36.15;1985709
FR0000125007;06/08/13;36.005;36.005;35.32;35.505;1447138
FR0000125007;07/08/13;35.345;35.915;35.01;35.81;1487090
FR0000125007;08/08/13;35.84;36.055;35.71;36.055;1243019
FR0000125007;09/08/13;36.095;36.695;35.92;36.52;1526880
FR0000125007;12/08/13;36.515;36.595;35.845;36.225;1318871
FR0000125007;13/08/13;36.23;36.425;35.675;35.955;1472465
FR0000125007;14/08/13;36.00;36.55;35.99;36.32;1007597
FR0000125007;15/08/13;36.15;36.335;35.83;36.20;892964
FR0000125007;16/08/13;36.15;36.445;35.87;36.445;1367278
FR0000125007;19/08/13;36.32;36.40;35.715;35.80;987871
FR0000125007;20/08/13;35.60;35.63;34.655;35.22;1839613
FR0000125007;21/08/13;35.345;35.53;34.96;35.045;825217
FR0000125007;22/08/13;35.015;36.175;35.00;36.085;1228035
FR0000125007;23/08/13;35.96;36.215;35.495;36.005;803569
FR0000125007;26/08/13;35.895;35.895;35.46;35.68;575247
FR0000125007;27/08/13;35.59;35.675;34.36;34.60;1520602
FR0000125007;28/08/13;34.535;34.655;34.075;34.485;1059430
FR0000125007;29/08/13;34.815;35.235;34.575;35.16;1259492
FR0000125007;30/08/13;35.60;36.17;35.31;35.34;2086414
FR0000125338;01/08/13;41.18;42.205;41.155;42.205;805389
FR0000125338;02/08/13;42.335;43.125;42.305;42.98;904999
FR0000125338;05/08/13;43.00;43.465;43.00;43.40;496812
FR0000125338;06/08/13;43.40;43.52;42.97;43.25;724387
FR0000125338;07/08/13;43.00;43.45;42.945;43.29;665641
FR0000125338;08/08/13;43.30;43.345;42.655;42.805;736386
FR0000125338;09/08/13;42.82;42.97;42.315;42.895;695212
FR0000125338;12/08/13;42.84;43.085;42.575;42.705;312475
FR0000125338;13/08/13;42.80;43.34;42.715;42.915;555245
FR0000125338;14/08/13;42.97;43.575;42.92;43.485;591517
FR0000125338;15/08/13;43.355;43.535;42.68;43.06;362128
FR0000125338;16/08/13;43.00;43.065;42.60;42.75;603647
FR0000125338;19/08/13;42.825;42.90;42.52;42.625;403821
FR0000125338;20/08/13;42.50;42.525;41.625;42.135;693005
FR0000125338;21/08/13;42.115;42.14;41.68;41.74;522101
FR0000125338;22/08/13;41.80;42.73;41.78;42.595;591670
FR0000125338;23/08/13;42.615;42.70;42.415;42.50;385918
FR0000125338;26/08/13;42.405;42.485;42.00;42.18;260961
FR0000125338;27/08/13;41.995;42.265;40.68;40.81;868876
FR0000125338;28/08/13;40.65;41.11;40.475;41.09;645707
FR0000125338;29/08/13;41.30;42.55;41.175;42.49;891730
FR0000125338;30/08/13;42.40;42.46;41.44;41.44;836648
FR0000125486;01/08/13;40.68;40.985;40.59;40.885;1726979
FR0000125486;02/08/13;40.955;41.00;40.635;40.805;1215064
FR0000125486;05/08/13;40.78;40.975;40.47;40.665;960062
FR0000125486;06/08/13;40.565;40.715;39.94;40.20;1165082
FR0000125486;07/08/13;40.00;40.04;39.54;40.00;1209639
FR0000125486;08/08/13;40.175;40.865;40.145;40.865;1736284
FR0000125486;09/08/13;40.85;41.025;40.58;40.915;1058645
FR0000125486;12/08/13;41.00;41.10;40.715;41.095;924131
FR0000125486;13/08/13;41.10;41.385;41.045;41.305;911707
FR0000125486;14/08/13;41.30;41.715;41.26;41.715;1296635
FR0000125486;15/08/13;41.735;41.83;41.085;41.52;940014
FR0000125486;16/08/13;41.52;41.735;41.075;41.70;1155437
FR0000125486;19/08/13;41.65;41.69;40.93;41.15;1045342
FR0000125486;20/08/13;41.05;41.09;40.155;40.38;1359372
FR0000125486;21/08/13;40.49;40.645;40.295;40.295;813954
FR0000125486;22/08/13;40.455;40.79;40.38;40.68;1035437
FR0000125486;23/08/13;40.775;40.78;40.145;40.575;677724
FR0000125486;26/08/13;40.63;40.64;40.15;40.54;503488
FR0000125486;27/08/13;40.405;40.565;39.325;39.585;1659603
FR0000125486;28/08/13;39.42;39.64;38.62;39.34;1563614
FR0000125486;29/08/13;39.475;39.55;39.07;39.435;1039730
FR0000125486;30/08/13;39.285;39.50;39.06;39.07;1673607
FR0000127771;01/08/13;16.10;16.155;15.97;16.08;3340292
FR0000127771;02/08/13;16.15;16.15;15.935;16.02;2709939
FR0000127771;05/08/13;16.035;16.18;16.02;16.06;2282172
FR0000127771;06/08/13;16.08;16.16;15.855;15.96;4100165
FR0000127771;07/08/13;15.885;16.185;15.885;16.05;3147438
FR0000127771;08/08/13;16.035;16.17;15.93;16.17;2545543
FR0000127771;09/08/13;16.185;16.32;16.075;16.255;2529556
FR0000127771;12/08/13;16.27;16.27;16.085;16.26;1587208
FR0000127771;13/08/13;16.305;16.34;16.23;16.30;1542559
FR0000127771;14/08/13;16.315;16.315;16.14;16.225;2107727
FR0000127771;15/08/13;16.175;16.25;16.07;16.195;1993966
FR0000127771;16/08/13;16.195;16.30;16.155;16.30;3064680
FR0000127771;19/08/13;16.30;16.325;16.165;16.18;1641640
FR0000127771;20/08/13;16.165;16.18;15.79;15.875;3628840
FR0000127771;21/08/13;15.935;15.995;15.855;15.865;2049909
FR0000127771;22/08/13;15.865;16.005;15.85;15.895;2684675
FR0000127771;23/08/13;15.90;15.91;15.72;15.84;2892636
FR0000127771;26/08/13;15.865;15.905;15.785;15.865;1548865
FR0000127771;27/08/13;15.77;15.895;15.31;15.345;5043634
FR0000127771;28/08/13;15.25;15.36;15.195;15.35;4636805
FR0000127771;29/08/13;15.07;15.855;15.03;15.595;5766178
FR0000127771;30/08/13;15.495;15.645;15.345;15.345;4024512
FR0000130577;01/08/13;60.20;61.37;60.00;60.99;1182557
FR0000130577;02/08/13;60.99;61.00;59.10;59.33;772515
FR0000130577;05/08/13;59.46;59.46;58.18;58.76;601639
FR0000130577;06/08/13;59.04;59.76;58.96;59.25;851130
FR0000130577;07/08/13;59.19;59.65;58.75;58.75;725622
FR0000130577;08/08/13;59.06;59.33;58.29;58.68;436082
FR0000130577;09/08/13;58.95;58.95;58.17;58.30;411424
FR0000130577;12/08/13;58.33;58.50;57.33;58.19;597923
FR0000130577;13/08/13;58.22;58.60;57.77;58.39;530973
FR0000130577;14/08/13;58.10;59.08;58.02;58.79;919394
FR0000130577;15/08/13;58.32;58.53;57.03;57.15;632252
FR0000130577;16/08/13;57.00;57.28;56.41;56.82;688663
FR0000130577;19/08/13;56.74;57.92;56.46;57.74;699789
FR0000130577;20/08/13;57.50;57.70;56.53;57.00;924607
FR0000130577;21/08/13;57.00;58.07;56.97;57.49;897583
FR0000130577;22/08/13;57.22;57.46;56.71;56.80;1128578
FR0000130577;23/08/13;57.00;57.27;56.48;57.19;759594
FR0000130577;26/08/13;57.20;57.48;56.92;57.40;516186
FR0000130577;27/08/13;57.10;57.28;55.92;56.00;866010
FR0000130577;28/08/13;55.80;55.82;54.97;55.35;910038
FR0000130577;29/08/13;55.50;56.88;55.42;56.56;1067409
FR0000130577;30/08/13;56.56;56.70;56.19;56.32;878910
FR0000130809;01/08/13;31.70;34.04;31.565;33.35;15975482
FR0000130809;02/08/13;33.51;34.225;33.10;34.055;7509544
FR0000130809;05/08/13;34.10;34.86;33.995;34.425;5097154
FR0000130809;06/08/13;34.51;34.70;33.26;33.555;7017431
FR0000130809;07/08/13;33.33;34.575;33.155;34.38;5811147
FR0000130809;08/08/13;34.58;35.20;34.535;35.20;6329242
FR0000130809;09/08/13;35.25;36.00;35.175;35.74;5340471
FR0000130809;12/08/13;35.80;36.00;35.51;35.60;3127496
FR0000130809;13/08/13;35.00;35.345;34.71;35.145;6382756
FR0000130809;14/08/13;35.205;35.71;34.96;35.515;4468584
FR0000130809;15/08/13;35.47;36.02;34.705;35.33;4378604
FR0000130809;16/08/13;35.27;36.04;35.15;35.92;4069122
FR0000130809;19/08/13;35.81;35.90;34.88;34.995;4156370
FR0000130809;20/08/13;34.61;34.685;33.43;34.00;7607274
FR0000130809;21/08/13;34.15;34.49;33.675;33.82;3827032
FR0000130809;22/08/13;33.80;34.93;33.745;34.675;4339923
FR0000130809;23/08/13;34.76;35.14;34.26;34.895;3095343
FR0000130809;26/08/13;34.81;34.825;34.13;34.405;2017975
FR0000130809;27/08/13;34.065;34.27;32.70;32.805;7990547
FR0000130809;28/08/13;32.515;33.345;32.24;33.075;5053017
FR0000130809;29/08/13;33.48;33.81;33.145;33.67;3863270
FR0000130809;30/08/13;33.70;33.845;33.00;33.115;4099229
FR0000131104;01/08/13;49.00;50.30;48.815;49.75;6041169
FR0000131104;02/08/13;49.86;49.96;49.045;49.255;3928025
FR0000131104;05/08/13;49.355;49.695;49.185;49.40;2203686
FR0000131104;06/08/13;49.42;49.855;48.61;49.09;3326649
FR0000131104;07/08/13;48.74;49.845;48.43;49.59;3321798
FR0000131104;08/08/13;49.685;50.28;49.43;49.94;3716299
FR0000131104;09/08/13;50.00;50.20;49.53;49.765;2933881
FR0000131104;12/08/13;50.00;50.15;49.475;49.95;2332173
FR0000131104;13/08/13;49.985;50.20;49.45;50.15;2854605
FR0000131104;14/08/13;50.22;50.29;49.615;50.22;3316246
FR0000131104;15/08/13;50.11;50.67;49.235;49.865;2858943
FR0000131104;16/08/13;49.885;51.04;49.70;50.91;3735781
FR0000131104;19/08/13;50.77;50.89;49.56;49.775;3701117
FR0000131104;20/08/13;49.40;49.49;48.185;49.035;4537757
FR0000131104;21/08/13;49.22;49.475;48.735;48.80;2413973
FR0000131104;22/08/13;49.025;50.31;48.975;49.865;3456944
FR0000131104;23/08/13;49.975;50.48;49.295;50.25;2622013
FR0000131104;26/08/13;50.14;50.16;49.375;49.515;1670582
FR0000131104;27/08/13;49.24;49.65;47.53;47.765;4824654
FR0000131104;28/08/13;47.64;48.48;47.35;48.32;4643968
FR0000131104;29/08/13;48.61;48.79;47.90;48.39;3055691
FR0000131104;30/08/13;48.265;48.465;47.415;47.415;3752322
FR0000131906;01/08/13;59.63;60.54;59.22;60.46;688418
FR0000131906;02/08/13;61.58;62.58;61.23;62.58;1002696
FR0000131906;05/08/13;62.87;62.90;61.31;62.15;618891
FR0000131906;06/08/13;61.80;61.80;60.11;60.40;755627
FR0000131906;07/08/13;59.98;60.00;58.61;59.35;795644
FR0000131906;08/08/13;59.54;60.13;59.15;59.84;561737
FR0000131906;09/08/13;60.10;60.25;59.05;59.36;580751
FR0000131906;12/08/13;59.74;59.98;58.93;59.74;374322
FR0000131906;13/08/13;60.00;60.78;59.81;60.60;550875
FR0000131906;14/08/13;61.09;62.11;60.72;62.03;688245
FR0000131906;15/08/13;62.20;62.20;60.72;61.29;610778
FR0000131906;16/08/13;61.25;62.09;60.41;62.09;521756
FR0000131906;19/08/13;61.80;61.80;60.76;60.92;507086
FR0000131906;20/08/13;60.31;60.38;58.55;59.44;656671
FR0000131906;21/08/13;59.39;60.09;59.13;59.13;337836
FR0000131906;22/08/13;59.06;60.61;59.06;60.04;514618
FR0000131906;23/08/13;60.44;60.44;59.23;59.55;562119
FR0000131906;26/08/13;59.86;59.90;58.56;59.26;204017
FR0000131906;27/08/13;58.96;59.39;56.39;56.45;1049087
FR0000131906;28/08/13;56.00;56.05;54.05;55.04;1439450
FR0000131906;29/08/13;55.50;56.33;54.19;55.24;1559173
FR0000131906;30/08/13;55.38;55.76;53.87;54.08;911848
FR0000133308;01/08/13;7.408;7.441;7.37;7.422;8632830
FR0000133308;02/08/13;7.45;7.49;7.402;7.426;5469802
FR0000133308;05/08/13;7.465;7.465;7.38;7.40;4132041
FR0000133308;06/08/13;7.40;7.41;7.217;7.279;8244837
FR0000133308;07/08/13;7.25;7.30;7.188;7.294;6711785
FR0000133308;08/08/13;7.315;7.432;7.275;7.384;6106675
FR0000133308;09/08/13;7.427;7.604;7.41;7.561;11745507
FR0000133308;12/08/13;7.579;7.665;7.514;7.631;9064426
FR0000133308;13/08/13;7.685;7.866;7.629;7.863;12103968
FR0000133308;14/08/13;7.861;7.90;7.773;7.89;8027078
FR0000133308;15/08/13;7.88;7.984;7.825;7.891;7196121
FR0000133308;16/08/13;7.852;7.989;7.81;7.974;10887289
FR0000133308;19/08/13;7.974;7.974;7.815;7.845;5886991
FR0000133308;20/08/13;7.795;7.813;7.663;7.704;6498364
FR0000133308;21/08/13;7.749;7.789;7.70;7.711;4753256
FR0000133308;22/08/13;7.70;7.86;7.695;7.73;5789915
FR0000133308;23/08/13;7.745;7.84;7.695;7.817;5585227
FR0000133308;26/08/13;7.839;7.84;7.727;7.776;2801323
FR0000133308;27/08/13;7.724;7.765;7.555;7.566;8191304
FR0000133308;28/08/13;7.551;7.625;7.509;7.579;8952472
FR0000133308;29/08/13;7.635;7.816;7.617;7.705;9279565
FR0000133308;30/08/13;7.659;7.748;7.60;7.676;11452066
FR0010208488;01/08/13;16.265;16.755;16.20;16.615;10216254
FR0010208488;02/08/13;16.795;17.00;16.68;16.95;5879622
FR0010208488;05/08/13;16.98;17.02;16.835;16.90;3978587
FR0010208488;06/08/13;16.87;16.88;16.50;16.65;4151704
FR0010208488;07/08/13;16.685;17.20;16.63;17.115;6277656
FR0010208488;08/08/13;17.185;17.435;17.03;17.24;5361602
FR0010208488;09/08/13;17.465;17.47;17.11;17.13;6576228
FR0010208488;12/08/13;17.05;17.095;16.815;16.92;5145379
FR0010208488;13/08/13;16.995;17.01;16.845;17.00;2491581
FR0010208488;14/08/13;16.99;17.07;16.90;17.065;2594101
FR0010208488;15/08/13;16.965;17.03;16.765;16.97;2016551
FR0010208488;16/08/13;16.975;17.11;16.875;17.06;3536246
FR0010208488;19/08/13;17.065;17.10;16.775;16.855;2071152
FR0010208488;20/08/13;16.775;16.81;16.405;16.55;4133196
FR0010208488;21/08/13;16.46;16.65;16.295;16.52;3631842
FR0010208488;22/08/13;16.64;16.815;16.62;16.685;4371169
FR0010208488;23/08/13;16.685;16.755;16.525;16.735;2359781
FR0010208488;26/08/13;16.77;16.775;16.49;16.645;1564448
FR0010208488;27/08/13;16.645;16.655;16.20;16.24;4730427
FR0010208488;28/08/13;16.535;16.735;16.415;16.60;7227210
FR0010208488;29/08/13;16.685;16.70;16.48;16.60;3590128
FR0010208488;30/08/13;16.595;16.605;16.365;16.40;3516951
FR0010307819;01/08/13;39.80;39.88;39.135;39.575;900337
FR0010307819;02/08/13;39.495;39.65;39.34;39.42;499213
FR0010307819;05/08/13;39.545;39.545;39.15;39.28;344656
FR0010307819;06/08/13;39.30;39.655;39.26;39.475;819282
FR0010307819;07/08/13;39.355;39.40;38.78;39.065;685367
FR0010307819;08/08/13;39.15;39.555;38.98;39.425;438796
FR0010307819;09/08/13;39.53;39.63;39.20;39.435;304205
FR0010307819;12/08/13;39.525;39.59;39.075;39.40;359622
FR0010307819;13/08/13;39.49;39.77;39.43;39.655;409928
FR0010307819;14/08/13;39.67;40.195;39.67;40.11;355084
FR0010307819;15/08/13;40.10;40.155;39.675;39.97;344470
FR0010307819;16/08/13;39.905;40.10;39.13;39.45;551937
FR0010307819;19/08/13;39.46;39.545;39.16;39.315;390223
FR0010307819;20/08/13;39.23;39.23;38.545;38.84;475222
FR0010307819;21/08/13;39.00;39.20;38.885;39.00;379763
FR0010307819;22/08/13;39.005;39.67;38.92;39.56;501544
FR0010307819;23/08/13;39.69;39.705;39.325;39.47;260127
FR0010307819;26/08/13;39.67;39.67;38.95;39.23;166885
FR0010307819;27/08/13;39.005;39.30;38.535;38.85;451274
FR0010307819;28/08/13;38.605;38.72;38.005;38.32;536597
FR0010307819;29/08/13;38.285;38.89;38.055;38.89;517576
FR0010307819;30/08/13;38.895;39.00;38.375;38.375;1250105
FR0013176526;01/08/13;19.6167;19.8333;19.5433;19.6567;1013637
FR0013176526;02/08/13;19.7433;19.88;19.57;19.84;602292
FR0013176526;05/08/13;19.93;20.16;19.8333;20.10;591615
FR0013176526;06/08/13;20.1367;20.1667;19.8433;19.93;863649
FR0013176526;07/08/13;19.8833;19.8833;19.37;19.5167;737052
FR0013176526;08/08/13;19.65;20.1333;19.48;20.0833;1024611
FR0013176526;09/08/13;20.1667;20.1967;19.87;20.0133;583242
FR0013176526;12/08/13;20.0333;20.07;19.6667;19.8067;675519
FR0013176526;13/08/13;19.8767;20.0033;19.7767;20.0033;673716
FR0013176526;14/08/13;20.05;20.1967;19.8667;20.1967;933741
FR0013176526;15/08/13;20.11;20.11;19.6333;19.77;594942
FR0013176526;16/08/13;19.7333;19.9867;19.5533;19.95;630810
FR0013176526;19/08/13;19.9167;20.1267;19.7967;20.01;820245
FR0013176526;20/08/13;19.8667;19.8733;19.32;19.5733;704868
FR0013176526;21/08/13;19.55;20.0733;19.50;19.95;741633
FR0013176526;22/08/13;19.8033;20.3333;19.8033;20.2167;893619
FR0013176526;23/08/13;20.22;20.3033;19.9667;20.18;677247
FR0013176526;26/08/13;20.2333;20.2333;19.7067;19.7233;403095
FR0013176526;27/08/13;19.68;19.7567;19.1467;19.2333;1155897
FR0013176526;28/08/13;19.1033;19.1267;18.5333;18.7267;1204260
FR0013176526;29/08/13;18.75;19.5133;18.7467;19.4267;929103
FR0013176526;30/08/13;19.3833;19.45;18.97;18.99;708657
GB00BDSFG982;01/08/13;41.69;41.92;41.255;41.645;1083072
GB00BDSFG982;02/08/13;41.505;41.955;41.505;41.93;676100
GB00BDSFG982;05/08/13;42.165;42.69;41.64;41.72;761760
GB00BDSFG982;06/08/13;41.75;41.75;40.945;41.00;800262
GB00BDSFG982;07/08/13;41.12;41.425;40.89;41.215;630508
GB00BDSFG982;08/08/13;41.30;41.90;41.265;41.75;909008
GB00BDSFG982;09/08/13;42.08;42.105;41.59;41.75;390556
GB00BDSFG982;12/08/13;42.25;42.56;42.15;42.465;771030
GB00BDSFG982;13/08/13;42.645;43.38;42.555;43.24;1027090
GB00BDSFG982;14/08/13;43.55;44.095;43.315;44.005;1012256
GB00BDSFG982;15/08/13;44.15;44.185;43.33;43.43;540156
GB00BDSFG982;16/08/13;43.47;43.485;42.85;43.425;705250
GB00BDSFG982;19/08/13;43.36;43.70;43.215;43.525;461034
GB00BDSFG982;20/08/13;43.235;43.41;43.005;43.37;598222
GB00BDSFG982;21/08/13;43.375;43.45;42.875;42.915;430568
GB00BDSFG982;22/08/13;43.095;43.81;43.05;43.74;633872
GB00BDSFG982;23/08/13;43.85;43.89;43.30;43.75;555292
GB00BDSFG982;26/08/13;43.885;43.90;43.45;43.73;349966
GB00BDSFG982;27/08/13;43.435;43.745;43.215;43.625;922652
GB00BDSFG982;28/08/13;43.49;44.25;43.47;43.93;1147654
GB00BDSFG982;29/08/13;43.875;44.70;43.745;44.585;898258
GB00BDSFG982;30/08/13;44.35;44.485;44.00;44.00;797702
LU1598757687;01/08/13;29.85;30.135;28.347;28.599;7179240
LU1598757687;02/08/13;28.656;28.755;28.242;28.356;3645076
LU1598757687;05/08/13;28.368;28.713;27.903;28.65;2869445
LU1598757687;06/08/13;28.665;28.665;27.474;27.675;3877339
LU1598757687;07/08/13;27.453;27.861;27.039;27.762;3761058
LU1598757687;08/08/13;27.795;28.896;27.744;28.896;4371042
LU1598757687;09/08/13;29.10;30.615;28.899;30.495;5843134
LU1598757687;12/08/13;30.75;31.29;30.345;31.005;4584452
LU1598757687;13/08/13;31.20;31.50;31.02;31.38;3425417
LU1598757687;14/08/13;31.41;32.04;31.125;31.89;3607023
LU1598757687;15/08/13;31.695;31.785;30.435;31.095;3736697
LU1598757687;16/08/13;31.035;31.62;30.87;31.515;2843489
LU1598757687;19/08/13;31.485;31.50;30.375;30.54;2998483
LU1598757687;20/08/13;29.70;29.943;29.244;29.604;5606485
LU1598757687;21/08/13;29.658;29.802;29.418;29.547;2353200
LU1598757687;22/08/13;29.478;30.555;29.445;30.21;2557799
LU1598757687;23/08/13;30.15;30.885;29.925;30.705;2027323
LU1598757687;26/08/13;30.90;30.915;30.135;30.39;1355466
LU1598757687;27/08/13;30.15;30.165;29.484;29.715;4535505
LU1598757687;28/08/13;29.313;29.79;29.085;29.61;3416770
LU1598757687;29/08/13;29.892;29.961;29.31;29.562;2350254
LU1598757687;30/08/13;29.631;29.673;28.962;29.139;3981595
NL0000226223;01/08/13;6.516;6.606;6.482;6.57;2394695
NL0000226223;02/08/13;6.584;6.60;6.534;6.554;1749582
NL0000226223;05/08/13;6.602;6.648;6.563;6.589;1497970
NL0000226223;06/08/13;6.57;6.63;6.458;6.534;1840723
NL0000226223;07/08/13;6.517;6.596;6.463;6.51;1774763
NL0000226223;08/08/13;6.519;6.553;6.482;6.524;1946140
NL0000226223;09/08/13;6.529;6.542;6.361;6.376;3182897
NL0000226223;12/08/13;6.399;6.41;6.292;6.332;2542207
NL0000226223;13/08/13;6.391;6.47;6.361;6.397;1576360
NL0000226223;14/08/13;6.444;6.491;6.402;6.491;1603052
NL0000226223;15/08/13;6.467;6.475;6.32;6.395;1117288
NL0000226223;16/08/13;6.301;6.38;6.26;6.365;2576495
NL0000226223;19/08/13;6.352;6.432;6.344;6.371;1391000
NL0000226223;20/08/13;6.349;6.349;6.237;6.325;2388043
NL0000226223;21/08/13;6.378;6.459;6.313;6.421;3048896
NL0000226223;22/08/13;6.469;6.582;6.45;6.553;3075287
NL0000226223;23/08/13;6.569;6.60;6.52;6.56;1690484
NL0000226223;26/08/13;6.532;6.55;6.394;6.424;1015576
NL0000226223;27/08/13;6.375;6.46;6.185;6.22;3083354
NL0000226223;28/08/13;6.152;6.23;6.05;6.20;3244151
NL0000226223;29/08/13;6.208;6.311;6.208;6.24;1982745
NL0000226223;30/08/13;6.166;6.25;6.035;6.042;3665939
NL0000235190;01/08/13;45.50;45.71;45.05;45.275;2567179
NL0000235190;02/08/13;45.51;45.51;44.735;45.055;2261250
NL0000235190;05/08/13;45.22;45.225;44.79;44.79;2058881
NL0000235190;06/08/13;44.90;45.465;44.80;45.405;2804882
NL0000235190;07/08/13;45.505;45.74;45.13;45.62;2214203
NL0000235190;08/08/13;45.75;45.92;45.385;45.83;1489360
NL0000235190;09/08/13;46.00;46.035;45.335;45.955;1557013
NL0000235190;12/08/13;46.05;46.10;44.915;44.94;1684855
NL0000235190;13/08/13;45.00;45.255;44.425;44.545;1780375
NL0000235190;14/08/13;44.90;45.42;44.68;45.05;2131129
NL0000235190;15/08/13;45.05;45.50;44.70;45.11;1771952
NL0000235190;16/08/13;45.30;45.38;44.65;45.205;2234531
NL0000235190;19/08/13;45.39;45.395;44.785;44.88;1204341
NL0000235190;20/08/13;44.795;44.87;43.70;43.94;1950154
NL0000235190;21/08/13;44.18;44.26;43.465;43.465;1385074
NL0000235190;22/08/13;43.635;44.175;43.545;43.995;2017260
NL0000235190;23/08/13;44.145;44.565;43.79;44.45;989546
NL0000235190;26/08/13;44.625;44.65;43.975;44.505;597311
NL0000235190;27/08/13;44.395;44.40;43.615;43.775;2862768
NL0000235190;28/08/13;43.505;43.58;42.305;42.69;2907332
NL0000235190;29/08/13;43.01;43.525;42.815;43.405;1784353
NL0000235190;30/08/13;43.765;43.89;43.50;43.605;2248019
