BE0003470755;02/09/13;106.60;107.70;106.30;106.70;94252
BE0003470755;03/09/13;107.20;108.25;106.00;107.55;145282
BE0003470755;04/09/13;107.50;107.50;105.90;106.95;170892
BE0003470755;05/09/13;106.85;107.50;105.90;107.50;146856
BE0003470755;06/09/13;107.10;107.50;105.65;107.15;139354
BE0003470755;09/09/13;107.25;108.30;106.00;108.30;142577
BE0003470755;10/09/13;109.00;112.00;108.65;111.55;261236
BE0003470755;11/09/13;111.50;111.85;110.35;111.05;117478
BE0003470755;12/09/13;111.30;112.50;111.15;112.00;120302
BE0003470755;13/09/13;111.75;112.20;111.15;112.10;95480
BE0003470755;16/09/13;112.75;114.65;112.70;114.25;142379
BE0003470755;17/09/13;114.00;114.35;113.00;113.15;106790
BE0003470755;18/09/13;113.05;114.10;112.85;114.10;119628
BE0003470755;19/09/13;114.90;115.45;112.90;113.05;200907
BE0003470755;20/09/13;112.80;113.25;112.30;112.45;212476
BE0003470755;23/09/13;112.80;115.05;112.60;114.30;181684
BE0003470755;24/09/13;114.30;115.30;114.05;114.40;144859
BE0003470755;25/09/13;114.80;115.15;113.35;114.00;156501
BE0003470755;26/09/13;114.00;114.80;112.60;114.65;163492
BE0003470755;27/09/13;114.05;114.05;109.55;111.35;258248
BE0003470755;30/09/13;110.10;110.85;109.10;110.85;153801
FR0000045072;02/09/13;7.772;7.862;7.764;7.804;4924913
FR0000045072;03/09/13;7.899;7.92;7.707;7.879;5826616
FR0000045072;04/09/13;7.93;7.94;7.705;7.842;5269410
FR0000045072;05/09/13;7.869;7.929;7.75;7.784;9259364
FR0000045072;06/09/13;7.765;7.894;7.65;7.846;9540939
FR0000045072;09/09/13;7.86;7.99;7.86;7.981;7035161
FR0000045072;10/09/13;8.07;8.26;8.055;8.186;10789591
FR0000045072;11/09/13;8.225;8.25;8.134;8.25;5498777
FR0000045072;12/09/13;8.246;8.269;8.161;8.208;7275074
FR0000045072;13/09/13;8.169;8.175;8.038;8.17;5933125
FR0000045072;16/09/13;8.27;8.343;8.206;8.334;7188856
FR0000045072;17/09/13;8.324;8.34;8.212;8.302;5927094
FR0000045072;18/09/13;8.31;8.399;8.26;8.359;4961935
FR0000045072;19/09/13;8.48;8.50;8.333;8.348;7377815
FR0000045072;20/09/13;8.277;8.402;8.219;8.27;6005903
FR0000045072;23/09/13;8.232;8.297;8.117;8.152;6076313
FR0000045072;24/09/13;8.151;8.359;8.151;8.326;6999502
FR0000045072;25/09/13;8.278;8.368;8.254;8.32;5049948
FR0000045072;26/09/13;8.315;8.339;8.152;8.241;4516423
FR0000045072;27/09/13;8.253;8.321;8.21;8.278;4281433
FR0000045072;30/09/13;8.122;8.194;8.055;8.151;7315391
FR0000051732;02/09/13;56.67;56.90;56.45;56.68;133388
FR0000051732;03/09/13;56.75;57.09;56.30;56.83;249662
FR0000051732;04/09/13;56.94;57.14;56.42;56.85;292894
FR0000051732;05/09/13;56.98;57.25;56.67;57.11;216127
FR0000051732;06/09/13;57.23;57.32;56.74;57.23;216112
FR0000051732;09/09/13;57.27;57.30;56.79;57.01;234715
FR0000051732;10/09/13;57.30;58.72;57.26;58.43;320377
FR0000051732;11/09/13;57.93;57.94;57.04;57.25;429279
FR0000051732;12/09/13;57.25;57.42;56.12;56.29;340871
FR0000051732;13/09/13;56.36;56.36;56.00;56.18;240211
FR0000051732;16/09/13;56.18;57.01;56.10;56.93;353920
FR0000051732;17/09/13;57.18;57.39;56.66;56.95;229817
FR0000051732;18/09/13;57.02;57.64;56.93;57.57;266352
FR0000051732;19/09/13;57.88;58.20;57.37;57.60;268578
FR0000051732;20/09/13;57.33;57.90;57.25;57.82;327625
FR0000051732;23/09/13;57.75;58.10;57.30;57.49;318950
FR0000051732;24/09/13;57.50;57.84;57.07;57.09;345281
FR0000051732;25/09/13;57.03;57.59;56.85;57.52;232537
FR0000051732;26/09/13;57.66;57.67;57.24;57.56;146448
FR0000051732;27/09/13;57.33;58.26;57.33;58.00;283699
FR0000051732;30/09/13;57.64;58.35;57.39;57.73;342625
FR0000073272;02/09/13;42.30;42.86;42.235;42.76;438621
FR0000073272;03/09/13;42.975;43.15;42.305;42.845;615868
FR0000073272;04/09/13;42.84;42.96;42.27;42.815;514854
FR0000073272;05/09/13;43.005;43.325;42.65;43.075;461524
FR0000073272;06/09/13;43.01;43.58;42.905;43.555;431457
FR0000073272;09/09/13;43.47;43.735;43.28;43.61;376449
FR0000073272;10/09/13;43.775;44.30;43.645;44.10;480904
FR0000073272;11/09/13;44.175;44.62;43.935;44.05;504376
FR0000073272;12/09/13;44.045;44.635;43.27;43.50;827943
FR0000073272;13/09/13;43.49;43.85;43.385;43.74;480848
FR0000073272;16/09/13;44.245;44.48;43.98;44.425;586418
FR0000073272;17/09/13;44.55;44.79;44.30;44.38;721757
FR0000073272;18/09/13;44.50;44.935;44.33;44.55;574589
FR0000073272;19/09/13;44.935;44.97;44.645;44.80;553065
FR0000073272;20/09/13;44.715;45.54;44.71;45.21;1278065
FR0000073272;23/09/13;45.18;45.33;43.625;43.73;1131068
FR0000073272;24/09/13;43.90;44.735;43.90;44.555;771634
FR0000073272;25/09/13;44.51;44.75;44.375;44.69;560125
FR0000073272;26/09/13;44.67;45.095;44.575;44.905;492134
FR0000073272;27/09/13;44.95;45.835;44.915;45.775;854741
FR0000073272;30/09/13;45.365;45.535;44.84;45.535;865842
FR0000120073;02/09/13;82.9339;83.6364;82.686;83.4711;523394
FR0000120073;03/09/13;83.3058;83.7603;82.1405;83.4298;600647
FR0000120073;04/09/13;83.4298;83.719;82.0579;83.5537;647993
FR0000120073;05/09/13;83.595;83.6364;82.1901;82.3471;772068
FR0000120073;06/09/13;82.2231;83.4298;82.0744;83.4298;778165
FR0000120073;09/09/13;83.3471;83.4298;82.8512;83.3058;469146
FR0000120073;10/09/13;83.6364;84.9587;83.5537;84.7934;821972
FR0000120073;11/09/13;84.5041;85.1653;84.0909;84.6694;509642
FR0000120073;12/09/13;84.8347;84.876;83.9256;84.2149;398152
FR0000120073;13/09/13;84.2562;84.5868;84.0083;84.4215;424342
FR0000120073;16/09/13;85.0413;85.7851;84.6281;84.7521;582854
FR0000120073;17/09/13;84.3802;84.876;83.8843;84.0083;595884
FR0000120073;18/09/13;84.1322;85.9917;83.9256;85.8265;761399
FR0000120073;19/09/13;86.7769;87.3141;85.6612;86.0744;862312
FR0000120073;20/09/13;85.8678;86.7769;85.5785;86.4876;1422880
FR0000120073;23/09/13;86.281;86.3636;85.4959;85.8678;728554
FR0000120073;24/09/13;85.9917;86.3636;85.2893;85.8678;608473
FR0000120073;25/09/13;85.0826;85.9091;85.00;85.9091;401036
FR0000120073;26/09/13;85.4545;86.3223;85.2893;86.2397;440371
FR0000120073;27/09/13;86.157;86.2397;84.7107;85.3719;516532
FR0000120073;30/09/13;84.5041;85.0826;84.5041;85.0826;599525
FR0000120172;02/09/13;24.01;24.375;23.995;24.355;2030418
FR0000120172;03/09/13;24.395;24.825;24.215;24.30;3305528
FR0000120172;04/09/13;24.465;24.465;23.695;24.18;2767120
FR0000120172;05/09/13;24.10;24.305;23.755;24.305;2644509
FR0000120172;06/09/13;24.26;24.52;23.83;24.335;2496244
FR0000120172;09/09/13;24.30;24.48;24.12;24.48;1558526
FR0000120172;10/09/13;24.69;25.325;24.65;25.19;3845169
FR0000120172;11/09/13;25.045;25.225;24.89;25.165;2165816
FR0000120172;12/09/13;25.16;25.895;25.13;25.705;3476650
FR0000120172;13/09/13;25.46;25.585;25.255;25.57;2077196
FR0000120172;16/09/13;25.835;25.855;25.35;25.455;2992955
FR0000120172;17/09/13;25.36;25.73;25.35;25.60;2151306
FR0000120172;18/09/13;25.605;25.695;25.27;25.54;1873810
FR0000120172;19/09/13;25.795;25.80;25.42;25.69;2431611
FR0000120172;20/09/13;25.53;26.11;25.53;25.825;4598443
FR0000120172;23/09/13;25.89;25.985;25.455;25.57;1832625
FR0000120172;24/09/13;25.47;26.00;25.465;25.85;1787701
FR0000120172;25/09/13;25.89;25.89;25.465;25.525;1561614
FR0000120172;26/09/13;25.63;25.835;25.40;25.68;1509163
FR0000120172;27/09/13;25.78;25.865;25.38;25.40;1496142
FR0000120172;30/09/13;25.18;25.61;25.04;25.375;1938135
FR0000120271;02/09/13;42.065;42.39;41.93;42.39;3177784
FR0000120271;03/09/13;42.255;42.255;41.56;41.84;4279377
FR0000120271;04/09/13;41.85;42.00;41.435;41.965;4254783
FR0000120271;05/09/13;41.85;42.14;41.50;42.14;3779693
FR0000120271;06/09/13;41.98;42.42;41.64;42.405;4067075
FR0000120271;09/09/13;42.255;42.255;41.92;42.16;2630858
FR0000120271;10/09/13;42.48;42.61;41.885;42.39;4491689
FR0000120271;11/09/13;42.19;42.58;41.89;42.58;3800340
FR0000120271;12/09/13;42.485;42.76;42.23;42.575;2900887
FR0000120271;13/09/13;42.385;42.91;42.23;42.845;3449955
FR0000120271;16/09/13;42.98;43.02;42.665;42.95;3416964
FR0000120271;17/09/13;42.715;42.775;41.975;42.38;5205227
FR0000120271;18/09/13;42.40;42.445;41.95;42.155;3738931
FR0000120271;19/09/13;42.49;42.89;42.215;42.615;4919278
FR0000120271;20/09/13;42.50;42.74;42.31;42.375;9630298
FR0000120271;23/09/13;42.50;43.05;42.48;42.71;6741007
FR0000120271;24/09/13;42.525;43.52;42.525;43.195;7142522
FR0000120271;25/09/13;43.10;43.37;42.88;43.30;3834040
FR0000120271;26/09/13;43.12;43.36;42.87;43.14;3783217
FR0000120271;27/09/13;43.39;43.785;43.205;43.675;4317544
FR0000120271;30/09/13;43.145;43.29;42.57;42.895;5704738
FR0000120321;02/09/13;128.65;129.45;127.70;128.20;555094
FR0000120321;03/09/13;129.15;129.20;126.20;126.70;615732
FR0000120321;04/09/13;127.10;127.35;124.75;125.55;481283
FR0000120321;05/09/13;125.60;126.00;123.95;125.00;465323
FR0000120321;06/09/13;125.15;126.00;123.60;125.75;575031
FR0000120321;09/09/13;125.95;126.50;123.80;124.80;368369
FR0000120321;10/09/13;125.95;126.10;125.00;125.80;471717
FR0000120321;11/09/13;125.25;125.75;123.80;124.70;418230
FR0000120321;12/09/13;124.55;125.00;124.15;124.75;368741
FR0000120321;13/09/13;124.80;126.25;124.40;124.55;556089
FR0000120321;16/09/13;125.40;126.95;124.80;126.90;473268
FR0000120321;17/09/13;126.10;127.60;125.85;126.70;409563
FR0000120321;18/09/13;127.10;127.55;125.90;127.10;350700
FR0000120321;19/09/13;128.00;129.55;127.50;128.45;550917
FR0000120321;20/09/13;127.65;129.75;127.50;129.45;884377
FR0000120321;23/09/13;129.55;129.80;128.00;128.40;446116
FR0000120321;24/09/13;129.40;129.80;128.20;128.75;503908
FR0000120321;25/09/13;128.35;128.40;126.55;127.30;434517
FR0000120321;26/09/13;127.05;127.65;126.60;127.35;338123
FR0000120321;27/09/13;127.60;127.95;126.85;127.65;320103
FR0000120321;30/09/13;127.00;127.80;126.45;126.95;471759
FR0000120404;02/09/13;28.725;28.955;28.55;28.67;839542
FR0000120404;03/09/13;28.61;28.73;28.37;28.475;813711
FR0000120404;04/09/13;28.87;29.57;28.70;29.57;1266200
FR0000120404;05/09/13;29.605;29.81;29.22;29.345;933508
FR0000120404;06/09/13;29.28;29.96;29.28;29.895;995404
FR0000120404;09/09/13;29.80;30.535;29.755;30.31;928653
FR0000120404;10/09/13;30.40;31.00;30.28;30.50;1324707
FR0000120404;11/09/13;30.455;30.56;30.24;30.545;854466
FR0000120404;12/09/13;30.61;31.285;30.61;31.25;1384520
FR0000120404;13/09/13;31.21;31.215;30.99;31.16;923052
FR0000120404;16/09/13;31.385;32.01;31.13;31.215;1374960
FR0000120404;17/09/13;31.18;31.245;31.015;31.11;586380
FR0000120404;18/09/13;31.20;31.21;30.765;30.825;621804
FR0000120404;19/09/13;31.02;31.40;30.87;30.96;897590
FR0000120404;20/09/13;30.865;31.095;30.725;30.81;1060100
FR0000120404;23/09/13;30.905;31.35;30.685;30.77;937522
FR0000120404;24/09/13;30.89;30.98;30.595;30.86;590449
FR0000120404;25/09/13;30.74;31.075;30.48;30.94;548637
FR0000120404;26/09/13;30.88;30.945;30.655;30.815;512146
FR0000120404;27/09/13;30.81;31.055;30.775;30.93;453988
FR0000120404;30/09/13;30.69;30.905;30.44;30.74;921324
FR0000120503;02/09/13;23.82;23.91;23.41;23.725;1034508
FR0000120503;03/09/13;23.77;24.15;23.555;24.03;981838
FR0000120503;04/09/13;24.045;24.79;23.925;24.67;1829372
FR0000120503;05/09/13;24.725;24.865;24.44;24.63;995124
FR0000120503;06/09/13;24.62;24.955;24.44;24.905;844427
FR0000120503;09/09/13;24.25;24.41;23.995;24.395;1416274
FR0000120503;10/09/13;24.505;24.92;24.305;24.92;1135440
FR0000120503;11/09/13;24.85;25.165;24.775;25.15;615289
FR0000120503;12/09/13;25.43;27.085;25.41;26.96;3285932
FR0000120503;13/09/13;26.88;27.24;26.58;27.21;1720035
FR0000120503;16/09/13;27.31;28.10;26.90;27.00;2363782
FR0000120503;17/09/13;27.00;27.05;26.765;26.915;696522
FR0000120503;18/09/13;26.90;27.045;26.765;27.045;935661
FR0000120503;19/09/13;27.21;27.465;26.665;26.945;1293370
FR0000120503;20/09/13;26.81;27.20;26.555;27.20;1545918
FR0000120503;23/09/13;27.19;27.215;26.635;26.655;850270
FR0000120503;24/09/13;26.695;27.54;26.66;27.45;1208919
FR0000120503;25/09/13;27.40;27.52;27.155;27.325;860721
FR0000120503;26/09/13;27.195;27.35;27.13;27.135;1144191
FR0000120503;27/09/13;27.135;27.25;26.71;26.935;716879
FR0000120503;30/09/13;26.695;26.975;26.62;26.975;970238
FR0000120578;02/09/13;73.35;74.47;73.22;74.40;1799732
FR0000120578;03/09/13;74.69;74.70;72.17;72.30;3253420
FR0000120578;04/09/13;72.65;72.87;71.50;72.49;2859238
FR0000120578;05/09/13;72.55;73.29;72.12;72.85;2745481
FR0000120578;06/09/13;73.00;74.07;72.72;74.07;3537155
FR0000120578;09/09/13;74.00;74.01;72.42;72.88;2356094
FR0000120578;10/09/13;73.01;74.09;72.90;73.98;2908460
FR0000120578;11/09/13;74.13;74.28;73.66;74.28;2402888
FR0000120578;12/09/13;73.65;73.70;71.95;72.32;3762448
FR0000120578;13/09/13;72.63;72.70;71.89;72.22;2521159
FR0000120578;16/09/13;73.56;73.56;71.95;72.09;3760847
FR0000120578;17/09/13;72.35;73.86;72.27;73.30;3837363
FR0000120578;18/09/13;73.48;73.61;72.89;73.61;2628827
FR0000120578;19/09/13;75.00;75.24;74.40;74.99;3741984
FR0000120578;20/09/13;75.06;76.41;74.82;75.83;5363342
FR0000120578;23/09/13;76.00;76.10;74.70;74.75;2484716
FR0000120578;24/09/13;74.88;75.26;74.32;74.87;2168587
FR0000120578;25/09/13;74.88;75.13;74.15;74.87;2114391
FR0000120578;26/09/13;75.15;75.26;74.41;74.60;1659497
FR0000120578;27/09/13;74.94;75.26;74.23;75.11;1726932
FR0000120578;30/09/13;74.68;75.28;74.40;74.97;2605313
FR0000120628;02/09/13;16.81;17.14;16.81;16.905;5264659
FR0000120628;03/09/13;16.955;16.995;16.63;16.785;4436096
FR0000120628;04/09/13;16.87;16.99;16.485;16.935;4951827
FR0000120628;05/09/13;16.935;17.26;16.905;17.045;5595257
FR0000120628;06/09/13;16.95;17.345;16.82;17.345;6617663
FR0000120628;09/09/13;17.305;17.52;17.265;17.52;5911062
FR0000120628;10/09/13;17.675;18.10;17.63;18.035;7999649
FR0000120628;11/09/13;17.945;18.10;17.87;18.00;5545156
FR0000120628;12/09/13;18.015;18.20;17.72;17.78;7940250
FR0000120628;13/09/13;17.76;17.875;17.51;17.765;5763829
FR0000120628;16/09/13;18.00;18.095;17.90;18.00;5396691
FR0000120628;17/09/13;17.96;18.06;17.85;17.95;4931744
FR0000120628;18/09/13;18.005;18.21;17.905;18.21;5976135
FR0000120628;19/09/13;18.28;18.30;17.60;17.78;13564744
FR0000120628;20/09/13;17.69;17.80;17.46;17.47;16112358
FR0000120628;23/09/13;17.54;17.68;17.255;17.34;5736687
FR0000120628;24/09/13;17.355;17.645;17.28;17.485;5102347
FR0000120628;25/09/13;17.34;17.67;17.335;17.64;6000586
FR0000120628;26/09/13;17.615;17.70;17.27;17.38;4607200
FR0000120628;27/09/13;17.465;17.55;17.25;17.395;4896263
FR0000120628;30/09/13;17.20;17.35;16.965;17.125;7416574
FR0000120644;02/09/13;56.89;57.10;56.52;56.75;1060948
FR0000120644;03/09/13;56.51;56.83;56.09;56.20;1408579
FR0000120644;04/09/13;56.00;56.20;55.22;56.02;1734957
FR0000120644;05/09/13;56.00;56.27;55.45;55.71;1606402
FR0000120644;06/09/13;55.77;56.34;55.40;56.20;1417484
FR0000120644;09/09/13;55.68;55.70;54.91;55.29;1589412
FR0000120644;10/09/13;55.81;56.63;55.55;56.35;1733511
FR0000120644;11/09/13;56.10;56.12;55.62;55.96;1378134
FR0000120644;12/09/13;55.91;56.47;55.80;56.08;1121491
FR0000120644;13/09/13;56.31;56.58;55.99;56.05;1587151
FR0000120644;16/09/13;56.25;56.68;55.55;56.26;1726615
FR0000120644;17/09/13;56.00;56.79;56.00;56.41;1044493
FR0000120644;18/09/13;56.59;57.74;56.46;57.05;2013175
FR0000120644;19/09/13;57.79;57.95;57.33;57.72;2193476
FR0000120644;20/09/13;57.62;57.76;57.01;57.76;4552079
FR0000120644;23/09/13;57.81;57.98;57.16;57.40;1950951
FR0000120644;24/09/13;57.32;57.72;57.17;57.41;1275585
FR0000120644;25/09/13;57.46;57.53;56.49;56.75;1188864
FR0000120644;26/09/13;56.80;57.00;55.89;56.18;1501752
FR0000120644;27/09/13;56.03;56.34;55.14;55.44;1662114
FR0000120644;30/09/13;55.08;55.64;55.01;55.64;1548156
FR0000120693;02/09/13;88.25;88.74;87.05;87.61;579937
FR0000120693;03/09/13;87.69;88.01;86.72;87.10;537307
FR0000120693;04/09/13;86.94;87.23;85.88;86.18;650430
FR0000120693;05/09/13;86.34;87.84;85.98;87.71;769668
FR0000120693;06/09/13;87.97;88.56;87.35;88.55;679042
FR0000120693;09/09/13;88.55;88.55;87.66;88.24;342298
FR0000120693;10/09/13;89.70;90.00;89.39;89.61;722871
FR0000120693;11/09/13;89.70;90.15;89.55;90.15;373945
FR0000120693;12/09/13;90.00;90.59;89.82;90.44;319264
FR0000120693;13/09/13;90.50;91.38;90.28;90.28;362577
FR0000120693;16/09/13;90.92;92.58;90.72;92.58;514482
FR0000120693;17/09/13;92.58;93.50;91.53;92.31;454888
FR0000120693;18/09/13;92.20;92.65;91.52;92.65;337652
FR0000120693;19/09/13;93.35;94.83;93.28;94.28;637351
FR0000120693;20/09/13;93.89;94.50;93.55;93.56;570747
FR0000120693;23/09/13;93.57;94.10;93.05;93.25;446358
FR0000120693;24/09/13;93.39;94.02;91.77;92.00;528210
FR0000120693;25/09/13;92.00;92.16;91.05;91.71;447670
FR0000120693;26/09/13;91.91;92.29;91.66;92.05;281827
FR0000120693;27/09/13;92.20;92.55;91.50;91.90;400682
FR0000120693;30/09/13;91.22;92.18;91.20;91.79;526536
FR0000121014;02/09/13;134.20;137.10;134.10;135.85;508818
FR0000121014;03/09/13;136.10;136.25;134.15;134.90;518028
FR0000121014;04/09/13;135.05;135.10;132.25;134.55;542211
FR0000121014;05/09/13;135.20;135.90;134.40;135.15;475648
FR0000121014;06/09/13;134.50;137.25;133.95;137.25;781602
FR0000121014;09/09/13;139.00;140.00;138.25;138.35;840520
FR0000121014;10/09/13;139.90;142.35;139.55;142.00;922384
FR0000121014;11/09/13;141.80;142.40;140.85;141.50;583251
FR0000121014;12/09/13;141.25;141.50;139.90;140.75;462364
FR0000121014;13/09/13;140.70;142.95;140.40;141.65;563986
FR0000121014;16/09/13;143.00;144.95;142.40;144.95;734835
FR0000121014;17/09/13;143.60;144.35;142.90;143.65;488233
FR0000121014;18/09/13;143.15;146.10;143.10;145.80;864783
FR0000121014;19/09/13;147.75;150.05;147.60;149.25;1434066
FR0000121014;20/09/13;149.85;150.00;148.05;148.05;1780771
FR0000121014;23/09/13;148.55;149.20;145.80;146.30;788498
FR0000121014;24/09/13;146.85;149.05;146.80;148.50;662223
FR0000121014;25/09/13;148.00;148.10;145.80;147.40;621957
FR0000121014;26/09/13;148.00;148.40;145.55;147.10;489259
FR0000121014;27/09/13;147.05;147.35;144.90;146.05;504730
FR0000121014;30/09/13;144.60;145.90;143.90;145.60;617677
FR0000121220;02/09/13;67.00;67.71;66.91;67.30;102673
FR0000121220;03/09/13;67.29;67.63;66.69;67.53;179693
FR0000121220;04/09/13;67.52;68.12;66.83;67.68;146471
FR0000121220;05/09/13;67.86;68.44;67.26;68.05;163254
FR0000121220;06/09/13;67.84;68.50;66.96;67.30;300872
FR0000121220;09/09/13;67.29;67.70;67.18;67.58;155929
FR0000121220;10/09/13;67.78;68.26;67.59;68.11;269383
FR0000121220;11/09/13;68.12;69.27;67.79;68.12;280479
FR0000121220;12/09/13;68.11;68.79;66.75;66.92;277575
FR0000121220;13/09/13;66.77;67.30;66.75;67.05;129935
FR0000121220;16/09/13;67.63;68.73;67.51;68.20;236108
FR0000121220;17/09/13;68.07;68.25;67.78;68.00;91704
FR0000121220;18/09/13;68.00;68.01;66.87;67.91;205417
FR0000121220;19/09/13;68.35;69.30;68.04;68.57;196424
FR0000121220;20/09/13;68.50;69.89;68.50;69.89;276864
FR0000121220;23/09/13;69.78;70.00;68.85;68.88;201387
FR0000121220;24/09/13;68.80;69.93;68.59;69.68;214742
FR0000121220;25/09/13;69.47;69.70;68.77;69.21;155330
FR0000121220;26/09/13;69.17;69.63;68.78;69.20;186249
FR0000121220;27/09/13;69.02;69.49;68.75;69.12;118573
FR0000121220;30/09/13;67.92;69.09;67.92;68.97;199139
FR0000121261;02/09/13;73.38;74.10;73.28;73.71;335761
FR0000121261;03/09/13;74.73;75.19;73.22;74.65;719239
FR0000121261;04/09/13;74.79;74.79;72.53;74.14;650344
FR0000121261;05/09/13;74.56;75.34;73.94;75.18;554147
FR0000121261;06/09/13;73.55;74.75;72.82;74.38;1265041
FR0000121261;09/09/13;74.33;74.86;74.05;74.42;491524
FR0000121261;10/09/13;75.00;77.06;74.99;76.67;694147
FR0000121261;11/09/13;76.80;77.75;76.20;77.70;580894
FR0000121261;12/09/13;77.80;78.00;76.69;76.93;645163
FR0000121261;13/09/13;77.14;78.82;77.05;78.82;876416
FR0000121261;16/09/13;78.92;79.73;78.44;79.46;605062
FR0000121261;17/09/13;78.95;78.99;77.79;78.48;556356
FR0000121261;18/09/13;78.76;80.00;77.89;79.80;937997
FR0000121261;19/09/13;84.58;84.71;82.02;82.69;1051056
FR0000121261;20/09/13;82.53;83.32;81.73;82.15;712829
FR0000121261;23/09/13;82.00;82.60;81.17;81.40;580045
FR0000121261;24/09/13;81.75;82.67;80.88;81.84;589845
FR0000121261;25/09/13;81.69;82.30;81.14;81.84;464804
FR0000121261;26/09/13;81.87;82.29;81.11;81.91;405118
FR0000121261;27/09/13;82.05;83.71;81.55;83.41;670481
FR0000121261;30/09/13;82.44;82.58;81.09;81.97;800230
FR0000121485;02/09/13;171.80;174.25;171.60;173.15;131879
FR0000121485;03/09/13;173.00;173.65;170.85;172.85;145407
FR0000121485;04/09/13;172.70;173.60;170.30;173.00;162142
FR0000121485;05/09/13;173.70;174.25;171.95;173.00;188973
FR0000121485;06/09/13;173.05;174.55;170.75;171.45;197802
FR0000121485;09/09/13;171.30;172.20;168.50;170.05;397548
FR0000121485;10/09/13;170.60;175.75;170.60;174.95;268913
FR0000121485;11/09/13;175.00;175.55;172.85;173.40;154957
FR0000121485;12/09/13;173.05;173.40;168.85;169.25;261431
FR0000121485;13/09/13;169.35;170.45;169.20;170.15;133318
FR0000121485;16/09/13;170.35;172.05;169.85;172.05;189281
FR0000121485;17/09/13;173.10;173.30;172.10;172.25;155569
FR0000121485;18/09/13;172.25;175.10;172.25;174.90;154341
FR0000121485;19/09/13;176.65;177.65;173.25;174.35;214811
FR0000121485;20/09/13;173.90;176.10;173.45;175.55;215126
FR0000121485;23/09/13;175.55;176.30;172.15;172.60;291537
FR0000121485;24/09/13;172.65;174.70;169.85;170.00;301366
FR0000121485;25/09/13;169.20;169.65;167.70;168.65;287965
FR0000121485;26/09/13;168.75;169.30;166.50;166.90;279565
FR0000121485;27/09/13;167.95;168.50;165.85;166.35;145624
FR0000121485;30/09/13;165.00;165.65;163.55;165.65;243018
FR0000121501;02/09/13;8.80;9.035;8.36;8.55;4214821
FR0000121501;03/09/13;8.59;8.685;8.32;8.445;3109667
FR0000121501;04/09/13;8.34;8.585;8.18;8.465;3908917
FR0000121501;05/09/13;8.69;9.055;8.59;9.04;4774008
FR0000121501;06/09/13;9.135;9.55;9.085;9.52;5988885
FR0000121501;09/09/13;9.52;9.97;9.345;9.905;5030923
FR0000121501;10/09/13;10.60;10.88;9.965;10.125;8318212
FR0000121501;11/09/13;10.125;10.43;9.89;9.95;3699517
FR0000121501;12/09/13;9.99;10.025;9.605;9.85;4174655
FR0000121501;13/09/13;9.90;10.265;9.715;10.265;3479194
FR0000121501;16/09/13;10.52;10.58;10.265;10.435;3150405
FR0000121501;17/09/13;10.39;10.39;9.905;10.115;3446551
FR0000121501;18/09/13;10.54;10.55;10.085;10.24;2915504
FR0000121501;19/09/13;10.54;10.56;10.325;10.49;2724385
FR0000121501;20/09/13;10.485;10.58;10.32;10.34;3087397
FR0000121501;23/09/13;10.34;10.54;10.12;10.28;2066090
FR0000121501;24/09/13;10.20;10.40;10.10;10.395;1941962
FR0000121501;25/09/13;10.425;10.50;10.265;10.475;2124586
FR0000121501;26/09/13;10.475;10.50;10.105;10.30;2361371
FR0000121501;27/09/13;10.315;10.38;10.13;10.32;2261636
FR0000121501;30/09/13;10.21;10.26;9.92;9.95;3373951
FR0000121667;02/09/13;82.00;83.43;81.75;83.22;473070
FR0000121667;03/09/13;83.46;83.97;82.19;82.19;565866
FR0000121667;04/09/13;82.47;82.55;80.30;81.08;844254
FR0000121667;05/09/13;81.07;81.32;80.23;80.55;603851
FR0000121667;06/09/13;80.33;81.12;79.89;81.04;701668
FR0000121667;09/09/13;80.50;80.69;79.10;79.17;810955
FR0000121667;10/09/13;79.44;81.54;79.23;81.54;1206054
FR0000121667;11/09/13;81.75;82.72;81.28;81.83;751765
FR0000121667;12/09/13;81.50;81.52;79.80;80.75;695725
FR0000121667;13/09/13;81.31;82.62;81.04;82.40;670826
FR0000121667;16/09/13;83.13;83.40;82.53;83.16;452121
FR0000121667;17/09/13;82.91;83.74;82.40;82.72;381703
FR0000121667;18/09/13;82.72;83.08;82.42;83.03;394440
FR0000121667;19/09/13;84.00;84.10;82.66;83.06;562322
FR0000121667;20/09/13;82.60;84.02;82.42;83.47;724576
FR0000121667;23/09/13;83.47;83.60;80.94;81.30;765810
FR0000121667;24/09/13;81.59;81.80;80.08;80.39;626666
FR0000121667;25/09/13;80.53;81.45;80.43;81.23;640505
FR0000121667;26/09/13;81.52;81.56;80.17;80.58;459731
FR0000121667;27/09/13;80.61;80.90;79.81;80.80;459802
FR0000121667;30/09/13;79.97;80.60;79.06;79.50;873051
FR0000121972;02/09/13;58.64;59.53;58.60;59.43;947916
FR0000121972;03/09/13;59.45;60.02;58.53;59.70;1558720
FR0000121972;04/09/13;59.81;60.09;58.90;59.79;1126901
FR0000121972;05/09/13;59.72;60.71;59.13;60.71;1461853
FR0000121972;06/09/13;60.77;61.61;60.38;61.61;1846855
FR0000121972;09/09/13;61.49;61.97;61.11;61.60;1254866
FR0000121972;10/09/13;62.00;62.94;61.97;62.90;1582676
FR0000121972;11/09/13;62.48;63.49;61.92;62.18;1479639
FR0000121972;12/09/13;62.25;62.73;61.68;62.45;1381396
FR0000121972;13/09/13;62.13;62.90;61.95;62.71;1031088
FR0000121972;16/09/13;63.61;64.68;63.42;64.58;1784048
FR0000121972;17/09/13;64.71;65.00;64.17;64.84;1375288
FR0000121972;18/09/13;65.00;66.10;64.75;65.99;1554418
FR0000121972;19/09/13;66.73;66.99;64.86;65.59;1862289
FR0000121972;20/09/13;65.38;65.61;64.60;64.60;2696739
FR0000121972;23/09/13;64.44;65.44;64.39;64.73;1342916
FR0000121972;24/09/13;64.92;66.24;64.52;65.71;1450479
FR0000121972;25/09/13;65.64;66.02;65.09;65.71;1014836
FR0000121972;26/09/13;66.00;66.44;64.88;65.06;1074154
FR0000121972;27/09/13;65.24;65.72;64.02;64.64;1234254
FR0000121972;30/09/13;63.05;63.17;62.09;62.51;1996768
FR0000124141;02/09/13;11.73;11.95;11.73;11.88;1863454
FR0000124141;03/09/13;11.89;12.125;11.78;12.06;2541322
FR0000124141;04/09/13;12.08;12.12;11.82;12.045;3373079
FR0000124141;05/09/13;12.04;12.44;12.035;12.375;2944639
FR0000124141;06/09/13;12.35;12.515;11.76;12.055;5707527
FR0000124141;09/09/13;12.06;12.49;11.93;12.475;2851568
FR0000124141;10/09/13;12.70;12.885;12.33;12.445;4097033
FR0000124141;11/09/13;12.465;12.645;12.415;12.605;2346318
FR0000124141;12/09/13;12.58;12.84;12.535;12.82;2208554
FR0000124141;13/09/13;12.80;12.885;12.705;12.86;1318679
FR0000124141;16/09/13;12.98;13.26;12.925;13.185;3061929
FR0000124141;17/09/13;13.125;13.295;13.055;13.20;1987327
FR0000124141;18/09/13;13.155;13.22;12.995;13.10;1684876
FR0000124141;19/09/13;13.275;13.305;13.045;13.095;2029866
FR0000124141;20/09/13;13.01;13.055;12.785;12.79;3760872
FR0000124141;23/09/13;12.75;12.79;12.595;12.64;2199894
FR0000124141;24/09/13;12.61;12.895;12.605;12.805;1571184
FR0000124141;25/09/13;12.75;12.865;12.74;12.85;1421419
FR0000124141;26/09/13;12.815;12.865;12.59;12.83;1643860
FR0000124141;27/09/13;12.835;12.92;12.735;12.79;1331383
FR0000124141;30/09/13;12.65;12.73;12.525;12.625;1860452
FR0000124711;02/09/13;173.50;175.65;173.30;175.10;255238
FR0000124711;03/09/13;174.25;174.25;169.95;169.95;396568
FR0000124711;04/09/13;170.25;170.55;167.40;169.30;378712
FR0000124711;05/09/13;170.40;171.20;168.00;169.60;255085
FR0000124711;06/09/13;168.50;171.75;168.50;171.60;341040
FR0000124711;09/09/13;171.10;171.10;169.15;169.60;224229
FR0000124711;10/09/13;171.40;174.60;170.95;174.40;325093
FR0000124711;11/09/13;174.15;175.25;173.30;174.80;240865
FR0000124711;12/09/13;176.85;178.20;175.80;177.50;331566
FR0000124711;13/09/13;177.55;177.75;174.95;175.55;322840
FR0000124711;16/09/13;178.25;178.70;177.20;177.95;213370
FR0000124711;17/09/13;177.10;178.90;177.10;177.95;202474
FR0000124711;18/09/13;178.60;179.70;176.95;177.80;239837
FR0000124711;19/09/13;182.00;186.65;181.40;186.25;648916
FR0000124711;20/09/13;187.05;187.70;184.85;185.55;583797
FR0000124711;23/09/13;185.55;185.85;182.95;183.40;252936
FR0000124711;24/09/13;183.50;185.25;183.15;184.50;202129
FR0000124711;25/09/13;183.60;184.90;182.75;184.15;224674
FR0000124711;26/09/13;184.40;185.30;182.35;183.35;201468
FR0000124711;27/09/13;183.05;184.30;181.70;184.00;158263
FR0000124711;30/09/13;181.60;183.40;180.30;183.40;280093
FR0000125007;02/09/13;35.62;36.205;35.62;35.995;1132912
FR0000125007;03/09/13;35.945;35.96;34.945;35.48;1828447
FR0000125007;04/09/13;35.49;35.905;35.13;35.775;1600402
FR0000125007;05/09/13;35.815;36.095;35.395;35.685;1324694
FR0000125007;06/09/13;35.55;36.05;35.38;36.05;1384071
FR0000125007;09/09/13;35.99;36.125;35.695;36.125;1050181
FR0000125007;10/09/13;36.30;37.135;36.30;37.095;2053669
FR0000125007;11/09/13;37.00;37.07;36.59;36.705;1467227
FR0000125007;12/09/13;36.59;37.00;36.555;36.90;1173556
FR0000125007;13/09/13;36.735;36.86;36.36;36.86;1344368
FR0000125007;16/09/13;37.20;37.20;36.785;36.90;1330446
FR0000125007;17/09/13;36.95;37.29;36.78;37.02;1236892
FR0000125007;18/09/13;37.01;37.425;36.815;37.34;952124
FR0000125007;19/09/13;37.695;38.07;37.43;37.76;1776976
FR0000125007;20/09/13;37.635;38.185;37.595;38.185;2518469
FR0000125007;23/09/13;38.16;38.25;37.215;37.385;1539144
FR0000125007;24/09/13;37.26;37.445;37.155;37.445;1135469
FR0000125007;25/09/13;37.35;37.615;36.955;37.27;1006612
FR0000125007;26/09/13;37.41;37.525;37.105;37.425;1250430
FR0000125007;27/09/13;37.30;37.50;37.115;37.365;902517
FR0000125007;30/09/13;36.795;36.88;36.43;36.605;1626978
FR0000125338;02/09/13;41.545;42.195;41.52;42.00;469382
FR0000125338;03/09/13;42.16;42.35;41.66;41.66;774700
FR0000125338;04/09/13;41.68;41.785;41.34;41.745;597847
FR0000125338;05/09/13;41.81;42.285;41.54;42.015;516361
FR0000125338;06/09/13;42.775;43.72;42.775;43.63;1526670
FR0000125338;09/09/13;43.715;44.145;43.355;43.46;763838
FR0000125338;10/09/13;43.645;44.495;43.645;44.02;710529
FR0000125338;11/09/13;43.81;44.11;43.56;43.875;597430
FR0000125338;12/09/13;43.855;44.37;43.74;44.29;701616
FR0000125338;13/09/13;44.19;44.34;43.38;43.40;618190
FR0000125338;16/09/13;43.87;44.465;43.655;44.46;659717
FR0000125338;17/09/13;44.44;44.735;44.19;44.54;550216
FR0000125338;18/09/13;44.69;45.13;44.675;45.13;534287
FR0000125338;19/09/13;45.51;45.615;44.94;45.07;577485
FR0000125338;20/09/13;45.00;45.55;45.00;45.55;727816
FR0000125338;23/09/13;45.45;45.59;44.66;44.905;728406
FR0000125338;24/09/13;44.83;45.17;44.745;44.84;446476
FR0000125338;25/09/13;44.745;44.745;44.30;44.515;516208
FR0000125338;26/09/13;44.52;44.745;44.275;44.38;690731
FR0000125338;27/09/13;44.025;44.535;43.595;44.055;677748
FR0000125338;30/09/13;43.84;44.31;43.60;43.97;731634
FR0000125486;02/09/13;39.46;40.05;39.45;39.83;1074628
FR0000125486;03/09/13;39.965;40.10;39.315;39.79;1252967
FR0000125486;04/09/13;39.79;40.22;39.495;40.025;1291543
FR0000125486;05/09/13;40.145;40.50;39.86;40.395;1045667
FR0000125486;06/09/13;40.38;41.11;40.185;41.065;2060198
FR0000125486;09/09/13;40.765;41.105;40.765;40.97;1125238
FR0000125486;10/09/13;41.20;41.645;41.06;41.485;1543311
FR0000125486;11/09/13;41.40;41.855;41.375;41.745;1046140
FR0000125486;12/09/13;41.67;41.94;41.51;41.785;1693421
FR0000125486;13/09/13;41.655;42.15;41.60;42.01;1368531
FR0000125486;16/09/13;42.115;42.43;42.00;42.315;1252936
FR0000125486;17/09/13;42.20;42.445;42.145;42.30;923217
FR0000125486;18/09/13;41.98;42.325;41.955;42.145;1241475
FR0000125486;19/09/13;42.50;42.985;42.355;42.985;2541206
FR0000125486;20/09/13;42.75;43.105;42.66;43.105;2867325
FR0000125486;23/09/13;43.06;43.23;42.375;42.57;1503813
FR0000125486;24/09/13;42.49;43.12;42.38;42.965;1286368
FR0000125486;25/09/13;42.87;43.14;42.80;43.03;1228250
FR0000125486;26/09/13;43.23;43.465;43.00;43.29;1678361
FR0000125486;27/09/13;43.455;43.50;43.02;43.23;1076863
FR0000125486;30/09/13;42.845;42.97;42.605;42.97;1876277
FR0000127771;02/09/13;15.50;15.645;15.47;15.645;2919544
FR0000127771;03/09/13;15.645;16.01;15.545;15.795;5449134
FR0000127771;04/09/13;15.75;16.025;15.635;15.95;3464434
FR0000127771;05/09/13;16.24;16.525;16.175;16.455;9129435
FR0000127771;06/09/13;16.46;16.54;16.27;16.455;5089884
FR0000127771;09/09/13;16.695;16.885;16.57;16.72;6416737
FR0000127771;10/09/13;16.895;16.895;16.63;16.89;5106489
FR0000127771;11/09/13;16.68;16.70;16.46;16.70;6069597
FR0000127771;12/09/13;17.20;17.30;17.07;17.145;10876967
FR0000127771;13/09/13;17.195;17.40;17.085;17.27;5277819
FR0000127771;16/09/13;17.41;17.57;17.255;17.57;6972059
FR0000127771;17/09/13;17.56;17.565;17.335;17.345;3802017
FR0000127771;18/09/13;17.395;17.455;17.315;17.455;3309764
FR0000127771;19/09/13;17.55;17.615;17.24;17.38;6084934
FR0000127771;20/09/13;17.25;17.42;17.10;17.31;6397482
FR0000127771;23/09/13;17.345;17.35;17.05;17.12;4075083
FR0000127771;24/09/13;17.145;17.165;16.94;17.035;4613024
FR0000127771;25/09/13;16.965;17.18;16.945;17.13;3159174
FR0000127771;26/09/13;17.16;17.245;17.10;17.19;3693858
FR0000127771;27/09/13;17.205;17.265;17.05;17.145;2269588
FR0000127771;30/09/13;17.005;17.065;16.93;17.005;2873526
FR0000130577;02/09/13;56.78;58.11;56.75;57.80;731017
FR0000130577;03/09/13;57.78;57.80;57.06;57.48;628709
FR0000130577;04/09/13;57.72;58.71;57.33;57.46;820825
FR0000130577;05/09/13;57.72;59.13;57.62;59.13;871140
FR0000130577;06/09/13;59.09;59.48;58.43;59.10;807306
FR0000130577;09/09/13;59.05;59.29;58.47;58.54;401243
FR0000130577;10/09/13;58.81;59.59;58.72;59.46;565121
FR0000130577;11/09/13;59.80;60.60;59.58;60.25;724533
FR0000130577;12/09/13;60.26;60.28;58.87;59.72;608761
FR0000130577;13/09/13;59.78;60.90;59.78;60.77;684873
FR0000130577;16/09/13;61.00;61.35;60.42;60.42;496678
FR0000130577;17/09/13;60.42;61.19;60.42;60.99;650565
FR0000130577;18/09/13;61.10;62.16;60.71;60.87;700402
FR0000130577;19/09/13;61.00;61.07;59.80;60.00;953348
FR0000130577;20/09/13;59.81;60.88;59.80;60.60;1162588
FR0000130577;23/09/13;60.50;61.19;59.44;59.52;859061
FR0000130577;24/09/13;59.75;60.65;59.71;60.09;544775
FR0000130577;25/09/13;60.00;60.53;59.76;59.89;691844
FR0000130577;26/09/13;59.90;60.03;59.17;59.29;498553
FR0000130577;27/09/13;59.55;59.93;59.10;59.37;425598
FR0000130577;30/09/13;58.98;59.24;58.65;58.82;633629
FR0000130809;02/09/13;33.69;34.585;33.50;34.17;4031303
FR0000130809;03/09/13;34.30;34.36;33.28;33.83;4480134
FR0000130809;04/09/13;33.94;34.08;33.06;33.875;4473355
FR0000130809;05/09/13;33.98;34.54;33.855;34.08;3925380
FR0000130809;06/09/13;33.93;34.81;33.78;34.81;5270865
FR0000130809;09/09/13;34.995;35.495;34.865;35.405;4027015
FR0000130809;10/09/13;35.90;37.00;35.90;36.745;7831494
FR0000130809;11/09/13;36.75;37.065;36.33;37.065;5141791
FR0000130809;12/09/13;37.10;37.515;36.545;36.74;5004068
FR0000130809;13/09/13;36.50;36.80;35.805;36.80;4165962
FR0000130809;16/09/13;37.48;37.695;37.16;37.405;4130157
FR0000130809;17/09/13;37.26;37.695;36.90;37.355;3790018
FR0000130809;18/09/13;37.43;38.385;37.28;38.025;5438908
FR0000130809;19/09/13;38.91;38.94;37.99;38.23;5729642
FR0000130809;20/09/13;38.015;38.155;37.455;37.90;7336169
FR0000130809;23/09/13;37.90;37.99;37.22;37.44;4288326
FR0000130809;24/09/13;37.325;37.515;36.985;37.475;4110156
FR0000130809;25/09/13;36.825;37.47;36.71;37.325;4738157
FR0000130809;26/09/13;37.395;37.41;36.615;37.06;3377750
FR0000130809;27/09/13;37.12;37.375;36.735;37.165;2693807
FR0000130809;30/09/13;36.50;36.89;36.21;36.83;3512701
FR0000131104;02/09/13;48.16;49.215;48.00;48.95;3248514
FR0000131104;03/09/13;49.505;49.505;47.91;48.27;3671642
FR0000131104;04/09/13;48.45;48.67;47.42;48.485;3424323
FR0000131104;05/09/13;48.65;49.16;48.37;48.805;3350368
FR0000131104;06/09/13;48.695;49.895;48.63;49.74;4462074
FR0000131104;09/09/13;49.65;49.895;49.185;49.515;2333728
FR0000131104;10/09/13;49.995;50.95;49.785;50.74;4316712
FR0000131104;11/09/13;50.66;50.82;50.24;50.75;2724074
FR0000131104;12/09/13;50.75;51.14;50.23;50.49;3010803
FR0000131104;13/09/13;50.19;50.25;49.335;50.06;3494784
FR0000131104;16/09/13;50.80;50.80;50.26;50.59;2637207
FR0000131104;17/09/13;50.40;50.57;49.935;50.42;2283361
FR0000131104;18/09/13;50.02;50.68;49.635;50.53;3506121
FR0000131104;19/09/13;51.50;51.56;50.72;50.95;4092500
FR0000131104;20/09/13;50.73;51.07;50.52;50.76;5620347
FR0000131104;23/09/13;50.89;51.30;50.69;50.83;3791639
FR0000131104;24/09/13;50.94;51.23;50.65;51.09;3190681
FR0000131104;25/09/13;50.85;51.45;50.76;51.38;2881740
FR0000131104;26/09/13;51.42;51.50;50.41;50.84;3320469
FR0000131104;27/09/13;50.84;51.08;50.48;50.89;2953878
FR0000131104;30/09/13;49.88;50.20;49.53;50.00;4213670
FR0000131906;02/09/13;55.05;55.12;53.91;54.09;696268
FR0000131906;03/09/13;54.36;54.52;52.87;53.12;1111193
FR0000131906;04/09/13;53.35;53.52;51.58;53.40;2074293
FR0000131906;05/09/13;54.15;56.53;53.88;56.50;1900011
FR0000131906;06/09/13;56.63;57.99;55.86;57.29;1280538
FR0000131906;09/09/13;57.43;58.53;57.10;58.40;929751
FR0000131906;10/09/13;59.49;59.61;58.50;59.01;965049
FR0000131906;11/09/13;59.17;59.59;58.62;59.51;632652
FR0000131906;12/09/13;59.79;59.80;57.87;58.50;948865
FR0000131906;13/09/13;58.69;59.59;58.52;59.58;767892
FR0000131906;16/09/13;60.30;60.50;59.35;59.55;666961
FR0000131906;17/09/13;59.27;59.27;58.05;58.15;963212
FR0000131906;18/09/13;58.47;59.20;57.90;59.16;549053
FR0000131906;19/09/13;61.94;61.96;60.32;61.28;1306690
FR0000131906;20/09/13;61.20;61.39;60.13;60.82;1092723
FR0000131906;23/09/13;60.82;61.44;59.73;60.20;756891
FR0000131906;24/09/13;60.25;60.86;59.62;60.27;582698
FR0000131906;25/09/13;60.43;60.88;59.90;60.47;458241
FR0000131906;26/09/13;60.87;60.87;59.80;60.25;805326
FR0000131906;27/09/13;60.29;60.50;59.22;60.01;516788
FR0000131906;30/09/13;59.20;59.59;58.38;58.93;802903
FR0000133308;02/09/13;7.738;7.79;7.72;7.751;6878949
FR0000133308;03/09/13;7.789;8.036;7.716;7.925;17070571
FR0000133308;04/09/13;7.968;8.08;7.852;8.048;11824008
FR0000133308;05/09/13;8.058;8.426;8.054;8.423;22939678
FR0000133308;06/09/13;8.419;8.45;8.302;8.433;18458559
FR0000133308;09/09/13;8.419;8.445;8.348;8.414;8550528
FR0000133308;10/09/13;8.452;8.556;8.397;8.556;13518690
FR0000133308;11/09/13;8.587;8.695;8.50;8.656;14592868
FR0000133308;12/09/13;8.655;8.966;8.633;8.857;17688606
FR0000133308;13/09/13;8.761;8.81;8.714;8.777;9943307
FR0000133308;16/09/13;8.833;8.835;8.639;8.721;11156509
FR0000133308;17/09/13;8.681;8.704;8.581;8.683;13158441
FR0000133308;18/09/13;8.70;8.737;8.601;8.644;11124933
FR0000133308;19/09/13;8.711;8.72;8.629;8.67;16358152
FR0000133308;20/09/13;8.616;8.77;8.587;8.768;14780641
FR0000133308;23/09/13;8.774;8.828;8.709;8.715;9330106
FR0000133308;24/09/13;8.75;8.871;8.737;8.871;9777626
FR0000133308;25/09/13;8.883;9.14;8.833;9.125;18782296
FR0000133308;26/09/13;9.115;9.488;9.093;9.43;23890230
FR0000133308;27/09/13;9.472;9.507;9.363;9.406;8760675
FR0000133308;30/09/13;9.33;9.35;9.203;9.269;10749774
FR0010208488;02/09/13;16.535;16.645;16.41;16.535;2476207
FR0010208488;03/09/13;16.555;16.635;16.315;16.455;4405279
FR0010208488;04/09/13;16.565;16.60;16.35;16.545;2848211
FR0010208488;05/09/13;16.575;16.67;16.495;16.635;3501164
FR0010208488;06/09/13;16.605;17.12;16.58;17.005;8699324
FR0010208488;09/09/13;17.035;17.035;16.725;16.885;3380450
FR0010208488;10/09/13;17.085;17.365;17.03;17.29;6526959
FR0010208488;11/09/13;17.365;17.93;17.35;17.86;9995514
FR0010208488;12/09/13;17.865;18.16;17.745;18.09;6128867
FR0010208488;13/09/13;18.055;18.165;17.99;18.135;3780473
FR0010208488;16/09/13;18.245;18.33;18.11;18.21;3095717
FR0010208488;17/09/13;18.155;18.39;18.15;18.20;3406816
FR0010208488;18/09/13;18.20;18.295;18.065;18.20;2991412
FR0010208488;19/09/13;18.39;18.49;18.32;18.38;4139594
FR0010208488;20/09/13;18.375;18.535;17.96;18.43;10116679
FR0010208488;23/09/13;18.51;18.615;18.375;18.52;4846233
FR0010208488;24/09/13;18.53;18.875;18.53;18.805;4752371
FR0010208488;25/09/13;18.85;18.985;18.585;18.69;4864020
FR0010208488;26/09/13;18.675;18.995;18.595;18.87;4562925
FR0010208488;27/09/13;18.945;19.05;18.82;18.84;3729690
FR0010208488;30/09/13;18.685;18.75;18.475;18.57;5121581
FR0010307819;02/09/13;38.78;39.01;38.425;38.845;383792
FR0010307819;03/09/13;38.86;39.015;38.545;38.545;565281
FR0010307819;04/09/13;38.56;38.975;38.105;38.975;520302
FR0010307819;05/09/13;38.825;39.65;38.70;39.65;868899
FR0010307819;06/09/13;39.67;39.98;39.29;39.815;805421
FR0010307819;09/09/13;39.70;40.055;39.405;40.055;370113
FR0010307819;10/09/13;40.23;41.345;40.125;41.315;598120
FR0010307819;11/09/13;41.11;41.46;41.035;41.225;395775
FR0010307819;12/09/13;41.13;41.44;40.955;41.04;452678
FR0010307819;13/09/13;40.99;42.00;40.965;41.73;485565
FR0010307819;16/09/13;41.935;42.17;41.585;41.725;406157
FR0010307819;17/09/13;41.775;41.91;41.49;41.66;402748
FR0010307819;18/09/13;41.60;42.15;41.42;42.15;481209
FR0010307819;19/09/13;42.335;42.40;41.535;41.70;516829
FR0010307819;20/09/13;41.585;42.185;41.585;42.10;1539595
FR0010307819;23/09/13;42.10;42.30;41.58;41.755;516267
FR0010307819;24/09/13;41.755;42.21;41.40;41.98;507420
FR0010307819;25/09/13;41.85;42.00;41.63;41.81;475028
FR0010307819;26/09/13;41.92;42.02;41.51;41.80;399554
FR0010307819;27/09/13;41.965;42.085;41.595;41.70;493878
FR0010307819;30/09/13;41.30;41.41;40.845;41.015;945960
FR0013176526;02/09/13;19.1667;19.5767;19.1667;19.57;501447
FR0013176526;03/09/13;19.64;19.75;19.1633;19.6133;850443
FR0013176526;04/09/13;19.6667;19.8567;19.1467;19.6967;984225
FR0013176526;05/09/13;19.7667;20.10;19.7033;20.0967;1199964
FR0013176526;06/09/13;20.00;20.2467;19.8033;20.14;807411
FR0013176526;09/09/13;20.11;20.25;19.93;20.1733;819465
FR0013176526;10/09/13;20.3767;21.0233;20.3767;20.9433;1129269
FR0013176526;11/09/13;20.9833;21.4767;20.8133;21.1367;1248588
FR0013176526;12/09/13;21.10;21.2033;20.8167;20.8333;837108
FR0013176526;13/09/13;20.8333;20.9567;20.56;20.7133;1019775
FR0013176526;16/09/13;20.9867;21.0267;20.79;21.0267;751995
FR0013176526;17/09/13;20.92;20.9267;20.5633;20.6433;851910
FR0013176526;18/09/13;20.57;20.75;20.3667;20.7233;965583
FR0013176526;19/09/13;20.9467;21.36;20.9267;21.0667;1229283
FR0013176526;20/09/13;21.10;21.40;20.9267;21.1833;1004772
FR0013176526;23/09/13;21.1733;21.31;20.7333;20.7633;743385
FR0013176526;24/09/13;20.82;21.1067;20.67;21.0033;953841
FR0013176526;25/09/13;20.9967;21.0933;20.80;20.9467;716574
FR0013176526;26/09/13;21.0767;21.08;20.8033;20.8033;704313
FR0013176526;27/09/13;20.97;21.4667;20.8333;21.4333;727767
FR0013176526;30/09/13;21.2333;21.2333;20.79;21.04;813651
GB00BDSFG982;02/09/13;44.07;44.245;43.845;44.01;426988
GB00BDSFG982;03/09/13;44.055;44.615;43.955;44.425;802228
GB00BDSFG982;04/09/13;44.415;44.65;44.04;44.33;708276
GB00BDSFG982;05/09/13;44.245;44.28;43.87;44.245;508456
GB00BDSFG982;06/09/13;44.25;44.345;43.76;44.28;483968
GB00BDSFG982;09/09/13;44.075;44.43;44.03;44.035;407424
GB00BDSFG982;10/09/13;44.325;44.745;44.155;44.74;608474
GB00BDSFG982;11/09/13;44.64;45.00;44.57;44.71;629684
GB00BDSFG982;12/09/13;44.675;44.875;44.45;44.75;409274
GB00BDSFG982;13/09/13;44.485;44.865;44.385;44.51;404676
GB00BDSFG982;16/09/13;44.555;44.995;44.31;44.475;628722
GB00BDSFG982;17/09/13;44.46;44.945;44.435;44.765;603320
GB00BDSFG982;18/09/13;44.69;44.905;44.60;44.795;365206
GB00BDSFG982;19/09/13;45.00;45.00;44.40;44.715;619344
GB00BDSFG982;20/09/13;44.735;46.245;44.715;46.14;1913388
GB00BDSFG982;23/09/13;45.50;45.65;44.655;44.765;1489892
GB00BDSFG982;24/09/13;44.67;44.91;44.32;44.87;676880
GB00BDSFG982;25/09/13;44.65;44.77;44.165;44.73;879576
GB00BDSFG982;26/09/13;44.87;44.87;44.335;44.535;385204
GB00BDSFG982;27/09/13;44.50;44.50;43.715;43.895;572684
GB00BDSFG982;30/09/13;43.64;43.64;43.055;43.395;938010
LU1598757687;02/09/13;29.52;30.30;29.52;30.30;3383511
LU1598757687;03/09/13;30.405;30.585;29.925;30.42;2910681
LU1598757687;04/09/13;30.45;30.63;30.18;30.57;2125764
LU1598757687;05/09/13;30.69;30.99;30.48;30.99;2347915
LU1598757687;06/09/13;31.02;31.50;30.765;31.245;2543821
LU1598757687;09/09/13;31.35;31.47;31.125;31.32;2186779
LU1598757687;10/09/13;31.665;32.265;31.65;31.965;3707781
LU1598757687;11/09/13;31.89;32.31;31.68;32.055;2861887
LU1598757687;12/09/13;32.10;32.25;31.32;31.455;3396125
LU1598757687;13/09/13;31.32;31.575;30.90;31.575;2610924
LU1598757687;16/09/13;32.34;32.355;31.785;31.935;3152492
LU1598757687;17/09/13;31.50;32.13;31.335;32.025;2897814
LU1598757687;18/09/13;31.815;32.235;31.68;31.815;2372658
LU1598757687;19/09/13;32.64;33.45;32.40;32.58;6145355
LU1598757687;20/09/13;32.16;32.22;31.20;31.20;21251093
LU1598757687;23/09/13;30.96;31.23;30.75;31.065;3272576
LU1598757687;24/09/13;30.96;31.68;30.825;31.455;2845546
LU1598757687;25/09/13;31.335;31.575;31.035;31.335;1760415
LU1598757687;26/09/13;31.26;31.59;31.14;31.32;1582045
LU1598757687;27/09/13;31.125;31.275;30.375;30.495;3430914
LU1598757687;30/09/13;30.15;30.48;29.898;30.48;2726114
NL0000226223;02/09/13;6.125;6.292;6.104;6.27;1633540
NL0000226223;03/09/13;6.494;6.56;6.324;6.324;4193280
NL0000226223;04/09/13;6.328;6.331;6.098;6.243;3123360
NL0000226223;05/09/13;6.265;6.394;6.244;6.34;3513209
NL0000226223;06/09/13;6.366;6.505;6.35;6.455;3665178
NL0000226223;09/09/13;6.455;6.571;6.45;6.569;2528333
NL0000226223;10/09/13;6.612;6.688;6.542;6.556;3685725
NL0000226223;11/09/13;6.527;6.527;6.371;6.457;3435361
NL0000226223;12/09/13;6.499;6.949;6.483;6.814;7412527
NL0000226223;13/09/13;6.828;6.99;6.828;6.902;3321584
NL0000226223;16/09/13;6.896;7.15;6.896;7.122;4773569
NL0000226223;17/09/13;7.055;7.084;6.966;6.991;2496303
NL0000226223;18/09/13;7.012;7.09;6.93;6.986;2389166
NL0000226223;19/09/13;7.12;7.138;7.031;7.07;2437272
NL0000226223;20/09/13;7.07;7.12;7.018;7.039;3403944
NL0000226223;23/09/13;7.039;7.117;6.971;6.997;2388205
NL0000226223;24/09/13;6.997;7.06;6.949;6.994;2458016
NL0000226223;25/09/13;6.95;7.088;6.946;7.069;3182975
NL0000226223;26/09/13;7.05;7.067;6.98;7.019;2517710
NL0000226223;27/09/13;6.962;7.031;6.95;7.009;2999403
NL0000226223;30/09/13;6.934;6.95;6.803;6.817;2748139
NL0000235190;02/09/13;44.06;44.75;43.95;44.65;1731031
NL0000235190;03/09/13;44.795;44.795;43.90;44.31;1478516
NL0000235190;04/09/13;44.29;44.785;43.78;44.625;1656457
NL0000235190;05/09/13;44.62;45.115;44.61;45.09;1387417
NL0000235190;06/09/13;44.875;45.40;44.685;45.39;1589466
NL0000235190;09/09/13;45.11;45.48;45.02;45.48;1099409
NL0000235190;10/09/13;45.78;46.64;45.60;46.345;2307247
NL0000235190;11/09/13;46.255;46.725;45.95;46.005;2153328
NL0000235190;12/09/13;46.07;46.165;45.04;45.25;2199128
NL0000235190;13/09/13;45.30;45.30;44.61;44.805;1764052
NL0000235190;16/09/13;45.40;45.55;44.92;45.08;1762082
NL0000235190;17/09/13;45.10;45.395;44.855;45.10;1442157
NL0000235190;18/09/13;45.345;46.445;45.30;46.445;1980234
NL0000235190;19/09/13;47.44;47.45;46.90;47.25;3111998
NL0000235190;20/09/13;47.355;47.70;46.965;46.965;6332698
NL0000235190;23/09/13;47.155;47.385;45.90;46.005;2183106
NL0000235190;24/09/13;46.045;46.335;45.92;46.10;1315145
NL0000235190;25/09/13;46.385;46.665;46.025;46.61;1752794
NL0000235190;26/09/13;46.99;47.25;46.81;47.02;1933781
NL0000235190;27/09/13;47.225;47.735;47.045;47.45;1856019
NL0000235190;30/09/13;47.10;47.305;46.65;47.095;1766626
