FR0000045072;01/11/18;11.308;11.51;11.286;11.468;5468682
FR0000045072;02/11/18;11.562;11.728;11.55;11.588;7009984
FR0000045072;05/11/18;11.574;11.668;11.54;11.556;3635010
FR0000045072;06/11/18;11.576;11.608;11.448;11.508;4922000
FR0000045072;07/11/18;11.334;11.48;11.288;11.412;8072633
FR0000045072;08/11/18;11.472;11.622;11.43;11.498;6524427
FR0000045072;09/11/18;11.414;11.458;11.244;11.358;6880883
FR0000045072;12/11/18;11.422;11.454;11.148;11.152;5900225
FR0000045072;13/11/18;11.20;11.274;11.106;11.274;5891916
FR0000045072;14/11/18;11.18;11.302;11.062;11.144;6217276
FR0000045072;15/11/18;11.198;11.254;10.908;10.99;8355866
FR0000045072;16/11/18;11.02;11.09;10.806;10.908;9291892
FR0000045072;19/11/18;10.91;10.994;10.832;10.882;5467406
FR0000045072;20/11/18;10.84;10.84;10.606;10.632;7019460
FR0000045072;21/11/18;10.716;10.812;10.642;10.778;4765196
FR0000045072;22/11/18;10.736;10.774;10.546;10.67;4967527
FR0000045072;23/11/18;10.674;10.886;10.674;10.722;4314881
FR0000045072;26/11/18;10.81;11.176;10.802;11.12;9673925
FR0000045072;27/11/18;11.096;11.166;10.986;11.086;4521626
FR0000045072;28/11/18;11.10;11.164;10.946;10.998;4166106
FR0000045072;29/11/18;11.068;11.10;10.934;11.052;4327262
FR0000045072;30/11/18;11.068;11.068;10.898;10.968;4730078
FR0000051732;01/11/18;75.38;77.38;74.40;76.62;360558
FR0000051732;02/11/18;77.72;80.70;77.72;78.90;625420
FR0000051732;05/11/18;79.30;79.60;77.22;77.38;422557
FR0000051732;06/11/18;78.00;78.24;74.88;76.20;433243
FR0000051732;07/11/18;76.14;77.94;75.70;77.34;472835
FR0000051732;08/11/18;77.68;78.94;76.68;77.56;499882
FR0000051732;09/11/18;77.26;78.80;76.66;77.36;388176
FR0000051732;12/11/18;77.72;77.96;73.76;73.76;465169
FR0000051732;13/11/18;74.50;75.84;73.50;74.62;420192
FR0000051732;14/11/18;73.68;75.90;71.60;74.08;483066
FR0000051732;15/11/18;74.60;75.46;71.82;72.66;369043
FR0000051732;16/11/18;72.66;74.02;71.38;72.14;373378
FR0000051732;19/11/18;72.02;73.92;70.74;70.90;300798
FR0000051732;20/11/18;70.30;70.52;67.80;69.40;580170
FR0000051732;21/11/18;69.76;71.18;69.42;70.16;419628
FR0000051732;22/11/18;70.02;71.08;69.28;70.48;317438
FR0000051732;23/11/18;70.56;71.86;70.28;71.52;288719
FR0000051732;26/11/18;72.42;74.34;72.20;74.28;434517
FR0000051732;27/11/18;74.14;75.26;73.04;74.36;467967
FR0000051732;28/11/18;74.34;74.84;73.40;73.68;309162
FR0000051732;29/11/18;74.80;75.78;74.74;75.12;415512
FR0000051732;30/11/18;75.52;75.52;74.38;75.00;552489
FR0000052292;01/11/18;505.00;507.00;494.60;504.00;70606
FR0000052292;02/11/18;511.60;515.80;505.20;507.40;78586
FR0000052292;05/11/18;508.20;508.20;501.60;502.00;55063
FR0000052292;06/11/18;503.20;505.00;496.90;502.80;56512
FR0000052292;07/11/18;505.00;508.60;497.90;501.00;80440
FR0000052292;08/11/18;501.00;503.00;493.60;496.40;61231
FR0000052292;09/11/18;492.00;495.70;486.90;495.20;69350
FR0000052292;12/11/18;495.90;499.10;488.70;489.20;49047
FR0000052292;13/11/18;490.80;501.60;490.60;501.60;60662
FR0000052292;14/11/18;498.80;502.80;494.20;497.50;68231
FR0000052292;15/11/18;499.90;499.90;487.10;490.00;73545
FR0000052292;16/11/18;493.00;497.30;485.10;491.00;53695
FR0000052292;19/11/18;493.00;494.20;481.00;482.80;52334
FR0000052292;20/11/18;480.00;483.70;475.70;482.60;99192
FR0000052292;21/11/18;486.10;491.20;481.00;491.10;74427
FR0000052292;22/11/18;489.00;496.80;486.50;491.90;56835
FR0000052292;23/11/18;492.10;494.90;487.30;493.60;44755
FR0000052292;26/11/18;496.00;497.90;485.40;485.40;65121
FR0000052292;27/11/18;485.20;487.20;475.40;476.60;88042
FR0000052292;28/11/18;478.10;486.60;475.70;484.70;76727
FR0000052292;29/11/18;487.30;490.20;481.90;485.10;61515
FR0000052292;30/11/18;486.50;486.50;476.60;477.70;167194
FR0000073272;01/11/18;114.40;115.55;112.85;113.10;1286623
FR0000073272;02/11/18;115.65;117.05;112.55;112.80;1291104
FR0000073272;05/11/18;113.25;113.25;111.10;111.10;678183
FR0000073272;06/11/18;111.60;112.00;110.50;110.50;786489
FR0000073272;07/11/18;111.90;113.55;111.65;113.40;1244304
FR0000073272;08/11/18;114.30;115.10;113.05;114.35;851501
FR0000073272;09/11/18;114.25;114.50;112.00;112.45;777207
FR0000073272;12/11/18;113.05;113.30;111.45;111.60;586967
FR0000073272;13/11/18;111.75;113.25;111.60;112.90;625211
FR0000073272;14/11/18;112.40;113.45;110.65;111.20;963916
FR0000073272;15/11/18;111.95;111.95;108.35;109.25;1028726
FR0000073272;16/11/18;110.00;110.35;108.00;108.70;1017216
FR0000073272;19/11/18;109.05;109.65;107.65;107.95;860474
FR0000073272;20/11/18;106.90;107.70;105.50;106.90;925438
FR0000073272;21/11/18;107.75;108.00;106.35;107.55;771371
FR0000073272;22/11/18;107.30;107.45;106.35;106.45;474041
FR0000073272;23/11/18;106.65;109.00;106.40;108.85;554290
FR0000073272;26/11/18;109.35;110.05;108.10;108.20;611859
FR0000073272;27/11/18;108.00;109.25;107.60;108.25;689197
FR0000073272;28/11/18;108.80;109.40;106.15;106.15;1093920
FR0000073272;29/11/18;106.15;112.15;104.60;111.50;1704434
FR0000073272;30/11/18;111.65;111.90;109.50;110.35;1513425
FR0000120073;01/11/18;106.95;107.50;105.70;105.95;774365
FR0000120073;02/11/18;107.30;107.75;105.65;105.75;1007940
FR0000120073;05/11/18;106.00;106.75;105.75;106.55;578917
FR0000120073;06/11/18;106.75;107.10;105.35;105.35;650755
FR0000120073;07/11/18;106.10;107.75;105.85;107.10;696945
FR0000120073;08/11/18;107.25;107.50;106.15;107.15;710685
FR0000120073;09/11/18;106.95;107.20;106.00;106.65;593982
FR0000120073;12/11/18;107.45;108.05;106.80;106.85;690840
FR0000120073;13/11/18;106.90;107.75;106.45;107.20;647865
FR0000120073;14/11/18;106.75;107.40;105.40;105.85;728224
FR0000120073;15/11/18;106.75;106.95;105.30;106.50;993522
FR0000120073;16/11/18;106.90;107.10;104.45;105.45;1008304
FR0000120073;19/11/18;105.90;106.35;104.55;104.95;676872
FR0000120073;20/11/18;104.45;104.65;101.85;102.85;984294
FR0000120073;21/11/18;103.55;103.85;102.85;103.65;836377
FR0000120073;22/11/18;103.60;103.85;102.65;102.65;486000
FR0000120073;23/11/18;102.70;103.60;102.60;103.25;482399
FR0000120073;26/11/18;104.00;105.85;103.85;105.45;1006679
FR0000120073;27/11/18;105.30;105.75;103.80;104.35;627198
FR0000120073;28/11/18;104.90;105.15;103.80;103.80;880195
FR0000120073;29/11/18;104.70;105.15;104.15;104.15;924186
FR0000120073;30/11/18;105.05;107.45;104.50;106.75;1375642
FR0000120172;01/11/18;17.05;17.495;17.05;17.275;2646036
FR0000120172;02/11/18;17.335;17.47;17.30;17.425;2675594
FR0000120172;05/11/18;17.45;17.69;17.43;17.435;2661277
FR0000120172;06/11/18;17.505;17.505;17.115;17.245;2341026
FR0000120172;07/11/18;17.30;17.515;17.20;17.515;2711132
FR0000120172;08/11/18;17.555;17.845;17.545;17.825;4290260
FR0000120172;09/11/18;17.84;17.85;17.445;17.575;3431419
FR0000120172;12/11/18;17.63;17.76;17.43;17.435;2659558
FR0000120172;13/11/18;17.42;17.56;17.30;17.53;2221808
FR0000120172;14/11/18;17.555;17.62;17.32;17.40;3448016
FR0000120172;15/11/18;17.56;17.56;17.175;17.505;2826764
FR0000120172;16/11/18;17.53;17.77;17.31;17.495;2130750
FR0000120172;19/11/18;17.45;17.58;17.285;17.355;2336316
FR0000120172;20/11/18;17.265;17.355;17.08;17.215;3042255
FR0000120172;21/11/18;17.32;17.36;17.135;17.26;2532552
FR0000120172;22/11/18;17.215;17.26;16.87;16.93;2737904
FR0000120172;23/11/18;16.925;17.11;16.63;16.655;3283526
FR0000120172;26/11/18;16.585;16.795;16.37;16.475;4089916
FR0000120172;27/11/18;16.44;16.71;16.44;16.62;2755661
FR0000120172;28/11/18;16.665;16.905;16.58;16.75;2793466
FR0000120172;29/11/18;16.89;16.95;16.40;16.415;2845547
FR0000120172;30/11/18;16.385;16.39;15.865;15.90;5508388
FR0000120271;01/11/18;51.50;51.63;50.33;50.64;7819308
FR0000120271;02/11/18;51.04;51.23;50.19;50.25;5331289
FR0000120271;05/11/18;50.34;51.75;50.20;51.40;5408192
FR0000120271;06/11/18;51.42;51.42;50.83;50.88;5524497
FR0000120271;07/11/18;51.08;52.21;50.94;51.73;6648052
FR0000120271;08/11/18;52.00;52.08;51.27;51.43;5068546
FR0000120271;09/11/18;50.81;51.04;50.12;50.49;6672091
FR0000120271;12/11/18;51.07;51.34;50.22;50.22;5840889
FR0000120271;13/11/18;50.19;50.32;48.875;49.51;8648199
FR0000120271;14/11/18;48.655;50.18;48.565;49.66;7876258
FR0000120271;15/11/18;49.805;50.22;49.415;50.11;6529172
FR0000120271;16/11/18;50.36;50.78;49.665;49.995;7070600
FR0000120271;19/11/18;50.10;50.30;49.49;49.55;5758425
FR0000120271;20/11/18;49.45;49.895;48.545;48.865;7371832
FR0000120271;21/11/18;48.82;49.41;48.685;49.41;6340992
FR0000120271;22/11/18;49.485;49.50;48.85;49.06;4283459
FR0000120271;23/11/18;48.71;49.085;47.305;47.585;7910692
FR0000120271;26/11/18;47.76;48.56;47.76;48.30;8498302
FR0000120271;27/11/18;48.165;48.485;47.825;48.03;6764760
FR0000120271;28/11/18;48.185;48.44;47.97;48.245;6427107
FR0000120271;29/11/18;48.405;48.79;48.005;48.44;8133989
FR0000120271;30/11/18;48.78;49.255;48.515;49.165;8735101
FR0000120321;01/11/18;199.35;200.50;197.90;199.80;610929
FR0000120321;02/11/18;201.80;201.90;199.65;201.10;552153
FR0000120321;05/11/18;200.90;203.20;200.40;201.70;420590
FR0000120321;06/11/18;202.60;204.50;201.50;202.60;508884
FR0000120321;07/11/18;202.80;206.60;202.80;203.70;507681
FR0000120321;08/11/18;204.00;206.10;203.30;204.20;499913
FR0000120321;09/11/18;204.10;205.90;203.40;205.60;440790
FR0000120321;12/11/18;205.90;206.90;204.60;205.30;493232
FR0000120321;13/11/18;205.70;208.90;205.40;208.90;524367
FR0000120321;14/11/18;208.60;210.30;206.70;207.40;575077
FR0000120321;15/11/18;208.50;209.20;205.10;207.40;591999
FR0000120321;16/11/18;207.10;209.80;205.30;207.60;588215
FR0000120321;19/11/18;208.00;209.20;205.10;205.40;439778
FR0000120321;20/11/18;204.10;206.20;201.70;204.80;644059
FR0000120321;21/11/18;205.90;207.20;203.90;206.40;495652
FR0000120321;22/11/18;205.00;206.60;204.50;205.10;373691
FR0000120321;23/11/18;205.50;207.00;204.00;206.40;340676
FR0000120321;26/11/18;206.30;207.90;204.80;205.00;475378
FR0000120321;27/11/18;204.90;208.20;204.90;208.00;503832
FR0000120321;28/11/18;208.40;210.30;207.20;207.40;540284
FR0000120321;29/11/18;209.00;210.50;207.10;208.40;464662
FR0000120321;30/11/18;208.00;209.00;207.20;207.90;647882
FR0000120404;01/11/18;40.39;41.13;40.24;40.80;800675
FR0000120404;02/11/18;40.99;41.48;40.80;41.05;744418
FR0000120404;05/11/18;41.00;41.23;40.80;40.85;564787
FR0000120404;06/11/18;40.79;40.94;40.56;40.65;837226
FR0000120404;07/11/18;40.79;40.80;40.39;40.66;827564
FR0000120404;08/11/18;40.79;41.05;40.02;40.16;1299275
FR0000120404;09/11/18;40.18;40.62;39.77;39.80;926460
FR0000120404;12/11/18;39.95;40.21;39.13;39.30;797160
FR0000120404;13/11/18;39.52;40.08;39.52;39.98;656274
FR0000120404;14/11/18;40.01;40.77;39.42;40.21;1233335
FR0000120404;15/11/18;40.17;40.34;39.27;39.42;959714
FR0000120404;16/11/18;39.56;40.10;39.18;39.32;1170229
FR0000120404;19/11/18;39.42;39.72;38.79;38.88;800806
FR0000120404;20/11/18;38.63;38.76;38.25;38.52;750891
FR0000120404;21/11/18;38.69;39.12;38.44;39.12;655361
FR0000120404;22/11/18;38.88;39.08;38.24;38.58;600912
FR0000120404;23/11/18;38.52;39.29;38.30;39.29;642631
FR0000120404;26/11/18;39.50;40.09;39.28;39.50;1000957
FR0000120404;27/11/18;39.48;40.60;39.26;40.23;1058576
FR0000120404;28/11/18;40.31;40.47;39.98;40.31;705016
FR0000120404;29/11/18;40.61;40.96;39.83;39.87;852271
FR0000120404;30/11/18;40.06;40.06;39.19;39.20;1236016
FR0000120503;01/11/18;32.14;32.98;32.09;32.71;748061
FR0000120503;02/11/18;33.00;33.29;32.90;33.03;993373
FR0000120503;05/11/18;33.21;33.30;32.96;33.13;714663
FR0000120503;06/11/18;33.26;33.33;32.46;32.46;964075
FR0000120503;07/11/18;32.63;33.37;32.60;33.27;760638
FR0000120503;08/11/18;33.38;33.49;32.93;33.02;771041
FR0000120503;09/11/18;32.93;33.10;32.50;33.06;895741
FR0000120503;12/11/18;33.17;33.42;32.00;32.00;1088090
FR0000120503;13/11/18;32.08;32.80;32.06;32.38;1171957
FR0000120503;14/11/18;32.25;32.98;32.21;32.55;985079
FR0000120503;15/11/18;33.00;33.91;32.38;32.48;2583493
FR0000120503;16/11/18;32.58;33.04;31.87;32.50;1249230
FR0000120503;19/11/18;32.78;33.38;32.70;32.73;1024359
FR0000120503;20/11/18;32.64;32.68;31.95;32.21;845507
FR0000120503;21/11/18;32.50;32.86;32.37;32.83;804806
FR0000120503;22/11/18;32.70;32.87;32.28;32.34;691486
FR0000120503;23/11/18;32.40;33.29;32.31;32.93;677560
FR0000120503;26/11/18;33.25;34.00;33.16;33.96;1518269
FR0000120503;27/11/18;33.85;34.55;33.72;34.15;1343577
FR0000120503;28/11/18;34.39;34.74;34.19;34.50;860224
FR0000120503;29/11/18;34.87;35.33;34.61;34.74;1106642
FR0000120503;30/11/18;35.00;35.00;33.96;33.96;1421200
FR0000120578;01/11/18;79.50;79.84;78.18;79.01;2789275
FR0000120578;02/11/18;79.36;79.40;77.73;77.75;2584312
FR0000120578;05/11/18;77.75;79.13;77.71;78.64;2294328
FR0000120578;06/11/18;78.59;78.59;77.44;77.60;2090756
FR0000120578;07/11/18;77.66;79.00;77.66;78.68;2492783
FR0000120578;08/11/18;78.69;79.37;78.49;79.31;2032803
FR0000120578;09/11/18;78.95;80.41;78.86;80.20;3037599
FR0000120578;12/11/18;80.30;80.44;79.32;79.59;1963356
FR0000120578;13/11/18;79.81;80.21;79.59;80.21;2306389
FR0000120578;14/11/18;79.62;80.29;79.14;79.48;2057918
FR0000120578;15/11/18;79.89;80.11;77.48;78.23;2789244
FR0000120578;16/11/18;78.39;79.50;78.27;79.23;3059629
FR0000120578;19/11/18;79.11;79.86;78.35;78.55;1991586
FR0000120578;20/11/18;78.10;79.10;78.05;78.94;2683756
FR0000120578;21/11/18;78.99;79.52;78.16;78.49;2440550
FR0000120578;22/11/18;78.21;78.81;77.94;78.29;1364603
FR0000120578;23/11/18;78.28;79.63;78.02;79.48;1695492
FR0000120578;26/11/18;79.79;79.97;78.52;78.90;2206883
FR0000120578;27/11/18;78.54;79.26;78.23;78.54;1825045
FR0000120578;28/11/18;79.13;79.77;78.82;79.28;2012088
FR0000120578;29/11/18;79.79;79.99;78.80;78.87;2103896
FR0000120578;30/11/18;78.85;80.00;78.82;79.81;3506262
FR0000120628;01/11/18;22.14;22.37;22.05;22.18;5254823
FR0000120628;02/11/18;22.45;22.555;22.23;22.235;6324569
FR0000120628;05/11/18;22.22;22.35;22.06;22.06;5391684
FR0000120628;06/11/18;22.08;22.15;21.97;22.005;4106115
FR0000120628;07/11/18;22.195;22.34;22.125;22.235;6165976
FR0000120628;08/11/18;22.385;22.425;22.25;22.32;5255529
FR0000120628;09/11/18;22.245;22.34;22.10;22.305;4627340
FR0000120628;12/11/18;22.395;22.445;22.015;22.055;5417285
FR0000120628;13/11/18;22.14;22.24;22.02;22.225;4764366
FR0000120628;14/11/18;22.085;22.28;21.73;22.02;6479574
FR0000120628;15/11/18;22.14;22.31;21.53;21.82;9028008
FR0000120628;16/11/18;21.94;22.25;21.495;21.605;7845964
FR0000120628;19/11/18;21.705;21.855;21.65;21.685;4995282
FR0000120628;20/11/18;21.75;21.75;20.965;21.155;10008006
FR0000120628;21/11/18;21.295;21.32;21.015;21.15;6146587
FR0000120628;22/11/18;21.125;21.135;20.79;20.86;6740308
FR0000120628;23/11/18;20.825;20.97;20.76;20.91;4110432
FR0000120628;26/11/18;21.085;21.36;21.03;21.215;7617801
FR0000120628;27/11/18;21.16;21.39;21.105;21.265;5443193
FR0000120628;28/11/18;21.615;21.705;21.395;21.42;8073340
FR0000120628;29/11/18;21.645;21.775;21.535;21.535;7082551
FR0000120628;30/11/18;21.675;21.675;21.32;21.515;7431988
FR0000120644;01/11/18;62.33;63.56;62.33;62.78;1342129
FR0000120644;02/11/18;63.29;63.52;62.58;62.94;1406577
FR0000120644;05/11/18;63.00;63.58;62.95;63.33;901065
FR0000120644;06/11/18;63.34;63.35;62.63;62.92;1145078
FR0000120644;07/11/18;62.99;63.63;62.74;63.02;1057102
FR0000120644;08/11/18;63.04;63.62;62.91;63.35;1005274
FR0000120644;09/11/18;64.27;65.61;63.60;65.61;2901646
FR0000120644;12/11/18;66.00;66.40;65.45;65.98;2228227
FR0000120644;13/11/18;66.44;66.73;66.04;66.53;2144453
FR0000120644;14/11/18;66.34;66.34;65.26;65.26;1952415
FR0000120644;15/11/18;65.62;65.83;64.68;65.20;1785886
FR0000120644;16/11/18;65.29;65.63;64.23;65.10;1998296
FR0000120644;19/11/18;65.08;65.59;64.56;64.71;1322564
FR0000120644;20/11/18;64.51;65.23;64.46;64.98;1779424
FR0000120644;21/11/18;65.11;65.59;64.93;65.42;1819873
FR0000120644;22/11/18;65.24;65.54;65.01;65.28;1000675
FR0000120644;23/11/18;65.30;66.05;64.83;65.87;1266728
FR0000120644;26/11/18;66.19;66.58;65.56;65.82;1182464
FR0000120644;27/11/18;66.00;66.72;65.99;66.41;1586386
FR0000120644;28/11/18;65.18;65.43;64.64;65.42;2227525
FR0000120644;29/11/18;65.75;66.43;65.45;65.54;1350361
FR0000120644;30/11/18;65.65;66.44;65.53;66.06;2004629
FR0000120693;01/11/18;134.45;136.20;133.65;136.20;652747
FR0000120693;02/11/18;136.85;137.30;136.25;136.95;556219
FR0000120693;05/11/18;137.00;138.35;136.55;137.95;429878
FR0000120693;06/11/18;138.60;138.65;137.65;138.30;364964
FR0000120693;07/11/18;138.40;140.85;138.30;140.85;526220
FR0000120693;08/11/18;140.80;141.80;140.15;141.20;485074
FR0000120693;09/11/18;140.75;142.40;140.20;142.40;499026
FR0000120693;12/11/18;142.85;143.90;142.35;143.05;589585
FR0000120693;13/11/18;143.70;145.55;143.45;145.00;675017
FR0000120693;14/11/18;143.30;143.75;139.20;139.20;993571
FR0000120693;15/11/18;140.45;140.85;137.60;138.95;513586
FR0000120693;16/11/18;138.75;140.65;138.45;140.40;407800
FR0000120693;19/11/18;140.45;141.40;139.70;139.85;266516
FR0000120693;20/11/18;139.50;140.70;139.05;140.05;449234
FR0000120693;21/11/18;140.45;140.70;138.35;140.50;889399
FR0000120693;22/11/18;140.60;141.65;139.85;140.05;351454
FR0000120693;23/11/18;140.40;141.10;139.30;141.00;244997
FR0000120693;26/11/18;141.30;141.80;139.75;140.50;405607
FR0000120693;27/11/18;140.35;142.40;140.30;141.75;430158
FR0000120693;28/11/18;141.40;141.60;139.95;140.50;367304
FR0000120693;29/11/18;141.50;142.80;139.95;140.35;445409
FR0000120693;30/11/18;140.35;141.95;139.90;141.20;574911
FR0000121014;01/11/18;268.80;270.15;264.95;269.80;624593
FR0000121014;02/11/18;280.00;280.70;276.20;279.05;1161486
FR0000121014;05/11/18;277.20;278.60;275.95;277.70;494009
FR0000121014;06/11/18;277.70;277.70;273.00;273.00;569103
FR0000121014;07/11/18;274.80;278.80;274.05;276.25;671832
FR0000121014;08/11/18;276.50;276.50;269.60;271.00;622981
FR0000121014;09/11/18;268.00;268.00;262.80;266.00;768709
FR0000121014;12/11/18;266.75;267.00;263.05;263.45;518351
FR0000121014;13/11/18;265.00;270.00;263.60;269.70;734584
FR0000121014;14/11/18;267.65;271.50;264.30;268.10;568127
FR0000121014;15/11/18;270.55;270.80;262.60;265.40;577762
FR0000121014;16/11/18;266.00;268.70;262.35;264.25;658945
FR0000121014;19/11/18;265.90;266.55;258.80;259.25;665625
FR0000121014;20/11/18;257.40;257.80;251.95;253.85;879353
FR0000121014;21/11/18;256.60;261.10;254.75;260.65;744474
FR0000121014;22/11/18;259.30;261.15;257.50;258.50;384126
FR0000121014;23/11/18;258.80;260.10;255.60;258.45;506587
FR0000121014;26/11/18;261.10;263.70;256.60;256.60;714275
FR0000121014;27/11/18;257.50;258.35;252.75;254.20;639670
FR0000121014;28/11/18;256.00;258.95;253.75;256.55;784546
FR0000121014;29/11/18;259.05;260.70;255.65;256.50;663043
FR0000121014;30/11/18;257.65;257.65;249.75;252.55;1194021
FR0000121220;01/11/18;90.36;90.92;89.94;90.70;309183
FR0000121220;02/11/18;91.42;91.96;86.26;87.00;523375
FR0000121220;05/11/18;86.82;87.66;85.60;86.06;305721
FR0000121220;06/11/18;86.12;87.08;86.00;86.40;389673
FR0000121220;07/11/18;86.52;87.92;86.22;87.84;355326
FR0000121220;08/11/18;90.00;96.50;90.00;92.74;1012542
FR0000121220;09/11/18;92.02;95.48;91.80;93.70;603756
FR0000121220;12/11/18;93.78;96.24;93.00;94.92;525614
FR0000121220;13/11/18;95.50;96.14;93.46;94.70;491422
FR0000121220;14/11/18;94.54;95.36;93.78;94.44;392046
FR0000121220;15/11/18;94.44;94.92;92.82;93.06;308321
FR0000121220;16/11/18;91.80;92.58;90.08;91.50;369567
FR0000121220;19/11/18;91.38;92.24;91.12;91.40;213447
FR0000121220;20/11/18;91.06;91.88;90.68;90.98;313146
FR0000121220;21/11/18;91.38;93.10;90.90;92.60;322484
FR0000121220;22/11/18;92.44;93.08;90.82;91.44;231476
FR0000121220;23/11/18;91.48;91.82;90.52;91.62;182356
FR0000121220;26/11/18;92.00;92.86;91.68;92.38;228821
FR0000121220;27/11/18;92.26;92.72;91.48;92.12;199268
FR0000121220;28/11/18;92.12;92.20;91.38;91.80;219445
FR0000121220;29/11/18;92.30;92.74;90.92;91.22;226345
FR0000121220;30/11/18;90.00;91.74;88.50;91.44;377697
FR0000121261;01/11/18;89.74;92.12;88.96;90.58;716709
FR0000121261;02/11/18;92.96;94.70;91.66;91.68;800343
FR0000121261;05/11/18;91.70;91.78;89.42;89.60;653521
FR0000121261;06/11/18;89.86;90.36;88.72;89.70;508251
FR0000121261;07/11/18;89.84;92.32;89.72;91.00;691474
FR0000121261;08/11/18;91.80;91.92;90.56;91.00;671087
FR0000121261;09/11/18;90.88;90.92;88.88;89.66;661470
FR0000121261;12/11/18;90.02;90.28;87.10;87.38;642878
FR0000121261;13/11/18;87.34;88.80;87.14;88.66;851236
FR0000121261;14/11/18;88.52;92.46;88.28;90.24;945132
FR0000121261;15/11/18;90.54;90.60;87.88;89.70;764668
FR0000121261;16/11/18;89.98;90.96;89.06;89.06;690537
FR0000121261;19/11/18;89.24;90.72;88.76;88.94;675749
FR0000121261;20/11/18;88.82;89.68;87.36;89.00;645234
FR0000121261;21/11/18;89.74;91.32;89.10;91.14;600379
FR0000121261;22/11/18;90.80;91.56;89.80;90.98;320452
FR0000121261;23/11/18;90.88;92.62;90.70;91.76;415990
FR0000121261;26/11/18;92.36;94.96;92.22;94.68;750087
FR0000121261;27/11/18;94.82;94.98;90.76;91.00;1013001
FR0000121261;28/11/18;91.40;91.72;89.70;91.22;595234
FR0000121261;29/11/18;92.18;92.46;91.02;91.94;524208
FR0000121261;30/11/18;92.00;92.42;89.98;92.42;816761
FR0000121329;01/11/18;112.60;113.50;112.35;113.00;278685
FR0000121329;02/11/18;114.25;115.50;113.95;114.30;286126
FR0000121329;05/11/18;114.40;114.40;112.25;112.80;186265
FR0000121329;06/11/18;113.50;115.25;112.25;114.70;323848
FR0000121329;07/11/18;115.40;116.00;114.25;114.35;301086
FR0000121329;08/11/18;114.65;116.25;114.20;114.20;293082
FR0000121329;09/11/18;114.05;114.20;111.55;113.60;252590
FR0000121329;12/11/18;114.00;115.15;112.95;113.60;221464
FR0000121329;13/11/18;113.80;115.20;113.75;114.75;193666
FR0000121329;14/11/18;114.05;114.60;112.40;112.65;296131
FR0000121329;15/11/18;113.75;114.20;111.55;111.55;322721
FR0000121329;16/11/18;112.05;112.95;110.90;111.65;247882
FR0000121329;19/11/18;112.00;112.55;110.05;110.05;222085
FR0000121329;20/11/18;109.50;110.05;107.80;108.65;269935
FR0000121329;21/11/18;108.95;110.75;108.00;110.25;296685
FR0000121329;22/11/18;109.95;110.45;108.95;109.05;154939
FR0000121329;23/11/18;108.45;108.85;107.00;108.20;289165
FR0000121329;26/11/18;108.95;109.70;108.95;109.55;231455
FR0000121329;27/11/18;109.35;110.35;107.90;108.30;234473
FR0000121329;28/11/18;108.35;109.35;107.35;107.55;209150
FR0000121329;29/11/18;108.60;109.05;107.25;107.25;279091
FR0000121329;30/11/18;107.65;108.45;107.05;108.30;576422
FR0000121485;01/11/18;393.10;399.20;390.30;399.00;334738
FR0000121485;02/11/18;416.60;427.30;415.80;421.00;628978
FR0000121485;05/11/18;421.00;421.00;409.00;410.00;291010
FR0000121485;06/11/18;412.10;414.00;406.90;409.90;210032
FR0000121485;07/11/18;411.30;415.40;408.60;411.50;187099
FR0000121485;08/11/18;412.40;413.40;403.60;407.40;225854
FR0000121485;09/11/18;386.00;398.30;383.10;393.20;340250
FR0000121485;12/11/18;395.90;397.40;388.00;388.70;189375
FR0000121485;13/11/18;389.80;402.20;388.10;400.80;281073
FR0000121485;14/11/18;396.60;404.50;390.70;397.60;238715
FR0000121485;15/11/18;401.30;403.00;387.40;392.90;225870
FR0000121485;16/11/18;395.30;399.20;386.50;389.60;224806
FR0000121485;19/11/18;391.50;396.00;381.90;382.60;182300
FR0000121485;20/11/18;380.10;381.00;369.10;374.20;284952
FR0000121485;21/11/18;377.70;383.00;373.80;383.00;238216
FR0000121485;22/11/18;381.50;390.50;380.50;388.00;218044
FR0000121485;23/11/18;388.00;391.50;386.70;390.30;174542
FR0000121485;26/11/18;394.80;397.20;385.20;389.60;190977
FR0000121485;27/11/18;390.90;392.40;383.70;387.40;193243
FR0000121485;28/11/18;388.40;396.90;385.70;387.90;212681
FR0000121485;29/11/18;393.00;396.60;387.10;388.70;216176
FR0000121485;30/11/18;389.10;389.20;381.00;384.00;358029
FR0000121501;01/11/18;21.00;21.40;20.70;20.81;2249823
FR0000121501;02/11/18;21.39;21.98;21.06;21.06;2198302
FR0000121501;05/11/18;21.01;21.30;20.83;20.83;1648033
FR0000121501;06/11/18;20.98;21.15;20.81;20.83;1624120
FR0000121501;07/11/18;20.85;21.46;20.85;21.21;2090492
FR0000121501;08/11/18;21.35;21.52;21.02;21.11;2212389
FR0000121501;09/11/18;21.00;21.22;20.52;20.68;2481705
FR0000121501;12/11/18;20.72;20.90;20.50;20.57;1500371
FR0000121501;13/11/18;20.61;20.92;20.38;20.64;3013344
FR0000121501;14/11/18;20.57;21.37;20.52;20.88;2900954
FR0000121501;15/11/18;20.96;20.96;19.58;19.785;4358352
FR0000121501;16/11/18;20.00;20.28;19.72;19.82;3284851
FR0000121501;19/11/18;19.815;20.08;19.52;19.755;2749536
FR0000121501;20/11/18;19.515;19.57;19.005;19.365;3006118
FR0000121501;21/11/18;19.52;19.74;19.185;19.51;1898102
FR0000121501;22/11/18;19.45;19.55;19.175;19.30;1468941
FR0000121501;23/11/18;19.21;19.41;19.01;19.30;1827531
FR0000121501;26/11/18;19.39;19.695;19.22;19.28;2239094
FR0000121501;27/11/18;19.27;19.395;18.91;19.235;3299230
FR0000121501;28/11/18;19.40;19.475;19.105;19.325;3406768
FR0000121501;29/11/18;19.46;19.73;19.37;19.47;2164365
FR0000121501;30/11/18;19.51;19.51;19.09;19.40;3577268
FR0000121667;01/11/18;120.80;122.60;120.75;122.00;760818
FR0000121667;02/11/18;122.90;123.20;120.30;120.55;657444
FR0000121667;05/11/18;120.95;121.30;119.55;120.80;468120
FR0000121667;06/11/18;121.15;121.25;118.80;120.00;464248
FR0000121667;07/11/18;120.45;121.45;120.10;120.85;518653
FR0000121667;08/11/18;120.90;121.45;119.65;120.05;543208
FR0000121667;09/11/18;119.85;120.60;119.45;120.20;785156
FR0000121667;12/11/18;120.70;121.00;118.55;118.65;500183
FR0000121667;13/11/18;119.15;120.35;118.15;119.25;461805
FR0000121667;14/11/18;118.65;120.35;118.15;119.65;617451
FR0000121667;15/11/18;120.40;120.50;116.80;117.65;825834
FR0000121667;16/11/18;118.10;118.50;115.95;117.65;1113441
FR0000121667;19/11/18;117.80;118.10;115.00;115.00;896007
FR0000121667;20/11/18;114.60;114.60;111.00;111.30;1108303
FR0000121667;21/11/18;110.80;110.85;109.05;109.75;1082055
FR0000121667;22/11/18;109.35;110.30;109.05;109.10;561281
FR0000121667;23/11/18;109.10;109.55;108.50;109.55;574106
FR0000121667;26/11/18;109.95;110.65;109.00;110.30;710677
FR0000121667;27/11/18;110.00;110.40;107.15;108.65;1090879
FR0000121667;28/11/18;109.20;109.30;107.20;107.80;969661
FR0000121667;29/11/18;108.55;112.80;108.40;111.65;1436714
FR0000121667;30/11/18;111.90;112.25;110.80;112.15;4264060
FR0000121972;01/11/18;63.88;64.82;63.12;63.86;1478511
FR0000121972;02/11/18;64.80;66.06;64.36;64.84;2265307
FR0000121972;05/11/18;64.78;64.78;63.82;64.04;1491776
FR0000121972;06/11/18;64.26;64.58;63.52;63.90;1389423
FR0000121972;07/11/18;64.14;65.02;64.14;64.82;1546600
FR0000121972;08/11/18;64.96;65.04;64.08;64.60;1451817
FR0000121972;09/11/18;64.30;64.42;63.26;63.88;1759791
FR0000121972;12/11/18;64.32;64.68;62.36;62.78;1634369
FR0000121972;13/11/18;63.10;64.06;62.96;63.76;1509486
FR0000121972;14/11/18;63.36;64.28;62.56;63.54;1618391
FR0000121972;15/11/18;64.18;64.80;63.92;64.36;2637722
FR0000121972;16/11/18;64.56;65.02;63.52;63.96;2083029
FR0000121972;19/11/18;63.90;64.90;63.40;63.40;1578125
FR0000121972;20/11/18;62.98;63.30;62.16;62.88;1904452
FR0000121972;21/11/18;63.56;63.56;62.66;63.48;1220412
FR0000121972;22/11/18;63.02;63.14;61.92;62.24;1412205
FR0000121972;23/11/18;62.08;62.68;62.00;62.46;883872
FR0000121972;26/11/18;63.00;63.90;62.90;63.62;1294056
FR0000121972;27/11/18;63.40;63.64;62.38;63.00;1620177
FR0000121972;28/11/18;63.40;63.92;63.04;63.42;1106616
FR0000121972;29/11/18;64.00;64.88;63.90;64.34;1399873
FR0000121972;30/11/18;64.70;64.74;63.92;64.28;1397676
FR0000124141;01/11/18;17.625;17.90;17.54;17.61;1381354
FR0000124141;02/11/18;18.10;18.195;17.55;17.565;2414581
FR0000124141;05/11/18;17.59;17.865;17.585;17.865;1963166
FR0000124141;06/11/18;17.88;17.995;17.665;17.95;2041245
FR0000124141;07/11/18;18.275;18.495;18.12;18.455;3277596
FR0000124141;08/11/18;18.50;18.73;18.435;18.495;1747180
FR0000124141;09/11/18;18.45;18.99;18.385;18.89;2858888
FR0000124141;12/11/18;18.875;18.89;18.425;18.575;2255862
FR0000124141;13/11/18;18.58;18.705;18.42;18.645;1620366
FR0000124141;14/11/18;18.645;18.865;18.41;18.58;2304892
FR0000124141;15/11/18;18.60;18.75;18.185;18.39;3094989
FR0000124141;16/11/18;18.41;18.555;18.305;18.495;2279586
FR0000124141;19/11/18;18.54;18.695;18.47;18.47;1267785
FR0000124141;20/11/18;18.475;18.68;18.38;18.545;2159283
FR0000124141;21/11/18;18.665;18.805;18.435;18.785;2096961
FR0000124141;22/11/18;18.665;18.675;18.41;18.41;1284694
FR0000124141;23/11/18;18.425;18.67;18.385;18.61;1242758
FR0000124141;26/11/18;18.665;18.995;18.61;18.77;1477641
FR0000124141;27/11/18;18.72;18.96;18.67;18.96;1506374
FR0000124141;28/11/18;18.895;19.12;18.895;18.995;1411478
FR0000124141;29/11/18;19.045;19.055;18.69;18.74;1440134
FR0000124141;30/11/18;18.76;18.835;18.555;18.775;1715402
FR0000125007;01/11/18;33.17;33.675;32.875;33.355;1533793
FR0000125007;02/11/18;33.72;33.95;32.84;32.905;2395169
FR0000125007;05/11/18;32.995;33.045;32.36;32.47;2075117
FR0000125007;06/11/18;32.655;32.68;32.13;32.25;1568137
FR0000125007;07/11/18;32.455;33.015;32.43;32.65;2773909
FR0000125007;08/11/18;32.825;33.235;32.18;32.31;2890217
FR0000125007;09/11/18;32.155;32.22;31.64;31.89;1854185
FR0000125007;12/11/18;32.00;32.11;31.04;31.10;2216458
FR0000125007;13/11/18;31.16;31.815;31.145;31.585;1889096
FR0000125007;14/11/18;31.445;32.245;31.185;31.705;1698981
FR0000125007;15/11/18;32.10;32.14;31.27;31.60;1660492
FR0000125007;16/11/18;31.695;32.125;31.22;31.445;1837393
FR0000125007;19/11/18;31.45;31.955;31.155;31.255;1617515
FR0000125007;20/11/18;31.105;31.175;30.66;30.93;1758171
FR0000125007;21/11/18;31.16;31.315;30.78;31.155;1619824
FR0000125007;22/11/18;31.005;31.365;30.74;31.145;1069094
FR0000125007;23/11/18;31.15;31.955;31.135;31.77;2094141
FR0000125007;26/11/18;32.75;33.61;32.505;33.06;3293737
FR0000125007;27/11/18;33.05;33.215;32.695;33.195;2112903
FR0000125007;28/11/18;33.31;33.335;32.81;32.935;1721894
FR0000125007;29/11/18;33.235;33.39;32.755;32.88;1384889
FR0000125007;30/11/18;32.98;32.98;32.43;32.735;2226668
FR0000125338;01/11/18;107.65;108.80;106.25;108.10;524226
FR0000125338;02/11/18;109.85;111.65;109.65;110.95;787635
FR0000125338;05/11/18;110.85;110.85;106.40;106.40;766986
FR0000125338;06/11/18;107.20;108.30;105.35;106.20;450001
FR0000125338;07/11/18;106.40;109.00;106.10;109.00;552455
FR0000125338;08/11/18;109.20;110.35;109.05;110.00;479283
FR0000125338;09/11/18;109.75;110.80;109.45;109.60;576314
FR0000125338;12/11/18;109.95;110.25;106.70;106.70;592652
FR0000125338;13/11/18;106.60;107.95;105.20;107.15;439734
FR0000125338;14/11/18;106.25;108.35;105.10;105.65;546762
FR0000125338;15/11/18;106.30;106.80;103.50;103.50;694044
FR0000125338;16/11/18;103.55;105.00;101.80;102.80;763742
FR0000125338;19/11/18;103.40;104.80;101.80;102.15;439523
FR0000125338;20/11/18;101.20;101.95;97.80;99.92;825918
FR0000125338;21/11/18;100.60;101.00;98.28;99.76;574984
FR0000125338;22/11/18;99.82;100.50;99.00;99.84;290464
FR0000125338;23/11/18;99.82;101.05;98.70;101.05;350208
FR0000125338;26/11/18;101.50;103.50;101.35;103.50;589777
FR0000125338;27/11/18;103.40;103.40;101.00;102.55;446924
FR0000125338;28/11/18;102.80;104.15;102.50;103.80;431087
FR0000125338;29/11/18;105.20;106.35;102.75;102.85;513067
FR0000125338;30/11/18;103.30;104.05;102.10;103.05;643317
FR0000125486;01/11/18;78.92;79.62;78.54;78.68;919318
FR0000125486;02/11/18;79.60;79.70;77.88;77.94;1117261
FR0000125486;05/11/18;78.12;78.64;77.78;78.34;752338
FR0000125486;06/11/18;78.04;78.16;77.04;77.44;819529
FR0000125486;07/11/18;77.88;79.50;77.88;79.32;1034589
FR0000125486;08/11/18;79.28;79.54;78.38;78.56;779907
FR0000125486;09/11/18;78.16;79.44;78.16;78.84;1010969
FR0000125486;12/11/18;79.08;79.24;77.96;78.02;777119
FR0000125486;13/11/18;78.38;78.94;77.64;78.20;953896
FR0000125486;14/11/18;77.84;79.36;77.16;78.22;1044117
FR0000125486;15/11/18;78.84;79.36;77.22;77.38;1161162
FR0000125486;16/11/18;77.60;78.24;76.16;77.10;1179890
FR0000125486;19/11/18;77.66;78.64;76.76;76.80;956508
FR0000125486;20/11/18;76.70;76.94;75.60;76.38;1125240
FR0000125486;21/11/18;76.66;77.28;76.12;77.02;1134360
FR0000125486;22/11/18;76.76;77.12;76.28;76.62;791656
FR0000125486;23/11/18;76.68;77.50;76.10;76.86;780809
FR0000125486;26/11/18;77.26;78.58;77.18;78.54;1319495
FR0000125486;27/11/18;78.38;78.96;77.82;78.16;1068490
FR0000125486;28/11/18;78.74;79.30;77.94;77.96;1107078
FR0000125486;29/11/18;78.46;78.86;77.46;77.58;985253
FR0000125486;30/11/18;77.96;77.96;76.74;77.10;1646434
FR0000127771;01/11/18;21.34;21.69;21.25;21.40;3538952
FR0000127771;02/11/18;21.65;22.22;21.64;21.87;4154909
FR0000127771;05/11/18;21.80;21.92;21.52;21.52;2717642
FR0000127771;06/11/18;21.60;21.61;21.29;21.42;2211046
FR0000127771;07/11/18;21.50;21.73;21.46;21.55;2873815
FR0000127771;08/11/18;21.51;21.75;21.45;21.68;2442285
FR0000127771;09/11/18;21.62;21.72;21.33;21.41;2334896
FR0000127771;12/11/18;21.51;21.68;21.37;21.48;2546285
FR0000127771;13/11/18;21.45;21.64;21.38;21.49;1799015
FR0000127771;14/11/18;21.38;21.62;21.15;21.32;3549519
FR0000127771;15/11/18;21.58;21.58;20.94;21.02;4183573
FR0000127771;16/11/18;22.00;22.39;21.61;21.67;7619637
FR0000127771;19/11/18;21.97;22.00;21.64;21.64;2918278
FR0000127771;20/11/18;21.52;21.52;21.08;21.09;4905207
FR0000127771;21/11/18;21.19;21.54;21.05;21.53;3676778
FR0000127771;22/11/18;21.42;21.42;21.10;21.10;2126840
FR0000127771;23/11/18;21.36;21.51;21.16;21.23;1767096
FR0000127771;26/11/18;21.39;21.72;21.31;21.72;2775908
FR0000127771;27/11/18;21.67;21.90;21.61;21.88;2089807
FR0000127771;28/11/18;21.92;22.17;21.89;21.95;2555516
FR0000127771;29/11/18;22.02;22.46;22.02;22.29;3602624
FR0000127771;30/11/18;22.34;22.43;21.93;22.00;3156410
FR0000130577;01/11/18;51.26;52.22;51.20;51.78;477633
FR0000130577;02/11/18;52.28;52.60;52.04;52.26;785731
FR0000130577;05/11/18;52.02;52.36;51.92;51.98;478177
FR0000130577;06/11/18;52.24;53.18;51.96;52.94;765144
FR0000130577;07/11/18;53.26;53.72;52.50;52.86;373123
FR0000130577;08/11/18;52.90;53.50;52.20;52.34;545729
FR0000130577;09/11/18;52.42;52.70;51.82;52.34;446991
FR0000130577;12/11/18;52.60;53.22;51.92;52.62;624666
FR0000130577;13/11/18;52.96;53.10;52.20;52.48;666336
FR0000130577;14/11/18;52.20;52.94;51.80;52.28;640002
FR0000130577;15/11/18;52.54;52.76;51.38;52.20;700412
FR0000130577;16/11/18;52.20;53.16;52.20;52.98;801111
FR0000130577;19/11/18;52.98;53.48;52.78;52.82;587827
FR0000130577;20/11/18;52.44;52.92;52.14;52.42;542140
FR0000130577;21/11/18;52.66;52.96;52.34;52.50;774875
FR0000130577;22/11/18;52.42;52.42;51.68;51.70;450364
FR0000130577;23/11/18;51.76;52.26;51.62;51.80;472336
FR0000130577;26/11/18;52.16;52.58;51.96;52.46;932227
FR0000130577;27/11/18;52.30;53.08;52.30;52.98;461682
FR0000130577;28/11/18;52.96;53.18;52.66;53.00;393894
FR0000130577;29/11/18;53.36;53.88;52.64;52.70;389487
FR0000130577;30/11/18;52.90;52.96;52.22;52.36;873199
FR0000130650;01/11/18;110.55;110.90;107.10;109.45;414890
FR0000130650;02/11/18;110.85;111.85;108.15;109.05;360381
FR0000130650;05/11/18;108.25;108.80;106.70;107.00;385707
FR0000130650;06/11/18;107.95;108.05;105.75;107.15;365981
FR0000130650;07/11/18;107.75;110.75;107.45;110.75;443119
FR0000130650;08/11/18;111.35;112.55;110.55;111.05;360487
FR0000130650;09/11/18;110.50;112.50;110.35;111.80;367351
FR0000130650;12/11/18;112.25;112.50;108.85;108.85;382566
FR0000130650;13/11/18;109.20;110.30;107.75;109.00;269189
FR0000130650;14/11/18;108.00;109.10;106.15;106.90;463335
FR0000130650;15/11/18;107.30;108.95;106.55;107.50;418565
FR0000130650;16/11/18;107.80;109.25;106.80;108.90;429429
FR0000130650;19/11/18;108.75;109.75;105.05;105.35;279810
FR0000130650;20/11/18;104.10;104.10;100.60;103.20;637781
FR0000130650;21/11/18;103.90;104.00;101.85;103.05;464854
FR0000130650;22/11/18;102.85;103.15;101.70;101.75;248359
FR0000130650;23/11/18;101.70;102.05;100.30;101.40;450209
FR0000130650;26/11/18;101.95;104.00;101.60;102.80;320350
FR0000130650;27/11/18;102.80;103.10;100.90;102.60;277911
FR0000130650;28/11/18;103.10;106.40;103.00;106.10;476592
FR0000130650;29/11/18;107.55;109.10;106.95;107.40;509723
FR0000130650;30/11/18;107.80;107.80;105.55;106.00;1670870
FR0000130809;01/11/18;32.495;32.89;32.37;32.68;3651690
FR0000130809;02/11/18;33.095;33.565;33.045;33.13;5618021
FR0000130809;05/11/18;33.135;33.375;33.01;33.215;2682860
FR0000130809;06/11/18;33.215;33.29;32.87;33.065;2600768
FR0000130809;07/11/18;33.205;33.485;33.00;33.16;3590026
FR0000130809;08/11/18;34.00;34.55;33.705;33.87;6164429
FR0000130809;09/11/18;33.63;33.82;33.15;33.69;3753546
FR0000130809;12/11/18;33.905;33.915;33.16;33.205;3021958
FR0000130809;13/11/18;33.33;33.755;33.185;33.66;3629649
FR0000130809;14/11/18;33.50;33.89;33.225;33.475;3619942
FR0000130809;15/11/18;33.63;33.755;32.845;33.235;4184212
FR0000130809;16/11/18;33.355;33.535;32.80;33.095;4461399
FR0000130809;19/11/18;33.195;33.515;32.985;33.03;2863018
FR0000130809;20/11/18;32.96;33.00;32.15;32.325;4117958
FR0000130809;21/11/18;32.60;32.965;32.45;32.745;3020455
FR0000130809;22/11/18;32.65;32.745;32.12;32.47;2396568
FR0000130809;23/11/18;32.60;32.905;32.39;32.54;1793866
FR0000130809;26/11/18;32.80;33.535;32.80;33.24;3921694
FR0000130809;27/11/18;33.205;33.435;32.81;33.01;2662091
FR0000130809;28/11/18;33.105;33.385;32.84;32.91;2333766
FR0000130809;29/11/18;33.11;33.275;32.705;32.83;3175232
FR0000130809;30/11/18;32.86;32.90;32.18;32.46;4075039
FR0000131104;01/11/18;45.60;46.695;45.60;46.255;5037962
FR0000131104;02/11/18;46.91;47.395;46.525;46.605;4950331
FR0000131104;05/11/18;46.615;46.88;46.335;46.47;2665589
FR0000131104;06/11/18;46.48;46.655;46.075;46.43;2952380
FR0000131104;07/11/18;46.565;47.01;46.565;46.745;3873638
FR0000131104;08/11/18;46.80;47.18;46.36;46.80;4011145
FR0000131104;09/11/18;46.33;46.64;45.685;46.365;3442445
FR0000131104;12/11/18;46.60;46.60;45.52;45.595;3833196
FR0000131104;13/11/18;45.795;46.355;45.575;46.225;3850120
FR0000131104;14/11/18;46.035;46.555;45.46;46.045;3969640
FR0000131104;15/11/18;46.275;46.41;45.13;45.495;4729385
FR0000131104;16/11/18;45.705;46.085;44.875;45.195;5208591
FR0000131104;19/11/18;45.355;45.78;45.235;45.285;3244791
FR0000131104;20/11/18;45.16;45.245;44.285;44.305;4197264
FR0000131104;21/11/18;44.655;45.025;44.39;44.79;3603115
FR0000131104;22/11/18;44.56;44.605;43.725;44.285;3524320
FR0000131104;23/11/18;44.505;44.85;44.11;44.36;2517027
FR0000131104;26/11/18;44.86;45.745;44.855;45.34;5098594
FR0000131104;27/11/18;45.35;45.56;44.725;45.085;3667016
FR0000131104;28/11/18;45.20;45.355;44.59;44.755;3626844
FR0000131104;29/11/18;45.155;45.295;44.605;44.775;3517826
FR0000131104;30/11/18;44.915;44.915;44.02;44.375;3434868
FR0000131906;01/11/18;66.00;67.41;65.76;65.97;847606
FR0000131906;02/11/18;67.41;68.93;66.27;66.27;1600675
FR0000131906;05/11/18;66.40;66.84;65.54;65.93;928883
FR0000131906;06/11/18;66.10;66.23;65.06;65.23;893728
FR0000131906;07/11/18;65.36;66.25;64.64;64.99;980052
FR0000131906;08/11/18;65.28;65.95;64.47;65.52;1382359
FR0000131906;09/11/18;65.56;65.75;64.71;64.94;971720
FR0000131906;12/11/18;65.35;65.54;64.46;64.73;693695
FR0000131906;13/11/18;64.75;66.27;64.75;65.78;1148077
FR0000131906;14/11/18;65.51;66.73;65.27;65.69;1130260
FR0000131906;15/11/18;65.72;66.17;64.62;65.23;1353441
FR0000131906;16/11/18;65.58;66.18;64.37;64.50;985029
FR0000131906;19/11/18;64.63;65.55;54.80;59.06;8591157
FR0000131906;20/11/18;58.70;58.77;56.22;58.36;3185714
FR0000131906;21/11/18;59.50;60.12;58.25;59.00;2169168
FR0000131906;22/11/18;59.24;59.72;58.16;59.10;1462081
FR0000131906;23/11/18;60.10;62.23;60.05;60.45;2139093
FR0000131906;26/11/18;61.35;62.82;61.35;62.10;1689147
FR0000131906;27/11/18;62.46;62.50;60.96;61.59;1728266
FR0000131906;28/11/18;61.96;62.83;61.73;61.98;1186202
FR0000131906;29/11/18;62.17;62.89;61.93;62.40;1383433
FR0000131906;30/11/18;62.80;62.90;60.95;62.05;1973287
FR0000133308;01/11/18;13.79;14.18;13.785;14.045;7473204
FR0000133308;02/11/18;14.10;14.10;13.90;13.955;6867565
FR0000133308;05/11/18;13.945;14.21;13.90;14.16;7692439
FR0000133308;06/11/18;14.24;14.245;14.01;14.09;7050351
FR0000133308;07/11/18;14.105;14.495;14.105;14.495;12211972
FR0000133308;08/11/18;14.425;14.63;14.415;14.63;9079136
FR0000133308;09/11/18;14.57;14.68;14.55;14.63;6345700
FR0000133308;12/11/18;14.66;14.675;14.495;14.51;7426180
FR0000133308;13/11/18;14.615;14.66;14.54;14.63;5752233
FR0000133308;14/11/18;14.575;14.845;14.525;14.705;7297225
FR0000133308;15/11/18;14.72;14.81;14.51;14.625;8006363
FR0000133308;16/11/18;14.62;14.665;14.475;14.66;8369337
FR0000133308;19/11/18;14.655;14.755;14.64;14.67;5089280
FR0000133308;20/11/18;14.645;14.65;14.455;14.535;7988467
FR0000133308;21/11/18;14.63;14.845;14.55;14.675;9678006
FR0000133308;22/11/18;14.63;14.79;14.50;14.645;6475548
FR0000133308;23/11/18;14.645;14.685;14.57;14.635;4457502
FR0000133308;26/11/18;14.71;14.96;14.635;14.89;10895020
FR0000133308;27/11/18;14.865;15.045;14.835;15.00;12259850
FR0000133308;28/11/18;15.005;15.145;14.845;14.955;14469327
FR0000133308;29/11/18;15.085;15.215;14.955;15.02;8216395
FR0000133308;30/11/18;14.995;15.185;14.96;15.16;16157845
FR0010208488;01/11/18;11.745;12.055;11.73;11.97;9092633
FR0010208488;02/11/18;12.045;12.075;11.91;11.91;6240046
FR0010208488;05/11/18;11.945;12.10;11.92;12.055;4785738
FR0010208488;06/11/18;12.06;12.08;11.91;12.02;5206727
FR0010208488;07/11/18;12.10;12.52;12.075;12.445;8705266
FR0010208488;08/11/18;12.445;12.525;12.22;12.275;8779103
FR0010208488;09/11/18;12.24;12.575;12.23;12.575;7761052
FR0010208488;12/11/18;12.595;12.60;12.475;12.545;4636591
FR0010208488;13/11/18;12.535;12.64;12.415;12.545;4789416
FR0010208488;14/11/18;12.51;12.62;12.275;12.50;7344364
FR0010208488;15/11/18;12.52;12.54;12.06;12.16;8614820
FR0010208488;16/11/18;12.175;12.295;12.115;12.20;6807612
FR0010208488;19/11/18;12.245;12.315;12.18;12.195;4065400
FR0010208488;20/11/18;12.18;12.25;12.115;12.16;5705697
FR0010208488;21/11/18;12.225;12.34;12.125;12.32;6445517
FR0010208488;22/11/18;12.265;12.30;12.145;12.145;4325790
FR0010208488;23/11/18;12.15;12.19;12.06;12.09;3530684
FR0010208488;26/11/18;12.19;12.44;12.18;12.44;6584553
FR0010208488;27/11/18;12.48;12.685;12.445;12.67;7871539
FR0010208488;28/11/18;12.695;12.735;12.53;12.565;5981408
FR0010208488;29/11/18;12.66;12.695;12.445;12.49;5231900
FR0010208488;30/11/18;12.50;12.55;12.41;12.42;5180819
FR0010307819;01/11/18;57.74;58.20;57.24;57.52;520168
FR0010307819;02/11/18;57.94;58.48;57.00;57.12;794570
FR0010307819;05/11/18;57.04;57.52;56.74;56.98;523483
FR0010307819;06/11/18;57.34;57.34;56.76;57.10;484868
FR0010307819;07/11/18;57.46;58.14;57.42;58.02;536853
FR0010307819;08/11/18;56.20;56.56;55.32;55.60;1303798
FR0010307819;09/11/18;55.00;55.28;53.84;55.18;1487853
FR0010307819;12/11/18;55.18;55.50;53.76;53.78;859930
FR0010307819;13/11/18;53.74;54.68;53.64;54.64;674240
FR0010307819;14/11/18;54.50;54.50;52.94;53.00;1029063
FR0010307819;15/11/18;53.46;53.72;52.74;52.88;692995
FR0010307819;16/11/18;53.12;53.76;53.12;53.14;1013398
FR0010307819;19/11/18;53.22;53.72;52.90;53.04;677802
FR0010307819;20/11/18;52.88;53.54;52.70;53.14;989881
FR0010307819;21/11/18;53.64;53.64;53.00;53.58;584038
FR0010307819;22/11/18;53.28;53.52;53.16;53.20;433835
FR0010307819;23/11/18;53.06;53.32;52.74;53.28;428607
FR0010307819;26/11/18;53.58;54.20;53.46;53.72;581546
FR0010307819;27/11/18;53.60;53.98;53.44;53.70;585748
FR0010307819;28/11/18;53.74;54.18;53.42;53.98;531114
FR0010307819;29/11/18;54.58;54.86;53.92;54.04;743704
FR0010307819;30/11/18;54.28;54.36;53.68;54.10;790392
FR0013326246;01/11/18;158.80;160.64;157.70;160.16;344398
FR0013326246;02/11/18;159.78;162.18;159.60;159.60;317049
FR0013326246;05/11/18;159.00;159.50;157.60;158.06;357282
FR0013326246;06/11/18;159.14;159.24;157.38;158.80;291925
FR0013326246;07/11/18;158.90;161.34;158.78;159.90;278189
FR0013326246;08/11/18;159.08;160.56;157.92;159.66;244092
FR0013326246;09/11/18;160.90;161.88;159.52;161.80;342871
FR0013326246;12/11/18;162.48;162.48;159.08;159.50;329030
FR0013326246;13/11/18;160.24;161.68;160.04;161.02;279858
FR0013326246;14/11/18;159.68;162.00;159.10;159.98;377497
FR0013326246;15/11/18;160.50;162.28;157.80;158.48;340279
FR0013326246;16/11/18;158.76;159.70;155.00;157.22;579842
FR0013326246;19/11/18;157.50;158.82;155.08;155.66;361268
FR0013326246;20/11/18;155.18;155.40;153.02;153.96;410840
FR0013326246;21/11/18;155.00;157.02;153.62;156.52;418382
FR0013326246;22/11/18;155.80;156.86;154.58;155.16;296391
FR0013326246;23/11/18;155.90;157.32;154.92;157.00;279925
FR0013326246;26/11/18;158.82;160.42;157.26;157.50;335281
FR0013326246;27/11/18;158.02;160.48;157.46;158.96;425215
FR0013326246;28/11/18;159.98;160.52;157.20;157.64;364730
FR0013326246;29/11/18;158.82;159.32;153.22;154.66;481419
FR0013326246;30/11/18;154.36;154.36;149.08;151.84;843093
GB00BDSFG982;01/11/18;23.20;23.56;22.92;23.14;1497407
GB00BDSFG982;02/11/18;23.42;23.87;23.06;23.11;1287617
GB00BDSFG982;05/11/18;23.21;23.57;23.02;23.24;799633
GB00BDSFG982;06/11/18;23.38;23.39;23.05;23.09;859818
GB00BDSFG982;07/11/18;23.42;23.91;22.81;22.85;1471425
GB00BDSFG982;08/11/18;23.29;23.34;22.94;23.17;1584427
GB00BDSFG982;09/11/18;22.92;22.92;22.01;22.29;2165320
GB00BDSFG982;12/11/18;22.85;23.19;22.22;22.22;1278738
GB00BDSFG982;13/11/18;22.07;22.15;21.27;21.59;1909964
GB00BDSFG982;14/11/18;21.01;21.56;20.56;21.13;2385970
GB00BDSFG982;15/11/18;21.28;21.48;20.83;21.25;1529330
GB00BDSFG982;16/11/18;21.39;21.98;20.87;21.03;1250143
GB00BDSFG982;19/11/18;20.99;21.14;20.55;21.00;1605113
GB00BDSFG982;20/11/18;20.90;21.07;20.30;20.52;1904176
GB00BDSFG982;21/11/18;20.77;20.84;20.39;20.70;1215693
GB00BDSFG982;22/11/18;20.71;20.73;20.24;20.42;665389
GB00BDSFG982;23/11/18;20.38;20.61;19.46;19.85;1908952
GB00BDSFG982;26/11/18;20.24;21.05;20.20;20.89;1235880
GB00BDSFG982;27/11/18;20.68;21.06;20.58;20.99;1281511
GB00BDSFG982;28/11/18;20.63;20.86;20.26;20.47;1327528
GB00BDSFG982;29/11/18;20.54;21.12;20.45;20.83;1089546
GB00BDSFG982;30/11/18;20.93;20.97;20.37;20.48;1244762
LU1598757687;01/11/18;21.92;22.625;21.53;22.225;6623990
LU1598757687;02/11/18;23.12;23.50;22.285;22.285;8220268
LU1598757687;05/11/18;22.365;22.74;22.055;22.46;4420615
LU1598757687;06/11/18;22.46;22.695;22.375;22.455;4321233
LU1598757687;07/11/18;22.675;23.195;22.525;22.66;4088040
LU1598757687;08/11/18;22.68;22.94;22.625;22.80;5130728
LU1598757687;09/11/18;22.30;22.50;22.03;22.26;6309255
LU1598757687;12/11/18;22.59;22.825;21.71;21.75;4907980
LU1598757687;13/11/18;21.955;22.125;21.18;21.635;5405849
LU1598757687;14/11/18;21.45;21.82;20.93;21.53;5043715
LU1598757687;15/11/18;21.745;22.09;21.39;21.77;4477746
LU1598757687;16/11/18;21.855;21.995;21.495;21.765;5463017
LU1598757687;19/11/18;21.93;22.22;21.60;21.675;3754166
LU1598757687;20/11/18;21.405;21.475;20.405;20.68;6115264
LU1598757687;21/11/18;20.85;21.185;20.71;21.08;4571983
LU1598757687;22/11/18;21.025;21.115;20.455;20.58;3614205
LU1598757687;23/11/18;20.50;20.75;19.756;19.942;5461227
LU1598757687;26/11/18;20.07;20.305;19.78;20.305;5246337
LU1598757687;27/11/18;20.105;20.125;19.368;19.582;6533578
LU1598757687;28/11/18;19.74;19.866;19.504;19.668;5513302
LU1598757687;29/11/18;20.445;20.50;19.802;20.055;6749662
LU1598757687;30/11/18;20.14;20.17;19.59;20.015;6418025
NL0000226223;01/11/18;13.465;13.83;13.36;13.83;3375183
NL0000226223;02/11/18;13.98;14.395;13.76;13.785;3707740
NL0000226223;05/11/18;13.845;13.89;13.215;13.28;3270461
NL0000226223;06/11/18;13.375;13.575;13.11;13.425;2777183
NL0000226223;07/11/18;13.47;13.58;13.19;13.26;3000272
NL0000226223;08/11/18;13.30;13.425;12.865;13.10;3718733
NL0000226223;09/11/18;12.985;13.19;12.74;12.995;2696299
NL0000226223;12/11/18;13.205;13.30;12.125;12.125;6103690
NL0000226223;13/11/18;12.06;12.61;12.04;12.535;4652075
NL0000226223;14/11/18;12.315;12.66;12.08;12.445;3196608
NL0000226223;15/11/18;12.285;12.43;12.01;12.34;5207260
NL0000226223;16/11/18;12.295;12.39;12.00;12.195;4140287
NL0000226223;19/11/18;12.26;12.74;12.065;12.21;3681169
NL0000226223;20/11/18;11.925;12.14;11.66;11.975;4792200
NL0000226223;21/11/18;12.13;12.565;12.12;12.545;4171596
NL0000226223;22/11/18;12.415;12.49;12.25;12.375;2105556
NL0000226223;23/11/18;12.425;12.55;12.285;12.43;1828236
NL0000226223;26/11/18;12.595;12.995;12.555;12.775;3033201
NL0000226223;27/11/18;12.725;12.885;12.495;12.745;2676250
NL0000226223;28/11/18;12.735;12.915;12.64;12.675;2260835
NL0000226223;29/11/18;13.005;13.20;12.91;12.97;3317565
NL0000226223;30/11/18;13.005;13.065;12.745;12.93;3569346
NL0000235190;01/11/18;97.64;98.23;96.00;96.50;1878563
NL0000235190;02/11/18;97.29;98.77;95.39;95.61;1694118
NL0000235190;05/11/18;96.01;96.40;94.74;95.38;1217718
NL0000235190;06/11/18;96.00;96.99;95.56;95.85;1340977
NL0000235190;07/11/18;96.40;97.13;95.45;96.09;1152082
NL0000235190;08/11/18;96.09;96.84;95.40;95.65;1182886
NL0000235190;09/11/18;95.45;95.51;94.02;94.68;1236728
NL0000235190;12/11/18;94.90;95.66;94.21;94.39;973198
NL0000235190;13/11/18;94.57;96.85;94.55;96.42;1377906
NL0000235190;14/11/18;95.88;97.19;94.04;95.53;1460615
NL0000235190;15/11/18;96.36;96.49;93.27;93.86;1396280
NL0000235190;16/11/18;94.58;94.80;91.89;92.89;1497327
NL0000235190;19/11/18;92.90;93.96;92.41;92.57;1260960
NL0000235190;20/11/18;91.56;92.33;89.96;91.07;1772439
NL0000235190;21/11/18;91.98;93.21;90.73;93.17;1473760
NL0000235190;22/11/18;92.89;92.97;92.10;92.33;791079
NL0000235190;23/11/18;92.14;93.64;92.14;93.41;901392
NL0000235190;26/11/18;94.20;95.13;93.46;93.58;1261380
NL0000235190;27/11/18;93.83;94.16;93.16;93.70;1306476
NL0000235190;28/11/18;93.96;94.02;93.40;93.50;1231357
NL0000235190;29/11/18;94.00;95.42;93.97;94.86;1819874
NL0000235190;30/11/18;95.37;95.46;94.45;94.62;1370144
