BE0003470755;01/09/16;98.40;100.30;98.36;99.46;309470
BE0003470755;02/09/16;99.61;100.85;98.96;100.85;207498
BE0003470755;05/09/16;100.90;101.50;100.65;101.20;196240
BE0003470755;06/09/16;101.25;101.80;101.00;101.35;213720
BE0003470755;07/09/16;101.70;102.00;100.95;101.70;188146
BE0003470755;08/09/16;101.45;101.75;100.20;100.70;225112
BE0003470755;09/09/16;100.40;100.45;98.51;98.89;252859
BE0003470755;12/09/16;97.60;98.22;96.51;97.74;219412
BE0003470755;13/09/16;98.00;98.30;97.00;97.41;186855
BE0003470755;14/09/16;97.59;98.60;97.17;98.37;221939
BE0003470755;15/09/16;98.26;98.64;97.70;98.29;181430
BE0003470755;16/09/16;98.79;99.36;97.57;98.61;335691
BE0003470755;19/09/16;99.00;99.62;98.88;99.17;127322
BE0003470755;20/09/16;99.12;99.41;98.64;98.64;137241
BE0003470755;21/09/16;99.37;100.05;99.24;99.72;136319
BE0003470755;22/09/16;100.20;102.05;100.15;101.65;193008
BE0003470755;23/09/16;101.20;102.15;101.10;102.15;179862
BE0003470755;26/09/16;101.35;101.40;100.20;100.70;340074
BE0003470755;27/09/16;101.15;101.90;99.76;100.10;253085
BE0003470755;28/09/16;100.65;102.75;100.65;102.35;303377
BE0003470755;29/09/16;103.50;104.55;102.80;103.05;293222
BE0003470755;30/09/16;102.00;103.20;100.70;102.95;272467
CH0012214059;01/09/16;47.635;47.93;46.855;47.11;631538
CH0012214059;02/09/16;47.35;47.605;46.32;47.535;502273
CH0012214059;05/09/16;47.80;48.22;47.595;47.86;388160
CH0012214059;06/09/16;48.09;48.28;47.41;47.52;307464
CH0012214059;07/09/16;47.825;48.74;47.44;48.61;340026
CH0012214059;08/09/16;48.56;48.62;47.54;47.925;416008
CH0012214059;09/09/16;47.69;47.69;46.165;46.31;391275
CH0012214059;12/09/16;45.64;45.73;45.06;45.50;315629
CH0012214059;13/09/16;45.725;46.495;45.26;45.26;383245
CH0012214059;14/09/16;45.625;45.66;45.135;45.52;420658
CH0012214059;15/09/16;45.43;46.055;45.36;45.96;373527
CH0012214059;16/09/16;45.735;45.98;44.745;44.94;1133900
CH0012214059;19/09/16;45.48;45.945;45.335;45.785;248189
CH0012214059;20/09/16;45.745;46.02;45.49;45.705;214889
CH0012214059;21/09/16;46.005;47.035;46.005;46.985;397771
CH0012214059;22/09/16;47.30;49.06;47.30;48.975;451501
CH0012214059;23/09/16;48.945;48.945;48.295;48.455;255847
CH0012214059;26/09/16;48.00;48.075;47.34;47.34;352771
CH0012214059;27/09/16;47.915;48.00;46.87;47.625;386159
CH0012214059;28/09/16;47.65;48.815;47.65;48.26;308470
CH0012214059;29/09/16;49.00;49.44;48.37;48.52;367439
CH0012214059;30/09/16;47.81;48.33;47.375;48.055;423802
FR0000045072;01/09/16;8.555;8.739;8.443;8.516;8072812
FR0000045072;02/09/16;8.588;8.70;8.415;8.688;7500450
FR0000045072;05/09/16;8.732;8.789;8.616;8.683;4684290
FR0000045072;06/09/16;8.719;8.719;8.512;8.537;5035650
FR0000045072;07/09/16;8.539;8.638;8.402;8.621;5849845
FR0000045072;08/09/16;8.607;8.80;8.525;8.781;7720152
FR0000045072;09/09/16;8.737;8.945;8.693;8.786;6529108
FR0000045072;12/09/16;8.617;8.668;8.46;8.647;7404189
FR0000045072;13/09/16;8.701;8.733;8.481;8.496;4787654
FR0000045072;14/09/16;8.559;8.607;8.439;8.548;7420666
FR0000045072;15/09/16;8.511;8.71;8.472;8.705;7386461
FR0000045072;16/09/16;8.779;8.825;8.596;8.64;12084882
FR0000045072;19/09/16;8.70;8.738;8.601;8.609;5226076
FR0000045072;20/09/16;8.60;8.648;8.472;8.589;5655553
FR0000045072;21/09/16;8.764;8.946;8.75;8.841;9269590
FR0000045072;22/09/16;8.895;9.043;8.825;8.953;5953635
FR0000045072;23/09/16;8.912;8.939;8.812;8.877;3701205
FR0000045072;26/09/16;8.802;8.802;8.551;8.634;6156459
FR0000045072;27/09/16;8.699;8.74;8.43;8.543;6893011
FR0000045072;28/09/16;8.579;8.795;8.566;8.702;6438388
FR0000045072;29/09/16;8.805;8.852;8.646;8.695;4212526
FR0000045072;30/09/16;8.47;8.815;8.255;8.778;12824351
FR0000051732;01/09/16;88.27;89.67;88.27;89.05;179201
FR0000051732;02/09/16;89.21;90.05;88.91;90.00;198210
FR0000051732;05/09/16;90.13;90.60;89.62;89.76;111059
FR0000051732;06/09/16;89.61;90.14;89.31;89.75;164260
FR0000051732;07/09/16;89.69;90.43;89.63;90.10;177525
FR0000051732;08/09/16;90.05;90.65;89.40;89.90;185334
FR0000051732;09/09/16;89.57;90.97;89.35;90.40;238852
FR0000051732;12/09/16;89.05;90.37;88.35;90.27;275645
FR0000051732;13/09/16;91.00;92.18;89.79;89.94;375157
FR0000051732;14/09/16;90.05;90.66;89.91;90.36;230498
FR0000051732;15/09/16;90.30;90.97;89.82;90.97;261009
FR0000051732;16/09/16;90.94;91.31;90.06;90.96;382877
FR0000051732;19/09/16;91.78;92.98;91.67;92.64;209649
FR0000051732;20/09/16;92.58;92.74;92.11;92.11;183147
FR0000051732;21/09/16;94.25;96.55;94.25;94.91;359161
FR0000051732;22/09/16;95.43;96.63;95.13;96.15;189930
FR0000051732;23/09/16;95.95;95.96;94.93;95.02;261641
FR0000051732;26/09/16;95.83;97.68;94.58;94.90;341061
FR0000051732;27/09/16;95.83;95.83;93.41;95.16;216548
FR0000051732;28/09/16;95.26;96.20;95.26;96.17;178044
FR0000051732;29/09/16;97.00;97.17;95.00;95.24;271733
FR0000051732;30/09/16;94.25;96.09;93.62;95.92;254884
FR0000073272;01/09/16;62.82;63.59;62.63;62.81;868513
FR0000073272;02/09/16;63.15;64.18;62.96;64.06;692810
FR0000073272;05/09/16;64.15;64.65;63.87;64.60;610329
FR0000073272;06/09/16;64.66;65.01;64.42;64.61;696757
FR0000073272;07/09/16;64.92;65.22;64.18;64.51;692772
FR0000073272;08/09/16;64.60;65.07;63.79;64.63;826193
FR0000073272;09/09/16;64.54;64.91;64.43;64.69;856419
FR0000073272;12/09/16;63.98;64.13;63.17;63.79;965303
FR0000073272;13/09/16;64.08;64.49;63.87;63.87;794475
FR0000073272;14/09/16;64.19;64.28;63.57;63.78;1278189
FR0000073272;15/09/16;63.70;63.99;63.09;63.39;1214131
FR0000073272;16/09/16;63.19;63.75;62.60;63.04;2403006
FR0000073272;19/09/16;63.49;64.15;63.44;64.01;644434
FR0000073272;20/09/16;63.90;64.20;63.58;63.65;679110
FR0000073272;21/09/16;64.33;64.60;64.11;64.32;686437
FR0000073272;22/09/16;64.59;66.20;64.58;65.60;997710
FR0000073272;23/09/16;65.42;65.55;65.02;65.04;758428
FR0000073272;26/09/16;64.74;64.79;63.39;63.39;905537
FR0000073272;27/09/16;63.76;63.88;62.47;63.10;847869
FR0000073272;28/09/16;63.35;64.25;63.35;63.83;461032
FR0000073272;29/09/16;64.34;64.73;63.60;63.74;607941
FR0000073272;30/09/16;63.04;64.22;62.48;64.00;1109899
FR0000120073;01/09/16;89.6727;90.6273;88.6636;88.8091;726776
FR0000120073;02/09/16;89.4182;90.0909;88.6364;89.9455;837804
FR0000120073;05/09/16;89.9455;90.2273;89.6364;89.7273;432997
FR0000120073;06/09/16;89.90;90.4091;89.5546;89.6364;542944
FR0000120073;07/09/16;90.1545;90.2909;89.4545;89.7364;655087
FR0000120073;08/09/16;89.5909;89.7273;87.8091;88.3273;882396
FR0000120073;09/09/16;88.2727;88.4727;86.7818;86.9273;838147
FR0000120073;12/09/16;85.4545;86.4727;85.2636;86.0455;1039349
FR0000120073;13/09/16;86.3909;90.8091;85.9091;90.1818;3157917
FR0000120073;14/09/16;87.4545;90.1818;86.3182;89.00;2175342
FR0000120073;15/09/16;88.6364;89.0455;87.6636;88.1818;1595814
FR0000120073;16/09/16;88.1818;88.3364;87.2727;87.5091;2311492
FR0000120073;19/09/16;87.5455;88.4546;87.4455;88.1091;1690252
FR0000120073;20/09/16;87.7364;88.1818;87.30;87.30;1782050
FR0000120073;21/09/16;87.7364;88.0455;86.7091;86.9818;1668823
FR0000120073;22/09/16;87.20;88.8818;86.8273;88.5909;1876343
FR0000120073;23/09/16;88.3546;88.5818;87.1546;87.6364;1558134
FR0000120073;26/09/16;86.90;87.2727;85.5727;85.8546;1866529
FR0000120073;27/09/16;86.0909;86.4636;84.7455;85.7091;2325893
FR0000120073;28/09/16;85.70;87.4091;85.6636;87.0546;2428879
FR0000120073;29/09/16;88.0909;88.1909;86.5364;86.6727;942828
FR0000120073;30/09/16;85.9091;87.00;85.4636;86.7727;1250346
FR0000120172;01/09/16;22.69;23.04;22.58;22.725;3755785
FR0000120172;02/09/16;22.865;23.325;22.71;23.255;3606387
FR0000120172;05/09/16;23.30;23.45;23.165;23.215;2198875
FR0000120172;06/09/16;23.25;23.26;23.01;23.045;1982032
FR0000120172;07/09/16;23.165;23.435;22.98;23.425;2626123
FR0000120172;08/09/16;23.38;23.42;22.86;23.185;3199500
FR0000120172;09/09/16;23.155;23.31;22.69;22.81;2800339
FR0000120172;12/09/16;22.48;22.49;22.205;22.49;3403995
FR0000120172;13/09/16;22.645;22.66;22.20;22.245;4075338
FR0000120172;14/09/16;22.36;22.36;21.945;22.19;4296621
FR0000120172;15/09/16;22.11;22.33;21.89;22.085;3529713
FR0000120172;16/09/16;22.00;22.31;21.74;22.135;31610333
FR0000120172;19/09/16;22.40;22.76;22.305;22.65;5126554
FR0000120172;20/09/16;22.625;22.975;22.575;22.73;3303122
FR0000120172;21/09/16;22.925;23.08;22.685;22.71;2383101
FR0000120172;22/09/16;22.895;23.69;22.865;23.385;4148911
FR0000120172;23/09/16;23.40;23.51;23.25;23.45;2332051
FR0000120172;26/09/16;23.33;23.33;22.95;23.015;2302103
FR0000120172;27/09/16;23.205;23.21;22.785;22.935;2211345
FR0000120172;28/09/16;23.01;23.245;22.965;23.04;1840783
FR0000120172;29/09/16;23.25;23.465;22.98;23.055;2289273
FR0000120172;30/09/16;22.76;23.15;22.425;23.065;3286710
FR0000120271;01/09/16;42.895;43.19;42.285;42.55;4757945
FR0000120271;02/09/16;42.695;44.005;42.415;43.985;5633719
FR0000120271;05/09/16;43.90;44.955;43.835;44.27;4968762
FR0000120271;06/09/16;44.635;44.76;43.91;44.095;4101030
FR0000120271;07/09/16;43.89;44.675;43.865;44.605;4378917
FR0000120271;08/09/16;44.295;44.575;43.555;44.445;6135016
FR0000120271;09/09/16;44.34;44.35;43.705;43.855;4342612
FR0000120271;12/09/16;42.91;43.435;42.63;43.435;5156757
FR0000120271;13/09/16;43.325;43.52;42.00;42.00;6479837
FR0000120271;14/09/16;42.15;42.375;41.445;41.49;7291395
FR0000120271;15/09/16;41.37;41.57;40.905;41.51;7689720
FR0000120271;16/09/16;41.175;41.39;40.555;40.605;16574598
FR0000120271;19/09/16;41.00;41.795;40.945;41.685;6717333
FR0000120271;20/09/16;41.30;41.675;41.23;41.46;4699406
FR0000120271;21/09/16;41.93;42.05;41.355;41.525;4408983
FR0000120271;22/09/16;41.91;43.285;41.90;43.055;7651893
FR0000120271;23/09/16;42.87;43.00;42.40;42.535;5818834
FR0000120271;26/09/16;42.105;42.11;41.455;41.73;6263834
FR0000120271;27/09/16;41.47;41.51;40.53;40.77;6088801
FR0000120271;28/09/16;41.00;41.39;40.84;40.97;4333576
FR0000120271;29/09/16;42.975;43.12;42.46;42.67;7934813
FR0000120271;30/09/16;42.03;42.485;41.535;42.17;7665326
FR0000120321;01/09/16;168.90;170.30;167.75;168.65;549285
FR0000120321;02/09/16;169.20;174.65;169.00;174.55;539730
FR0000120321;05/09/16;175.00;175.55;173.70;173.75;338506
FR0000120321;06/09/16;173.90;174.30;172.45;173.75;421185
FR0000120321;07/09/16;172.95;174.20;172.80;173.50;456485
FR0000120321;08/09/16;173.15;173.75;170.30;170.45;508928
FR0000120321;09/09/16;170.00;170.35;166.60;167.15;594766
FR0000120321;12/09/16;165.10;167.55;164.30;167.25;600442
FR0000120321;13/09/16;168.10;168.80;165.45;165.50;401265
FR0000120321;14/09/16;166.40;166.65;164.80;164.90;490803
FR0000120321;15/09/16;164.80;166.35;164.45;166.00;539885
FR0000120321;16/09/16;165.65;166.50;163.95;164.60;1199279
FR0000120321;19/09/16;165.45;166.85;165.35;166.60;369424
FR0000120321;20/09/16;166.15;167.60;165.85;166.35;349360
FR0000120321;21/09/16;167.30;167.65;165.50;166.10;411406
FR0000120321;22/09/16;167.40;170.25;166.90;169.70;665852
FR0000120321;23/09/16;169.00;170.00;168.55;169.00;353632
FR0000120321;26/09/16;168.10;168.20;166.30;166.65;456439
FR0000120321;27/09/16;167.90;168.65;166.90;167.55;433051
FR0000120321;28/09/16;168.45;169.60;167.75;168.45;382823
FR0000120321;29/09/16;169.55;169.90;167.20;167.65;354474
FR0000120321;30/09/16;166.25;168.60;164.85;168.10;580712
FR0000120404;01/09/16;33.825;34.545;33.825;34.33;1225510
FR0000120404;02/09/16;35.24;35.74;35.065;35.56;1912888
FR0000120404;05/09/16;35.77;36.28;35.70;35.88;1288663
FR0000120404;06/09/16;35.905;36.055;35.50;35.785;1120305
FR0000120404;07/09/16;35.925;36.145;35.445;35.98;1111894
FR0000120404;08/09/16;36.005;36.38;35.695;36.145;1192028
FR0000120404;09/09/16;35.955;36.21;35.705;35.805;1002304
FR0000120404;12/09/16;35.235;35.34;34.52;34.835;1733609
FR0000120404;13/09/16;35.015;35.17;34.59;34.745;1262107
FR0000120404;14/09/16;34.83;34.99;34.49;34.87;1138848
FR0000120404;15/09/16;34.675;35.53;34.675;35.395;1210362
FR0000120404;16/09/16;35.235;35.38;34.815;34.925;2543556
FR0000120404;19/09/16;34.925;35.45;34.765;35.375;803930
FR0000120404;20/09/16;35.28;35.50;35.04;35.275;644156
FR0000120404;21/09/16;35.695;35.805;35.12;35.14;856888
FR0000120404;22/09/16;35.36;35.845;35.255;35.505;967711
FR0000120404;23/09/16;35.415;36.10;35.415;35.995;948848
FR0000120404;26/09/16;35.60;35.635;34.885;34.98;1494715
FR0000120404;27/09/16;35.16;35.36;34.43;35.035;1203685
FR0000120404;28/09/16;35.135;35.75;35.135;35.275;988935
FR0000120404;29/09/16;35.64;35.955;35.22;35.335;874566
FR0000120404;30/09/16;34.85;35.415;34.40;35.31;1219126
FR0000120503;01/09/16;28.415;28.67;28.17;28.45;1473433
FR0000120503;02/09/16;28.505;29.145;28.385;29.12;1082789
FR0000120503;05/09/16;29.175;29.395;28.675;28.815;885223
FR0000120503;06/09/16;28.825;29.075;28.775;28.915;710541
FR0000120503;07/09/16;28.93;29.11;28.70;28.97;667224
FR0000120503;08/09/16;29.00;29.11;28.65;29.015;805750
FR0000120503;09/09/16;28.87;29.095;28.66;28.76;712438
FR0000120503;12/09/16;28.315;28.50;28.025;28.50;868313
FR0000120503;13/09/16;28.52;28.585;27.91;27.92;1014614
FR0000120503;14/09/16;28.055;28.205;27.965;28.04;635486
FR0000120503;15/09/16;27.95;28.295;27.92;28.08;844102
FR0000120503;16/09/16;28.01;29.09;27.90;28.87;2757658
FR0000120503;19/09/16;29.00;29.32;28.40;28.685;1275048
FR0000120503;20/09/16;28.60;29.04;28.475;28.915;776326
FR0000120503;21/09/16;29.045;29.34;28.925;28.965;673547
FR0000120503;22/09/16;29.10;29.635;29.06;29.56;1001101
FR0000120503;23/09/16;29.49;29.645;29.205;29.62;677459
FR0000120503;26/09/16;29.395;29.44;28.865;29.245;733457
FR0000120503;27/09/16;29.355;29.46;28.805;29.04;619728
FR0000120503;28/09/16;29.035;29.40;29.00;29.34;754387
FR0000120503;29/09/16;29.56;29.73;29.41;29.545;747200
FR0000120503;30/09/16;29.20;29.585;28.94;29.495;791513
FR0000120578;01/09/16;69.10;69.43;68.15;68.37;2390781
FR0000120578;02/09/16;68.70;70.47;68.62;70.25;2510996
FR0000120578;05/09/16;70.49;70.74;69.99;69.99;1241185
FR0000120578;06/09/16;69.94;70.30;69.74;70.08;1667927
FR0000120578;07/09/16;70.00;70.41;69.45;70.40;2093523
FR0000120578;08/09/16;70.95;71.47;70.16;71.17;2907581
FR0000120578;09/09/16;71.14;71.16;70.24;70.35;1894175
FR0000120578;12/09/16;69.28;70.00;68.85;69.95;2329224
FR0000120578;13/09/16;70.41;70.66;69.30;69.30;2318859
FR0000120578;14/09/16;69.92;70.14;69.23;69.82;3499141
FR0000120578;15/09/16;69.41;69.59;68.59;68.97;3429465
FR0000120578;16/09/16;68.97;69.57;68.33;69.01;5957778
FR0000120578;19/09/16;69.50;69.97;69.37;69.63;2139403
FR0000120578;20/09/16;69.00;70.42;68.91;69.83;2326895
FR0000120578;21/09/16;70.51;70.60;68.48;68.69;2363612
FR0000120578;22/09/16;68.79;69.14;67.81;68.93;3337074
FR0000120578;23/09/16;68.55;68.91;68.12;68.45;2351803
FR0000120578;26/09/16;68.06;68.17;67.39;67.59;2577779
FR0000120578;27/09/16;68.00;68.61;67.39;67.94;2683076
FR0000120578;28/09/16;68.14;68.83;68.05;68.32;2047863
FR0000120578;29/09/16;68.80;69.16;67.77;68.03;1786545
FR0000120578;30/09/16;67.47;67.91;66.72;67.64;3317193
FR0000120628;01/09/16;18.87;19.445;18.865;19.015;10035852
FR0000120628;02/09/16;19.18;19.345;18.845;19.30;7168730
FR0000120628;05/09/16;19.445;19.56;19.255;19.325;5198246
FR0000120628;06/09/16;19.40;19.52;19.165;19.18;5316848
FR0000120628;07/09/16;19.25;19.455;19.025;19.365;5309906
FR0000120628;08/09/16;19.335;19.70;19.05;19.615;7820866
FR0000120628;09/09/16;19.57;19.98;19.47;19.825;8304499
FR0000120628;12/09/16;19.425;19.60;19.07;19.265;7718810
FR0000120628;13/09/16;19.37;19.43;18.66;18.66;7802582
FR0000120628;14/09/16;18.82;18.835;18.475;18.51;8099791
FR0000120628;15/09/16;18.44;19.02;18.355;18.97;10511333
FR0000120628;16/09/16;18.94;19.05;18.51;18.57;13355342
FR0000120628;19/09/16;18.75;18.985;18.67;18.86;5653784
FR0000120628;20/09/16;18.91;19.00;18.72;18.75;4597711
FR0000120628;21/09/16;19.10;19.53;19.09;19.26;7523855
FR0000120628;22/09/16;19.38;19.975;19.335;19.77;10009934
FR0000120628;23/09/16;19.625;19.77;19.505;19.77;5749944
FR0000120628;26/09/16;19.59;19.60;18.87;18.89;10557859
FR0000120628;27/09/16;19.05;19.08;18.42;18.64;9390273
FR0000120628;28/09/16;18.675;19.01;18.675;18.785;6156570
FR0000120628;29/09/16;19.03;19.15;18.65;18.72;4520685
FR0000120628;30/09/16;18.38;18.975;17.98;18.94;11467043
FR0000120644;01/09/16;68.47;68.84;67.66;67.93;1403409
FR0000120644;02/09/16;68.19;70.53;68.05;70.25;1994601
FR0000120644;05/09/16;70.34;70.50;69.95;70.05;846417
FR0000120644;06/09/16;69.50;69.59;69.14;69.26;1459450
FR0000120644;07/09/16;69.66;70.07;69.36;69.78;1304984
FR0000120644;08/09/16;69.53;69.58;68.01;68.25;1894923
FR0000120644;09/09/16;67.75;67.80;66.23;66.58;2209686
FR0000120644;12/09/16;65.55;66.27;65.32;66.24;1507602
FR0000120644;13/09/16;66.88;66.90;64.86;64.91;2334544
FR0000120644;14/09/16;65.40;65.52;64.66;64.74;2196650
FR0000120644;15/09/16;64.53;64.87;64.15;64.67;1560669
FR0000120644;16/09/16;64.60;64.79;63.90;63.92;3732965
FR0000120644;19/09/16;64.51;64.79;64.25;64.70;1464670
FR0000120644;20/09/16;64.73;66.09;64.59;65.02;1800162
FR0000120644;21/09/16;65.84;66.36;65.29;65.29;1695155
FR0000120644;22/09/16;65.65;67.08;65.44;66.55;1565037
FR0000120644;23/09/16;66.37;66.74;65.89;66.08;1434245
FR0000120644;26/09/16;65.60;65.83;65.30;65.55;1151904
FR0000120644;27/09/16;65.97;66.27;65.60;65.98;1058974
FR0000120644;28/09/16;65.99;66.62;65.72;65.94;1035359
FR0000120644;29/09/16;66.21;66.55;65.71;65.84;815692
FR0000120644;30/09/16;65.22;66.08;64.63;66.05;1898801
FR0000120693;01/09/16;104.45;106.00;103.85;105.30;866556
FR0000120693;02/09/16;105.20;106.95;104.55;106.95;706812
FR0000120693;05/09/16;107.80;107.95;106.85;106.85;445315
FR0000120693;06/09/16;106.85;107.35;106.30;106.90;394698
FR0000120693;07/09/16;106.90;107.40;106.15;107.15;388355
FR0000120693;08/09/16;106.95;107.30;105.20;105.70;369040
FR0000120693;09/09/16;105.25;105.50;103.95;104.10;351509
FR0000120693;12/09/16;102.75;104.05;102.30;104.00;341637
FR0000120693;13/09/16;105.25;105.25;102.85;102.85;366910
FR0000120693;14/09/16;103.15;103.35;102.10;102.10;457339
FR0000120693;15/09/16;102.05;103.45;102.05;103.15;402107
FR0000120693;16/09/16;102.65;103.60;102.20;102.20;761804
FR0000120693;19/09/16;103.15;104.00;102.85;103.65;365630
FR0000120693;20/09/16;103.45;104.45;103.45;104.20;333952
FR0000120693;21/09/16;105.00;105.40;104.30;104.70;322574
FR0000120693;22/09/16;105.45;106.80;105.20;106.35;310225
FR0000120693;23/09/16;106.10;106.50;105.20;106.35;299315
FR0000120693;26/09/16;105.75;106.05;105.10;105.80;320374
FR0000120693;27/09/16;106.50;106.85;105.40;105.65;340089
FR0000120693;28/09/16;105.80;106.50;105.25;105.35;372323
FR0000120693;29/09/16;106.05;106.45;104.95;105.10;349492
FR0000120693;30/09/16;104.25;105.60;103.70;105.35;392715
FR0000121014;01/09/16;151.95;153.90;151.65;152.60;605721
FR0000121014;02/09/16;153.10;156.45;152.50;156.20;643309
FR0000121014;05/09/16;157.00;157.00;155.20;155.45;370374
FR0000121014;06/09/16;155.80;157.20;155.15;156.15;565287
FR0000121014;07/09/16;155.95;156.60;154.40;156.45;586356
FR0000121014;08/09/16;156.30;156.80;152.70;154.10;668804
FR0000121014;09/09/16;153.60;154.70;151.10;152.20;659465
FR0000121014;12/09/16;149.90;152.00;148.85;152.00;683344
FR0000121014;13/09/16;152.50;153.30;150.80;150.80;564674
FR0000121014;14/09/16;149.60;149.90;147.10;147.40;1175687
FR0000121014;15/09/16;147.15;148.75;146.40;147.65;691216
FR0000121014;16/09/16;147.15;148.45;145.75;146.65;1556396
FR0000121014;19/09/16;147.90;149.75;147.60;149.05;649834
FR0000121014;20/09/16;148.70;151.00;148.30;150.05;491431
FR0000121014;21/09/16;151.35;151.90;149.80;150.20;369258
FR0000121014;22/09/16;151.50;155.45;151.20;154.20;845731
FR0000121014;23/09/16;153.55;153.95;152.60;153.75;534423
FR0000121014;26/09/16;153.10;153.15;151.05;151.75;524416
FR0000121014;27/09/16;153.00;153.20;150.50;151.85;577866
FR0000121014;28/09/16;152.80;154.00;152.00;152.40;435720
FR0000121014;29/09/16;153.65;154.20;150.60;150.70;479949
FR0000121014;30/09/16;149.15;152.30;147.95;151.80;743922
FR0000121220;01/09/16;104.25;105.10;104.00;104.75;153860
FR0000121220;02/09/16;104.85;106.05;103.50;106.00;313640
FR0000121220;05/09/16;106.40;106.85;105.65;106.55;130104
FR0000121220;06/09/16;106.55;106.75;105.30;105.65;139956
FR0000121220;07/09/16;105.95;106.45;105.20;106.10;161485
FR0000121220;08/09/16;106.05;106.90;104.90;104.90;242224
FR0000121220;09/09/16;104.90;105.10;103.05;103.25;152321
FR0000121220;12/09/16;102.25;102.60;101.45;102.10;195137
FR0000121220;13/09/16;102.45;103.15;101.75;101.80;143545
FR0000121220;14/09/16;101.85;102.70;101.35;101.35;192725
FR0000121220;15/09/16;101.35;102.60;101.10;102.30;162246
FR0000121220;16/09/16;101.80;102.50;101.05;101.90;419884
FR0000121220;19/09/16;103.75;105.65;103.60;104.40;321534
FR0000121220;20/09/16;104.35;105.35;104.05;104.45;211088
FR0000121220;21/09/16;105.15;105.50;104.15;104.30;167957
FR0000121220;22/09/16;104.95;105.35;104.60;104.80;146406
FR0000121220;23/09/16;104.60;105.35;104.30;105.35;158675
FR0000121220;26/09/16;104.85;104.85;103.70;103.75;179603
FR0000121220;27/09/16;104.55;104.75;103.30;104.50;159131
FR0000121220;28/09/16;104.70;105.85;104.65;105.20;93251
FR0000121220;29/09/16;106.75;107.50;105.55;105.75;162080
FR0000121220;30/09/16;104.50;106.15;103.75;106.00;209615
FR0000121261;01/09/16;95.20;96.47;94.22;94.82;632661
FR0000121261;02/09/16;95.11;96.23;94.70;96.00;402690
FR0000121261;05/09/16;96.00;96.48;95.66;95.77;409044
FR0000121261;06/09/16;95.94;96.41;95.27;95.89;348490
FR0000121261;07/09/16;96.00;98.66;96.00;98.22;744657
FR0000121261;08/09/16;98.26;98.90;96.60;97.54;559225
FR0000121261;09/09/16;97.13;97.91;96.75;97.02;427054
FR0000121261;12/09/16;95.56;95.75;93.98;95.13;725766
FR0000121261;13/09/16;95.42;95.93;94.66;94.68;318289
FR0000121261;14/09/16;95.00;95.30;94.27;94.35;434127
FR0000121261;15/09/16;94.23;95.50;93.49;95.33;588886
FR0000121261;16/09/16;95.09;95.97;94.13;94.33;853827
FR0000121261;19/09/16;94.93;96.20;94.80;95.40;286096
FR0000121261;20/09/16;95.28;96.68;95.12;95.74;320829
FR0000121261;21/09/16;97.00;97.21;95.98;96.09;320526
FR0000121261;22/09/16;96.71;98.18;96.11;97.23;367977
FR0000121261;23/09/16;97.19;97.78;96.88;97.46;397373
FR0000121261;26/09/16;96.66;96.86;95.59;96.29;405737
FR0000121261;27/09/16;96.71;97.39;96.00;97.39;605730
FR0000121261;28/09/16;97.74;99.53;97.70;99.23;533250
FR0000121261;29/09/16;99.26;100.30;97.85;98.08;807152
FR0000121261;30/09/16;97.01;98.88;96.29;98.46;611549
FR0000121485;01/09/16;170.45;172.70;170.05;171.00;156745
FR0000121485;02/09/16;171.70;176.10;171.55;175.85;213756
FR0000121485;05/09/16;176.20;176.65;174.75;174.90;158019
FR0000121485;06/09/16;175.25;175.80;174.20;174.35;178434
FR0000121485;07/09/16;174.90;176.85;174.15;176.25;176589
FR0000121485;08/09/16;176.40;178.90;176.15;177.55;402576
FR0000121485;09/09/16;176.55;178.05;174.70;175.50;151697
FR0000121485;12/09/16;172.90;174.90;171.35;174.90;182902
FR0000121485;13/09/16;175.75;176.55;174.25;174.40;155484
FR0000121485;14/09/16;173.00;173.70;170.85;172.50;274529
FR0000121485;15/09/16;172.30;174.20;172.00;173.65;198261
FR0000121485;16/09/16;173.05;175.05;171.60;174.70;320779
FR0000121485;19/09/16;176.00;177.95;176.00;176.85;187885
FR0000121485;20/09/16;176.30;178.40;176.00;177.40;200847
FR0000121485;21/09/16;178.80;179.45;176.65;176.70;137970
FR0000121485;22/09/16;177.60;183.65;177.30;183.45;304617
FR0000121485;23/09/16;182.40;183.30;181.35;182.25;193884
FR0000121485;26/09/16;180.00;181.00;178.90;179.90;246824
FR0000121485;27/09/16;184.00;184.35;177.20;178.95;309027
FR0000121485;28/09/16;179.90;181.45;179.25;179.50;142479
FR0000121485;29/09/16;180.75;181.60;177.00;177.40;180609
FR0000121485;30/09/16;176.05;179.70;174.20;179.55;212506
FR0000121501;01/09/16;13.325;13.77;13.32;13.44;5594750
FR0000121501;02/09/16;13.54;13.81;13.35;13.81;4750125
FR0000121501;05/09/16;13.85;13.98;13.72;13.84;3109689
FR0000121501;06/09/16;13.885;14.00;13.765;13.785;2977553
FR0000121501;07/09/16;13.775;13.925;13.65;13.86;2657616
FR0000121501;08/09/16;13.895;13.97;13.505;13.75;4153035
FR0000121501;09/09/16;13.69;13.935;13.61;13.735;2767680
FR0000121501;12/09/16;13.42;13.49;13.185;13.49;3889416
FR0000121501;13/09/16;13.57;13.68;13.335;13.35;2191436
FR0000121501;14/09/16;13.38;13.40;13.12;13.185;2856736
FR0000121501;15/09/16;13.15;13.33;13.09;13.245;3058703
FR0000121501;16/09/16;13.155;13.345;12.97;13.03;5330567
FR0000121501;19/09/16;13.13;13.43;13.13;13.35;2481691
FR0000121501;20/09/16;13.35;13.41;13.215;13.30;2935039
FR0000121501;21/09/16;13.445;13.67;13.415;13.525;3031570
FR0000121501;22/09/16;13.60;13.87;13.565;13.725;3177532
FR0000121501;23/09/16;13.71;13.72;13.455;13.525;2785802
FR0000121501;26/09/16;13.41;13.41;13.125;13.225;3570129
FR0000121501;27/09/16;13.335;13.44;13.045;13.205;3435143
FR0000121501;28/09/16;13.285;13.66;13.275;13.565;3225749
FR0000121501;29/09/16;13.70;13.775;13.43;13.445;2551447
FR0000121501;30/09/16;13.195;13.63;13.02;13.595;3963876
FR0000121667;01/09/16;114.05;114.45;112.15;112.35;449669
FR0000121667;02/09/16;112.85;116.45;112.70;116.45;462761
FR0000121667;05/09/16;116.70;117.30;116.20;116.60;292042
FR0000121667;06/09/16;116.90;117.65;116.65;117.00;426758
FR0000121667;07/09/16;117.25;117.25;116.05;116.75;301727
FR0000121667;08/09/16;116.75;117.15;114.65;116.35;414773
FR0000121667;09/09/16;116.15;116.50;115.50;115.85;458489
FR0000121667;12/09/16;114.45;115.70;114.20;115.40;449401
FR0000121667;13/09/16;116.10;117.00;114.20;114.20;423354
FR0000121667;14/09/16;115.05;115.50;114.15;114.45;396384
FR0000121667;15/09/16;114.35;114.80;113.70;114.55;395862
FR0000121667;16/09/16;114.30;115.20;113.05;113.45;1038216
FR0000121667;19/09/16;114.45;115.20;114.10;115.05;327456
FR0000121667;20/09/16;115.25;116.60;115.20;115.50;382192
FR0000121667;21/09/16;116.65;116.90;115.75;115.90;346623
FR0000121667;22/09/16;116.75;119.15;116.45;118.45;569619
FR0000121667;23/09/16;117.95;118.95;117.70;118.40;369058
FR0000121667;26/09/16;117.85;117.95;116.45;116.45;395678
FR0000121667;27/09/16;116.85;117.25;115.70;116.55;366126
FR0000121667;28/09/16;116.95;117.80;116.45;116.75;259332
FR0000121667;29/09/16;117.50;117.55;114.40;114.55;446461
FR0000121667;30/09/16;113.40;115.30;112.80;114.80;501676
FR0000121972;01/09/16;61.51;62.13;60.93;61.20;1221211
FR0000121972;02/09/16;61.60;62.86;61.35;62.83;1669227
FR0000121972;05/09/16;62.94;63.05;62.57;62.64;798458
FR0000121972;06/09/16;62.88;63.07;61.99;62.03;1019132
FR0000121972;07/09/16;62.28;62.62;61.90;62.28;948730
FR0000121972;08/09/16;62.31;62.37;60.36;60.84;1538065
FR0000121972;09/09/16;60.63;60.88;59.20;59.40;1652429
FR0000121972;12/09/16;58.30;59.62;57.97;59.50;2301623
FR0000121972;13/09/16;59.72;60.17;59.31;59.38;1667583
FR0000121972;14/09/16;59.81;59.97;59.11;59.11;1619505
FR0000121972;15/09/16;59.00;59.77;58.84;59.61;1423352
FR0000121972;16/09/16;59.41;59.87;58.50;59.49;3201187
FR0000121972;19/09/16;60.01;60.73;60.01;60.47;1157477
FR0000121972;20/09/16;60.43;60.95;60.19;60.27;964865
FR0000121972;21/09/16;60.92;61.32;60.70;61.00;1011625
FR0000121972;22/09/16;61.93;63.59;61.90;63.13;1952825
FR0000121972;23/09/16;62.91;63.09;62.62;62.96;1132289
FR0000121972;26/09/16;62.61;62.70;61.98;62.29;1548424
FR0000121972;27/09/16;62.78;62.78;61.62;61.98;1182271
FR0000121972;28/09/16;62.22;63.18;62.19;62.33;868452
FR0000121972;29/09/16;62.71;63.43;61.77;61.83;1468317
FR0000121972;30/09/16;61.09;62.34;60.45;62.06;2089889
FR0000124141;01/09/16;19.125;19.32;19.07;19.20;2092091
FR0000124141;02/09/16;19.285;20.165;19.285;20.14;4948642
FR0000124141;05/09/16;20.23;20.655;20.16;20.49;2808624
FR0000124141;06/09/16;20.51;20.745;20.495;20.635;2278166
FR0000124141;07/09/16;20.665;20.975;20.64;20.775;2383310
FR0000124141;08/09/16;20.735;20.93;20.54;20.745;2283867
FR0000124141;09/09/16;20.71;20.885;20.55;20.61;2051829
FR0000124141;12/09/16;20.305;20.415;20.21;20.41;1898693
FR0000124141;13/09/16;20.50;20.61;20.175;20.22;1399842
FR0000124141;14/09/16;20.255;20.30;20.06;20.10;1756951
FR0000124141;15/09/16;20.135;20.285;20.00;20.11;1561755
FR0000124141;16/09/16;20.05;20.15;19.85;19.96;2940528
FR0000124141;19/09/16;20.08;20.46;20.03;20.32;1941905
FR0000124141;20/09/16;20.285;20.32;20.18;20.25;1588096
FR0000124141;21/09/16;20.45;20.56;20.205;20.25;1574645
FR0000124141;22/09/16;20.34;20.75;20.295;20.62;2038399
FR0000124141;23/09/16;20.30;20.365;20.165;20.30;4697609
FR0000124141;26/09/16;20.25;20.27;20.105;20.22;1395706
FR0000124141;27/09/16;20.30;20.325;20.125;20.25;1606686
FR0000124141;28/09/16;20.27;20.565;20.195;20.47;2185988
FR0000124141;29/09/16;20.635;20.82;20.39;20.485;1885540
FR0000124141;30/09/16;20.305;20.59;20.105;20.50;2542550
FR0000124711;01/09/16;246.35;249.05;245.40;245.80;235592
FR0000124711;02/09/16;247.00;249.90;245.95;248.80;254583
FR0000124711;05/09/16;250.00;250.00;247.45;248.50;197324
FR0000124711;06/09/16;248.80;249.85;248.40;249.25;137599
FR0000124711;07/09/16;250.00;250.55;248.20;250.15;183191
FR0000124711;08/09/16;249.80;250.30;245.80;248.00;260880
FR0000124711;09/09/16;247.85;248.50;241.20;241.20;268037
FR0000124711;12/09/16;237.30;239.20;236.60;238.40;301655
FR0000124711;13/09/16;239.75;240.40;235.85;235.85;244724
FR0000124711;14/09/16;236.95;237.25;235.20;235.20;250902
FR0000124711;15/09/16;235.00;235.40;232.80;233.25;244882
FR0000124711;16/09/16;233.85;235.05;230.70;232.45;656386
FR0000124711;19/09/16;234.45;235.90;233.60;235.45;184948
FR0000124711;20/09/16;235.30;239.35;234.55;237.90;297599
FR0000124711;21/09/16;240.50;240.50;235.80;236.10;169625
FR0000124711;22/09/16;238.00;242.85;237.90;241.85;261363
FR0000124711;23/09/16;244.00;244.25;242.15;243.60;280165
FR0000124711;26/09/16;242.50;242.80;239.20;241.30;250892
FR0000124711;27/09/16;243.55;244.35;239.85;243.10;228403
FR0000124711;28/09/16;243.50;244.45;241.90;242.60;166640
FR0000124711;29/09/16;243.40;244.70;239.60;240.15;194361
FR0000124711;30/09/16;237.75;241.05;235.55;240.00;343274
FR0000125007;01/09/16;39.34;39.94;39.245;39.43;1428865
FR0000125007;02/09/16;39.675;40.00;39.185;39.865;1502445
FR0000125007;05/09/16;39.90;40.00;39.72;39.735;766754
FR0000125007;06/09/16;39.955;39.96;39.46;39.50;949280
FR0000125007;07/09/16;39.64;39.87;39.39;39.705;914166
FR0000125007;08/09/16;39.78;39.785;38.975;39.28;1618521
FR0000125007;09/09/16;39.195;39.35;38.32;38.50;1756850
FR0000125007;12/09/16;37.84;38.065;37.535;38.065;1361354
FR0000125007;13/09/16;38.20;38.415;37.49;37.545;1386350
FR0000125007;14/09/16;37.82;38.07;37.475;37.495;1205840
FR0000125007;15/09/16;37.41;37.745;37.32;37.69;1591380
FR0000125007;16/09/16;37.595;37.835;37.04;37.565;3435623
FR0000125007;19/09/16;37.89;38.24;37.89;38.18;1280361
FR0000125007;20/09/16;38.14;38.385;37.97;38.065;1085550
FR0000125007;21/09/16;38.35;38.835;38.295;38.32;1207296
FR0000125007;22/09/16;38.68;39.50;38.68;39.17;2027307
FR0000125007;23/09/16;39.16;39.19;38.87;39.07;1347350
FR0000125007;26/09/16;38.865;38.865;38.00;38.00;1547865
FR0000125007;27/09/16;38.285;38.295;37.49;37.99;1685433
FR0000125007;28/09/16;38.145;38.65;38.145;38.45;1286925
FR0000125007;29/09/16;38.88;39.11;38.34;38.395;882830
FR0000125007;30/09/16;37.885;38.675;37.38;38.47;1755285
FR0000125338;01/09/16;87.58;88.64;87.46;88.19;446289
FR0000125338;02/09/16;88.50;89.26;87.75;89.14;401786
FR0000125338;05/09/16;89.48;89.52;88.56;88.73;330737
FR0000125338;06/09/16;88.85;88.91;87.81;88.21;347607
FR0000125338;07/09/16;88.58;88.95;88.10;88.45;376504
FR0000125338;08/09/16;88.22;88.83;86.98;87.79;484869
FR0000125338;09/09/16;87.52;87.57;86.47;86.94;406522
FR0000125338;12/09/16;85.58;85.73;84.52;85.73;470947
FR0000125338;13/09/16;86.50;86.73;85.26;85.43;461548
FR0000125338;14/09/16;85.92;86.32;85.54;85.84;349816
FR0000125338;15/09/16;85.55;85.66;84.82;85.24;393251
FR0000125338;16/09/16;84.86;85.29;84.19;85.29;735027
FR0000125338;19/09/16;85.95;87.63;85.95;87.28;474400
FR0000125338;20/09/16;87.25;87.42;86.87;86.87;263964
FR0000125338;21/09/16;87.25;87.65;86.72;86.94;371968
FR0000125338;22/09/16;87.66;88.24;87.59;87.77;350868
FR0000125338;23/09/16;87.60;87.64;87.02;87.64;482943
FR0000125338;26/09/16;87.33;87.62;86.85;87.16;593089
FR0000125338;27/09/16;88.49;88.70;85.97;87.14;625743
FR0000125338;28/09/16;87.54;88.32;87.52;87.79;453623
FR0000125338;29/09/16;88.35;88.67;86.75;87.48;673015
FR0000125338;30/09/16;86.46;87.77;85.69;87.18;582323
FR0000125486;01/09/16;68.24;68.93;67.93;68.25;1171283
FR0000125486;02/09/16;68.50;69.43;68.26;69.32;1248590
FR0000125486;05/09/16;69.30;69.50;68.80;68.82;848626
FR0000125486;06/09/16;69.11;69.35;68.90;69.03;929035
FR0000125486;07/09/16;69.24;69.49;68.93;69.32;1054701
FR0000125486;08/09/16;69.21;69.66;68.26;68.74;1283540
FR0000125486;09/09/16;68.63;68.89;66.96;67.28;1780869
FR0000125486;12/09/16;66.32;66.98;65.91;66.98;1487198
FR0000125486;13/09/16;67.31;67.47;66.37;66.39;1043890
FR0000125486;14/09/16;66.74;67.12;66.35;66.35;1440347
FR0000125486;15/09/16;66.08;66.85;65.90;66.76;1278616
FR0000125486;16/09/16;66.49;66.91;65.66;66.11;2652390
FR0000125486;19/09/16;66.77;67.49;66.59;67.38;1164032
FR0000125486;20/09/16;67.35;67.87;67.07;67.07;1079663
FR0000125486;21/09/16;67.63;68.03;66.97;67.02;925016
FR0000125486;22/09/16;67.68;69.19;67.64;68.80;1592415
FR0000125486;23/09/16;68.73;68.78;68.26;68.69;1021196
FR0000125486;26/09/16;68.28;68.28;67.51;67.70;1011654
FR0000125486;27/09/16;67.94;68.14;67.08;67.69;816849
FR0000125486;28/09/16;67.91;68.70;67.90;67.97;876036
FR0000125486;29/09/16;68.55;68.89;67.70;67.76;743542
FR0000125486;30/09/16;67.05;68.47;66.52;68.12;1621669
FR0000127771;01/09/16;17.34;17.57;17.34;17.525;3132296
FR0000127771;02/09/16;17.60;17.965;17.54;17.965;3790626
FR0000127771;05/09/16;18.00;18.14;17.955;18.005;2252451
FR0000127771;06/09/16;18.005;18.05;17.875;17.95;2244618
FR0000127771;07/09/16;17.995;18.035;17.87;18.025;2051232
FR0000127771;08/09/16;17.99;18.06;17.76;17.98;2670465
FR0000127771;09/09/16;17.97;17.97;17.635;17.69;2917712
FR0000127771;12/09/16;17.44;17.515;17.33;17.50;3502610
FR0000127771;13/09/16;17.57;17.62;17.27;17.27;4007464
FR0000127771;14/09/16;17.355;17.355;17.115;17.145;5514448
FR0000127771;15/09/16;17.07;17.20;16.925;17.055;4298946
FR0000127771;16/09/16;17.02;17.165;16.925;17.105;15673885
FR0000127771;19/09/16;17.255;17.49;17.255;17.385;3634457
FR0000127771;20/09/16;17.325;17.565;17.20;17.485;2908327
FR0000127771;21/09/16;17.685;17.74;17.51;17.52;1864632
FR0000127771;22/09/16;17.645;18.01;17.59;17.96;4071817
FR0000127771;23/09/16;17.94;18.005;17.885;17.98;2879206
FR0000127771;26/09/16;17.83;17.885;17.70;17.70;3928488
FR0000127771;27/09/16;17.815;17.87;17.455;17.625;3529950
FR0000127771;28/09/16;17.69;17.98;17.665;17.80;3486095
FR0000127771;29/09/16;17.90;18.035;17.87;17.925;3305478
FR0000127771;30/09/16;17.68;17.97;17.555;17.95;4573868
FR0000130577;01/09/16;66.65;67.39;66.56;67.19;397357
FR0000130577;02/09/16;67.38;67.87;66.91;67.87;450068
FR0000130577;05/09/16;68.00;68.10;67.21;67.50;414974
FR0000130577;06/09/16;68.60;69.54;68.48;68.94;860402
FR0000130577;07/09/16;69.00;69.29;68.71;68.85;657831
FR0000130577;08/09/16;68.76;69.23;67.91;68.26;521758
FR0000130577;09/09/16;68.25;68.45;67.65;67.81;339636
FR0000130577;12/09/16;66.85;67.42;66.51;66.94;497031
FR0000130577;13/09/16;67.11;67.46;66.70;66.70;304142
FR0000130577;14/09/16;66.88;67.37;66.86;66.92;512150
FR0000130577;15/09/16;66.72;67.09;66.21;66.61;494292
FR0000130577;16/09/16;66.39;66.59;65.50;65.67;1081804
FR0000130577;19/09/16;66.22;66.94;66.12;66.94;431497
FR0000130577;20/09/16;66.74;67.52;66.55;67.10;453667
FR0000130577;21/09/16;67.62;67.90;67.17;67.23;616545
FR0000130577;22/09/16;67.95;68.65;67.56;68.36;485406
FR0000130577;23/09/16;68.00;68.10;67.56;68.05;407290
FR0000130577;26/09/16;67.74;67.93;66.25;66.40;493080
FR0000130577;27/09/16;66.74;66.93;66.00;66.35;431087
FR0000130577;28/09/16;66.84;68.17;66.84;68.08;627148
FR0000130577;29/09/16;68.43;68.65;67.17;67.27;434449
FR0000130577;30/09/16;66.60;67.60;65.89;67.32;450638
FR0000130809;01/09/16;32.84;33.705;32.33;32.62;5378834
FR0000130809;02/09/16;32.98;33.27;32.23;33.16;4138079
FR0000130809;05/09/16;33.135;33.395;32.685;32.80;3622149
FR0000130809;06/09/16;32.945;32.98;32.125;32.16;3662674
FR0000130809;07/09/16;32.335;32.55;31.67;32.405;3409318
FR0000130809;08/09/16;32.475;33.195;32.00;33.065;4985049
FR0000130809;09/09/16;33.015;34.00;32.765;33.34;5037320
FR0000130809;12/09/16;32.65;32.925;32.03;32.725;4410517
FR0000130809;13/09/16;33.00;33.185;32.105;32.14;3313576
FR0000130809;14/09/16;32.395;32.415;31.685;31.89;5483531
FR0000130809;15/09/16;31.715;32.45;31.605;32.005;4188532
FR0000130809;16/09/16;31.80;31.96;30.92;31.13;8283963
FR0000130809;19/09/16;31.445;31.67;31.15;31.26;3281136
FR0000130809;20/09/16;31.265;31.47;30.855;31.065;3267336
FR0000130809;21/09/16;31.90;32.195;31.665;31.665;3758209
FR0000130809;22/09/16;31.98;32.88;31.79;32.385;4755329
FR0000130809;23/09/16;32.165;32.27;31.625;31.89;4203663
FR0000130809;26/09/16;31.595;31.60;30.74;30.95;4493377
FR0000130809;27/09/16;31.24;31.41;30.245;30.625;5072643
FR0000130809;28/09/16;30.85;31.45;30.82;30.97;3919698
FR0000130809;29/09/16;31.40;31.545;30.67;30.815;3179048
FR0000130809;30/09/16;30.00;30.925;29.225;30.78;10055539
FR0000131104;01/09/16;46.025;47.395;45.985;46.83;6625222
FR0000131104;02/09/16;47.26;47.965;46.39;47.82;5280566
FR0000131104;05/09/16;47.98;48.18;47.295;47.38;3498667
FR0000131104;06/09/16;47.525;47.66;46.685;46.72;2740401
FR0000131104;07/09/16;46.89;47.20;46.21;46.975;2832553
FR0000131104;08/09/16;46.99;47.89;46.51;47.825;4367876
FR0000131104;09/09/16;47.735;48.69;47.345;47.93;3766809
FR0000131104;12/09/16;46.92;47.28;46.13;46.875;3757390
FR0000131104;13/09/16;47.18;47.385;46.015;46.015;3078132
FR0000131104;14/09/16;46.36;46.505;45.72;45.945;4109031
FR0000131104;15/09/16;45.805;46.465;45.17;45.685;3884763
FR0000131104;16/09/16;45.50;45.65;44.50;44.64;8031661
FR0000131104;19/09/16;45.095;45.345;44.725;44.93;2738348
FR0000131104;20/09/16;44.98;45.34;44.60;44.955;2763759
FR0000131104;21/09/16;46.06;46.50;45.82;46.24;4645652
FR0000131104;22/09/16;46.675;47.475;46.375;47.30;5030250
FR0000131104;23/09/16;46.955;47.35;46.585;46.955;3697080
FR0000131104;26/09/16;46.575;46.645;45.13;45.42;3919481
FR0000131104;27/09/16;45.80;45.92;44.525;45.185;4208048
FR0000131104;28/09/16;45.215;46.24;45.185;45.615;3447639
FR0000131104;29/09/16;46.09;46.34;45.20;45.405;2463934
FR0000131104;30/09/16;43.90;45.85;43.235;45.77;6379925
FR0000131906;01/09/16;73.77;75.70;72.41;72.78;1230167
FR0000131906;02/09/16;73.35;74.36;72.13;74.22;937650
FR0000131906;05/09/16;74.52;75.28;73.85;74.95;758791
FR0000131906;06/09/16;75.17;75.59;74.37;74.54;567424
FR0000131906;07/09/16;74.25;74.90;73.16;74.62;807715
FR0000131906;08/09/16;74.80;75.50;73.15;74.36;762853
FR0000131906;09/09/16;74.18;75.10;73.42;73.85;510226
FR0000131906;12/09/16;72.11;72.84;71.50;72.74;803491
FR0000131906;13/09/16;73.16;73.56;71.98;72.02;633696
FR0000131906;14/09/16;72.30;72.31;70.71;70.90;877105
FR0000131906;15/09/16;70.90;71.79;70.21;71.04;807955
FR0000131906;16/09/16;70.86;71.40;69.12;69.36;1442597
FR0000131906;19/09/16;70.21;71.50;70.21;71.01;764357
FR0000131906;20/09/16;71.04;71.62;70.49;70.52;619494
FR0000131906;21/09/16;71.47;72.48;71.42;71.93;801668
FR0000131906;22/09/16;72.52;74.08;72.39;73.72;739907
FR0000131906;23/09/16;73.35;73.35;72.25;72.38;686746
FR0000131906;26/09/16;71.99;71.99;70.55;70.74;644816
FR0000131906;27/09/16;71.61;72.28;70.16;71.24;784987
FR0000131906;28/09/16;71.47;73.13;71.47;72.60;830649
FR0000131906;29/09/16;73.73;73.95;72.08;72.23;766240
FR0000131906;30/09/16;71.05;73.38;70.02;73.14;974788
FR0000133308;01/09/16;13.485;13.60;13.35;13.415;11736245
FR0000133308;02/09/16;13.455;13.715;13.435;13.70;6459145
FR0000133308;05/09/16;13.73;13.795;13.62;13.66;4478500
FR0000133308;06/09/16;13.645;13.69;13.585;13.595;3756689
FR0000133308;07/09/16;13.645;13.67;13.51;13.605;4310836
FR0000133308;08/09/16;13.635;13.75;13.555;13.72;5553856
FR0000133308;09/09/16;13.71;13.725;13.555;13.62;4307348
FR0000133308;12/09/16;13.365;13.465;13.28;13.39;7159421
FR0000133308;13/09/16;13.465;13.54;13.16;13.175;8707879
FR0000133308;14/09/16;13.275;13.29;13.045;13.10;7132212
FR0000133308;15/09/16;13.085;13.19;13.035;13.10;9286419
FR0000133308;16/09/16;13.07;13.545;13.04;13.365;18023527
FR0000133308;19/09/16;13.45;13.55;13.355;13.425;5019696
FR0000133308;20/09/16;13.42;13.535;13.37;13.45;5380544
FR0000133308;21/09/16;13.60;13.735;13.53;13.59;5963469
FR0000133308;22/09/16;13.68;13.83;13.61;13.74;7441560
FR0000133308;23/09/16;13.70;13.775;13.66;13.74;4403472
FR0000133308;26/09/16;13.64;13.705;13.48;13.525;4979090
FR0000133308;27/09/16;13.75;13.915;13.70;13.76;8700810
FR0000133308;28/09/16;13.82;14.00;13.815;13.935;5263647
FR0000133308;29/09/16;14.04;14.13;13.895;13.95;4372087
FR0000133308;30/09/16;13.82;13.97;13.67;13.93;6483117
FR0010208488;01/09/16;14.315;14.485;14.175;14.22;3629743
FR0010208488;02/09/16;14.295;14.65;14.29;14.615;5531639
FR0010208488;05/09/16;14.68;14.84;14.645;14.72;3901574
FR0010208488;06/09/16;14.78;14.83;14.71;14.76;3186164
FR0010208488;07/09/16;14.73;14.755;14.495;14.67;5268479
FR0010208488;08/09/16;14.66;14.705;14.455;14.68;4499993
FR0010208488;09/09/16;14.685;14.755;14.525;14.595;3526950
FR0010208488;12/09/16;14.365;14.39;14.155;14.355;5442451
FR0010208488;13/09/16;14.405;14.44;14.04;14.05;4842577
FR0010208488;14/09/16;14.115;14.115;13.80;13.88;5769072
FR0010208488;15/09/16;13.85;13.945;13.60;13.735;5640910
FR0010208488;16/09/16;13.67;13.70;13.42;13.58;9406801
FR0010208488;19/09/16;13.68;13.785;13.64;13.75;4877185
FR0010208488;20/09/16;13.745;13.805;13.66;13.66;3673052
FR0010208488;21/09/16;13.745;13.825;13.505;13.55;5177542
FR0010208488;22/09/16;13.655;14.015;13.61;13.90;7663176
FR0010208488;23/09/16;13.875;13.90;13.745;13.855;4363561
FR0010208488;26/09/16;13.80;13.815;13.57;13.625;4555181
FR0010208488;27/09/16;13.74;13.75;13.485;13.54;3678682
FR0010208488;28/09/16;13.59;13.735;13.59;13.71;3721268
FR0010208488;29/09/16;13.82;14.055;13.82;13.89;6017348
FR0010208488;30/09/16;13.735;13.835;13.52;13.79;6262207
FR0010307819;01/09/16;53.86;54.38;53.37;53.62;560184
FR0010307819;02/09/16;53.90;54.30;53.59;54.19;465776
FR0010307819;05/09/16;54.40;54.48;54.05;54.14;270727
FR0010307819;06/09/16;54.33;54.33;53.69;53.83;335551
FR0010307819;07/09/16;54.19;54.31;53.90;54.04;361720
FR0010307819;08/09/16;54.05;54.05;52.94;53.38;515619
FR0010307819;09/09/16;53.23;53.70;52.93;53.21;776954
FR0010307819;12/09/16;52.47;52.58;51.90;52.28;897459
FR0010307819;13/09/16;52.39;52.76;52.00;52.01;483491
FR0010307819;14/09/16;52.25;52.53;52.14;52.24;582832
FR0010307819;15/09/16;52.24;52.53;52.07;52.37;321745
FR0010307819;16/09/16;52.20;52.72;51.70;51.97;495468
FR0010307819;19/09/16;52.39;52.80;52.33;52.64;248247
FR0010307819;20/09/16;52.66;53.14;52.51;52.99;526223
FR0010307819;21/09/16;53.36;53.60;53.15;53.47;435420
FR0010307819;22/09/16;53.80;54.62;53.79;54.29;492041
FR0010307819;23/09/16;54.12;54.16;53.79;54.05;351933
FR0010307819;26/09/16;53.78;53.78;52.99;53.14;492119
FR0010307819;27/09/16;52.88;53.06;52.04;52.63;752596
FR0010307819;28/09/16;52.85;53.45;52.69;52.90;359922
FR0010307819;29/09/16;53.31;53.60;52.67;52.69;353227
FR0010307819;30/09/16;52.50;52.78;51.80;52.48;712847
FR0013176526;01/09/16;46.65;48.33;46.625;47.31;1036993
FR0013176526;02/09/16;47.515;48.335;47.335;48.32;750915
FR0013176526;05/09/16;48.26;48.715;47.94;48.715;567570
FR0013176526;06/09/16;48.72;49.49;48.535;49.39;803020
FR0013176526;07/09/16;49.60;49.99;49.43;49.71;678541
FR0013176526;08/09/16;49.565;49.91;48.925;49.335;777073
FR0013176526;09/09/16;49.205;50.75;49.205;49.74;725012
FR0013176526;12/09/16;48.90;49.03;47.90;49.025;1014007
FR0013176526;13/09/16;49.37;49.495;48.585;48.895;592299
FR0013176526;14/09/16;48.925;49.66;48.76;49.40;754325
FR0013176526;15/09/16;49.23;50.02;49.10;49.975;846490
FR0013176526;16/09/16;49.605;50.12;48.825;48.93;1104585
FR0013176526;19/09/16;49.44;49.785;49.22;49.325;522465
FR0013176526;20/09/16;49.37;49.64;48.975;49.00;583222
FR0013176526;21/09/16;49.595;49.925;49.21;49.375;637660
FR0013176526;22/09/16;49.64;50.55;49.43;50.32;685768
FR0013176526;23/09/16;50.23;50.36;49.88;49.945;462421
FR0013176526;26/09/16;49.725;49.84;48.955;49.00;480503
FR0013176526;27/09/16;49.335;49.75;48.09;49.395;813333
FR0013176526;28/09/16;49.585;50.51;49.585;50.28;725054
FR0013176526;29/09/16;51.19;51.87;50.89;51.06;1016157
FR0013176526;30/09/16;50.03;51.93;49.635;51.93;971602
GB00BDSFG982;01/09/16;26.50;26.90;25.805;25.925;1617538
GB00BDSFG982;02/09/16;26.06;26.36;25.81;26.31;1154596
GB00BDSFG982;05/09/16;26.355;26.975;26.33;26.795;919268
GB00BDSFG982;06/09/16;26.80;26.92;26.50;26.525;1692780
GB00BDSFG982;07/09/16;26.60;27.05;26.42;26.445;1837008
GB00BDSFG982;08/09/16;26.37;26.645;26.09;26.595;1933210
GB00BDSFG982;09/09/16;26.65;26.845;26.25;26.335;2072220
GB00BDSFG982;12/09/16;25.985;26.20;25.625;26.20;1821140
GB00BDSFG982;13/09/16;26.29;26.41;25.59;25.65;1874208
GB00BDSFG982;14/09/16;25.775;26.135;25.435;25.49;1986490
GB00BDSFG982;15/09/16;25.445;25.625;25.18;25.32;1907174
GB00BDSFG982;16/09/16;25.20;25.395;24.78;25.20;2717518
GB00BDSFG982;19/09/16;25.50;25.97;25.425;25.80;1740816
GB00BDSFG982;20/09/16;25.645;25.65;25.41;25.56;2325346
GB00BDSFG982;21/09/16;25.705;25.84;25.42;25.57;1297456
GB00BDSFG982;22/09/16;25.675;26.245;25.675;25.73;1511110
GB00BDSFG982;23/09/16;25.725;25.825;25.38;25.745;1248302
GB00BDSFG982;26/09/16;25.54;25.605;25.215;25.555;1687330
GB00BDSFG982;27/09/16;25.50;25.50;24.93;25.115;1727082
GB00BDSFG982;28/09/16;25.125;25.515;25.115;25.215;939328
GB00BDSFG982;29/09/16;27.20;27.20;26.58;27.125;3463736
GB00BDSFG982;30/09/16;26.875;27.71;26.75;27.335;2316520
LU1598757687;01/09/16;15.885;16.308;15.708;15.90;6867187
LU1598757687;02/09/16;16.11;16.569;15.759;16.308;8261514
LU1598757687;05/09/16;16.521;16.965;16.449;16.755;6167089
LU1598757687;06/09/16;16.911;16.986;16.485;16.527;5565819
LU1598757687;07/09/16;16.77;17.046;16.596;17.01;5589313
LU1598757687;08/09/16;16.92;17.022;16.476;16.701;6115021
LU1598757687;09/09/16;16.50;16.635;16.062;16.185;7693025
LU1598757687;12/09/16;15.60;15.861;15.303;15.735;7258555
LU1598757687;13/09/16;16.05;16.065;15.144;15.144;6570940
LU1598757687;14/09/16;15.06;15.54;14.763;14.94;7782449
LU1598757687;15/09/16;14.835;15.084;14.664;15.063;6074788
LU1598757687;16/09/16;15.042;15.147;14.622;14.745;6962175
LU1598757687;19/09/16;14.928;15.324;14.862;15.27;5209971
LU1598757687;20/09/16;15.189;15.213;14.703;14.835;4729631
LU1598757687;21/09/16;15.042;15.255;14.943;15.255;4991704
LU1598757687;22/09/16;15.78;16.23;15.591;16.092;8922403
LU1598757687;23/09/16;16.008;16.497;15.789;16.494;7257567
LU1598757687;26/09/16;16.239;16.353;16.026;16.26;4498339
LU1598757687;27/09/16;16.434;16.461;15.786;15.945;5164976
LU1598757687;28/09/16;16.08;16.512;16.071;16.278;5583661
LU1598757687;29/09/16;16.767;16.824;16.476;16.65;6613302
LU1598757687;30/09/16;16.20;16.401;15.939;16.344;7547721
NL0000226223;01/09/16;6.75;6.802;6.664;6.69;1484951
NL0000226223;02/09/16;6.51;6.58;6.404;6.503;2688690
NL0000226223;05/09/16;6.515;6.58;6.461;6.509;1382941
NL0000226223;06/09/16;6.547;6.654;6.536;6.619;2432928
NL0000226223;07/09/16;6.609;6.81;6.595;6.81;1933821
NL0000226223;08/09/16;6.784;6.818;6.699;6.759;1923001
NL0000226223;09/09/16;6.746;6.789;6.681;6.77;1887847
NL0000226223;12/09/16;6.589;6.689;6.545;6.684;1898320
NL0000226223;13/09/16;6.725;6.809;6.725;6.778;1983499
NL0000226223;14/09/16;6.791;6.837;6.737;6.743;3155916
NL0000226223;15/09/16;6.783;6.886;6.705;6.886;2439914
NL0000226223;16/09/16;6.825;6.975;6.805;6.852;3488844
NL0000226223;19/09/16;6.872;7.05;6.868;7.027;3235481
NL0000226223;20/09/16;6.999;7.15;6.967;7.131;2064944
NL0000226223;21/09/16;7.149;7.215;7.149;7.196;2184593
NL0000226223;22/09/16;7.219;7.307;7.204;7.263;1940209
NL0000226223;23/09/16;7.228;7.248;7.159;7.186;1230618
NL0000226223;26/09/16;7.161;7.163;7.057;7.145;1836788
NL0000226223;27/09/16;7.196;7.212;7.078;7.145;2156185
NL0000226223;28/09/16;7.207;7.249;7.166;7.237;1798822
NL0000226223;29/09/16;7.277;7.32;6.977;6.99;2257438
NL0000226223;30/09/16;7.00;7.266;6.941;7.266;3108096
NL0000235190;01/09/16;52.48;52.83;51.72;51.85;1609600
NL0000235190;02/09/16;52.04;53.32;51.92;53.19;1845849
NL0000235190;05/09/16;53.43;53.94;53.15;53.86;1468401
NL0000235190;06/09/16;54.30;54.84;54.06;54.40;2197597
NL0000235190;07/09/16;54.50;54.75;53.92;54.75;1697911
NL0000235190;08/09/16;54.55;55.53;54.54;55.50;2850333
NL0000235190;09/09/16;55.34;56.04;55.17;55.63;2329269
NL0000235190;12/09/16;54.75;55.00;53.88;54.50;2296790
NL0000235190;13/09/16;54.87;55.06;53.82;53.82;1550369
NL0000235190;14/09/16;54.34;54.39;52.90;53.06;2050740
NL0000235190;15/09/16;53.00;53.08;52.25;52.81;2153016
NL0000235190;16/09/16;52.65;53.29;52.18;52.58;4023510
NL0000235190;19/09/16;52.94;53.15;52.22;52.82;1610682
NL0000235190;20/09/16;52.84;53.26;52.43;52.47;1118211
NL0000235190;21/09/16;53.04;53.33;52.60;52.65;1193493
NL0000235190;22/09/16;53.16;54.40;52.96;53.72;2086233
NL0000235190;23/09/16;53.60;54.08;53.55;53.81;1439977
NL0000235190;26/09/16;53.46;53.46;52.40;52.49;1827168
NL0000235190;27/09/16;52.77;52.91;51.58;52.14;1463661
NL0000235190;28/09/16;52.39;53.21;52.39;52.71;1549301
NL0000235190;29/09/16;52.98;53.39;52.89;53.30;1292491
NL0000235190;30/09/16;52.81;54.10;52.20;53.84;2246480
