BE0003470755;01/08/14;120.00;120.60;117.85;118.35;328413
BE0003470755;04/08/14;118.55;118.65;116.10;116.25;248748
BE0003470755;05/08/14;116.90;117.80;116.35;117.70;211407
BE0003470755;06/08/14;117.15;118.25;115.40;118.10;230461
BE0003470755;07/08/14;118.00;118.00;115.45;115.50;228489
BE0003470755;08/08/14;115.00;115.10;113.10;114.50;293921
BE0003470755;11/08/14;115.10;116.40;114.60;116.10;129522
BE0003470755;12/08/14;115.85;116.20;115.15;115.80;120040
BE0003470755;13/08/14;116.00;118.35;115.75;117.95;160900
BE0003470755;14/08/14;117.40;118.35;117.15;117.75;114786
BE0003470755;15/08/14;117.70;118.15;115.60;115.85;201550
BE0003470755;18/08/14;117.30;118.25;117.05;118.15;109368
BE0003470755;19/08/14;118.35;118.65;117.70;117.80;95726
BE0003470755;20/08/14;117.75;118.00;116.75;117.65;106187
BE0003470755;21/08/14;118.00;118.85;117.30;118.70;97699
BE0003470755;22/08/14;118.50;118.65;117.35;118.20;72090
BE0003470755;25/08/14;118.85;119.60;118.85;119.45;68204
BE0003470755;26/08/14;119.20;121.20;119.20;120.90;118049
BE0003470755;27/08/14;120.80;121.35;120.45;121.05;79972
BE0003470755;28/08/14;120.80;122.05;120.50;120.65;140050
BE0003470755;29/08/14;120.40;120.90;118.60;119.75;188966
FR0000045072;01/08/14;10.095;10.25;9.802;10.085;9934074
FR0000045072;04/08/14;10.19;10.365;10.04;10.285;7290266
FR0000045072;05/08/14;10.745;10.96;10.395;10.51;13398776
FR0000045072;06/08/14;10.53;10.76;10.495;10.58;9837737
FR0000045072;07/08/14;10.54;10.635;10.33;10.36;7554003
FR0000045072;08/08/14;10.285;10.51;10.155;10.435;8505895
FR0000045072;11/08/14;10.52;10.60;10.305;10.45;5271304
FR0000045072;12/08/14;10.41;10.665;10.31;10.43;7055997
FR0000045072;13/08/14;10.48;10.63;10.45;10.565;6120207
FR0000045072;14/08/14;10.505;10.725;10.43;10.605;5872188
FR0000045072;15/08/14;10.64;10.735;10.465;10.47;6065055
FR0000045072;18/08/14;10.605;10.67;10.495;10.655;3484640
FR0000045072;19/08/14;10.70;10.76;10.645;10.715;2902739
FR0000045072;20/08/14;10.705;10.745;10.60;10.69;3468730
FR0000045072;21/08/14;10.695;10.835;10.585;10.81;4775063
FR0000045072;22/08/14;10.815;10.95;10.715;10.805;3389702
FR0000045072;25/08/14;10.91;11.00;10.865;10.99;2971191
FR0000045072;26/08/14;10.965;11.165;10.965;11.145;4917962
FR0000045072;27/08/14;11.15;11.425;11.145;11.365;6483764
FR0000045072;28/08/14;11.355;11.385;11.165;11.19;5309192
FR0000045072;29/08/14;11.175;11.36;11.165;11.285;4578789
FR0000051732;01/08/14;58.32;58.40;57.01;57.14;371494
FR0000051732;04/08/14;57.47;57.47;55.53;55.53;419879
FR0000051732;05/08/14;55.67;56.38;55.42;55.48;288424
FR0000051732;06/08/14;56.05;56.14;55.04;55.71;343700
FR0000051732;07/08/14;55.61;55.70;54.81;54.81;210081
FR0000051732;08/08/14;54.45;55.36;54.20;55.11;256889
FR0000051732;11/08/14;55.26;57.30;55.18;57.00;282097
FR0000051732;12/08/14;57.00;57.33;56.54;56.87;244342
FR0000051732;13/08/14;57.00;57.07;56.00;56.19;174638
FR0000051732;14/08/14;56.08;56.55;55.88;56.45;157279
FR0000051732;15/08/14;56.66;56.89;55.74;55.74;164334
FR0000051732;18/08/14;56.52;56.67;56.12;56.34;93140
FR0000051732;19/08/14;56.43;56.76;56.24;56.76;153161
FR0000051732;20/08/14;56.67;56.67;55.44;55.54;242321
FR0000051732;21/08/14;56.78;57.35;56.25;57.31;284218
FR0000051732;22/08/14;57.50;58.67;57.35;57.94;406397
FR0000051732;25/08/14;58.66;58.96;58.15;58.87;210963
FR0000051732;26/08/14;58.87;59.01;58.33;58.89;140870
FR0000051732;27/08/14;58.90;60.23;58.83;59.78;432341
FR0000051732;28/08/14;59.53;59.65;58.12;58.52;312269
FR0000051732;29/08/14;58.53;58.76;57.70;58.06;363051
FR0000073272;01/08/14;43.96;44.125;43.24;43.92;1608218
FR0000073272;04/08/14;44.10;44.49;43.85;44.095;1094673
FR0000073272;05/08/14;44.295;44.64;43.885;44.585;889158
FR0000073272;06/08/14;44.345;44.575;44.13;44.505;802564
FR0000073272;07/08/14;44.52;44.52;44.095;44.17;718643
FR0000073272;08/08/14;43.81;44.225;43.515;44.22;888939
FR0000073272;11/08/14;44.335;45.55;44.295;45.495;848969
FR0000073272;12/08/14;45.44;45.615;45.185;45.39;617416
FR0000073272;13/08/14;45.48;46.225;45.39;46.15;880425
FR0000073272;14/08/14;46.15;46.88;45.895;46.765;757041
FR0000073272;15/08/14;46.80;47.145;46.245;46.32;659982
FR0000073272;18/08/14;46.70;47.325;46.70;47.26;518892
FR0000073272;19/08/14;47.32;47.58;47.135;47.325;480854
FR0000073272;20/08/14;47.325;47.335;46.82;46.995;501854
FR0000073272;21/08/14;46.995;47.45;46.81;47.43;368003
FR0000073272;22/08/14;47.43;48.00;47.295;47.58;585508
FR0000073272;25/08/14;47.84;49.30;47.825;49.185;674878
FR0000073272;26/08/14;49.185;49.50;48.735;49.295;1151885
FR0000073272;27/08/14;49.27;49.625;48.955;49.455;456329
FR0000073272;28/08/14;49.40;49.77;49.225;49.50;640489
FR0000073272;29/08/14;49.515;49.885;49.30;49.885;651744
FR0000120073;01/08/14;86.4636;86.5091;84.9091;85.10;1308159
FR0000120073;04/08/14;85.8091;85.8364;84.5909;84.7091;929918
FR0000120073;05/08/14;85.3182;86.3364;85.00;85.8818;829109
FR0000120073;06/08/14;85.4364;86.1091;84.6909;85.9909;791357
FR0000120073;07/08/14;86.2909;86.2909;84.5546;84.5727;1097770
FR0000120073;08/08/14;84.4545;84.6546;83.7455;84.6546;978920
FR0000120073;11/08/14;85.4727;85.9182;85.1182;85.7455;814190
FR0000120073;12/08/14;85.5545;85.5545;84.9455;85.2182;827433
FR0000120073;13/08/14;85.5909;86.6364;85.4727;86.5091;851351
FR0000120073;14/08/14;85.9091;86.6636;85.5273;86.2636;681761
FR0000120073;15/08/14;86.5909;87.50;85.3818;85.5636;1129210
FR0000120073;18/08/14;86.3636;87.1909;86.20;86.4727;615063
FR0000120073;19/08/14;86.6546;87.0818;86.3546;86.9364;462468
FR0000120073;20/08/14;86.8636;86.9909;86.1182;86.7364;539554
FR0000120073;21/08/14;86.9091;87.3727;86.6273;87.3546;574142
FR0000120073;22/08/14;87.20;87.3364;86.0455;86.50;754789
FR0000120073;25/08/14;87.50;88.6545;87.4364;88.6545;692022
FR0000120073;26/08/14;88.3182;89.5091;88.3182;89.3909;745987
FR0000120073;27/08/14;89.0455;89.4273;88.6727;89.0273;577979
FR0000120073;28/08/14;88.7273;88.9182;88.2182;88.40;651537
FR0000120073;29/08/14;88.6364;88.9545;87.40;88.40;796385
FR0000120172;01/08/14;25.935;25.98;25.13;25.75;4420462
FR0000120172;04/08/14;25.80;26.32;25.77;26.105;3135111
FR0000120172;05/08/14;26.14;26.39;26.065;26.235;2643781
FR0000120172;06/08/14;26.05;26.25;25.465;26.18;4850058
FR0000120172;07/08/14;26.095;26.385;25.805;25.84;4429833
FR0000120172;08/08/14;25.63;26.08;25.53;25.905;3741133
FR0000120172;11/08/14;26.05;26.185;25.82;26.08;2614786
FR0000120172;12/08/14;26.00;26.045;25.715;25.83;2606333
FR0000120172;13/08/14;25.95;26.11;25.815;26.005;2260914
FR0000120172;14/08/14;25.90;26.19;25.785;26.06;2224093
FR0000120172;15/08/14;26.05;26.40;25.885;25.93;3777757
FR0000120172;18/08/14;26.055;26.47;26.055;26.445;2347756
FR0000120172;19/08/14;26.485;26.625;26.385;26.575;1430816
FR0000120172;20/08/14;26.52;26.545;26.20;26.325;2657328
FR0000120172;21/08/14;26.32;26.65;26.025;26.65;2200037
FR0000120172;22/08/14;26.615;26.625;26.245;26.39;3220121
FR0000120172;25/08/14;26.56;26.75;26.445;26.615;1999275
FR0000120172;26/08/14;26.60;26.98;26.57;26.85;2153937
FR0000120172;27/08/14;26.80;26.95;26.56;26.60;2326884
FR0000120172;28/08/14;26.605;26.65;26.36;26.505;2593321
FR0000120172;29/08/14;26.50;26.55;26.02;26.385;3562186
FR0000120271;01/08/14;48.59;48.75;47.74;48.03;8929501
FR0000120271;04/08/14;48.03;48.61;47.855;48.47;6174996
FR0000120271;05/08/14;48.84;48.98;48.465;48.56;5206483
FR0000120271;06/08/14;48.12;48.96;47.83;48.695;6058228
FR0000120271;07/08/14;48.845;49.095;48.29;48.29;6809011
FR0000120271;08/08/14;47.825;48.785;47.80;48.33;6625110
FR0000120271;11/08/14;48.755;49.01;48.21;48.89;4776750
FR0000120271;12/08/14;48.66;48.665;47.575;47.80;5622005
FR0000120271;13/08/14;48.00;48.29;47.76;48.055;3941018
FR0000120271;14/08/14;47.965;48.13;47.40;47.885;4506317
FR0000120271;15/08/14;48.105;48.395;47.145;47.33;6940394
FR0000120271;18/08/14;47.99;48.105;47.455;47.81;4632041
FR0000120271;19/08/14;48.035;48.33;47.86;48.25;3357966
FR0000120271;20/08/14;48.34;48.50;47.715;48.35;3706889
FR0000120271;21/08/14;48.40;48.995;48.005;48.97;4839688
FR0000120271;22/08/14;48.915;48.915;47.50;47.915;5945343
FR0000120271;25/08/14;48.63;49.26;48.295;49.26;4309930
FR0000120271;26/08/14;49.215;50.06;48.93;50.03;4624548
FR0000120271;27/08/14;50.03;50.09;49.435;49.74;3537992
FR0000120271;28/08/14;49.67;49.87;49.295;49.58;4959656
FR0000120271;29/08/14;49.725;50.25;49.63;50.19;4845122
FR0000120321;01/08/14;126.80;127.60;123.35;124.10;929244
FR0000120321;04/08/14;124.60;125.05;123.90;124.15;547724
FR0000120321;05/08/14;125.45;127.70;124.75;127.10;777039
FR0000120321;06/08/14;126.60;127.05;125.20;126.45;449060
FR0000120321;07/08/14;126.40;126.50;124.55;125.55;875979
FR0000120321;08/08/14;124.35;125.20;123.75;124.50;848627
FR0000120321;11/08/14;125.15;125.45;124.20;125.10;566924
FR0000120321;12/08/14;124.60;124.60;123.20;123.90;664861
FR0000120321;13/08/14;124.55;125.20;123.95;124.85;624842
FR0000120321;14/08/14;124.20;125.95;123.55;125.60;621366
FR0000120321;15/08/14;126.00;126.85;123.95;124.35;716028
FR0000120321;18/08/14;125.45;126.25;124.65;125.35;460993
FR0000120321;19/08/14;125.65;125.85;124.55;125.40;468192
FR0000120321;20/08/14;125.15;125.65;124.10;125.00;403669
FR0000120321;21/08/14;125.25;125.90;124.75;125.65;447669
FR0000120321;22/08/14;125.50;125.70;124.15;124.80;435616
FR0000120321;25/08/14;126.30;127.50;125.65;127.40;457349
FR0000120321;26/08/14;127.10;128.60;126.55;128.60;647512
FR0000120321;27/08/14;128.00;128.35;126.75;127.50;531035
FR0000120321;28/08/14;126.95;127.25;126.35;126.65;500041
FR0000120321;29/08/14;127.25;127.90;125.75;126.00;1301249
FR0000120404;01/08/14;36.045;36.115;35.42;35.54;742276
FR0000120404;04/08/14;35.60;35.635;35.21;35.33;506939
FR0000120404;05/08/14;35.405;35.485;34.845;34.99;589337
FR0000120404;06/08/14;34.82;34.855;34.055;34.565;796117
FR0000120404;07/08/14;34.825;34.965;34.135;34.19;708335
FR0000120404;08/08/14;33.925;34.00;33.275;33.625;1012949
FR0000120404;11/08/14;33.835;34.54;33.74;34.445;581765
FR0000120404;12/08/14;34.42;34.515;34.03;34.41;411797
FR0000120404;13/08/14;34.54;34.80;34.40;34.695;503859
FR0000120404;14/08/14;34.455;35.16;34.415;35.085;612927
FR0000120404;15/08/14;35.135;35.355;34.53;34.555;556934
FR0000120404;18/08/14;35.01;35.265;34.82;35.195;480269
FR0000120404;19/08/14;35.32;35.72;35.28;35.575;338500
FR0000120404;20/08/14;35.565;35.635;35.15;35.345;270495
FR0000120404;21/08/14;35.54;36.075;35.425;35.89;601858
FR0000120404;22/08/14;35.90;35.90;35.30;35.755;527178
FR0000120404;25/08/14;36.06;36.15;35.665;35.99;278598
FR0000120404;26/08/14;36.165;37.17;35.635;37.155;888450
FR0000120404;27/08/14;36.995;37.54;36.80;37.395;691828
FR0000120404;28/08/14;37.245;37.38;36.87;37.025;589848
FR0000120404;29/08/14;37.175;37.175;36.60;36.98;653312
FR0000120503;01/08/14;28.35;28.54;27.525;28.42;2426907
FR0000120503;04/08/14;28.60;28.60;28.20;28.405;890323
FR0000120503;05/08/14;28.475;28.50;28.165;28.37;850571
FR0000120503;06/08/14;28.105;28.165;27.68;28.035;990953
FR0000120503;07/08/14;28.00;28.05;27.325;27.445;996250
FR0000120503;08/08/14;27.20;27.48;26.89;27.40;885898
FR0000120503;11/08/14;27.61;28.26;27.515;28.125;984051
FR0000120503;12/08/14;28.125;28.125;27.605;27.75;539252
FR0000120503;13/08/14;27.81;27.945;26.98;27.36;1505300
FR0000120503;14/08/14;27.18;27.625;27.09;27.535;775972
FR0000120503;15/08/14;27.54;27.71;27.205;27.235;720913
FR0000120503;18/08/14;27.60;27.795;27.505;27.67;711180
FR0000120503;19/08/14;27.745;27.99;27.63;27.895;387805
FR0000120503;20/08/14;27.86;27.915;27.55;27.815;433871
FR0000120503;21/08/14;27.89;28.60;27.815;28.50;944945
FR0000120503;22/08/14;28.505;28.675;28.215;28.385;494595
FR0000120503;25/08/14;28.62;28.725;28.47;28.655;447852
FR0000120503;26/08/14;28.625;28.825;28.52;28.675;604943
FR0000120503;27/08/14;28.60;29.20;28.46;28.46;1101712
FR0000120503;28/08/14;27.75;28.685;27.65;28.48;1486735
FR0000120503;29/08/14;28.495;28.50;27.63;27.935;1505329
FR0000120578;01/08/14;78.74;79.65;78.62;78.91;4696659
FR0000120578;04/08/14;79.20;79.70;78.83;79.48;3456498
FR0000120578;05/08/14;79.53;79.97;79.30;79.50;2326941
FR0000120578;06/08/14;79.27;79.34;77.91;78.48;2719326
FR0000120578;07/08/14;78.48;78.48;77.23;77.23;3591347
FR0000120578;08/08/14;76.63;77.75;76.51;77.65;3076154
FR0000120578;11/08/14;78.46;78.49;77.54;77.98;2585389
FR0000120578;12/08/14;77.96;77.96;76.88;77.44;2535590
FR0000120578;13/08/14;77.95;78.69;77.78;78.20;2459856
FR0000120578;14/08/14;78.09;78.73;77.75;78.53;1808736
FR0000120578;15/08/14;78.88;79.62;77.87;78.00;3075392
FR0000120578;18/08/14;79.00;79.83;78.85;79.61;2122817
FR0000120578;19/08/14;79.63;79.83;79.22;79.75;1723207
FR0000120578;20/08/14;79.45;79.88;78.88;79.28;2055711
FR0000120578;21/08/14;79.39;80.76;79.25;80.59;2763577
FR0000120578;22/08/14;80.12;80.30;79.11;79.43;2510036
FR0000120578;25/08/14;80.12;81.32;80.09;81.29;2059362
FR0000120578;26/08/14;81.08;83.16;80.94;82.94;3106644
FR0000120578;27/08/14;82.58;83.50;82.53;83.39;2521256
FR0000120578;28/08/14;82.86;83.43;82.44;82.47;2985759
FR0000120578;29/08/14;82.59;83.57;82.29;83.50;3218129
FR0000120628;01/08/14;17.705;17.74;17.235;17.365;13453225
FR0000120628;04/08/14;18.20;18.23;17.75;17.785;12083298
FR0000120628;05/08/14;18.05;18.135;17.83;17.865;9058900
FR0000120628;06/08/14;17.805;17.87;17.46;17.605;8901981
FR0000120628;07/08/14;17.65;17.825;17.35;17.465;8092239
FR0000120628;08/08/14;17.27;17.69;17.26;17.59;9196929
FR0000120628;11/08/14;17.80;18.005;17.58;17.94;8917850
FR0000120628;12/08/14;17.90;18.105;17.805;17.96;7462918
FR0000120628;13/08/14;18.06;18.245;17.995;18.14;7360156
FR0000120628;14/08/14;18.075;18.30;17.935;18.23;5815920
FR0000120628;15/08/14;18.27;18.50;18.015;18.05;8914582
FR0000120628;18/08/14;18.31;18.39;18.12;18.185;5882371
FR0000120628;19/08/14;18.265;18.375;18.24;18.27;3885018
FR0000120628;20/08/14;18.245;18.325;18.02;18.125;4464878
FR0000120628;21/08/14;18.18;18.535;18.08;18.47;6976326
FR0000120628;22/08/14;18.54;18.67;18.31;18.43;6743867
FR0000120628;25/08/14;18.66;18.795;18.505;18.765;5096899
FR0000120628;26/08/14;18.79;19.00;18.705;18.95;6683430
FR0000120628;27/08/14;18.885;19.035;18.81;18.895;5478482
FR0000120628;28/08/14;18.85;18.925;18.61;18.68;6317193
FR0000120628;29/08/14;18.745;18.85;18.615;18.85;5642341
FR0000120644;01/08/14;54.04;54.36;53.31;53.99;2263949
FR0000120644;04/08/14;54.27;54.29;53.77;53.93;1812732
FR0000120644;05/08/14;54.04;54.49;53.86;54.27;1290460
FR0000120644;06/08/14;53.97;54.56;53.77;54.16;1585989
FR0000120644;07/08/14;54.36;54.50;53.66;53.74;2540472
FR0000120644;08/08/14;53.24;53.56;52.70;53.14;2137592
FR0000120644;11/08/14;53.37;53.44;53.07;53.31;1316578
FR0000120644;12/08/14;53.16;53.30;52.84;53.07;1425613
FR0000120644;13/08/14;53.43;53.49;52.91;53.01;1552245
FR0000120644;14/08/14;52.94;53.57;52.76;53.24;1184639
FR0000120644;15/08/14;53.50;53.93;52.70;52.91;1823458
FR0000120644;18/08/14;53.40;53.63;53.11;53.30;905374
FR0000120644;19/08/14;53.33;53.38;52.86;53.18;1095107
FR0000120644;20/08/14;53.25;53.30;52.83;52.99;693348
FR0000120644;21/08/14;53.07;53.82;52.99;53.41;1279583
FR0000120644;22/08/14;53.32;53.33;52.56;52.72;1061299
FR0000120644;25/08/14;53.19;53.88;53.19;53.85;1211624
FR0000120644;26/08/14;53.71;54.25;53.35;54.15;1263223
FR0000120644;27/08/14;54.00;54.14;53.73;53.87;770460
FR0000120644;28/08/14;53.60;53.88;53.15;53.34;1225058
FR0000120644;29/08/14;53.57;53.62;52.72;53.14;1880030
FR0000120693;01/08/14;83.61;84.14;82.62;83.19;448118
FR0000120693;04/08/14;83.47;83.83;83.10;83.63;428977
FR0000120693;05/08/14;83.79;85.33;83.59;85.06;529355
FR0000120693;06/08/14;84.84;85.43;84.28;85.22;617976
FR0000120693;07/08/14;85.33;85.33;84.36;84.60;509962
FR0000120693;08/08/14;84.11;84.35;83.18;83.75;456921
FR0000120693;11/08/14;84.01;84.40;83.72;84.20;269312
FR0000120693;12/08/14;84.19;84.36;83.56;84.25;275277
FR0000120693;13/08/14;84.56;84.88;84.39;84.64;352965
FR0000120693;14/08/14;84.33;85.49;84.09;85.25;251847
FR0000120693;15/08/14;85.49;86.62;85.15;85.32;499343
FR0000120693;18/08/14;86.03;87.06;86.03;86.88;319074
FR0000120693;19/08/14;87.00;87.84;86.75;87.65;438310
FR0000120693;20/08/14;87.45;87.77;87.16;87.73;318982
FR0000120693;21/08/14;87.90;88.23;86.47;86.75;484597
FR0000120693;22/08/14;86.63;86.89;86.00;86.32;338750
FR0000120693;25/08/14;86.66;87.52;86.50;87.44;254662
FR0000120693;26/08/14;87.36;87.99;87.16;87.70;289659
FR0000120693;27/08/14;87.50;88.21;87.44;88.06;400467
FR0000120693;28/08/14;87.67;90.45;87.26;88.75;791424
FR0000120693;29/08/14;89.00;89.74;88.49;89.74;735397
FR0000121014;01/08/14;129.10;129.55;127.35;128.25;972276
FR0000121014;04/08/14;129.00;129.10;127.00;127.45;732755
FR0000121014;05/08/14;128.00;129.90;127.50;129.75;956175
FR0000121014;06/08/14;129.20;129.90;128.05;129.45;667747
FR0000121014;07/08/14;129.65;129.65;126.70;126.95;903923
FR0000121014;08/08/14;126.30;126.80;124.70;126.65;1012344
FR0000121014;11/08/14;127.85;128.50;126.85;127.65;652377
FR0000121014;12/08/14;127.35;128.65;127.05;127.90;665746
FR0000121014;13/08/14;128.70;128.85;128.00;128.50;433603
FR0000121014;14/08/14;127.50;128.60;126.50;128.20;543530
FR0000121014;15/08/14;128.20;129.25;126.65;127.20;841730
FR0000121014;18/08/14;128.55;129.45;128.45;128.50;530079
FR0000121014;19/08/14;128.90;129.80;128.50;129.65;458547
FR0000121014;20/08/14;129.90;130.10;128.85;129.85;545087
FR0000121014;21/08/14;130.40;131.25;130.10;130.65;627297
FR0000121014;22/08/14;130.85;130.95;128.65;129.50;757850
FR0000121014;25/08/14;130.65;131.85;129.80;131.85;461260
FR0000121014;26/08/14;131.70;133.45;131.60;133.15;697355
FR0000121014;27/08/14;132.90;133.20;132.40;132.70;476560
FR0000121014;28/08/14;131.85;132.40;131.35;131.80;641451
FR0000121014;29/08/14;132.25;132.55;130.90;132.05;585628
FR0000121220;01/08/14;74.60;74.60;73.08;73.48;210026
FR0000121220;04/08/14;73.64;73.64;72.84;73.01;130814
FR0000121220;05/08/14;73.06;73.38;72.68;72.68;100085
FR0000121220;06/08/14;72.30;73.35;72.03;73.18;168511
FR0000121220;07/08/14;73.02;73.09;72.71;72.83;119364
FR0000121220;08/08/14;72.33;72.54;71.71;72.14;143772
FR0000121220;11/08/14;72.76;73.03;72.45;72.94;113082
FR0000121220;12/08/14;72.65;73.13;72.45;72.97;129115
FR0000121220;13/08/14;73.41;73.41;72.82;73.00;104927
FR0000121220;14/08/14;72.88;73.30;72.69;72.99;78916
FR0000121220;15/08/14;73.11;73.30;72.36;72.38;103615
FR0000121220;18/08/14;72.92;73.36;72.92;72.94;89503
FR0000121220;19/08/14;73.34;73.85;73.05;73.81;87385
FR0000121220;20/08/14;73.96;73.96;72.69;72.85;163267
FR0000121220;21/08/14;73.06;73.58;72.82;73.50;164612
FR0000121220;22/08/14;73.41;73.49;72.71;73.07;79984
FR0000121220;25/08/14;73.61;73.84;73.24;73.64;118855
FR0000121220;26/08/14;73.75;74.49;73.48;74.43;88374
FR0000121220;27/08/14;77.38;77.39;74.81;74.84;243371
FR0000121220;28/08/14;74.85;74.97;74.27;74.75;120787
FR0000121220;29/08/14;74.95;75.00;74.35;74.97;158384
FR0000121261;01/08/14;81.81;82.04;79.46;81.29;948264
FR0000121261;04/08/14;81.33;82.10;80.40;81.23;680251
FR0000121261;05/08/14;81.48;81.89;79.95;80.51;680385
FR0000121261;06/08/14;80.18;80.51;78.44;80.06;852373
FR0000121261;07/08/14;79.78;80.12;77.68;77.97;940627
FR0000121261;08/08/14;76.88;79.35;76.43;78.98;926337
FR0000121261;11/08/14;79.95;80.61;79.39;80.44;520003
FR0000121261;12/08/14;79.96;80.42;78.92;79.09;547517
FR0000121261;13/08/14;79.71;80.32;79.17;79.89;558181
FR0000121261;14/08/14;79.69;81.50;79.38;81.06;542399
FR0000121261;15/08/14;81.16;81.97;79.66;79.82;564510
FR0000121261;18/08/14;80.87;81.41;80.64;81.15;334155
FR0000121261;19/08/14;81.50;82.32;81.25;82.14;366784
FR0000121261;20/08/14;82.31;82.50;81.15;81.98;410902
FR0000121261;21/08/14;82.21;83.24;81.66;83.01;346410
FR0000121261;22/08/14;83.10;83.11;81.90;82.48;339250
FR0000121261;25/08/14;83.30;83.49;82.64;83.23;291836
FR0000121261;26/08/14;83.10;84.76;82.99;84.52;518025
FR0000121261;27/08/14;84.46;84.63;83.33;84.56;532114
FR0000121261;28/08/14;84.36;84.60;83.54;84.04;542108
FR0000121261;29/08/14;84.10;84.60;82.95;84.15;586533
FR0000121485;01/08/14;159.35;159.95;157.25;158.75;403030
FR0000121485;04/08/14;158.65;160.35;157.80;160.35;244721
FR0000121485;05/08/14;160.30;160.65;159.25;160.35;242288
FR0000121485;06/08/14;159.70;162.60;159.30;160.30;327240
FR0000121485;07/08/14;160.25;161.40;159.05;159.05;229396
FR0000121485;08/08/14;159.25;160.10;156.80;158.00;302086
FR0000121485;11/08/14;158.90;158.95;157.75;158.20;158073
FR0000121485;12/08/14;157.95;158.45;157.40;157.80;112880
FR0000121485;13/08/14;158.60;158.95;156.65;157.15;120645
FR0000121485;14/08/14;155.00;157.15;153.75;155.40;315877
FR0000121485;15/08/14;155.50;158.10;154.90;155.50;242418
FR0000121485;18/08/14;157.30;157.75;156.80;157.05;89878
FR0000121485;19/08/14;157.05;157.30;156.75;157.25;99349
FR0000121485;20/08/14;157.15;157.30;155.10;156.10;87720
FR0000121485;21/08/14;156.45;157.35;156.00;157.00;96334
FR0000121485;22/08/14;157.05;157.05;153.65;154.20;138262
FR0000121485;25/08/14;154.85;156.15;154.50;156.15;118325
FR0000121485;26/08/14;155.75;158.85;155.65;158.85;185107
FR0000121485;27/08/14;158.65;161.25;158.55;160.00;150220
FR0000121485;28/08/14;159.55;161.35;158.65;160.20;173805
FR0000121485;29/08/14;160.35;162.15;159.10;161.25;198686
FR0000121501;01/08/14;11.15;11.16;10.70;10.795;6242450
FR0000121501;04/08/14;10.93;11.15;10.815;10.87;4508610
FR0000121501;05/08/14;10.885;10.915;10.485;10.565;5853531
FR0000121501;06/08/14;10.465;10.55;9.953;10.31;7113625
FR0000121501;07/08/14;10.29;10.42;9.851;9.918;5464036
FR0000121501;08/08/14;9.723;10.14;9.577;9.946;6005679
FR0000121501;11/08/14;10.095;10.29;10.055;10.20;2888007
FR0000121501;12/08/14;10.15;10.37;10.03;10.175;2981577
FR0000121501;13/08/14;10.255;10.365;10.10;10.32;3924286
FR0000121501;14/08/14;10.285;10.49;10.20;10.37;2298676
FR0000121501;15/08/14;10.40;10.50;10.145;10.175;2161124
FR0000121501;18/08/14;10.345;10.46;10.255;10.40;2842906
FR0000121501;19/08/14;10.47;10.635;10.45;10.585;2706510
FR0000121501;20/08/14;10.60;10.65;10.48;10.63;1747561
FR0000121501;21/08/14;10.675;10.80;10.56;10.755;2765294
FR0000121501;22/08/14;10.78;10.81;10.48;10.655;2171099
FR0000121501;25/08/14;10.80;10.935;10.67;10.85;2325212
FR0000121501;26/08/14;10.88;11.02;10.81;10.93;3442882
FR0000121501;27/08/14;10.945;11.08;10.82;10.96;3234537
FR0000121501;28/08/14;10.93;10.95;10.64;10.725;2813864
FR0000121501;29/08/14;10.735;10.84;10.52;10.69;2249430
FR0000121667;01/08/14;73.09;73.15;72.04;72.40;514738
FR0000121667;04/08/14;72.52;72.70;71.74;71.88;493117
FR0000121667;05/08/14;72.20;73.58;71.87;73.38;407372
FR0000121667;06/08/14;72.99;73.66;72.65;73.47;467630
FR0000121667;07/08/14;73.50;73.52;71.69;71.73;604425
FR0000121667;08/08/14;71.50;72.06;71.16;71.50;704052
FR0000121667;11/08/14;71.88;72.45;71.37;72.12;400717
FR0000121667;12/08/14;71.84;72.00;71.34;71.49;425674
FR0000121667;13/08/14;71.87;72.35;71.56;72.25;457027
FR0000121667;14/08/14;72.30;72.80;71.70;72.55;466206
FR0000121667;15/08/14;72.57;73.36;71.84;72.29;662086
FR0000121667;18/08/14;73.03;73.84;72.88;73.82;354078
FR0000121667;19/08/14;73.86;74.14;73.48;73.94;335805
FR0000121667;20/08/14;73.85;74.50;73.80;74.45;522971
FR0000121667;21/08/14;74.50;75.47;74.45;74.92;506875
FR0000121667;22/08/14;74.83;75.03;74.09;74.41;505845
FR0000121667;25/08/14;75.09;76.72;75.09;76.63;460453
FR0000121667;26/08/14;76.32;76.90;75.95;76.61;496245
FR0000121667;27/08/14;76.41;76.90;75.85;76.24;465278
FR0000121667;28/08/14;79.30;81.00;78.58;79.48;1277055
FR0000121667;29/08/14;79.80;80.72;79.51;80.72;855134
FR0000121972;01/08/14;63.17;63.28;61.87;61.95;2758322
FR0000121972;04/08/14;61.69;62.41;61.54;61.79;2093565
FR0000121972;05/08/14;62.09;62.57;61.63;62.50;1704220
FR0000121972;06/08/14;62.00;62.20;61.09;61.67;1643313
FR0000121972;07/08/14;61.72;62.15;60.87;60.94;1782160
FR0000121972;08/08/14;60.43;61.52;60.28;61.11;1588968
FR0000121972;11/08/14;61.90;62.99;61.70;62.82;1635919
FR0000121972;12/08/14;62.55;62.73;61.33;61.54;1684768
FR0000121972;13/08/14;61.91;62.38;61.71;62.21;1306313
FR0000121972;14/08/14;61.63;63.25;61.60;62.55;1688751
FR0000121972;15/08/14;62.83;63.64;62.09;62.35;2176244
FR0000121972;18/08/14;63.09;63.52;62.96;63.30;1170239
FR0000121972;19/08/14;63.50;63.66;63.19;63.37;984689
FR0000121972;20/08/14;63.24;63.42;62.71;63.18;894917
FR0000121972;21/08/14;63.22;64.72;63.10;64.67;1527503
FR0000121972;22/08/14;64.67;64.67;63.10;63.58;1463709
FR0000121972;25/08/14;64.50;65.00;63.86;65.00;1083076
FR0000121972;26/08/14;64.69;65.35;64.54;65.27;1201806
FR0000121972;27/08/14;65.13;65.47;64.86;65.15;1051553
FR0000121972;28/08/14;64.76;64.99;63.88;64.33;1240506
FR0000121972;29/08/14;64.71;64.71;63.38;64.32;1500886
FR0000124141;01/08/14;13.155;13.195;12.765;12.79;2661736
FR0000124141;04/08/14;12.82;12.955;12.715;12.735;1741606
FR0000124141;05/08/14;12.765;12.955;12.73;12.795;1819189
FR0000124141;06/08/14;12.72;12.79;12.565;12.64;1800920
FR0000124141;07/08/14;12.605;12.735;12.40;12.41;2277078
FR0000124141;08/08/14;12.255;12.405;12.165;12.36;1565094
FR0000124141;11/08/14;12.485;12.655;12.41;12.525;1149664
FR0000124141;12/08/14;12.525;12.615;12.43;12.545;1073770
FR0000124141;13/08/14;12.665;12.815;12.615;12.76;1685050
FR0000124141;14/08/14;12.71;12.89;12.655;12.77;1184121
FR0000124141;15/08/14;12.82;12.945;12.695;12.72;1179949
FR0000124141;18/08/14;12.885;12.925;12.775;12.81;798026
FR0000124141;19/08/14;12.86;12.95;12.735;12.75;950194
FR0000124141;20/08/14;12.75;12.80;12.625;12.735;1318451
FR0000124141;21/08/14;12.775;13.315;12.77;13.295;2954582
FR0000124141;22/08/14;13.31;13.41;13.135;13.31;1462250
FR0000124141;25/08/14;13.48;13.535;13.33;13.505;862587
FR0000124141;26/08/14;13.58;13.98;13.58;13.805;2852922
FR0000124141;27/08/14;13.84;14.005;13.755;13.865;2292736
FR0000124141;28/08/14;13.935;14.10;13.545;13.755;2662503
FR0000124141;29/08/14;13.78;13.98;13.70;13.975;2499279
FR0000124711;01/08/14;200.35;200.70;196.50;196.70;372442
FR0000124711;04/08/14;197.90;197.90;193.00;193.40;355383
FR0000124711;05/08/14;194.10;196.40;194.00;195.15;295425
FR0000124711;06/08/14;193.90;194.30;190.55;193.20;302663
FR0000124711;07/08/14;193.50;194.20;187.90;188.00;801472
FR0000124711;08/08/14;187.00;192.30;187.00;191.70;617141
FR0000124711;11/08/14;193.50;196.05;192.25;195.50;317281
FR0000124711;12/08/14;195.50;195.90;193.90;195.15;281031
FR0000124711;13/08/14;195.75;197.05;195.05;195.95;244408
FR0000124711;14/08/14;194.95;199.25;194.90;198.65;416972
FR0000124711;15/08/14;198.40;199.65;195.90;196.05;467552
FR0000124711;18/08/14;197.55;199.20;197.15;197.45;198053
FR0000124711;19/08/14;198.05;199.35;197.65;199.00;157794
FR0000124711;20/08/14;198.65;199.95;197.65;197.85;161487
FR0000124711;21/08/14;198.40;198.75;197.10;198.30;229332
FR0000124711;22/08/14;198.80;198.80;196.10;197.25;153638
FR0000124711;25/08/14;199.65;203.55;199.15;203.35;308249
FR0000124711;26/08/14;202.45;206.70;202.40;206.20;346911
FR0000124711;27/08/14;206.25;206.60;205.05;205.15;229501
FR0000124711;28/08/14;205.45;205.55;202.35;203.90;235682
FR0000124711;29/08/14;204.90;205.30;202.50;204.40;226827
FR0000125007;01/08/14;36.41;36.41;35.035;35.635;3457542
FR0000125007;04/08/14;35.915;36.24;35.625;36.00;2079008
FR0000125007;05/08/14;36.15;36.305;35.85;36.06;1830498
FR0000125007;06/08/14;35.81;36.17;35.46;36.04;2006620
FR0000125007;07/08/14;36.00;36.12;35.65;35.685;2612013
FR0000125007;08/08/14;35.27;35.65;35.175;35.47;2784343
FR0000125007;11/08/14;35.945;36.89;35.675;36.545;2691662
FR0000125007;12/08/14;36.455;36.57;35.775;35.84;1823720
FR0000125007;13/08/14;36.15;36.495;36.06;36.395;1326964
FR0000125007;14/08/14;36.155;36.675;36.02;36.15;1253025
FR0000125007;15/08/14;36.255;36.845;35.805;35.865;1909710
FR0000125007;18/08/14;36.415;36.72;36.31;36.69;1124433
FR0000125007;19/08/14;36.95;37.48;36.845;37.435;1816156
FR0000125007;20/08/14;37.365;37.69;37.12;37.35;1677481
FR0000125007;21/08/14;37.36;38.22;37.25;38.16;1634289
FR0000125007;22/08/14;38.20;38.37;37.565;37.765;1915530
FR0000125007;25/08/14;38.325;38.83;38.17;38.83;1494329
FR0000125007;26/08/14;38.73;39.185;38.595;39.115;1337941
FR0000125007;27/08/14;39.00;39.21;38.785;38.955;1118813
FR0000125007;28/08/14;38.755;38.935;38.185;38.57;1797933
FR0000125007;29/08/14;38.725;38.82;38.335;38.63;1474858
FR0000125338;01/08/14;54.59;55.24;53.39;53.91;745415
FR0000125338;04/08/14;54.17;54.69;53.37;53.52;499698
FR0000125338;05/08/14;53.64;53.85;53.19;53.35;427946
FR0000125338;06/08/14;53.25;53.49;51.57;52.21;885917
FR0000125338;07/08/14;52.15;53.35;52.03;52.35;713132
FR0000125338;08/08/14;51.81;51.97;51.27;51.62;881086
FR0000125338;11/08/14;51.70;52.49;51.60;52.34;433240
FR0000125338;12/08/14;52.27;52.29;51.37;51.54;515077
FR0000125338;13/08/14;51.61;51.72;51.01;51.31;478507
FR0000125338;14/08/14;51.23;51.95;51.07;51.90;473531
FR0000125338;15/08/14;51.93;52.85;51.64;51.83;729206
FR0000125338;18/08/14;52.16;52.55;52.09;52.27;323206
FR0000125338;19/08/14;52.34;53.50;52.34;53.50;504188
FR0000125338;20/08/14;53.48;53.71;52.95;53.45;394642
FR0000125338;21/08/14;53.49;54.66;53.29;54.66;537840
FR0000125338;22/08/14;54.69;54.70;53.57;53.63;556392
FR0000125338;25/08/14;54.19;54.69;53.76;54.61;305424
FR0000125338;26/08/14;54.58;55.22;54.26;55.20;470304
FR0000125338;27/08/14;55.19;55.24;54.71;55.03;420139
FR0000125338;28/08/14;54.99;55.04;54.09;54.16;410862
FR0000125338;29/08/14;54.17;54.76;53.82;54.11;514314
FR0000125486;01/08/14;48.70;49.085;45.50;48.355;6216402
FR0000125486;04/08/14;48.325;48.85;48.04;48.125;2575060
FR0000125486;05/08/14;48.28;48.52;47.60;47.90;2115533
FR0000125486;06/08/14;47.535;47.87;47.21;47.505;2022437
FR0000125486;07/08/14;47.50;47.655;46.275;46.365;2278765
FR0000125486;08/08/14;45.76;47.18;45.565;46.78;2924736
FR0000125486;11/08/14;47.115;48.115;47.035;47.955;2848448
FR0000125486;12/08/14;47.92;47.92;47.165;47.32;1693871
FR0000125486;13/08/14;47.83;47.87;47.21;47.50;1496866
FR0000125486;14/08/14;47.425;47.815;47.10;47.37;1623400
FR0000125486;15/08/14;47.45;47.95;46.81;46.865;2366898
FR0000125486;18/08/14;47.595;47.835;47.28;47.405;1510799
FR0000125486;19/08/14;47.615;47.78;47.43;47.60;1341328
FR0000125486;20/08/14;47.485;47.71;47.14;47.60;930621
FR0000125486;21/08/14;47.60;48.49;47.365;48.48;1708565
FR0000125486;22/08/14;48.50;48.50;47.645;47.885;1322963
FR0000125486;25/08/14;48.495;48.855;48.03;48.855;1391512
FR0000125486;26/08/14;48.98;49.27;48.84;49.18;2119476
FR0000125486;27/08/14;49.035;49.365;48.76;49.265;1635466
FR0000125486;28/08/14;49.285;49.415;48.835;49.23;1689575
FR0000125486;29/08/14;49.50;49.835;49.235;49.75;2168609
FR0000127771;01/08/14;18.66;18.75;18.49;18.675;7000952
FR0000127771;04/08/14;18.75;18.955;18.615;18.905;5429966
FR0000127771;05/08/14;19.465;19.73;19.40;19.59;11212104
FR0000127771;06/08/14;19.49;19.585;19.275;19.46;6329506
FR0000127771;07/08/14;19.475;19.745;19.20;19.285;7698008
FR0000127771;08/08/14;19.07;19.39;19.07;19.135;4563095
FR0000127771;11/08/14;19.24;19.30;19.10;19.135;4479729
FR0000127771;12/08/14;19.08;19.12;18.90;18.995;4419415
FR0000127771;13/08/14;19.10;19.175;18.98;19.155;3359086
FR0000127771;14/08/14;19.085;19.34;19.06;19.29;2953742
FR0000127771;15/08/14;19.32;19.575;19.15;19.19;4498460
FR0000127771;18/08/14;19.455;19.525;19.34;19.405;2587906
FR0000127771;19/08/14;19.465;19.54;19.405;19.53;2739902
FR0000127771;20/08/14;19.45;19.46;19.24;19.40;2865898
FR0000127771;21/08/14;19.39;19.61;19.275;19.61;3241855
FR0000127771;22/08/14;19.62;19.62;19.345;19.485;2811933
FR0000127771;25/08/14;19.705;19.795;19.565;19.795;2932315
FR0000127771;26/08/14;19.67;19.95;19.625;19.945;3688799
FR0000127771;27/08/14;19.955;20.29;19.94;20.19;5243699
FR0000127771;28/08/14;20.21;20.25;19.91;20.20;5102290
FR0000127771;29/08/14;20.13;20.175;19.665;19.795;6222155
FR0000130577;01/08/14;54.22;54.30;53.15;53.61;922681
FR0000130577;04/08/14;53.76;54.03;53.19;53.66;667271
FR0000130577;05/08/14;53.77;53.88;53.51;53.83;639857
FR0000130577;06/08/14;53.58;54.36;53.36;54.13;751978
FR0000130577;07/08/14;54.14;54.14;53.65;53.76;605980
FR0000130577;08/08/14;53.40;54.16;53.24;54.16;671583
FR0000130577;11/08/14;54.50;55.04;54.24;55.00;469919
FR0000130577;12/08/14;54.84;55.00;54.52;54.61;458779
FR0000130577;13/08/14;54.82;54.94;54.17;54.48;432766
FR0000130577;14/08/14;54.26;54.59;54.12;54.38;396553
FR0000130577;15/08/14;54.47;55.38;54.19;54.26;495797
FR0000130577;18/08/14;54.84;54.95;54.54;54.62;432384
FR0000130577;19/08/14;54.67;55.29;54.41;54.91;344880
FR0000130577;20/08/14;55.18;55.59;54.86;55.46;431381
FR0000130577;21/08/14;55.39;55.97;55.19;55.25;579706
FR0000130577;22/08/14;55.18;55.60;55.09;55.47;431331
FR0000130577;25/08/14;55.73;56.20;55.60;56.14;277800
FR0000130577;26/08/14;56.09;58.05;55.97;57.59;895113
FR0000130577;27/08/14;57.48;57.61;56.87;57.47;460801
FR0000130577;28/08/14;57.32;57.39;56.45;57.05;532681
FR0000130577;29/08/14;57.20;57.22;55.94;56.70;765165
FR0000130809;01/08/14;37.625;38.01;36.305;36.84;7428683
FR0000130809;04/08/14;37.20;37.605;36.62;36.955;3856396
FR0000130809;05/08/14;37.19;37.56;36.27;36.455;4575063
FR0000130809;06/08/14;36.00;36.53;35.375;35.78;6893026
FR0000130809;07/08/14;35.785;36.38;35.21;35.41;6181158
FR0000130809;08/08/14;35.01;35.89;34.735;35.59;6085441
FR0000130809;11/08/14;36.17;36.395;35.445;35.675;4191923
FR0000130809;12/08/14;35.505;36.22;35.285;35.575;3890870
FR0000130809;13/08/14;35.815;36.38;35.815;36.16;4165945
FR0000130809;14/08/14;36.00;36.44;35.605;35.915;3955196
FR0000130809;15/08/14;35.94;36.925;35.695;35.785;4841333
FR0000130809;18/08/14;36.425;36.64;36.01;36.255;2867265
FR0000130809;19/08/14;36.355;36.86;36.23;36.665;2640799
FR0000130809;20/08/14;36.655;36.785;36.21;36.525;1967724
FR0000130809;21/08/14;36.53;37.665;36.215;37.51;4406530
FR0000130809;22/08/14;37.67;38.315;37.225;37.54;4292371
FR0000130809;25/08/14;38.01;38.665;37.965;38.65;3687384
FR0000130809;26/08/14;38.65;39.39;38.61;39.315;4907302
FR0000130809;27/08/14;39.35;39.695;39.075;39.37;4063031
FR0000130809;28/08/14;39.22;39.37;38.345;38.545;4457044
FR0000130809;29/08/14;38.63;38.99;38.09;38.555;3203379
FR0000131104;01/08/14;49.26;50.85;48.80;49.76;5990584
FR0000131104;04/08/14;50.11;50.94;49.92;50.19;3900716
FR0000131104;05/08/14;50.37;50.66;49.15;49.47;4297618
FR0000131104;06/08/14;48.975;49.545;48.385;48.925;5758809
FR0000131104;07/08/14;48.97;49.325;47.975;48.17;5927565
FR0000131104;08/08/14;47.60;48.415;47.38;47.97;5350929
FR0000131104;11/08/14;48.55;48.60;47.585;48.025;4026931
FR0000131104;12/08/14;47.95;48.525;47.65;47.90;4338735
FR0000131104;13/08/14;48.115;49.065;48.115;48.735;4610580
FR0000131104;14/08/14;48.51;48.72;48.025;48.56;4145249
FR0000131104;15/08/14;48.70;49.575;48.20;48.325;4564592
FR0000131104;18/08/14;48.935;49.045;48.16;48.665;3912767
FR0000131104;19/08/14;48.915;49.12;48.63;48.81;3134806
FR0000131104;20/08/14;48.705;48.85;48.21;48.57;3170110
FR0000131104;21/08/14;48.485;49.45;48.13;49.39;3704662
FR0000131104;22/08/14;49.54;49.855;48.80;49.07;3177525
FR0000131104;25/08/14;49.71;50.33;49.57;50.23;3665402
FR0000131104;26/08/14;50.22;51.45;50.22;51.30;4375367
FR0000131104;27/08/14;51.28;52.01;51.17;51.76;3742756
FR0000131104;28/08/14;52.05;52.19;51.21;51.47;4072512
FR0000131104;29/08/14;51.60;52.11;51.00;51.38;3830901
FR0000131906;01/08/14;62.00;62.18;59.42;60.19;2809149
FR0000131906;04/08/14;60.59;62.83;60.11;61.80;1531121
FR0000131906;05/08/14;62.00;62.46;60.42;61.12;1108622
FR0000131906;06/08/14;60.59;61.40;58.66;59.28;1490860
FR0000131906;07/08/14;59.34;60.13;57.39;57.99;1897855
FR0000131906;08/08/14;56.75;58.90;56.10;58.15;1749563
FR0000131906;11/08/14;59.23;59.98;58.60;58.77;1145607
FR0000131906;12/08/14;58.74;59.03;57.56;57.85;1089336
FR0000131906;13/08/14;58.45;58.49;57.14;57.87;1248147
FR0000131906;14/08/14;57.55;59.68;57.26;58.53;1289241
FR0000131906;15/08/14;58.78;59.37;57.32;57.54;1443347
FR0000131906;18/08/14;58.67;59.47;58.26;58.99;1009033
FR0000131906;19/08/14;59.39;59.89;59.24;59.70;758309
FR0000131906;20/08/14;59.69;59.89;58.89;59.42;680422
FR0000131906;21/08/14;59.64;60.80;59.35;60.55;952537
FR0000131906;22/08/14;60.45;61.31;59.80;60.93;1228884
FR0000131906;25/08/14;61.76;61.84;60.69;61.23;616817
FR0000131906;26/08/14;61.31;62.33;60.93;62.08;783496
FR0000131906;27/08/14;62.19;62.49;61.68;62.18;663801
FR0000131906;28/08/14;61.88;62.23;60.83;61.38;1028040
FR0000131906;29/08/14;61.49;61.71;59.11;59.58;1862475
FR0000133308;01/08/14;11.55;11.59;11.33;11.45;13146159
FR0000133308;04/08/14;11.49;11.59;11.45;11.49;5619047
FR0000133308;05/08/14;11.495;11.56;11.45;11.49;4717516
FR0000133308;06/08/14;11.40;11.425;11.24;11.31;6829806
FR0000133308;07/08/14;11.30;11.305;10.895;10.99;9513898
FR0000133308;08/08/14;10.88;10.975;10.735;10.82;6705766
FR0000133308;11/08/14;10.90;11.085;10.805;11.055;7019875
FR0000133308;12/08/14;11.04;11.06;10.93;10.97;4122170
FR0000133308;13/08/14;11.055;11.235;11.04;11.115;5165929
FR0000133308;14/08/14;11.05;11.18;11.02;11.12;3039654
FR0000133308;15/08/14;11.135;11.315;11.015;11.05;5407609
FR0000133308;18/08/14;11.25;11.275;11.145;11.175;3490796
FR0000133308;19/08/14;11.20;11.265;11.16;11.19;2846791
FR0000133308;20/08/14;11.115;11.19;11.035;11.155;3669229
FR0000133308;21/08/14;11.17;11.365;11.13;11.365;4585639
FR0000133308;22/08/14;11.385;11.40;11.18;11.24;3497085
FR0000133308;25/08/14;11.375;11.48;11.315;11.48;5115395
FR0000133308;26/08/14;11.46;11.51;11.375;11.455;4612610
FR0000133308;27/08/14;11.42;11.66;11.42;11.615;4699402
FR0000133308;28/08/14;11.625;11.64;11.45;11.505;5027066
FR0000133308;29/08/14;11.55;11.565;11.37;11.52;4277812
FR0010208488;01/08/14;19.115;19.145;18.755;18.845;8024122
FR0010208488;04/08/14;18.845;19.05;18.75;18.815;4572576
FR0010208488;05/08/14;18.84;19.125;18.815;18.945;4198863
FR0010208488;06/08/14;18.815;18.92;18.61;18.845;5836156
FR0010208488;07/08/14;18.74;18.75;18.435;18.475;6480256
FR0010208488;08/08/14;18.30;18.55;18.29;18.445;5144419
FR0010208488;11/08/14;18.605;18.785;18.38;18.705;4287135
FR0010208488;12/08/14;18.665;18.74;18.48;18.63;3722538
FR0010208488;13/08/14;18.705;18.98;18.705;18.895;4305502
FR0010208488;14/08/14;18.91;19.10;18.825;19.00;4656526
FR0010208488;15/08/14;19.05;19.295;18.885;18.94;5580340
FR0010208488;18/08/14;19.155;19.26;18.935;19.04;2799274
FR0010208488;19/08/14;19.10;19.115;18.97;19.06;2396772
FR0010208488;20/08/14;18.96;19.01;18.365;18.63;9492236
FR0010208488;21/08/14;18.71;18.82;18.385;18.70;6502653
FR0010208488;22/08/14;18.69;18.695;18.365;18.555;4265592
FR0010208488;25/08/14;18.745;18.98;18.595;18.96;4092925
FR0010208488;26/08/14;18.895;18.955;18.485;18.815;6626609
FR0010208488;27/08/14;18.73;18.82;18.575;18.68;4825703
FR0010208488;28/08/14;18.625;18.825;18.58;18.62;5565976
FR0010208488;29/08/14;18.725;18.85;18.51;18.745;3989736
FR0010307819;01/08/14;41.465;41.52;40.51;40.795;872586
FR0010307819;04/08/14;40.80;40.80;40.335;40.515;611959
FR0010307819;05/08/14;40.555;41.34;40.41;41.21;699343
FR0010307819;06/08/14;41.00;41.065;40.25;40.44;975632
FR0010307819;07/08/14;40.52;40.755;40.175;40.195;693480
FR0010307819;08/08/14;39.99;40.19;39.34;39.535;1098237
FR0010307819;11/08/14;39.86;40.85;39.75;40.78;783661
FR0010307819;12/08/14;41.165;41.56;40.845;41.455;1166717
FR0010307819;13/08/14;41.565;41.60;41.19;41.45;378834
FR0010307819;14/08/14;41.28;41.875;41.28;41.445;420461
FR0010307819;15/08/14;41.53;42.04;41.22;41.295;750079
FR0010307819;18/08/14;41.70;41.95;41.70;41.845;282125
FR0010307819;19/08/14;41.94;42.26;41.89;42.035;337265
FR0010307819;20/08/14;42.075;42.105;41.60;41.93;380846
FR0010307819;21/08/14;42.285;42.30;41.805;42.045;634084
FR0010307819;22/08/14;42.10;42.12;41.565;41.69;327602
FR0010307819;25/08/14;42.10;42.49;42.00;42.48;245732
FR0010307819;26/08/14;42.33;42.575;42.25;42.445;279860
FR0010307819;27/08/14;42.315;42.53;42.22;42.47;600212
FR0010307819;28/08/14;42.305;42.32;41.76;41.885;345290
FR0010307819;29/08/14;42.05;42.125;41.24;42.07;713212
FR0013176526;01/08/14;29.8267;30.2367;29.2067;30.0933;2025228
FR0013176526;04/08/14;30.1567;30.4533;29.9733;30.1333;1094157
FR0013176526;05/08/14;30.2433;30.3433;29.6533;29.7967;1220643
FR0013176526;06/08/14;29.5833;29.5833;28.4367;29.1267;1317393
FR0013176526;07/08/14;29.0267;29.5733;28.7867;29.2067;1353108
FR0013176526;08/08/14;28.70;29.14;28.4333;28.88;1295847
FR0013176526;11/08/14;29.22;29.8667;29.1167;29.8467;884685
FR0013176526;12/08/14;29.7967;29.81;29.0033;29.1167;691935
FR0013176526;13/08/14;29.26;29.33;28.7067;28.8633;763890
FR0013176526;14/08/14;28.74;29.3933;28.6667;29.2933;943164
FR0013176526;15/08/14;29.3267;29.82;28.92;28.9433;873777
FR0013176526;18/08/14;29.41;29.6667;29.3633;29.4867;610050
FR0013176526;19/08/14;29.6333;30.72;29.5833;30.6967;1229646
FR0013176526;20/08/14;30.69;30.7667;30.2767;30.50;865602
FR0013176526;21/08/14;30.5567;31.26;30.38;31.24;636876
FR0013176526;22/08/14;31.2967;31.50;31.00;31.2067;935307
FR0013176526;25/08/14;31.5567;31.5833;31.15;31.2567;577095
FR0013176526;26/08/14;31.1833;31.59;30.7867;31.5233;1013556
FR0013176526;27/08/14;31.39;31.5133;31.2433;31.4333;706026
FR0013176526;28/08/14;31.2567;31.37;30.5833;30.6433;831996
FR0013176526;29/08/14;30.71;30.9633;30.3067;30.6567;772434
GB00BDSFG982;01/08/14;34.32;34.725;34.00;34.30;1156404
GB00BDSFG982;04/08/14;34.34;34.405;33.925;34.00;818348
GB00BDSFG982;05/08/14;34.065;34.345;33.915;33.96;707328
GB00BDSFG982;06/08/14;33.865;34.02;33.46;33.865;722938
GB00BDSFG982;07/08/14;33.98;34.46;33.21;33.405;1126530
GB00BDSFG982;08/08/14;33.06;33.815;33.055;33.485;1535562
GB00BDSFG982;11/08/14;33.695;34.425;33.465;34.135;811848
GB00BDSFG982;12/08/14;34.145;34.145;33.715;33.985;709346
GB00BDSFG982;13/08/14;34.125;34.495;33.715;33.925;837914
GB00BDSFG982;14/08/14;33.995;34.42;33.57;33.975;637080
GB00BDSFG982;15/08/14;34.12;34.625;33.885;34.165;774874
GB00BDSFG982;18/08/14;34.69;34.70;34.26;34.595;791360
GB00BDSFG982;19/08/14;34.74;34.91;34.695;34.875;620448
GB00BDSFG982;20/08/14;34.885;35.03;34.67;35.00;621986
GB00BDSFG982;21/08/14;35.045;35.555;34.845;35.345;759378
GB00BDSFG982;22/08/14;35.115;35.115;34.625;34.815;830368
GB00BDSFG982;25/08/14;35.03;35.25;34.855;35.205;420690
GB00BDSFG982;26/08/14;35.205;35.58;34.98;35.51;564636
GB00BDSFG982;27/08/14;35.585;35.66;35.205;35.50;478504
GB00BDSFG982;28/08/14;35.425;35.615;35.00;35.005;499772
GB00BDSFG982;29/08/14;35.06;35.25;34.95;35.25;711274
LU1598757687;01/08/14;32.70;33.06;31.545;32.025;8096696
LU1598757687;04/08/14;32.46;32.535;31.875;32.265;3440615
LU1598757687;05/08/14;32.31;32.385;31.605;31.845;2675311
LU1598757687;06/08/14;31.53;31.815;31.095;31.665;3545714
LU1598757687;07/08/14;31.605;31.83;31.005;31.095;3059036
LU1598757687;08/08/14;30.87;31.125;30.57;30.93;3527140
LU1598757687;11/08/14;31.17;31.365;31.035;31.185;2281038
LU1598757687;12/08/14;31.05;31.29;30.705;30.885;2242221
LU1598757687;13/08/14;31.05;31.17;30.78;31.065;2240280
LU1598757687;14/08/14;30.885;31.14;30.765;31.02;2031291
LU1598757687;15/08/14;31.11;31.335;30.51;30.555;2733092
LU1598757687;18/08/14;31.035;31.485;31.035;31.44;2166243
LU1598757687;19/08/14;31.725;32.145;31.605;31.95;2801744
LU1598757687;20/08/14;31.935;32.055;31.545;31.815;1930702
LU1598757687;21/08/14;31.815;32.07;31.605;31.905;1585383
LU1598757687;22/08/14;31.815;31.92;31.41;31.665;1864004
LU1598757687;25/08/14;31.83;31.98;31.71;31.95;1204634
LU1598757687;26/08/14;32.67;33.495;32.55;33.345;5859834
LU1598757687;27/08/14;33.48;33.825;33.285;33.57;3082726
LU1598757687;28/08/14;33.285;33.42;32.565;32.775;3513343
LU1598757687;29/08/14;32.685;33.225;32.685;33.225;2817704
NL0000226223;01/08/14;6.21;6.224;6.014;6.039;4195427
NL0000226223;04/08/14;6.063;6.072;5.939;5.939;2289109
NL0000226223;05/08/14;5.958;5.969;5.904;5.924;1611303
NL0000226223;06/08/14;5.90;5.937;5.759;5.852;2304955
NL0000226223;07/08/14;5.88;5.988;5.815;5.849;1889458
NL0000226223;08/08/14;5.788;5.874;5.765;5.80;1969688
NL0000226223;11/08/14;5.853;5.937;5.839;5.907;1551181
NL0000226223;12/08/14;5.902;5.947;5.848;5.857;1234657
NL0000226223;13/08/14;5.881;5.952;5.857;5.925;1521131
NL0000226223;14/08/14;5.91;6.055;5.90;6.009;1370586
NL0000226223;15/08/14;6.057;6.099;6.00;6.017;941593
NL0000226223;18/08/14;6.093;6.152;6.036;6.084;1698808
NL0000226223;19/08/14;6.093;6.192;6.061;6.167;1301872
NL0000226223;20/08/14;6.16;6.231;6.121;6.124;1834513
NL0000226223;21/08/14;6.131;6.311;6.131;6.241;2387145
NL0000226223;22/08/14;6.255;6.292;6.19;6.292;1382056
NL0000226223;25/08/14;6.343;6.353;6.288;6.339;795390
NL0000226223;26/08/14;6.342;6.419;6.283;6.376;1696959
NL0000226223;27/08/14;6.305;6.384;6.272;6.326;1692089
NL0000226223;28/08/14;6.291;6.36;6.266;6.279;1956485
NL0000226223;29/08/14;6.289;6.427;6.284;6.374;2261536
NL0000235190;01/08/14;43.26;43.35;41.86;42.675;4678199
NL0000235190;04/08/14;42.705;43.04;42.22;42.59;2443497
NL0000235190;05/08/14;42.69;42.69;41.61;42.45;3425125
NL0000235190;06/08/14;42.30;43.20;42.03;42.985;3926549
NL0000235190;07/08/14;43.185;43.20;42.405;42.56;2732244
NL0000235190;08/08/14;42.025;42.37;41.95;42.215;2117995
NL0000235190;11/08/14;42.46;43.44;42.325;43.345;2209816
NL0000235190;12/08/14;43.355;43.505;42.98;43.055;2315527
NL0000235190;13/08/14;43.26;43.34;42.73;43.095;1683542
NL0000235190;14/08/14;43.055;43.735;42.85;43.605;1767026
NL0000235190;15/08/14;43.79;44.305;43.15;43.47;2749705
NL0000235190;18/08/14;44.02;44.23;43.835;44.13;1623400
NL0000235190;19/08/14;44.35;44.75;44.27;44.655;1909093
NL0000235190;20/08/14;44.74;44.895;44.17;44.50;2128099
NL0000235190;21/08/14;44.59;44.69;44.19;44.685;2070268
NL0000235190;22/08/14;44.78;44.985;44.495;44.73;1920465
NL0000235190;25/08/14;45.15;45.995;45.15;45.945;1856039
NL0000235190;26/08/14;45.80;46.635;45.615;46.545;2442912
NL0000235190;27/08/14;46.51;47.00;46.45;46.765;2014430
NL0000235190;28/08/14;46.71;46.785;46.145;46.60;1859206
NL0000235190;29/08/14;46.795;46.845;46.24;46.805;1729514
