BE0003470755;02/01/18;116.00;116.15;114.50;114.95;220831
BE0003470755;03/01/18;115.00;116.65;114.95;116.05;237054
BE0003470755;04/01/18;118.00;118.75;117.25;118.50;332316
BE0003470755;05/01/18;118.90;120.40;118.65;119.90;336896
BE0003470755;08/01/18;120.50;120.65;118.85;118.85;295506
BE0003470755;09/01/18;119.20;119.80;118.85;119.60;187995
BE0003470755;10/01/18;119.80;119.80;118.10;118.20;207383
BE0003470755;11/01/18;118.15;118.45;117.30;118.10;233109
BE0003470755;12/01/18;118.55;119.45;117.75;119.40;258055
BE0003470755;15/01/18;119.50;119.90;119.25;119.65;244021
BE0003470755;16/01/18;118.70;119.30;117.80;118.50;310114
BE0003470755;17/01/18;118.50;118.85;117.70;117.85;287788
BE0003470755;18/01/18;118.05;119.20;117.95;119.10;297447
BE0003470755;19/01/18;119.20;120.10;119.00;119.45;292275
BE0003470755;22/01/18;119.80;120.10;119.25;119.60;152545
BE0003470755;23/01/18;120.30;120.30;118.60;118.80;172391
BE0003470755;24/01/18;118.65;119.00;118.30;118.35;196427
BE0003470755;25/01/18;118.85;119.30;118.45;118.85;296122
BE0003470755;26/01/18;118.80;119.50;118.60;119.45;215224
BE0003470755;29/01/18;119.80;119.85;119.20;119.30;143594
BE0003470755;30/01/18;118.80;119.30;118.00;118.10;176985
BE0003470755;31/01/18;118.00;118.60;116.45;116.55;328677
CH0012214059;02/01/18;47.10;47.10;45.71;46.10;264388
CH0012214059;03/01/18;47.10;48.08;47.07;47.48;315018
CH0012214059;04/01/18;47.72;48.88;47.72;48.64;336844
CH0012214059;05/01/18;48.74;49.39;48.53;49.17;300198
CH0012214059;08/01/18;49.60;49.90;49.42;49.69;265981
CH0012214059;09/01/18;49.83;50.46;49.81;50.38;230863
CH0012214059;10/01/18;50.56;50.56;49.87;49.90;207345
CH0012214059;11/01/18;50.00;50.78;49.94;50.38;202386
CH0012214059;12/01/18;50.50;50.58;49.86;49.97;118078
CH0012214059;15/01/18;49.98;50.28;49.77;49.94;94364
CH0012214059;16/01/18;49.99;50.32;49.68;49.77;144297
CH0012214059;17/01/18;49.80;50.12;49.48;49.97;172607
CH0012214059;18/01/18;49.74;50.52;49.66;50.52;135280
CH0012214059;19/01/18;50.34;50.64;50.04;50.44;130396
CH0012214059;22/01/18;50.54;50.94;50.52;50.80;115521
CH0012214059;23/01/18;50.86;50.90;50.46;50.84;124099
CH0012214059;24/01/18;50.94;50.94;50.06;50.18;193894
CH0012214059;25/01/18;49.87;50.56;49.87;50.56;183048
CH0012214059;26/01/18;50.00;50.96;49.93;50.54;189283
CH0012214059;29/01/18;50.50;51.10;50.44;50.96;140372
CH0012214059;30/01/18;50.50;51.00;50.12;50.40;175441
CH0012214059;31/01/18;50.14;50.50;49.21;49.37;197916
FR0000045072;02/01/18;13.94;14.06;13.855;13.97;5715943
FR0000045072;03/01/18;14.01;14.125;13.945;14.055;4257351
FR0000045072;04/01/18;14.235;14.74;14.23;14.69;13328932
FR0000045072;05/01/18;14.75;14.865;14.575;14.665;5124727
FR0000045072;08/01/18;14.87;15.01;14.82;14.825;7751807
FR0000045072;09/01/18;14.885;14.965;14.77;14.89;4685791
FR0000045072;10/01/18;14.90;15.195;14.89;15.16;8050699
FR0000045072;11/01/18;15.195;15.39;15.005;15.235;6060787
FR0000045072;12/01/18;15.285;15.31;15.115;15.22;5371730
FR0000045072;15/01/18;15.275;15.36;15.16;15.285;4437980
FR0000045072;16/01/18;15.30;15.375;15.24;15.26;4491208
FR0000045072;17/01/18;15.165;15.195;14.96;15.195;6521346
FR0000045072;18/01/18;15.205;15.27;15.075;15.27;4349522
FR0000045072;19/01/18;15.23;15.36;15.15;15.205;3560920
FR0000045072;22/01/18;15.225;15.485;15.02;15.44;6199391
FR0000045072;23/01/18;15.50;15.505;15.235;15.325;4277504
FR0000045072;24/01/18;15.325;15.49;15.27;15.30;4751452
FR0000045072;25/01/18;15.25;15.475;15.235;15.455;5079537
FR0000045072;26/01/18;15.43;15.455;15.345;15.42;3706591
FR0000045072;29/01/18;15.49;15.54;15.395;15.41;3699857
FR0000045072;30/01/18;15.36;15.365;15.06;15.175;5174378
FR0000045072;31/01/18;15.155;15.26;15.085;15.175;4938678
FR0000051732;02/01/18;122.00;122.00;120.30;121.70;222668
FR0000051732;03/01/18;122.00;124.75;121.75;123.45;366636
FR0000051732;04/01/18;123.55;125.40;123.55;125.20;343406
FR0000051732;05/01/18;125.70;127.05;125.55;127.05;270482
FR0000051732;08/01/18;127.35;127.70;126.10;126.40;247747
FR0000051732;09/01/18;126.50;126.85;125.15;125.90;243076
FR0000051732;10/01/18;125.80;126.05;124.25;125.10;232336
FR0000051732;11/01/18;125.20;125.70;123.80;125.10;236047
FR0000051732;12/01/18;125.50;127.40;124.70;127.00;304666
FR0000051732;15/01/18;126.80;128.35;126.40;127.95;192795
FR0000051732;16/01/18;127.85;127.95;126.45;127.50;213383
FR0000051732;17/01/18;126.90;127.75;126.80;127.20;183444
FR0000051732;18/01/18;127.50;127.65;126.60;127.30;301523
FR0000051732;19/01/18;127.30;128.50;126.85;128.35;281956
FR0000051732;22/01/18;128.40;129.40;127.85;128.50;185919
FR0000051732;23/01/18;129.35;130.45;128.35;130.30;232725
FR0000051732;24/01/18;130.40;130.55;128.05;128.05;198280
FR0000051732;25/01/18;127.85;128.25;125.70;126.50;215425
FR0000051732;26/01/18;126.55;127.60;126.20;127.60;155146
FR0000051732;29/01/18;127.65;128.95;127.10;128.55;210902
FR0000051732;30/01/18;127.60;129.05;126.45;126.80;236126
FR0000051732;31/01/18;126.70;127.30;126.15;127.00;270279
FR0000073272;02/01/18;86.38;86.38;84.96;85.20;755373
FR0000073272;03/01/18;84.02;86.00;83.78;85.62;726302
FR0000073272;04/01/18;87.20;88.84;87.18;88.68;907897
FR0000073272;05/01/18;89.24;89.86;88.82;89.20;803318
FR0000073272;08/01/18;89.44;89.60;88.82;89.04;632837
FR0000073272;09/01/18;88.96;89.96;88.86;89.70;688067
FR0000073272;10/01/18;89.72;89.72;88.84;89.58;848810
FR0000073272;11/01/18;89.80;90.46;89.54;90.00;764736
FR0000073272;12/01/18;90.36;90.84;89.84;90.48;588589
FR0000073272;15/01/18;90.26;90.58;89.88;89.90;542291
FR0000073272;16/01/18;89.88;90.64;89.84;90.64;736105
FR0000073272;17/01/18;90.00;90.36;89.80;90.10;930409
FR0000073272;18/01/18;90.12;91.18;90.04;91.18;772912
FR0000073272;19/01/18;91.38;92.36;90.84;91.26;1013161
FR0000073272;22/01/18;91.40;91.56;90.76;90.80;759621
FR0000073272;23/01/18;91.46;91.56;90.36;90.50;912580
FR0000073272;24/01/18;90.42;91.18;90.02;90.02;1039974
FR0000073272;25/01/18;90.34;90.34;89.36;89.50;1210876
FR0000073272;26/01/18;89.74;90.26;89.36;90.04;908347
FR0000073272;29/01/18;90.42;90.58;90.14;90.24;529114
FR0000073272;30/01/18;89.74;90.62;89.68;89.78;710683
FR0000073272;31/01/18;89.98;91.04;89.86;90.94;1028745
FR0000120073;02/01/18;105.00;105.10;103.85;104.50;926826
FR0000120073;03/01/18;104.50;105.95;104.50;105.30;805393
FR0000120073;04/01/18;105.85;108.25;105.85;107.70;985608
FR0000120073;05/01/18;107.60;108.60;107.60;108.60;796723
FR0000120073;08/01/18;109.50;109.90;109.30;109.80;908352
FR0000120073;09/01/18;109.40;110.00;109.25;109.90;905313
FR0000120073;10/01/18;109.60;109.95;108.20;108.55;858836
FR0000120073;11/01/18;108.50;108.65;106.85;107.10;1262123
FR0000120073;12/01/18;107.40;107.90;106.95;107.80;693480
FR0000120073;15/01/18;107.80;108.65;107.45;108.10;693408
FR0000120073;16/01/18;108.25;109.05;107.90;108.40;816076
FR0000120073;17/01/18;108.00;109.40;107.70;108.90;1033294
FR0000120073;18/01/18;108.90;109.80;108.70;109.80;805554
FR0000120073;19/01/18;109.15;109.75;108.85;109.00;1233126
FR0000120073;22/01/18;108.90;109.65;108.85;109.20;642817
FR0000120073;23/01/18;109.90;110.00;108.25;108.60;700871
FR0000120073;24/01/18;108.40;108.80;107.55;107.55;799371
FR0000120073;25/01/18;107.80;109.05;107.35;108.55;1116030
FR0000120073;26/01/18;108.45;109.10;108.30;108.85;649903
FR0000120073;29/01/18;108.75;109.60;108.55;109.10;539291
FR0000120073;30/01/18;108.30;109.20;107.70;108.15;771186
FR0000120073;31/01/18;108.60;109.05;108.30;108.55;722085
FR0000120172;02/01/18;18.10;18.185;17.955;18.12;2054987
FR0000120172;03/01/18;18.135;18.335;18.105;18.175;2019270
FR0000120172;04/01/18;18.22;18.335;18.145;18.32;2082526
FR0000120172;05/01/18;18.295;18.555;18.295;18.515;3461750
FR0000120172;08/01/18;18.50;18.53;17.87;17.94;5021751
FR0000120172;09/01/18;18.00;18.105;17.77;17.825;3165395
FR0000120172;10/01/18;17.815;17.845;17.54;17.575;3635895
FR0000120172;11/01/18;17.57;17.60;17.33;17.485;2833330
FR0000120172;12/01/18;17.61;17.915;17.49;17.79;3023412
FR0000120172;15/01/18;17.83;17.915;17.68;17.905;1794411
FR0000120172;16/01/18;17.935;18.10;17.91;18.00;2615834
FR0000120172;17/01/18;17.985;18.09;17.615;17.685;3667038
FR0000120172;18/01/18;18.22;18.575;17.98;18.22;9454660
FR0000120172;19/01/18;18.235;18.485;18.21;18.36;4247164
FR0000120172;22/01/18;18.41;18.675;18.405;18.465;5286561
FR0000120172;23/01/18;19.00;19.68;18.935;19.06;15616430
FR0000120172;24/01/18;19.41;19.595;19.20;19.33;6902621
FR0000120172;25/01/18;19.325;19.69;19.28;19.355;5300362
FR0000120172;26/01/18;19.345;19.455;19.195;19.40;2424375
FR0000120172;29/01/18;19.43;19.435;19.285;19.37;2966644
FR0000120172;30/01/18;19.37;19.485;19.225;19.35;4280139
FR0000120172;31/01/18;19.35;19.515;19.215;19.275;3267294
FR0000120271;02/01/18;46.405;46.405;45.845;46.06;4996405
FR0000120271;03/01/18;46.105;46.61;46.105;46.56;6782657
FR0000120271;04/01/18;46.80;47.575;46.80;47.48;8306524
FR0000120271;05/01/18;47.46;48.17;47.46;47.825;5799220
FR0000120271;08/01/18;48.00;48.28;47.845;48.035;3827349
FR0000120271;09/01/18;48.09;48.50;48.045;48.30;5049979
FR0000120271;10/01/18;48.315;48.41;47.90;48.15;4889380
FR0000120271;11/01/18;48.24;48.34;47.92;48.145;4662759
FR0000120271;12/01/18;48.145;48.75;47.915;48.61;6398070
FR0000120271;15/01/18;48.66;48.745;48.385;48.575;3461491
FR0000120271;16/01/18;48.595;48.65;48.065;48.14;5502716
FR0000120271;17/01/18;47.97;48.125;47.65;47.88;4612458
FR0000120271;18/01/18;47.99;48.135;47.39;47.585;5702316
FR0000120271;19/01/18;47.42;47.66;47.11;47.29;7686936
FR0000120271;22/01/18;47.49;47.935;47.425;47.905;4600362
FR0000120271;23/01/18;48.00;48.135;47.45;47.45;4739214
FR0000120271;24/01/18;47.38;47.79;47.305;47.55;4362733
FR0000120271;25/01/18;47.60;47.925;47.29;47.54;4618268
FR0000120271;26/01/18;47.60;47.795;47.43;47.52;3505520
FR0000120271;29/01/18;47.51;47.66;47.125;47.295;4330813
FR0000120271;30/01/18;46.935;47.07;46.44;46.50;6588087
FR0000120271;31/01/18;46.625;46.765;46.405;46.635;5988255
FR0000120321;02/01/18;184.80;184.90;181.40;182.15;527426
FR0000120321;03/01/18;181.85;183.60;181.50;182.85;493919
FR0000120321;04/01/18;183.45;185.10;182.90;184.50;482967
FR0000120321;05/01/18;184.60;187.05;184.60;186.90;394947
FR0000120321;08/01/18;186.50;187.10;185.85;186.75;410709
FR0000120321;09/01/18;186.50;188.85;186.50;188.30;535998
FR0000120321;10/01/18;187.70;188.45;185.60;186.90;641340
FR0000120321;11/01/18;187.15;187.80;184.65;184.65;516825
FR0000120321;12/01/18;184.45;184.80;183.60;184.05;487323
FR0000120321;15/01/18;183.95;185.65;183.45;184.45;350373
FR0000120321;16/01/18;185.30;185.60;183.70;184.05;429400
FR0000120321;17/01/18;183.05;186.00;183.05;184.40;388263
FR0000120321;18/01/18;184.60;185.05;181.95;183.40;560051
FR0000120321;19/01/18;183.45;185.95;183.40;185.80;527077
FR0000120321;22/01/18;185.30;186.25;184.75;185.55;475748
FR0000120321;23/01/18;186.95;186.95;185.60;186.25;370255
FR0000120321;24/01/18;185.85;186.10;184.10;184.10;433502
FR0000120321;25/01/18;184.40;185.80;180.90;181.80;759531
FR0000120321;26/01/18;182.80;183.80;182.50;182.60;484978
FR0000120321;29/01/18;182.45;182.80;181.75;182.40;332711
FR0000120321;30/01/18;182.00;183.00;181.50;182.20;592335
FR0000120321;31/01/18;183.00;184.50;182.15;183.10;547559
FR0000120404;02/01/18;43.21;43.51;42.85;43.48;966332
FR0000120404;03/01/18;43.48;43.66;43.31;43.31;795993
FR0000120404;04/01/18;43.50;43.80;43.40;43.60;841254
FR0000120404;05/01/18;43.60;44.07;43.60;43.77;1117729
FR0000120404;08/01/18;43.93;44.65;43.93;44.38;881649
FR0000120404;09/01/18;44.58;45.16;44.51;45.05;1043503
FR0000120404;10/01/18;45.00;45.53;44.91;45.14;1236039
FR0000120404;11/01/18;45.04;45.62;44.88;45.62;1035995
FR0000120404;12/01/18;45.50;46.03;45.21;45.80;1086470
FR0000120404;15/01/18;45.79;46.05;45.68;45.99;753818
FR0000120404;16/01/18;46.00;46.23;45.93;45.96;830398
FR0000120404;17/01/18;45.78;45.82;45.32;45.35;1371629
FR0000120404;18/01/18;45.31;45.49;44.90;45.24;1544749
FR0000120404;19/01/18;45.24;46.37;45.19;45.99;1063189
FR0000120404;22/01/18;45.90;46.28;45.72;46.28;868495
FR0000120404;23/01/18;46.34;46.79;46.17;46.24;894051
FR0000120404;24/01/18;46.09;46.23;45.37;45.54;1169089
FR0000120404;25/01/18;45.48;45.77;45.25;45.40;863211
FR0000120404;26/01/18;45.49;45.99;45.37;45.60;754500
FR0000120404;29/01/18;45.62;46.00;45.58;45.82;813106
FR0000120404;30/01/18;45.69;45.93;45.26;45.45;678736
FR0000120404;31/01/18;45.63;45.99;45.56;45.85;970231
FR0000120503;02/01/18;43.50;43.50;42.77;43.41;652945
FR0000120503;03/01/18;43.39;43.39;42.92;43.21;824907
FR0000120503;04/01/18;43.48;43.88;43.39;43.68;734956
FR0000120503;05/01/18;43.53;44.15;43.53;44.15;769773
FR0000120503;08/01/18;44.25;44.70;44.21;44.58;884112
FR0000120503;09/01/18;44.43;44.98;44.42;44.82;553689
FR0000120503;10/01/18;44.66;44.83;44.26;44.83;759629
FR0000120503;11/01/18;44.81;44.84;44.43;44.64;817900
FR0000120503;12/01/18;44.68;44.74;44.32;44.66;483644
FR0000120503;15/01/18;44.70;45.38;44.52;45.20;921906
FR0000120503;16/01/18;45.20;45.78;45.13;45.58;915489
FR0000120503;17/01/18;45.58;45.74;45.23;45.63;714020
FR0000120503;18/01/18;45.88;45.89;45.41;45.75;768659
FR0000120503;19/01/18;45.67;45.71;45.42;45.61;597968
FR0000120503;22/01/18;45.69;45.98;45.47;45.73;703400
FR0000120503;23/01/18;45.85;45.97;45.30;45.52;535827
FR0000120503;24/01/18;45.37;45.73;45.30;45.46;643330
FR0000120503;25/01/18;45.27;45.55;44.83;45.26;677940
FR0000120503;26/01/18;45.25;45.82;45.18;45.48;670587
FR0000120503;29/01/18;45.65;45.69;45.32;45.32;575087
FR0000120503;30/01/18;45.01;45.23;44.76;44.76;880075
FR0000120503;31/01/18;44.76;45.04;44.61;44.77;930824
FR0000120578;02/01/18;71.80;72.08;71.06;71.76;2239762
FR0000120578;03/01/18;72.00;72.39;71.37;72.07;2166624
FR0000120578;04/01/18;72.42;73.68;72.26;73.00;2738123
FR0000120578;05/01/18;72.82;74.57;72.82;74.36;2568891
FR0000120578;08/01/18;74.40;75.23;74.07;74.35;1837618
FR0000120578;09/01/18;74.50;74.91;74.24;74.24;2291517
FR0000120578;10/01/18;74.00;74.23;72.94;73.34;2567570
FR0000120578;11/01/18;73.55;73.64;72.69;72.90;2308330
FR0000120578;12/01/18;73.12;73.73;72.66;73.67;2158711
FR0000120578;15/01/18;73.32;73.64;72.96;73.20;1558363
FR0000120578;16/01/18;73.15;73.80;73.01;73.40;2053311
FR0000120578;17/01/18;73.02;73.58;72.62;72.87;2291071
FR0000120578;18/01/18;73.12;73.21;72.26;72.37;2429367
FR0000120578;19/01/18;72.37;73.17;72.21;72.95;2264166
FR0000120578;22/01/18;71.50;71.50;69.79;70.83;6498118
FR0000120578;23/01/18;70.10;72.12;70.09;71.18;4183042
FR0000120578;24/01/18;71.83;72.49;71.29;72.00;3494492
FR0000120578;25/01/18;71.99;73.19;71.84;72.25;2662122
FR0000120578;26/01/18;72.42;73.88;72.42;73.48;3557536
FR0000120578;29/01/18;73.27;73.56;72.34;72.90;2505702
FR0000120578;30/01/18;72.86;73.51;71.94;72.31;3376210
FR0000120578;31/01/18;72.03;72.41;70.87;71.12;3537365
FR0000120628;02/01/18;24.80;24.805;24.47;24.76;5193046
FR0000120628;03/01/18;24.725;24.89;24.60;24.73;4755529
FR0000120628;04/01/18;24.935;25.35;24.825;25.24;6510965
FR0000120628;05/01/18;25.35;25.545;25.31;25.505;4387081
FR0000120628;08/01/18;25.645;25.92;25.645;25.815;6061618
FR0000120628;09/01/18;25.88;26.08;25.795;26.035;6098602
FR0000120628;10/01/18;25.935;26.47;25.915;26.385;7471037
FR0000120628;11/01/18;26.46;26.84;26.32;26.575;7003076
FR0000120628;12/01/18;26.995;27.04;26.705;26.86;6019007
FR0000120628;15/01/18;26.78;26.975;26.68;26.795;4005646
FR0000120628;16/01/18;26.825;27.035;26.65;26.74;4648150
FR0000120628;17/01/18;26.77;26.98;26.64;26.71;4735080
FR0000120628;18/01/18;26.805;27.395;26.78;27.255;8565469
FR0000120628;19/01/18;27.19;27.56;27.185;27.335;6183023
FR0000120628;22/01/18;27.37;27.52;27.25;27.44;4733247
FR0000120628;23/01/18;27.635;27.69;26.99;27.26;5878062
FR0000120628;24/01/18;27.225;27.33;27.07;27.075;4306751
FR0000120628;25/01/18;27.11;27.205;26.765;26.98;6397192
FR0000120628;26/01/18;27.00;27.05;26.85;26.92;4450185
FR0000120628;29/01/18;27.035;27.24;26.975;27.175;4365586
FR0000120628;30/01/18;26.90;27.09;26.57;26.635;7753935
FR0000120628;31/01/18;26.60;26.645;26.46;26.495;5634823
FR0000120644;02/01/18;69.83;70.14;68.77;68.97;1495846
FR0000120644;03/01/18;68.97;69.44;68.27;69.43;1423283
FR0000120644;04/01/18;69.79;70.59;69.51;70.46;1439421
FR0000120644;05/01/18;70.41;71.78;70.35;71.75;1533651
FR0000120644;08/01/18;71.49;71.77;71.01;71.27;1185901
FR0000120644;09/01/18;71.10;71.37;71.02;71.17;1108316
FR0000120644;10/01/18;70.90;71.00;68.85;69.04;2722519
FR0000120644;11/01/18;69.51;70.08;69.18;69.44;1670419
FR0000120644;12/01/18;69.57;69.70;69.19;69.59;1038899
FR0000120644;15/01/18;69.60;69.66;69.17;69.17;1087250
FR0000120644;16/01/18;69.40;69.45;68.56;68.75;1607117
FR0000120644;17/01/18;68.75;69.36;68.61;69.12;1522721
FR0000120644;18/01/18;69.19;69.50;69.01;69.42;1529157
FR0000120644;19/01/18;69.62;70.55;69.49;70.39;1884594
FR0000120644;22/01/18;70.32;70.81;69.90;70.59;1212476
FR0000120644;23/01/18;71.00;71.13;70.63;71.00;1155448
FR0000120644;24/01/18;70.99;71.06;70.22;70.22;1108054
FR0000120644;25/01/18;70.19;70.54;69.15;69.50;1555255
FR0000120644;26/01/18;69.50;70.18;69.50;69.86;1094126
FR0000120644;29/01/18;69.80;69.89;69.16;69.16;1052216
FR0000120644;30/01/18;69.00;69.37;68.67;68.97;1536814
FR0000120644;31/01/18;69.34;69.60;68.86;69.46;1708700
FR0000120693;02/01/18;132.05;132.10;130.15;130.25;327359
FR0000120693;03/01/18;130.25;131.75;129.45;131.20;331727
FR0000120693;04/01/18;131.75;131.95;129.95;131.25;412113
FR0000120693;05/01/18;131.65;131.95;130.40;131.95;431872
FR0000120693;08/01/18;132.00;132.55;130.80;132.30;439856
FR0000120693;09/01/18;132.40;133.40;132.05;133.40;424823
FR0000120693;10/01/18;133.35;133.55;131.10;131.85;641080
FR0000120693;11/01/18;133.00;133.60;131.25;131.75;511282
FR0000120693;12/01/18;131.60;132.00;130.75;130.95;330809
FR0000120693;15/01/18;131.00;131.40;130.60;130.60;215040
FR0000120693;16/01/18;130.95;131.30;130.05;130.45;394724
FR0000120693;17/01/18;130.50;131.65;130.30;131.00;403185
FR0000120693;18/01/18;131.65;131.65;130.05;130.95;546515
FR0000120693;19/01/18;130.20;130.90;128.90;130.00;594955
FR0000120693;22/01/18;129.00;130.65;128.95;130.10;405278
FR0000120693;23/01/18;131.05;131.60;130.20;131.35;336416
FR0000120693;24/01/18;131.45;131.55;128.40;128.40;477848
FR0000120693;25/01/18;128.60;129.45;127.65;128.15;469508
FR0000120693;26/01/18;128.40;130.40;128.40;130.10;312077
FR0000120693;29/01/18;130.05;130.10;128.10;128.10;325303
FR0000120693;30/01/18;129.50;130.50;128.80;129.05;479030
FR0000120693;31/01/18;129.35;129.45;128.30;128.30;417127
FR0000121014;02/01/18;245.65;246.00;240.80;241.30;630866
FR0000121014;03/01/18;241.35;243.10;241.35;242.75;521585
FR0000121014;04/01/18;244.75;247.00;243.60;245.60;611052
FR0000121014;05/01/18;245.95;249.60;245.95;249.50;454725
FR0000121014;08/01/18;246.75;248.00;244.35;245.50;536733
FR0000121014;09/01/18;247.00;248.05;245.25;246.10;459138
FR0000121014;10/01/18;246.10;246.25;242.00;242.00;730551
FR0000121014;11/01/18;242.25;242.50;239.00;239.00;805722
FR0000121014;12/01/18;239.00;242.65;238.70;242.15;529948
FR0000121014;15/01/18;242.70;243.70;241.85;242.75;431555
FR0000121014;16/01/18;243.25;244.40;242.30;243.00;491171
FR0000121014;17/01/18;241.50;244.45;241.50;242.35;506385
FR0000121014;18/01/18;243.05;243.70;238.00;238.75;638297
FR0000121014;19/01/18;238.55;241.80;238.35;240.95;739547
FR0000121014;22/01/18;241.80;243.35;240.50;243.00;518766
FR0000121014;23/01/18;245.25;245.70;242.90;244.60;576037
FR0000121014;24/01/18;244.20;245.15;241.20;241.20;627376
FR0000121014;25/01/18;242.50;244.05;239.30;240.15;777172
FR0000121014;26/01/18;246.80;253.15;245.60;251.90;1247509
FR0000121014;29/01/18;251.95;254.40;250.00;252.60;628963
FR0000121014;30/01/18;251.15;253.70;250.75;251.45;604916
FR0000121014;31/01/18;252.75;254.60;251.45;252.60;576408
FR0000121220;02/01/18;111.95;112.45;110.50;111.75;195972
FR0000121220;03/01/18;111.95;112.15;111.35;111.35;163644
FR0000121220;04/01/18;111.90;111.95;111.50;111.55;192987
FR0000121220;05/01/18;111.35;112.55;111.35;112.55;216233
FR0000121220;08/01/18;112.50;113.05;111.80;112.05;282690
FR0000121220;09/01/18;109.50;109.95;108.00;109.75;513663
FR0000121220;10/01/18;109.50;110.65;109.35;110.35;324050
FR0000121220;11/01/18;109.05;109.50;103.35;104.70;830755
FR0000121220;12/01/18;106.00;106.75;104.95;106.65;415266
FR0000121220;15/01/18;106.70;107.95;106.50;107.75;236032
FR0000121220;16/01/18;107.90;108.75;107.10;108.75;253231
FR0000121220;17/01/18;108.80;109.40;108.00;108.95;322803
FR0000121220;18/01/18;109.40;109.70;108.60;109.45;265319
FR0000121220;19/01/18;109.50;109.95;109.00;109.70;280487
FR0000121220;22/01/18;109.85;109.95;107.35;107.50;331918
FR0000121220;23/01/18;107.95;108.50;107.60;108.00;303778
FR0000121220;24/01/18;108.00;108.10;105.65;105.65;366058
FR0000121220;25/01/18;105.35;106.20;104.30;104.80;423542
FR0000121220;26/01/18;105.10;106.30;105.10;105.35;323002
FR0000121220;29/01/18;105.85;105.90;104.60;104.70;304159
FR0000121220;30/01/18;104.60;105.30;103.75;103.75;242496
FR0000121220;31/01/18;104.10;105.15;103.35;103.35;376432
FR0000121261;02/01/18;119.65;120.05;117.40;120.05;286380
FR0000121261;03/01/18;120.05;121.60;119.85;121.40;331957
FR0000121261;04/01/18;122.25;124.25;122.15;123.45;776051
FR0000121261;05/01/18;123.45;126.00;123.45;125.95;594737
FR0000121261;08/01/18;125.95;128.40;125.85;127.30;584385
FR0000121261;09/01/18;127.30;130.20;127.30;129.80;659783
FR0000121261;10/01/18;129.75;130.10;127.90;128.85;570523
FR0000121261;11/01/18;128.85;129.00;127.60;128.45;481968
FR0000121261;12/01/18;128.75;129.65;127.80;128.85;457343
FR0000121261;15/01/18;128.50;128.85;127.70;128.00;308967
FR0000121261;16/01/18;128.25;130.35;128.25;130.15;614632
FR0000121261;17/01/18;130.00;130.85;128.70;129.70;541788
FR0000121261;18/01/18;130.25;130.50;127.05;127.90;703297
FR0000121261;19/01/18;127.80;130.00;127.80;129.50;455234
FR0000121261;22/01/18;129.40;129.50;128.15;128.55;334754
FR0000121261;23/01/18;129.25;129.45;127.20;127.20;453017
FR0000121261;24/01/18;127.55;128.25;126.45;126.60;496833
FR0000121261;25/01/18;126.30;128.50;125.55;126.65;506237
FR0000121261;26/01/18;129.00;129.95;127.90;129.50;493986
FR0000121261;29/01/18;129.65;130.60;129.00;129.25;338353
FR0000121261;30/01/18;128.55;130.40;127.65;128.55;571942
FR0000121261;31/01/18;128.85;130.65;128.65;128.80;499397
FR0000121485;02/01/18;392.00;392.90;381.50;383.70;157051
FR0000121485;03/01/18;384.50;388.80;384.50;388.20;180267
FR0000121485;04/01/18;391.00;398.90;390.80;398.40;253828
FR0000121485;05/01/18;398.50;401.80;394.70;401.80;166603
FR0000121485;08/01/18;402.10;402.70;396.70;397.20;156145
FR0000121485;09/01/18;398.10;403.40;397.30;403.40;152905
FR0000121485;10/01/18;403.40;412.50;400.90;412.50;323995
FR0000121485;11/01/18;413.00;414.10;405.80;408.40;235234
FR0000121485;12/01/18;412.70;415.00;398.50;408.90;426737
FR0000121485;15/01/18;407.80;407.80;400.10;401.50;155695
FR0000121485;16/01/18;402.00;405.20;400.20;403.30;147453
FR0000121485;17/01/18;403.30;409.30;400.50;402.40;168421
FR0000121485;18/01/18;403.60;405.10;398.30;400.80;148273
FR0000121485;19/01/18;403.70;413.00;402.70;412.10;269737
FR0000121485;22/01/18;411.40;413.10;408.60;409.30;134851
FR0000121485;23/01/18;412.00;413.30;407.80;410.90;124629
FR0000121485;24/01/18;411.20;411.20;406.20;406.20;120651
FR0000121485;25/01/18;405.20;408.40;398.00;401.50;191150
FR0000121485;26/01/18;404.50;417.40;404.00;412.10;287709
FR0000121485;29/01/18;411.30;412.00;404.70;405.00;188211
FR0000121485;30/01/18;403.40;408.90;403.00;405.20;126747
FR0000121485;31/01/18;406.30;408.90;405.30;407.80;140815
FR0000121501;02/01/18;16.96;16.995;16.455;16.915;2641718
FR0000121501;03/01/18;17.00;17.275;16.98;17.115;2989091
FR0000121501;04/01/18;17.25;17.44;17.25;17.35;3119565
FR0000121501;05/01/18;17.50;18.135;17.50;18.105;6683239
FR0000121501;08/01/18;18.20;18.48;18.02;18.035;4239846
FR0000121501;09/01/18;18.08;18.355;17.96;18.165;4248877
FR0000121501;10/01/18;18.16;18.17;17.70;17.90;3855195
FR0000121501;11/01/18;17.95;17.955;17.655;17.93;3797848
FR0000121501;12/01/18;18.00;18.06;17.84;18.02;2609434
FR0000121501;15/01/18;18.05;18.10;17.77;17.855;1725746
FR0000121501;16/01/18;18.00;18.24;17.89;18.17;3384476
FR0000121501;17/01/18;18.22;18.335;18.16;18.275;3263663
FR0000121501;18/01/18;18.275;18.38;18.16;18.315;2284542
FR0000121501;19/01/18;18.295;18.53;18.27;18.47;3173836
FR0000121501;22/01/18;18.47;19.13;18.395;19.01;3990732
FR0000121501;23/01/18;19.14;19.19;18.72;18.745;3245533
FR0000121501;24/01/18;18.795;18.90;18.52;18.52;2654608
FR0000121501;25/01/18;18.41;18.675;18.275;18.45;2172973
FR0000121501;26/01/18;18.43;18.465;18.235;18.38;2496952
FR0000121501;29/01/18;18.455;18.495;18.33;18.365;1689184
FR0000121501;30/01/18;18.25;18.375;18.155;18.245;2658905
FR0000121501;31/01/18;18.24;18.39;18.06;18.09;3138079
FR0000121667;02/01/18;115.00;115.00;112.40;112.65;558941
FR0000121667;03/01/18;112.45;113.40;112.30;113.00;503670
FR0000121667;04/01/18;113.50;113.65;112.40;112.80;558453
FR0000121667;05/01/18;112.70;114.35;112.70;114.35;493427
FR0000121667;08/01/18;114.50;115.20;114.20;114.90;373168
FR0000121667;09/01/18;114.95;115.10;114.25;114.30;573594
FR0000121667;10/01/18;114.00;114.35;111.60;111.75;745534
FR0000121667;11/01/18;111.90;112.20;110.75;110.75;600073
FR0000121667;12/01/18;111.20;113.10;111.05;112.20;516010
FR0000121667;15/01/18;112.45;112.90;111.70;111.95;419928
FR0000121667;16/01/18;111.75;112.30;111.30;112.10;521672
FR0000121667;17/01/18;112.05;112.35;111.40;111.55;394803
FR0000121667;18/01/18;111.65;112.15;109.70;110.10;654336
FR0000121667;19/01/18;110.05;112.25;109.95;112.05;599788
FR0000121667;22/01/18;111.95;113.40;111.65;113.10;510029
FR0000121667;23/01/18;112.95;113.60;112.95;113.35;432046
FR0000121667;24/01/18;112.95;113.25;112.40;112.80;580690
FR0000121667;25/01/18;112.65;115.30;112.50;113.50;691885
FR0000121667;26/01/18;113.55;114.50;113.55;114.00;427972
FR0000121667;29/01/18;113.80;114.00;112.65;113.15;538407
FR0000121667;30/01/18;113.55;115.15;113.20;114.05;642665
FR0000121667;31/01/18;114.20;114.90;113.80;114.40;662029
FR0000121972;02/01/18;70.96;71.04;69.54;70.02;1171513
FR0000121972;03/01/18;69.96;71.04;69.92;70.96;1245073
FR0000121972;04/01/18;71.32;72.46;71.32;72.24;1384025
FR0000121972;05/01/18;72.50;73.36;72.42;73.24;1126490
FR0000121972;08/01/18;73.00;73.64;72.90;73.36;1152555
FR0000121972;09/01/18;74.00;74.76;73.74;74.48;1500920
FR0000121972;10/01/18;74.48;74.48;73.52;73.76;1152967
FR0000121972;11/01/18;74.00;74.00;73.28;73.66;1008438
FR0000121972;12/01/18;74.04;74.96;73.86;74.82;1169000
FR0000121972;15/01/18;74.72;74.88;74.18;74.58;984183
FR0000121972;16/01/18;74.64;75.22;74.54;74.80;1096327
FR0000121972;17/01/18;74.72;75.90;74.62;74.62;1671087
FR0000121972;18/01/18;75.00;75.20;74.20;75.20;1772845
FR0000121972;19/01/18;74.92;76.06;74.86;75.64;1364437
FR0000121972;22/01/18;75.58;76.04;75.24;75.78;1066623
FR0000121972;23/01/18;76.10;76.34;75.86;76.28;1226628
FR0000121972;24/01/18;76.26;76.32;75.66;75.66;1042974
FR0000121972;25/01/18;75.62;75.82;74.28;74.78;1249124
FR0000121972;26/01/18;74.88;75.56;74.76;75.40;964239
FR0000121972;29/01/18;75.48;76.06;75.40;75.74;881150
FR0000121972;30/01/18;74.96;75.68;74.74;74.78;1079408
FR0000121972;31/01/18;74.86;76.06;74.86;75.48;1176881
FR0000124141;02/01/18;21.37;21.37;21.01;21.17;1300641
FR0000124141;03/01/18;21.17;21.40;21.05;21.36;2131351
FR0000124141;04/01/18;21.48;21.69;21.42;21.65;1906862
FR0000124141;05/01/18;21.64;21.94;21.63;21.89;1817944
FR0000124141;08/01/18;21.89;22.09;21.87;22.07;1505979
FR0000124141;09/01/18;22.06;22.29;21.90;21.93;1787296
FR0000124141;10/01/18;21.57;21.58;20.90;20.95;4707296
FR0000124141;11/01/18;20.95;20.95;20.56;20.72;2422815
FR0000124141;12/01/18;20.72;20.72;20.44;20.59;1948794
FR0000124141;15/01/18;20.50;20.58;20.40;20.58;1451564
FR0000124141;16/01/18;20.60;20.97;20.54;20.92;2402486
FR0000124141;17/01/18;20.91;21.09;20.85;21.09;1639112
FR0000124141;18/01/18;21.07;21.08;20.69;20.89;1996970
FR0000124141;19/01/18;21.11;21.22;20.88;21.06;2634807
FR0000124141;22/01/18;21.04;21.30;21.01;21.24;2040188
FR0000124141;23/01/18;21.24;21.47;21.24;21.35;1598169
FR0000124141;24/01/18;20.70;21.16;20.40;20.53;7541202
FR0000124141;25/01/18;20.53;20.60;20.32;20.48;2130037
FR0000124141;26/01/18;20.55;20.60;20.43;20.46;1551525
FR0000124141;29/01/18;20.45;20.52;20.13;20.21;2222279
FR0000124141;30/01/18;20.07;20.22;20.00;20.16;1767992
FR0000124141;31/01/18;20.21;20.29;20.03;20.29;2382132
FR0000124711;02/01/18;209.70;210.40;206.40;209.30;461835
FR0000124711;03/01/18;209.00;211.40;207.10;210.60;446487
FR0000124711;04/01/18;210.60;211.80;209.20;209.60;517788
FR0000124711;05/01/18;209.00;211.20;207.80;211.10;352288
FR0000124711;08/01/18;211.50;214.20;211.10;213.40;446520
FR0000124711;09/01/18;213.90;214.00;210.40;211.60;317431
FR0000124711;10/01/18;211.00;211.00;207.20;207.50;481133
FR0000124711;11/01/18;207.30;207.70;204.00;204.00;526922
FR0000124711;12/01/18;203.80;206.10;202.80;204.40;403790
FR0000124711;15/01/18;204.50;205.00;202.40;204.20;374659
FR0000124711;16/01/18;205.20;206.70;204.60;206.00;334518
FR0000124711;17/01/18;206.40;207.50;205.00;205.30;331681
FR0000124711;18/01/18;205.30;206.00;202.40;203.00;469287
FR0000124711;19/01/18;202.50;204.50;202.00;203.00;473532
FR0000124711;22/01/18;202.80;204.80;202.20;204.80;350720
FR0000124711;23/01/18;205.00;207.70;205.00;207.30;495819
FR0000124711;24/01/18;206.90;207.50;206.40;206.80;311160
FR0000124711;25/01/18;206.20;207.30;203.60;204.30;442713
FR0000124711;26/01/18;204.40;206.10;204.40;205.10;270424
FR0000124711;29/01/18;205.00;205.10;202.40;203.60;379634
FR0000124711;30/01/18;203.00;207.50;202.60;204.50;531198
FR0000124711;31/01/18;208.00;208.00;204.60;206.60;540913
FR0000125007;02/01/18;45.98;46.105;45.48;45.59;1271328
FR0000125007;03/01/18;45.61;46.53;45.61;46.365;2049422
FR0000125007;04/01/18;46.715;47.545;46.655;47.35;1728114
FR0000125007;05/01/18;47.455;47.765;47.295;47.765;1207486
FR0000125007;08/01/18;47.775;48.08;47.69;47.915;1226243
FR0000125007;09/01/18;47.92;48.60;47.92;48.54;1645504
FR0000125007;10/01/18;48.33;48.385;47.85;48.18;1420678
FR0000125007;11/01/18;48.43;48.43;47.62;47.675;1664433
FR0000125007;12/01/18;47.96;48.15;47.815;48.095;1212440
FR0000125007;15/01/18;48.095;48.135;47.82;47.935;1004145
FR0000125007;16/01/18;47.96;48.08;47.73;47.94;1206486
FR0000125007;17/01/18;47.88;48.21;47.76;47.885;1322657
FR0000125007;18/01/18;48.06;48.08;47.725;47.85;963358
FR0000125007;19/01/18;47.82;48.375;47.82;48.105;1504500
FR0000125007;22/01/18;48.135;48.30;47.885;48.085;1193323
FR0000125007;23/01/18;48.27;48.37;47.77;47.985;1506972
FR0000125007;24/01/18;47.97;48.045;47.11;47.15;1895313
FR0000125007;25/01/18;47.10;47.69;47.02;47.56;1569188
FR0000125007;26/01/18;47.58;48.195;47.54;47.93;1383640
FR0000125007;29/01/18;48.145;48.185;47.825;47.825;1129247
FR0000125007;30/01/18;47.415;47.585;46.92;46.92;1797975
FR0000125007;31/01/18;47.155;47.22;46.785;46.815;1509778
FR0000125338;02/01/18;98.86;99.00;97.72;99.00;374579
FR0000125338;03/01/18;98.88;101.15;98.78;101.00;518773
FR0000125338;04/01/18;101.45;101.80;100.90;101.35;462982
FR0000125338;05/01/18;101.55;102.55;101.00;102.50;525044
FR0000125338;08/01/18;102.75;102.95;102.15;102.40;318211
FR0000125338;09/01/18;102.45;104.60;102.35;104.40;660337
FR0000125338;10/01/18;105.15;107.25;104.05;104.15;711395
FR0000125338;11/01/18;104.30;105.90;104.05;105.35;513773
FR0000125338;12/01/18;105.95;106.35;105.10;106.35;377957
FR0000125338;15/01/18;106.50;106.60;105.45;106.30;348022
FR0000125338;16/01/18;106.40;107.65;106.00;106.30;486603
FR0000125338;17/01/18;105.90;107.05;105.45;106.05;466877
FR0000125338;18/01/18;106.55;106.85;105.45;106.55;451226
FR0000125338;19/01/18;106.70;108.50;106.45;108.45;518847
FR0000125338;22/01/18;108.80;108.80;106.95;107.45;495507
FR0000125338;23/01/18;108.35;108.65;107.20;107.65;360794
FR0000125338;24/01/18;107.85;108.55;106.95;107.05;427735
FR0000125338;25/01/18;106.95;107.65;105.50;105.70;503223
FR0000125338;26/01/18;106.05;107.40;105.85;106.45;427219
FR0000125338;29/01/18;106.80;107.15;106.15;106.30;367950
FR0000125338;30/01/18;105.60;107.55;105.40;106.00;427107
FR0000125338;31/01/18;105.85;107.00;105.65;106.95;502141
FR0000125486;02/01/18;85.66;85.66;84.36;84.92;1108347
FR0000125486;03/01/18;84.78;84.92;84.30;84.56;1340638
FR0000125486;04/01/18;84.92;87.08;84.72;86.68;1492458
FR0000125486;05/01/18;87.00;88.24;86.72;88.24;1360842
FR0000125486;08/01/18;88.44;88.62;87.90;88.40;940734
FR0000125486;09/01/18;87.98;88.80;87.86;88.56;948516
FR0000125486;10/01/18;88.36;88.42;86.78;87.58;1153011
FR0000125486;11/01/18;87.58;87.72;85.28;85.32;1942606
FR0000125486;12/01/18;85.62;85.72;84.64;85.20;1325463
FR0000125486;15/01/18;85.30;85.40;84.32;84.58;1234315
FR0000125486;16/01/18;84.84;87.54;84.84;87.54;1854817
FR0000125486;17/01/18;86.96;87.84;86.74;87.42;1324738
FR0000125486;18/01/18;87.62;87.72;87.02;87.40;1108787
FR0000125486;19/01/18;87.28;88.00;87.04;87.76;1243740
FR0000125486;22/01/18;87.28;88.00;87.16;88.00;968787
FR0000125486;23/01/18;88.00;88.36;87.24;87.66;865915
FR0000125486;24/01/18;87.66;87.92;86.96;86.96;845590
FR0000125486;25/01/18;86.98;87.94;86.64;87.20;1130110
FR0000125486;26/01/18;87.34;88.46;87.28;88.08;994221
FR0000125486;29/01/18;88.10;88.26;87.56;87.56;952111
FR0000125486;30/01/18;87.00;87.42;86.74;86.74;1375246
FR0000125486;31/01/18;86.74;87.44;86.64;87.00;1350911
FR0000127771;02/01/18;22.30;22.51;22.24;22.51;3373504
FR0000127771;03/01/18;22.52;23.05;22.47;23.00;4585272
FR0000127771;04/01/18;23.12;23.34;22.95;23.22;4282574
FR0000127771;05/01/18;23.23;23.59;23.17;23.55;3985639
FR0000127771;08/01/18;23.52;23.92;23.44;23.82;3785768
FR0000127771;09/01/18;23.78;24.87;23.77;24.80;7988822
FR0000127771;10/01/18;24.79;24.87;24.56;24.84;6029121
FR0000127771;11/01/18;24.68;24.70;24.12;24.29;4237628
FR0000127771;12/01/18;23.25;24.22;23.00;23.38;9438997
FR0000127771;15/01/18;23.75;24.12;23.73;24.01;4934549
FR0000127771;16/01/18;24.02;24.07;23.77;23.80;3062979
FR0000127771;17/01/18;23.79;23.79;23.52;23.55;3030706
FR0000127771;18/01/18;23.64;23.74;23.20;23.26;3633740
FR0000127771;19/01/18;23.26;23.67;23.26;23.64;3434887
FR0000127771;22/01/18;23.64;23.96;23.61;23.95;2294471
FR0000127771;23/01/18;24.04;24.09;23.54;23.72;2905342
FR0000127771;24/01/18;23.71;23.84;23.44;23.59;2690169
FR0000127771;25/01/18;23.54;23.56;23.03;23.22;4204683
FR0000127771;26/01/18;23.40;23.57;23.19;23.25;3169834
FR0000127771;29/01/18;23.20;23.47;23.19;23.28;2459911
FR0000127771;30/01/18;23.17;23.44;23.17;23.39;3001887
FR0000127771;31/01/18;23.49;23.67;23.38;23.63;3263653
FR0000130577;02/01/18;56.60;56.60;54.90;55.00;723777
FR0000130577;03/01/18;55.00;55.06;53.76;53.78;936153
FR0000130577;04/01/18;54.24;54.30;53.42;54.08;934769
FR0000130577;05/01/18;54.08;55.76;54.08;55.60;827348
FR0000130577;08/01/18;55.76;56.04;55.42;55.76;660005
FR0000130577;09/01/18;56.00;57.20;55.90;56.98;875018
FR0000130577;10/01/18;57.12;57.12;55.56;55.76;731042
FR0000130577;11/01/18;55.80;56.06;55.12;55.80;673069
FR0000130577;12/01/18;56.00;57.00;55.70;56.84;729267
FR0000130577;15/01/18;56.98;58.32;56.98;58.20;903147
FR0000130577;16/01/18;58.20;58.68;57.98;58.48;786626
FR0000130577;17/01/18;58.36;58.50;56.74;57.14;894193
FR0000130577;18/01/18;57.44;58.10;57.16;57.68;666504
FR0000130577;19/01/18;57.66;58.38;56.92;58.10;492141
FR0000130577;22/01/18;58.10;58.34;57.74;57.92;506968
FR0000130577;23/01/18;57.50;57.98;56.94;57.24;644562
FR0000130577;24/01/18;57.06;57.06;56.32;56.70;601404
FR0000130577;25/01/18;56.56;56.56;55.64;56.20;735925
FR0000130577;26/01/18;56.00;56.70;55.46;55.88;897375
FR0000130577;29/01/18;55.92;56.00;55.42;55.44;551335
FR0000130577;30/01/18;55.32;55.86;55.26;55.56;399220
FR0000130577;31/01/18;55.74;55.98;55.52;55.68;588228
FR0000130809;02/01/18;43.245;43.615;42.73;43.165;3180109
FR0000130809;03/01/18;43.345;43.67;43.015;43.37;3325903
FR0000130809;04/01/18;43.765;44.89;43.65;44.435;5878125
FR0000130809;05/01/18;44.69;45.29;44.57;45.075;4395702
FR0000130809;08/01/18;45.40;45.45;44.935;45.135;3743311
FR0000130809;09/01/18;45.24;45.425;45.065;45.175;2599941
FR0000130809;10/01/18;45.10;46.325;45.055;46.13;5253848
FR0000130809;11/01/18;46.26;46.73;45.77;46.57;4510826
FR0000130809;12/01/18;46.89;46.89;45.535;46.46;4405201
FR0000130809;15/01/18;46.50;46.565;46.16;46.36;2173249
FR0000130809;16/01/18;46.36;46.695;45.915;46.085;2808935
FR0000130809;17/01/18;45.685;45.765;45.03;45.285;4968047
FR0000130809;18/01/18;45.07;45.335;44.78;45.13;3888065
FR0000130809;19/01/18;45.27;45.59;45.14;45.33;3148111
FR0000130809;22/01/18;45.30;46.32;45.055;46.00;3440837
FR0000130809;23/01/18;46.205;46.295;45.825;46.11;3703626
FR0000130809;24/01/18;46.045;46.48;45.96;46.00;2555019
FR0000130809;25/01/18;46.015;46.62;45.925;46.465;3892830
FR0000130809;26/01/18;46.465;47.00;46.26;46.70;3095368
FR0000130809;29/01/18;46.885;47.28;46.815;47.20;3532097
FR0000130809;30/01/18;46.86;46.945;46.465;46.765;4240374
FR0000130809;31/01/18;46.77;46.865;46.505;46.855;3235016
FR0000131104;02/01/18;62.68;62.70;61.66;62.09;2785984
FR0000131104;03/01/18;62.32;63.27;61.98;62.64;3766640
FR0000131104;04/01/18;62.71;64.29;62.71;63.77;4272372
FR0000131104;05/01/18;64.14;64.59;63.67;63.89;3125691
FR0000131104;08/01/18;64.29;64.84;64.01;64.50;3030090
FR0000131104;09/01/18;64.73;65.47;64.61;65.43;3474952
FR0000131104;10/01/18;65.50;66.80;65.19;66.43;4804727
FR0000131104;11/01/18;66.59;67.66;66.11;67.00;4473175
FR0000131104;12/01/18;67.46;67.58;66.90;67.46;4200936
FR0000131104;15/01/18;67.31;67.74;66.92;67.53;2109344
FR0000131104;16/01/18;67.35;67.64;66.66;67.01;2951424
FR0000131104;17/01/18;66.42;66.89;65.83;66.38;3613661
FR0000131104;18/01/18;66.50;66.70;65.99;66.63;2973050
FR0000131104;19/01/18;66.76;67.12;66.32;66.95;2999504
FR0000131104;22/01/18;66.92;67.99;66.53;67.55;3439278
FR0000131104;23/01/18;67.84;67.92;67.04;67.58;3184148
FR0000131104;24/01/18;67.54;67.85;67.18;67.18;2726702
FR0000131104;25/01/18;67.15;68.00;66.81;68.00;4060630
FR0000131104;26/01/18;67.95;68.42;67.78;68.28;3011551
FR0000131104;29/01/18;68.42;68.66;68.33;68.35;3639327
FR0000131104;30/01/18;67.93;68.20;66.74;67.23;4623079
FR0000131104;31/01/18;67.21;67.27;66.44;66.60;3423328
FR0000131906;02/01/18;84.00;84.13;81.53;83.80;871287
FR0000131906;03/01/18;84.04;84.72;83.92;84.09;773646
FR0000131906;04/01/18;84.74;85.60;84.61;85.22;1149993
FR0000131906;05/01/18;85.50;87.32;85.44;87.20;926669
FR0000131906;08/01/18;87.51;88.90;87.33;88.47;1021631
FR0000131906;09/01/18;88.60;90.13;88.41;89.56;1017596
FR0000131906;10/01/18;89.59;89.85;87.93;88.09;806255
FR0000131906;11/01/18;87.93;88.31;86.94;87.70;934164
FR0000131906;12/01/18;88.48;89.25;88.25;88.58;856671
FR0000131906;15/01/18;88.85;89.35;87.91;88.55;617741
FR0000131906;16/01/18;89.00;90.52;88.76;89.80;1083298
FR0000131906;17/01/18;89.41;90.49;89.02;89.63;805368
FR0000131906;18/01/18;89.89;90.09;89.02;89.21;704364
FR0000131906;19/01/18;89.10;90.43;89.05;90.29;902310
FR0000131906;22/01/18;90.09;91.68;89.94;91.28;902816
FR0000131906;23/01/18;91.68;91.97;90.67;90.82;843711
FR0000131906;24/01/18;90.75;91.45;90.35;90.48;612542
FR0000131906;25/01/18;90.00;90.60;88.03;89.14;1011487
FR0000131906;26/01/18;89.48;89.97;89.18;89.64;656473
FR0000131906;29/01/18;90.00;90.80;89.71;89.78;573098
FR0000131906;30/01/18;89.27;89.57;88.16;88.70;677826
FR0000131906;31/01/18;88.79;89.78;88.34;88.57;585833
FR0000133308;02/01/18;14.52;14.53;14.39;14.52;5623409
FR0000133308;03/01/18;14.53;14.54;14.37;14.49;5713414
FR0000133308;04/01/18;14.525;14.545;14.42;14.495;7180972
FR0000133308;05/01/18;14.515;14.62;14.475;14.62;5739730
FR0000133308;08/01/18;14.625;14.725;14.59;14.70;4569150
FR0000133308;09/01/18;14.705;14.795;14.65;14.715;5486199
FR0000133308;10/01/18;14.705;14.72;14.40;14.43;8749637
FR0000133308;11/01/18;14.475;14.50;14.265;14.31;6937822
FR0000133308;12/01/18;14.38;14.475;14.345;14.465;5334928
FR0000133308;15/01/18;14.515;14.53;14.375;14.475;5143582
FR0000133308;16/01/18;14.53;14.64;14.47;14.60;6444831
FR0000133308;17/01/18;14.58;14.62;14.52;14.545;5085185
FR0000133308;18/01/18;14.60;14.68;14.395;14.46;5300283
FR0000133308;19/01/18;14.465;14.54;14.37;14.45;6810712
FR0000133308;22/01/18;14.45;14.895;14.425;14.765;9540543
FR0000133308;23/01/18;14.875;14.895;14.705;14.74;4791096
FR0000133308;24/01/18;14.82;14.865;14.625;14.675;4717062
FR0000133308;25/01/18;14.66;14.905;14.655;14.725;6469475
FR0000133308;26/01/18;14.76;14.92;14.705;14.845;5725264
FR0000133308;29/01/18;14.835;14.835;14.64;14.70;4728552
FR0000133308;30/01/18;14.675;14.695;14.525;14.54;4851351
FR0000133308;31/01/18;14.615;14.67;14.52;14.545;5168087
FR0010208488;02/01/18;14.34;14.40;14.15;14.23;4784430
FR0010208488;03/01/18;14.25;14.30;14.10;14.29;5666606
FR0010208488;04/01/18;14.31;14.585;14.285;14.515;5665448
FR0010208488;05/01/18;14.515;14.625;14.50;14.595;5086093
FR0010208488;08/01/18;14.645;14.70;14.615;14.69;4068532
FR0010208488;09/01/18;14.69;14.79;14.59;14.68;6225347
FR0010208488;10/01/18;14.665;14.76;14.625;14.65;7537815
FR0010208488;11/01/18;14.705;14.77;14.645;14.67;5333467
FR0010208488;12/01/18;14.745;14.75;14.465;14.56;5379458
FR0010208488;15/01/18;14.58;14.59;14.455;14.485;4837624
FR0010208488;16/01/18;14.515;14.775;14.505;14.66;5236307
FR0010208488;17/01/18;14.66;14.67;14.46;14.55;4891921
FR0010208488;18/01/18;14.56;14.575;14.32;14.435;6209839
FR0010208488;19/01/18;14.445;14.45;14.315;14.42;5834533
FR0010208488;22/01/18;14.385;14.51;14.365;14.45;4745601
FR0010208488;23/01/18;14.505;14.53;14.24;14.41;5660417
FR0010208488;24/01/18;14.21;14.255;14.02;14.175;11289762
FR0010208488;25/01/18;14.175;14.275;13.985;14.07;5524293
FR0010208488;26/01/18;14.05;14.115;13.955;13.995;6494080
FR0010208488;29/01/18;13.985;14.03;13.905;14.03;3538306
FR0010208488;30/01/18;14.00;14.00;13.87;13.895;7044455
FR0010208488;31/01/18;13.93;13.98;13.82;13.98;7146331
FR0010307819;02/01/18;64.04;64.38;63.36;64.10;463722
FR0010307819;03/01/18;64.28;64.64;63.94;64.42;432078
FR0010307819;04/01/18;64.80;65.22;64.66;64.96;420383
FR0010307819;05/01/18;64.84;65.64;64.84;65.64;522626
FR0010307819;08/01/18;65.52;65.80;65.46;65.56;459309
FR0010307819;09/01/18;65.40;66.38;65.38;66.04;472658
FR0010307819;10/01/18;65.96;66.20;65.50;65.68;476615
FR0010307819;11/01/18;65.62;65.92;65.40;65.40;442627
FR0010307819;12/01/18;65.62;66.00;65.54;65.84;382794
FR0010307819;15/01/18;65.84;66.54;65.84;66.36;468739
FR0010307819;16/01/18;66.50;66.54;66.00;66.04;398995
FR0010307819;17/01/18;66.02;66.48;66.00;66.20;358599
FR0010307819;18/01/18;66.24;66.48;66.16;66.48;335686
FR0010307819;19/01/18;66.40;67.00;66.38;66.76;331667
FR0010307819;22/01/18;66.76;66.94;66.32;66.52;401753
FR0010307819;23/01/18;66.76;66.88;66.38;66.62;350825
FR0010307819;24/01/18;66.74;66.78;66.46;66.52;421011
FR0010307819;25/01/18;66.54;66.56;65.50;65.92;443873
FR0010307819;26/01/18;65.90;66.40;65.76;66.10;351052
FR0010307819;29/01/18;66.08;66.44;65.86;65.90;419411
FR0010307819;30/01/18;65.50;66.26;65.50;65.96;575510
FR0010307819;31/01/18;65.96;67.22;65.88;67.02;785329
FR0013176526;02/01/18;62.02;62.10;60.62;61.94;409855
FR0013176526;03/01/18;61.94;63.46;61.86;63.24;552833
FR0013176526;04/01/18;63.86;64.22;63.56;63.96;844657
FR0013176526;05/01/18;64.20;64.50;63.34;64.26;793399
FR0013176526;08/01/18;64.60;65.60;64.50;64.98;946709
FR0013176526;09/01/18;64.94;66.32;64.92;66.26;852089
FR0013176526;10/01/18;66.12;66.40;65.42;65.68;838078
FR0013176526;11/01/18;65.28;66.14;65.22;65.70;663468
FR0013176526;12/01/18;66.12;66.48;64.64;65.22;1083722
FR0013176526;15/01/18;65.10;65.28;64.08;64.48;856123
FR0013176526;16/01/18;64.70;64.78;64.16;64.38;741419
FR0013176526;17/01/18;64.02;64.98;63.60;64.66;623644
FR0013176526;18/01/18;65.00;65.22;64.64;65.00;524525
FR0013176526;19/01/18;64.50;65.52;64.36;65.38;492998
FR0013176526;22/01/18;65.42;65.68;65.28;65.32;480982
FR0013176526;23/01/18;65.96;66.18;64.92;64.92;563839
FR0013176526;24/01/18;65.04;65.30;64.34;64.64;861099
FR0013176526;25/01/18;64.62;64.86;63.54;64.02;698628
FR0013176526;26/01/18;64.22;64.76;64.20;64.40;462013
FR0013176526;29/01/18;64.46;65.00;64.18;64.20;414196
FR0013176526;30/01/18;63.54;64.40;63.12;63.38;812282
FR0013176526;31/01/18;63.62;64.24;63.40;63.50;573039
GB00BDSFG982;02/01/18;25.96;26.27;25.72;26.22;1051643
GB00BDSFG982;03/01/18;26.35;26.73;26.35;26.66;1410179
GB00BDSFG982;04/01/18;26.78;26.95;26.47;26.69;1458261
GB00BDSFG982;05/01/18;26.79;26.90;26.59;26.74;857079
GB00BDSFG982;08/01/18;26.80;27.23;26.80;26.88;1002699
GB00BDSFG982;09/01/18;27.30;27.35;26.94;27.07;1500351
GB00BDSFG982;10/01/18;27.14;27.50;27.05;27.50;1472144
GB00BDSFG982;11/01/18;27.49;28.28;27.37;28.28;1729776
GB00BDSFG982;12/01/18;28.28;28.62;27.92;28.62;1468294
GB00BDSFG982;15/01/18;28.57;28.71;28.16;28.37;837296
GB00BDSFG982;16/01/18;28.33;28.42;27.62;27.66;1475250
GB00BDSFG982;17/01/18;27.36;27.61;27.03;27.33;1306311
GB00BDSFG982;18/01/18;27.60;27.85;27.14;27.35;984132
GB00BDSFG982;19/01/18;27.21;27.24;26.73;26.94;1521849
GB00BDSFG982;22/01/18;27.28;27.87;27.12;27.86;1775449
GB00BDSFG982;23/01/18;27.90;28.09;27.71;28.00;1646653
GB00BDSFG982;24/01/18;28.05;28.38;27.86;28.20;1889944
GB00BDSFG982;25/01/18;28.00;28.05;27.40;27.44;1310546
GB00BDSFG982;26/01/18;27.44;27.69;27.36;27.49;743852
GB00BDSFG982;29/01/18;27.34;27.48;26.65;26.68;1604154
GB00BDSFG982;30/01/18;26.47;26.60;25.86;25.90;1750019
GB00BDSFG982;31/01/18;26.17;26.40;26.00;26.00;1618805
LU1598757687;02/01/18;27.13;28.025;26.85;28.025;5718503
LU1598757687;03/01/18;28.155;28.82;28.035;28.76;7591219
LU1598757687;04/01/18;29.00;29.06;28.555;28.675;6095301
LU1598757687;05/01/18;28.57;28.655;28.325;28.415;5593861
LU1598757687;08/01/18;28.745;29.225;28.705;29.20;5353569
LU1598757687;09/01/18;29.415;29.77;29.38;29.75;6849081
LU1598757687;10/01/18;29.75;30.03;29.42;29.83;6364753
LU1598757687;11/01/18;29.82;30.37;29.82;30.16;5623330
LU1598757687;12/01/18;30.60;30.76;30.435;30.63;6850586
LU1598757687;15/01/18;30.60;30.615;30.30;30.52;3403267
LU1598757687;16/01/18;30.275;30.315;29.80;30.155;5178020
LU1598757687;17/01/18;29.87;30.39;29.70;29.775;4880591
LU1598757687;18/01/18;30.10;30.20;29.575;29.86;4195117
LU1598757687;19/01/18;29.90;30.25;29.825;30.10;4502457
LU1598757687;22/01/18;30.25;30.46;29.885;29.96;3620444
LU1598757687;23/01/18;30.05;30.115;28.955;29.28;7493246
LU1598757687;24/01/18;29.14;29.56;29.095;29.21;4980150
LU1598757687;25/01/18;29.11;29.83;29.07;29.70;5763621
LU1598757687;26/01/18;29.71;29.975;29.535;29.975;3791399
LU1598757687;29/01/18;29.99;30.37;29.91;30.17;3596381
LU1598757687;30/01/18;29.95;30.075;29.27;29.57;4976757
LU1598757687;31/01/18;29.55;29.95;28.525;29.225;11245493
NL0000226223;02/01/18;18.295;18.49;17.855;18.455;1774856
NL0000226223;03/01/18;18.575;19.095;18.47;19.02;2211658
NL0000226223;04/01/18;19.16;19.465;18.965;19.28;2546492
NL0000226223;05/01/18;19.40;19.48;19.27;19.43;1948360
NL0000226223;08/01/18;19.50;19.53;19.225;19.32;2064515
NL0000226223;09/01/18;19.25;19.92;19.25;19.71;2117107
NL0000226223;10/01/18;19.635;19.67;19.395;19.59;2299852
NL0000226223;11/01/18;19.995;20.46;19.95;20.00;2742893
NL0000226223;12/01/18;20.15;20.15;19.82;19.99;1704491
NL0000226223;15/01/18;20.00;20.05;19.785;19.80;1237403
NL0000226223;16/01/18;19.85;19.97;19.695;19.695;1101362
NL0000226223;17/01/18;19.68;19.79;19.415;19.635;2436769
NL0000226223;18/01/18;20.01;20.48;19.855;20.38;3121453
NL0000226223;19/01/18;20.45;20.70;20.32;20.43;2897193
NL0000226223;22/01/18;20.40;20.43;20.03;20.24;1834843
NL0000226223;23/01/18;20.36;20.40;20.01;20.05;2542663
NL0000226223;24/01/18;19.50;19.65;18.79;18.79;5407402
NL0000226223;25/01/18;19.40;19.71;18.565;18.925;7128140
NL0000226223;26/01/18;18.865;19.135;18.73;19.065;3314203
NL0000226223;29/01/18;19.455;19.935;19.35;19.52;3052153
NL0000226223;30/01/18;19.435;19.70;19.235;19.49;2478569
NL0000226223;31/01/18;19.265;19.465;18.965;19.23;2936614
NL0000235190;02/01/18;83.03;83.48;82.22;82.75;1370065
NL0000235190;03/01/18;83.00;84.65;82.86;84.12;1623702
NL0000235190;04/01/18;84.19;86.09;84.19;85.82;1796349
NL0000235190;05/01/18;86.23;86.23;84.42;85.60;1689901
NL0000235190;08/01/18;85.83;86.62;85.80;86.62;1299206
NL0000235190;09/01/18;86.31;87.25;86.31;86.88;1112220
NL0000235190;10/01/18;86.85;90.28;86.53;90.27;2630181
NL0000235190;11/01/18;90.41;91.90;89.91;90.02;2816239
NL0000235190;12/01/18;90.41;90.75;89.90;90.40;1301019
NL0000235190;15/01/18;90.40;90.74;89.62;90.00;1374298
NL0000235190;16/01/18;89.90;90.27;89.65;89.97;1565132
NL0000235190;17/01/18;89.37;90.30;89.25;89.74;1104333
NL0000235190;18/01/18;90.49;92.56;90.02;90.40;2656032
NL0000235190;19/01/18;90.94;92.88;90.87;92.79;2463329
NL0000235190;22/01/18;93.00;93.52;92.61;93.25;1866217
NL0000235190;23/01/18;94.00;94.00;91.74;92.10;1848638
NL0000235190;24/01/18;92.06;92.34;90.48;90.50;1762157
NL0000235190;25/01/18;90.50;90.79;87.28;88.00;2766900
NL0000235190;26/01/18;88.26;89.76;88.07;89.56;1688553
NL0000235190;29/01/18;90.50;90.84;89.64;90.42;1578967
NL0000235190;30/01/18;90.12;90.92;89.33;89.80;1312769
NL0000235190;31/01/18;90.01;92.77;90.00;92.50;2046114
