FR0000045072;01/07/19;10.745;10.95;10.725;10.785;6920990
FR0000045072;02/07/19;10.855;10.88;10.655;10.75;4519284
FR0000045072;03/07/19;10.725;10.94;10.59;10.925;4568041
FR0000045072;04/07/19;10.91;11.19;10.87;11.12;5538675
FR0000045072;05/07/19;11.14;11.215;10.985;11.13;4703944
FR0000045072;08/07/19;11.105;11.195;10.905;10.975;3729278
FR0000045072;09/07/19;10.935;10.985;10.77;10.935;3572865
FR0000045072;10/07/19;10.975;11.18;10.95;10.97;3909292
FR0000045072;11/07/19;10.98;11.015;10.865;10.97;3231397
FR0000045072;12/07/19;11.025;11.17;10.985;10.995;3647619
FR0000045072;15/07/19;11.02;11.085;10.93;11.01;3427094
FR0000045072;16/07/19;10.98;11.17;10.97;11.12;3222586
FR0000045072;17/07/19;11.08;11.095;10.915;10.965;3103072
FR0000045072;18/07/19;10.85;10.925;10.68;10.79;6925481
FR0000045072;19/07/19;10.85;10.96;10.715;10.79;4752958
FR0000045072;22/07/19;10.77;10.875;10.735;10.81;3287559
FR0000045072;23/07/19;10.87;11.045;10.84;11.02;4366992
FR0000045072;24/07/19;11.045;11.075;10.88;11.04;3269098
FR0000045072;25/07/19;11.10;11.44;10.97;11.05;7333323
FR0000045072;26/07/19;11.03;11.045;10.905;11.00;3456864
FR0000045072;29/07/19;10.985;10.995;10.88;10.955;2722033
FR0000045072;30/07/19;10.98;10.99;10.57;10.645;5876579
FR0000045072;31/07/19;10.71;10.91;10.71;10.78;4907154
FR0000051732;01/07/19;75.02;75.80;74.56;75.06;346740
FR0000051732;02/07/19;75.40;75.40;74.50;74.90;321727
FR0000051732;03/07/19;75.10;76.74;75.10;76.48;456643
FR0000051732;04/07/19;76.80;77.22;76.06;77.00;223692
FR0000051732;05/07/19;76.94;77.00;76.12;76.52;295477
FR0000051732;08/07/19;76.38;77.26;76.20;77.00;372242
FR0000051732;09/07/19;76.86;77.20;75.92;76.92;384122
FR0000051732;10/07/19;76.76;77.62;76.32;77.60;324392
FR0000051732;11/07/19;77.54;77.74;76.68;76.98;345714
FR0000051732;12/07/19;76.72;78.34;76.72;77.78;347058
FR0000051732;15/07/19;77.80;78.48;77.56;78.02;289714
FR0000051732;16/07/19;78.30;79.42;77.94;79.24;277878
FR0000051732;17/07/19;79.28;79.84;77.34;77.34;383171
FR0000051732;18/07/19;76.70;76.82;75.98;76.34;300386
FR0000051732;19/07/19;76.52;77.64;76.12;77.00;348264
FR0000051732;22/07/19;76.98;77.26;76.64;77.26;230731
FR0000051732;23/07/19;77.50;78.78;77.50;78.36;343373
FR0000051732;24/07/19;78.50;79.10;77.68;77.94;380645
FR0000051732;25/07/19;76.70;78.18;73.30;73.74;868275
FR0000051732;26/07/19;74.00;74.80;72.64;73.78;875159
FR0000051732;29/07/19;73.86;75.78;73.16;74.98;400548
FR0000051732;30/07/19;74.94;74.98;72.68;73.50;594592
FR0000051732;31/07/19;73.20;74.10;72.46;73.06;723056
FR0000052292;01/07/19;638.40;641.60;634.60;634.80;51498
FR0000052292;02/07/19;638.80;640.20;636.60;640.00;50097
FR0000052292;03/07/19;640.60;646.40;640.40;644.80;34850
FR0000052292;04/07/19;645.20;645.60;638.80;640.60;23091
FR0000052292;05/07/19;640.60;642.00;633.40;637.20;34968
FR0000052292;08/07/19;633.60;640.40;633.00;640.40;29742
FR0000052292;09/07/19;640.40;643.20;638.60;642.80;45185
FR0000052292;10/07/19;641.60;643.60;636.80;641.00;38109
FR0000052292;11/07/19;639.80;644.60;639.40;642.80;42098
FR0000052292;12/07/19;642.80;649.00;642.60;645.40;44397
FR0000052292;15/07/19;645.60;649.60;629.40;632.20;61962
FR0000052292;16/07/19;632.20;637.40;632.20;634.00;58904
FR0000052292;17/07/19;636.00;649.20;633.60;645.00;53024
FR0000052292;18/07/19;640.00;646.40;637.20;639.80;43602
FR0000052292;19/07/19;643.40;644.40;637.20;640.80;39825
FR0000052292;22/07/19;639.80;645.40;639.20;644.20;40311
FR0000052292;23/07/19;644.80;651.00;639.80;643.00;65638
FR0000052292;24/07/19;643.40;644.60;640.80;643.80;38294
FR0000052292;25/07/19;650.00;652.00;637.80;641.20;68812
FR0000052292;26/07/19;637.00;646.00;631.80;645.60;38822
FR0000052292;29/07/19;643.00;643.40;638.60;642.60;45997
FR0000052292;30/07/19;641.20;647.00;626.20;632.20;59163
FR0000052292;31/07/19;630.00;636.80;626.40;636.60;49590
FR0000073272;01/07/19;128.80;130.45;128.80;129.15;542780
FR0000073272;02/07/19;129.70;130.25;128.75;130.05;698679
FR0000073272;03/07/19;130.50;131.50;130.35;131.45;609562
FR0000073272;04/07/19;131.60;131.80;130.95;131.20;475268
FR0000073272;05/07/19;131.05;131.15;130.00;130.75;745981
FR0000073272;08/07/19;129.90;130.10;128.35;129.65;582633
FR0000073272;09/07/19;129.80;129.95;128.60;128.95;552459
FR0000073272;10/07/19;128.55;130.15;128.35;128.70;605564
FR0000073272;11/07/19;128.60;129.25;127.70;127.70;521562
FR0000073272;12/07/19;128.00;129.55;127.65;129.30;494107
FR0000073272;15/07/19;129.20;129.95;128.00;128.75;844245
FR0000073272;16/07/19;127.45;130.55;127.35;130.20;911217
FR0000073272;17/07/19;129.85;131.20;129.55;129.55;818917
FR0000073272;18/07/19;128.40;131.05;128.35;129.95;773894
FR0000073272;19/07/19;131.20;133.75;131.20;133.30;1240518
FR0000073272;22/07/19;132.90;133.80;132.55;133.25;699870
FR0000073272;23/07/19;133.40;137.20;133.35;136.45;997089
FR0000073272;24/07/19;136.05;136.60;135.55;135.95;617026
FR0000073272;25/07/19;136.20;137.20;132.80;132.95;1081207
FR0000073272;26/07/19;133.10;135.00;132.90;135.00;789291
FR0000073272;29/07/19;134.60;135.10;132.55;132.55;705239
FR0000073272;30/07/19;132.85;133.05;130.15;131.10;745111
FR0000073272;31/07/19;130.70;131.90;129.10;129.85;914121
FR0000120073;01/07/19;124.10;124.35;122.65;122.65;688662
FR0000120073;02/07/19;123.25;123.25;122.20;122.95;672091
FR0000120073;03/07/19;123.20;123.95;122.70;123.65;520439
FR0000120073;04/07/19;123.65;123.75;122.75;122.75;429660
FR0000120073;05/07/19;122.70;122.90;121.65;122.50;700106
FR0000120073;08/07/19;122.00;122.75;121.85;122.75;619199
FR0000120073;09/07/19;122.00;122.85;121.40;122.40;696858
FR0000120073;10/07/19;122.00;123.20;121.70;123.05;612893
FR0000120073;11/07/19;123.45;123.65;121.75;121.90;532329
FR0000120073;12/07/19;122.20;123.55;121.95;123.00;504661
FR0000120073;15/07/19;123.25;124.05;121.85;123.15;687843
FR0000120073;16/07/19;123.15;123.45;122.60;123.05;532908
FR0000120073;17/07/19;122.65;123.70;122.35;122.50;607048
FR0000120073;18/07/19;122.00;123.15;121.80;122.35;607789
FR0000120073;19/07/19;122.80;123.55;121.50;121.90;651201
FR0000120073;22/07/19;122.05;123.10;121.95;123.00;523673
FR0000120073;23/07/19;123.35;124.95;123.35;124.45;728290
FR0000120073;24/07/19;124.35;124.70;123.80;124.20;536543
FR0000120073;25/07/19;124.45;124.60;121.30;122.70;1049625
FR0000120073;26/07/19;123.40;124.20;122.95;123.95;594357
FR0000120073;29/07/19;123.50;124.25;123.25;124.25;611951
FR0000120073;30/07/19;125.00;127.20;124.85;125.20;1269238
FR0000120073;31/07/19;125.05;126.05;124.95;125.00;1099691
FR0000120172;01/07/19;17.07;17.18;16.82;17.02;2639905
FR0000120172;02/07/19;17.05;17.375;16.87;17.365;3231618
FR0000120172;03/07/19;17.365;17.485;17.12;17.20;2493750
FR0000120172;04/07/19;17.175;17.30;17.095;17.14;1616598
FR0000120172;05/07/19;17.22;17.475;17.13;17.445;2526735
FR0000120172;08/07/19;17.435;17.685;17.405;17.54;1996061
FR0000120172;09/07/19;17.505;17.635;17.44;17.50;1831847
FR0000120172;10/07/19;17.385;17.805;17.30;17.805;2627974
FR0000120172;11/07/19;17.82;17.875;17.68;17.75;1683844
FR0000120172;12/07/19;17.715;17.98;17.69;17.93;2174626
FR0000120172;15/07/19;17.85;17.96;17.79;17.90;1470081
FR0000120172;16/07/19;17.84;18.15;17.84;18.00;2112501
FR0000120172;17/07/19;17.97;18.045;17.76;17.78;1994806
FR0000120172;18/07/19;17.66;17.90;17.565;17.75;1425452
FR0000120172;19/07/19;17.705;17.825;17.655;17.775;1515841
FR0000120172;22/07/19;17.75;17.815;17.635;17.74;1277815
FR0000120172;23/07/19;17.75;17.985;17.69;17.85;2024583
FR0000120172;24/07/19;17.775;17.85;17.54;17.64;1636910
FR0000120172;25/07/19;17.75;18.045;17.65;18.02;3668405
FR0000120172;26/07/19;18.085;18.09;17.74;17.925;2424215
FR0000120172;29/07/19;17.815;18.08;17.585;17.99;2528714
FR0000120172;30/07/19;17.93;17.98;17.47;17.47;2831852
FR0000120172;31/07/19;17.47;17.55;17.365;17.405;2241836
FR0000120271;01/07/19;49.96;49.96;49.50;49.775;3973735
FR0000120271;02/07/19;49.775;49.985;49.55;49.59;4113489
FR0000120271;03/07/19;49.375;49.67;48.815;49.115;4923333
FR0000120271;04/07/19;49.20;49.61;49.08;49.455;2420813
FR0000120271;05/07/19;49.445;49.59;49.16;49.415;3909241
FR0000120271;08/07/19;49.385;49.785;49.275;49.70;2708969
FR0000120271;09/07/19;49.665;49.76;49.235;49.51;3263901
FR0000120271;10/07/19;49.645;50.13;49.61;49.76;3970043
FR0000120271;11/07/19;50.30;50.67;49.86;49.86;2976040
FR0000120271;12/07/19;50.20;50.20;49.755;49.87;2825479
FR0000120271;15/07/19;50.20;50.30;49.84;50.09;3204404
FR0000120271;16/07/19;49.955;50.13;49.675;49.965;3581400
FR0000120271;17/07/19;49.44;49.44;48.55;48.59;5876465
FR0000120271;18/07/19;48.575;48.58;47.83;48.03;5421143
FR0000120271;19/07/19;48.335;48.665;47.85;48.20;4474246
FR0000120271;22/07/19;48.465;48.655;48.195;48.195;4423753
FR0000120271;23/07/19;48.50;49.06;48.305;48.86;4403187
FR0000120271;24/07/19;48.62;48.82;48.06;48.45;4546048
FR0000120271;25/07/19;48.79;48.935;47.60;47.92;6570367
FR0000120271;26/07/19;48.12;48.525;47.805;48.03;3793831
FR0000120271;29/07/19;48.01;48.525;47.845;48.06;3352310
FR0000120271;30/07/19;48.28;48.455;47.095;47.235;5705995
FR0000120271;31/07/19;47.23;47.535;46.955;47.035;5290025
FR0000120321;01/07/19;252.00;252.10;248.80;249.30;413240
FR0000120321;02/07/19;250.40;254.00;249.80;254.00;412625
FR0000120321;03/07/19;255.00;257.80;253.60;256.90;353478
FR0000120321;04/07/19;257.00;257.00;255.10;255.30;223867
FR0000120321;05/07/19;254.80;255.40;251.90;252.70;324840
FR0000120321;08/07/19;253.20;254.80;252.70;254.60;247502
FR0000120321;09/07/19;254.80;255.70;253.20;253.70;349832
FR0000120321;10/07/19;253.60;254.80;250.60;253.80;373064
FR0000120321;11/07/19;253.50;254.80;251.00;251.40;326089
FR0000120321;12/07/19;250.90;251.80;250.10;251.50;277092
FR0000120321;15/07/19;251.10;253.20;249.10;250.50;285649
FR0000120321;16/07/19;250.40;252.80;249.50;251.30;348774
FR0000120321;17/07/19;251.80;253.70;250.60;251.60;272694
FR0000120321;18/07/19;250.60;252.10;249.10;250.60;436837
FR0000120321;19/07/19;251.60;252.70;247.70;248.00;409543
FR0000120321;22/07/19;248.30;250.60;247.80;250.30;341394
FR0000120321;23/07/19;250.80;251.80;249.90;250.30;421923
FR0000120321;24/07/19;249.80;250.80;247.10;247.10;397273
FR0000120321;25/07/19;248.00;251.20;246.00;248.00;584688
FR0000120321;26/07/19;249.40;250.10;247.50;249.10;379843
FR0000120321;29/07/19;248.30;252.80;248.20;251.10;362248
FR0000120321;30/07/19;252.00;252.00;247.20;247.40;450036
FR0000120321;31/07/19;242.00;242.40;235.30;242.00;1023590
FR0000120404;01/07/19;38.00;38.49;37.92;38.16;767358
FR0000120404;02/07/19;38.13;38.22;37.74;38.07;637555
FR0000120404;03/07/19;38.07;38.82;38.07;38.56;556475
FR0000120404;04/07/19;38.56;38.88;38.49;38.79;387739
FR0000120404;05/07/19;38.89;39.06;38.57;38.69;569297
FR0000120404;08/07/19;38.46;38.66;37.92;38.11;574723
FR0000120404;09/07/19;38.02;38.32;37.87;38.12;635802
FR0000120404;10/07/19;38.06;38.28;38.02;38.06;518705
FR0000120404;11/07/19;38.17;38.49;37.97;38.17;476054
FR0000120404;12/07/19;38.19;40.24;38.16;40.24;1996250
FR0000120404;15/07/19;40.10;40.15;39.23;39.94;1136613
FR0000120404;16/07/19;39.90;40.51;39.84;39.85;1145808
FR0000120404;17/07/19;39.80;40.01;39.26;39.46;705103
FR0000120404;18/07/19;39.09;39.40;38.93;39.21;491762
FR0000120404;19/07/19;39.33;39.55;39.05;39.45;419385
FR0000120404;22/07/19;40.00;40.41;39.75;40.29;908555
FR0000120404;23/07/19;40.34;41.25;40.29;41.20;1188187
FR0000120404;24/07/19;41.29;41.29;40.86;41.07;605267
FR0000120404;25/07/19;41.36;41.49;40.68;40.96;737168
FR0000120404;26/07/19;40.96;41.75;40.96;41.33;595688
FR0000120404;29/07/19;41.20;41.31;40.98;41.13;561883
FR0000120404;30/07/19;40.78;41.15;40.20;40.26;768469
FR0000120404;31/07/19;39.99;40.64;39.77;40.30;568948
FR0000120503;01/07/19;33.00;33.16;32.69;32.78;766061
FR0000120503;02/07/19;32.78;32.83;32.23;32.54;865547
FR0000120503;03/07/19;32.63;32.91;32.59;32.78;725411
FR0000120503;04/07/19;32.80;33.20;32.80;32.94;831910
FR0000120503;05/07/19;32.93;33.00;32.63;32.80;766075
FR0000120503;08/07/19;32.55;32.80;32.50;32.63;460965
FR0000120503;09/07/19;32.50;32.50;31.99;32.20;1150265
FR0000120503;10/07/19;32.31;32.36;32.05;32.13;681970
FR0000120503;11/07/19;32.21;32.27;31.62;31.77;1083751
FR0000120503;12/07/19;31.72;32.09;31.57;31.71;1025359
FR0000120503;15/07/19;31.81;32.18;31.79;32.01;818288
FR0000120503;16/07/19;32.00;33.00;32.00;32.90;1876685
FR0000120503;17/07/19;32.98;33.21;32.79;32.84;891300
FR0000120503;18/07/19;32.71;33.02;32.49;32.76;717590
FR0000120503;19/07/19;32.92;33.19;32.69;32.84;704177
FR0000120503;22/07/19;32.82;32.85;32.41;32.66;888114
FR0000120503;23/07/19;32.76;33.00;32.71;32.85;910910
FR0000120503;24/07/19;32.90;33.13;32.76;33.00;1045901
FR0000120503;25/07/19;33.21;33.63;33.14;33.34;1343457
FR0000120503;26/07/19;33.33;33.53;33.13;33.43;792167
FR0000120503;29/07/19;33.35;33.61;33.12;33.21;580121
FR0000120503;30/07/19;33.29;33.40;32.35;32.41;756579
FR0000120503;31/07/19;32.50;32.71;32.33;32.38;780216
FR0000120578;01/07/19;76.25;77.31;76.06;76.83;2147432
FR0000120578;02/07/19;77.20;78.01;76.85;77.09;2371431
FR0000120578;03/07/19;77.63;78.53;77.43;78.24;1797923
FR0000120578;04/07/19;78.02;78.16;77.67;77.97;931974
FR0000120578;05/07/19;78.08;78.47;77.55;77.80;1545292
FR0000120578;08/07/19;77.30;77.60;76.56;76.97;1562158
FR0000120578;09/07/19;76.80;77.49;76.38;77.49;1718514
FR0000120578;10/07/19;77.40;77.72;76.55;76.55;1880726
FR0000120578;11/07/19;77.26;77.26;75.10;75.10;2601806
FR0000120578;12/07/19;75.00;75.14;73.46;73.50;3167295
FR0000120578;15/07/19;73.75;74.25;73.06;73.79;1819781
FR0000120578;16/07/19;74.16;75.22;73.83;74.32;1963928
FR0000120578;17/07/19;74.48;74.90;74.14;74.25;1351927
FR0000120578;18/07/19;74.09;75.44;73.93;74.00;2000347
FR0000120578;19/07/19;74.20;74.57;73.62;74.57;2253113
FR0000120578;22/07/19;75.00;75.41;74.33;75.41;2097294
FR0000120578;23/07/19;75.34;76.27;75.02;75.86;2121045
FR0000120578;24/07/19;76.06;76.28;75.46;75.73;1955720
FR0000120578;25/07/19;76.00;76.85;75.16;75.40;2829367
FR0000120578;26/07/19;75.87;76.32;75.48;75.95;2318051
FR0000120578;29/07/19;77.68;78.47;77.10;77.10;3259253
FR0000120578;30/07/19;77.14;77.75;75.25;75.58;2616597
FR0000120578;31/07/19;75.32;75.70;73.81;75.46;2659838
FR0000120628;01/07/19;23.30;23.39;23.21;23.24;4782841
FR0000120628;02/07/19;23.255;23.58;23.205;23.51;5763240
FR0000120628;03/07/19;23.52;23.73;23.505;23.68;5094528
FR0000120628;04/07/19;23.69;23.83;23.685;23.73;3300646
FR0000120628;05/07/19;23.785;23.905;23.69;23.79;4951931
FR0000120628;08/07/19;23.635;23.825;23.61;23.795;3747749
FR0000120628;09/07/19;23.80;23.845;23.60;23.745;3877688
FR0000120628;10/07/19;23.715;23.875;23.65;23.705;4687525
FR0000120628;11/07/19;23.775;23.80;23.56;23.575;4331119
FR0000120628;12/07/19;23.575;23.83;23.515;23.655;4582787
FR0000120628;15/07/19;23.655;23.83;23.61;23.685;3653943
FR0000120628;16/07/19;23.62;23.965;23.61;23.88;4843902
FR0000120628;17/07/19;23.90;23.985;23.735;23.795;3694873
FR0000120628;18/07/19;23.675;23.81;23.585;23.635;4583693
FR0000120628;19/07/19;23.71;23.745;23.475;23.58;4691461
FR0000120628;22/07/19;23.56;23.615;23.41;23.525;4813430
FR0000120628;23/07/19;23.57;23.725;23.49;23.675;5932730
FR0000120628;24/07/19;23.605;23.665;23.475;23.54;4199267
FR0000120628;25/07/19;23.61;23.82;23.355;23.54;7779984
FR0000120628;26/07/19;23.535;23.585;23.405;23.465;4086654
FR0000120628;29/07/19;23.45;23.535;23.41;23.50;3305389
FR0000120628;30/07/19;23.455;23.475;22.875;23.00;7248387
FR0000120628;31/07/19;23.00;23.105;22.865;22.90;5892066
FR0000120644;01/07/19;74.60;74.92;74.12;74.24;1406778
FR0000120644;02/07/19;74.46;75.08;74.24;74.90;1302336
FR0000120644;03/07/19;75.02;75.90;74.98;75.64;1260457
FR0000120644;04/07/19;75.50;75.74;75.38;75.68;675317
FR0000120644;05/07/19;75.80;76.00;74.66;74.94;1049490
FR0000120644;08/07/19;75.04;75.50;74.90;75.24;962510
FR0000120644;09/07/19;75.26;75.62;74.92;75.12;1043264
FR0000120644;10/07/19;74.76;75.48;74.38;75.10;843293
FR0000120644;11/07/19;75.38;76.70;75.26;75.74;1701399
FR0000120644;12/07/19;75.82;75.92;75.54;75.84;1216743
FR0000120644;15/07/19;75.08;75.96;74.00;75.86;940872
FR0000120644;16/07/19;75.80;76.00;75.34;75.68;988348
FR0000120644;17/07/19;75.70;75.96;75.20;75.50;1382956
FR0000120644;18/07/19;75.44;76.22;75.32;75.74;1054472
FR0000120644;19/07/19;76.02;76.22;75.02;75.30;1070452
FR0000120644;22/07/19;75.18;75.62;75.02;75.40;930729
FR0000120644;23/07/19;75.32;75.80;75.32;75.52;1289505
FR0000120644;24/07/19;75.18;75.44;74.34;75.32;1516661
FR0000120644;25/07/19;76.06;77.30;75.76;77.20;3030919
FR0000120644;26/07/19;79.00;79.18;77.84;78.40;1863595
FR0000120644;29/07/19;78.62;79.42;78.26;78.74;1353174
FR0000120644;30/07/19;79.06;79.10;78.08;78.22;1548363
FR0000120644;31/07/19;77.58;78.52;77.36;78.40;1430170
FR0000120693;01/07/19;163.15;164.05;161.30;162.85;340121
FR0000120693;02/07/19;162.00;163.30;160.95;161.40;545497
FR0000120693;03/07/19;162.40;165.00;162.25;165.00;416938
FR0000120693;04/07/19;165.10;165.45;163.15;163.55;228196
FR0000120693;05/07/19;164.25;165.40;161.50;161.50;395653
FR0000120693;08/07/19;160.30;161.75;160.20;161.65;360008
FR0000120693;09/07/19;161.65;163.05;161.15;162.45;311123
FR0000120693;10/07/19;161.65;161.75;158.25;158.25;523455
FR0000120693;11/07/19;158.50;160.10;157.00;157.25;494501
FR0000120693;12/07/19;157.60;158.00;156.80;157.30;318411
FR0000120693;15/07/19;156.90;157.85;155.15;157.30;382097
FR0000120693;16/07/19;157.25;158.30;156.85;157.05;382673
FR0000120693;17/07/19;157.25;157.70;154.35;157.05;521528
FR0000120693;18/07/19;156.00;157.25;155.55;157.00;326135
FR0000120693;19/07/19;157.85;158.25;156.70;157.25;330306
FR0000120693;22/07/19;156.50;157.65;155.75;157.60;360731
FR0000120693;23/07/19;157.95;161.10;157.90;160.30;498343
FR0000120693;24/07/19;159.75;160.40;158.10;158.40;300871
FR0000120693;25/07/19;159.20;159.80;156.55;157.40;356332
FR0000120693;26/07/19;158.00;159.35;157.50;158.75;277401
FR0000120693;29/07/19;157.90;158.50;156.50;158.35;273005
FR0000120693;30/07/19;159.20;159.20;156.75;157.60;311366
FR0000120693;31/07/19;157.15;159.35;156.15;159.05;365093
FR0000121014;01/07/19;380.15;381.95;372.20;374.60;635086
FR0000121014;02/07/19;377.15;378.00;375.00;377.50;445176
FR0000121014;03/07/19;378.70;381.45;377.50;380.00;383644
FR0000121014;04/07/19;382.05;382.10;378.05;381.35;296850
FR0000121014;05/07/19;381.40;381.65;378.00;380.80;430659
FR0000121014;08/07/19;378.05;383.00;377.90;383.00;359857
FR0000121014;09/07/19;380.00;383.15;378.90;383.00;404047
FR0000121014;10/07/19;381.50;383.40;377.95;381.00;477794
FR0000121014;11/07/19;380.85;384.15;380.60;383.10;411816
FR0000121014;12/07/19;383.90;385.20;382.55;384.00;358452
FR0000121014;15/07/19;384.00;385.60;380.00;380.05;460865
FR0000121014;16/07/19;381.00;386.05;379.55;385.30;497824
FR0000121014;17/07/19;385.40;389.45;382.70;382.70;427789
FR0000121014;18/07/19;379.00;384.25;378.10;382.85;415431
FR0000121014;19/07/19;384.85;388.80;382.00;382.30;449561
FR0000121014;22/07/19;380.00;384.95;378.90;384.80;314332
FR0000121014;23/07/19;385.65;388.60;380.85;383.30;563900
FR0000121014;24/07/19;384.50;384.50;378.35;380.30;506993
FR0000121014;25/07/19;385.85;392.65;371.55;376.15;1096637
FR0000121014;26/07/19;375.00;386.20;371.10;385.60;786230
FR0000121014;29/07/19;383.00;383.00;374.50;378.75;776261
FR0000121014;30/07/19;379.95;380.00;371.60;374.50;694330
FR0000121014;31/07/19;372.75;377.00;371.35;375.30;663816
FR0000121220;01/07/19;103.45;103.60;102.55;102.85;175681
FR0000121220;02/07/19;102.75;103.50;102.60;103.45;167282
FR0000121220;03/07/19;103.45;105.65;103.45;105.20;255331
FR0000121220;04/07/19;105.25;105.70;104.20;104.20;168211
FR0000121220;05/07/19;104.30;104.75;103.50;104.30;219665
FR0000121220;08/07/19;101.50;101.65;99.60;99.94;740451
FR0000121220;09/07/19;99.60;101.75;99.28;101.75;435623
FR0000121220;10/07/19;101.30;102.25;100.90;101.70;249335
FR0000121220;11/07/19;102.00;102.35;101.45;101.55;191485
FR0000121220;12/07/19;101.30;102.05;101.00;101.30;172310
FR0000121220;15/07/19;101.25;102.70;101.25;102.70;176591
FR0000121220;16/07/19;102.70;102.85;101.95;102.50;163779
FR0000121220;17/07/19;102.15;102.65;101.80;101.80;193314
FR0000121220;18/07/19;101.30;102.05;100.95;101.50;173406
FR0000121220;19/07/19;101.75;102.45;101.10;101.65;184803
FR0000121220;22/07/19;101.50;101.50;100.80;101.40;185132
FR0000121220;23/07/19;101.40;102.20;101.30;102.20;234306
FR0000121220;24/07/19;102.00;102.75;101.80;101.80;154093
FR0000121220;25/07/19;102.75;103.60;102.35;103.25;243121
FR0000121220;26/07/19;103.45;105.60;103.35;105.60;335275
FR0000121220;29/07/19;105.20;106.70;105.20;105.80;191591
FR0000121220;30/07/19;105.70;105.70;102.90;103.25;233465
FR0000121220;31/07/19;103.30;104.45;103.15;103.65;223450
FR0000121261;01/07/19;113.30;114.95;111.85;112.10;487936
FR0000121261;02/07/19;112.30;112.30;109.25;110.05;542665
FR0000121261;03/07/19;110.05;112.20;109.80;111.45;358212
FR0000121261;04/07/19;111.60;112.60;111.20;111.20;239792
FR0000121261;05/07/19;111.35;111.35;109.20;110.30;454457
FR0000121261;08/07/19;109.85;111.75;109.70;110.95;377414
FR0000121261;09/07/19;110.90;110.90;108.05;108.50;474469
FR0000121261;10/07/19;109.00;110.40;108.25;108.25;415919
FR0000121261;11/07/19;108.90;109.15;107.90;108.35;420278
FR0000121261;12/07/19;107.40;111.30;107.25;110.15;474397
FR0000121261;15/07/19;110.15;111.80;110.15;111.55;409527
FR0000121261;16/07/19;110.40;110.55;107.80;110.00;943132
FR0000121261;17/07/19;109.60;110.40;105.65;105.65;797584
FR0000121261;18/07/19;105.45;107.10;105.00;105.75;499904
FR0000121261;19/07/19;106.30;107.05;105.40;105.65;529689
FR0000121261;22/07/19;105.50;106.85;105.20;106.65;468234
FR0000121261;23/07/19;106.20;110.00;106.20;108.60;695980
FR0000121261;24/07/19;108.85;110.40;108.35;110.00;650098
FR0000121261;25/07/19;110.80;111.00;107.15;107.20;851643
FR0000121261;26/07/19;104.05;105.25;102.50;104.35;1382109
FR0000121261;29/07/19;103.05;103.45;101.10;102.45;571035
FR0000121261;30/07/19;102.25;102.30;99.62;100.00;927560
FR0000121261;31/07/19;98.74;101.05;98.40;100.45;875691
FR0000121329;01/07/19;109.05;109.65;107.65;107.90;279404
FR0000121329;02/07/19;108.05;108.55;107.00;107.25;273005
FR0000121329;03/07/19;106.40;109.25;106.25;108.95;312574
FR0000121329;04/07/19;109.00;109.75;108.50;108.50;297920
FR0000121329;05/07/19;108.50;108.80;106.15;106.15;422460
FR0000121329;08/07/19;106.30;107.00;104.05;104.45;358329
FR0000121329;09/07/19;104.00;104.25;102.70;102.80;375984
FR0000121329;10/07/19;102.65;103.95;102.45;103.65;293774
FR0000121329;11/07/19;103.65;103.90;103.20;103.45;210887
FR0000121329;12/07/19;103.80;104.55;103.15;103.65;219396
FR0000121329;15/07/19;103.80;105.10;103.65;104.40;224391
FR0000121329;16/07/19;104.30;105.60;104.15;105.20;206612
FR0000121329;17/07/19;105.05;105.40;103.70;103.70;279180
FR0000121329;18/07/19;103.00;104.30;102.80;103.00;240454
FR0000121329;19/07/19;103.30;104.00;103.00;103.60;246370
FR0000121329;22/07/19;103.50;103.80;102.40;102.65;232604
FR0000121329;23/07/19;103.25;104.10;102.90;103.70;224616
FR0000121329;24/07/19;103.65;104.25;102.90;103.25;212173
FR0000121329;25/07/19;103.95;104.45;102.20;102.30;387965
FR0000121329;26/07/19;102.30;104.85;102.30;104.50;233832
FR0000121329;29/07/19;104.25;104.60;103.75;104.25;167329
FR0000121329;30/07/19;104.65;104.65;102.80;103.05;265730
FR0000121329;31/07/19;103.10;103.20;101.15;102.05;404176
FR0000121485;01/07/19;524.00;532.70;523.20;525.10;214217
FR0000121485;02/07/19;528.50;530.00;525.30;526.60;195313
FR0000121485;03/07/19;528.60;531.60;526.10;526.70;143048
FR0000121485;04/07/19;527.70;530.30;524.20;527.10;103767
FR0000121485;05/07/19;528.80;528.80;518.90;522.20;165226
FR0000121485;08/07/19;518.70;526.10;515.00;523.70;138669
FR0000121485;09/07/19;523.60;526.10;519.30;522.10;140622
FR0000121485;10/07/19;519.80;524.40;512.00;516.80;172885
FR0000121485;11/07/19;519.00;522.70;515.20;517.70;159547
FR0000121485;12/07/19;517.90;524.40;517.90;522.20;133374
FR0000121485;15/07/19;524.30;528.00;518.10;519.90;147094
FR0000121485;16/07/19;520.90;531.80;519.00;530.60;189646
FR0000121485;17/07/19;528.50;534.20;524.50;524.60;143447
FR0000121485;18/07/19;513.80;521.30;512.00;519.60;222404
FR0000121485;19/07/19;520.00;527.90;520.00;522.70;204415
FR0000121485;22/07/19;521.30;527.80;521.10;527.20;141191
FR0000121485;23/07/19;530.40;534.20;522.40;524.00;216867
FR0000121485;24/07/19;523.00;524.30;516.20;519.50;231136
FR0000121485;25/07/19;524.00;524.70;506.40;508.90;327759
FR0000121485;26/07/19;467.00;481.55;458.40;473.25;933239
FR0000121485;29/07/19;470.00;483.80;465.75;479.10;547498
FR0000121485;30/07/19;481.95;482.90;469.80;471.35;390133
FR0000121485;31/07/19;468.95;472.15;464.10;469.50;365055
FR0000121501;01/07/19;22.07;22.30;21.66;21.66;1695283
FR0000121501;02/07/19;21.73;21.82;21.53;21.77;1636457
FR0000121501;03/07/19;21.72;22.16;21.67;22.01;1611399
FR0000121501;04/07/19;22.02;22.23;22.00;22.03;1046713
FR0000121501;05/07/19;22.13;22.13;21.89;22.05;1384929
FR0000121501;08/07/19;21.94;22.34;21.90;22.13;1783254
FR0000121501;09/07/19;22.09;22.09;21.43;21.62;2103570
FR0000121501;10/07/19;21.62;21.80;21.42;21.43;1859955
FR0000121501;11/07/19;21.56;21.77;21.40;21.62;1976754
FR0000121501;12/07/19;21.33;22.27;21.33;22.03;2247819
FR0000121501;15/07/19;22.01;22.42;22.01;22.23;1674323
FR0000121501;16/07/19;22.45;22.48;22.04;22.32;2201434
FR0000121501;17/07/19;22.22;22.35;22.05;22.09;1186450
FR0000121501;18/07/19;21.82;22.03;21.63;21.93;1487584
FR0000121501;19/07/19;22.01;22.27;21.88;21.90;1355304
FR0000121501;22/07/19;21.76;22.05;21.74;21.91;1388943
FR0000121501;23/07/19;22.05;22.92;22.04;22.72;2682789
FR0000121501;24/07/19;23.40;23.46;22.43;23.06;4198206
FR0000121501;25/07/19;23.44;23.59;22.73;23.05;2639739
FR0000121501;26/07/19;22.90;22.99;22.39;22.50;1843633
FR0000121501;29/07/19;22.46;22.46;21.89;22.09;1758223
FR0000121501;30/07/19;22.16;22.21;21.16;21.34;2529614
FR0000121501;31/07/19;21.34;21.64;21.33;21.36;2351641
FR0000121667;01/07/19;115.75;116.15;111.95;113.60;710973
FR0000121667;02/07/19;113.80;114.40;113.25;114.15;503919
FR0000121667;03/07/19;114.40;115.05;114.30;114.70;450508
FR0000121667;04/07/19;115.00;115.00;113.10;114.40;240968
FR0000121667;05/07/19;114.65;114.65;113.70;114.20;375457
FR0000121667;08/07/19;114.00;114.65;113.25;114.65;325843
FR0000121667;09/07/19;114.65;115.25;114.25;115.20;406747
FR0000121667;10/07/19;115.20;116.70;114.65;116.00;675562
FR0000121667;11/07/19;116.25;117.40;115.90;116.30;547418
FR0000121667;12/07/19;116.30;118.25;116.30;118.00;568008
FR0000121667;15/07/19;118.00;119.00;117.35;117.95;426222
FR0000121667;16/07/19;118.00;118.95;117.70;118.25;602772
FR0000121667;17/07/19;118.30;119.30;116.40;116.55;646113
FR0000121667;18/07/19;115.00;119.20;113.30;118.80;880967
FR0000121667;19/07/19;118.85;119.45;117.90;119.10;650070
FR0000121667;22/07/19;118.00;119.35;118.00;119.05;398084
FR0000121667;23/07/19;118.80;119.75;118.75;119.30;478783
FR0000121667;24/07/19;118.30;119.40;118.05;119.15;485335
FR0000121667;25/07/19;119.20;120.10;118.25;119.00;952958
FR0000121667;26/07/19;119.00;119.75;118.95;119.10;530500
FR0000121667;29/07/19;119.00;119.90;118.80;119.35;486881
FR0000121667;30/07/19;119.40;119.45;118.15;118.55;640749
FR0000121667;31/07/19;119.45;124.30;118.85;122.65;1166058
FR0000121972;01/07/19;80.00;81.18;79.88;80.74;1280120
FR0000121972;02/07/19;80.92;81.14;80.06;80.34;1114362
FR0000121972;03/07/19;80.34;80.78;80.18;80.68;935544
FR0000121972;04/07/19;80.52;81.12;80.28;81.00;647521
FR0000121972;05/07/19;78.60;79.04;77.00;77.70;2225114
FR0000121972;08/07/19;77.50;78.38;77.46;78.02;944830
FR0000121972;09/07/19;77.70;77.90;76.62;76.94;1193896
FR0000121972;10/07/19;76.86;77.74;76.66;77.02;992227
FR0000121972;11/07/19;77.38;77.42;76.26;76.54;967115
FR0000121972;12/07/19;76.56;77.28;76.48;76.96;883712
FR0000121972;15/07/19;77.26;77.72;76.38;77.02;836221
FR0000121972;16/07/19;76.88;78.18;76.82;77.98;1317153
FR0000121972;17/07/19;77.88;78.44;77.06;77.18;1185618
FR0000121972;18/07/19;76.90;77.30;76.10;76.10;1133576
FR0000121972;19/07/19;76.66;77.24;75.78;76.30;1154717
FR0000121972;22/07/19;75.94;76.90;75.94;76.50;984543
FR0000121972;23/07/19;76.70;78.16;76.70;77.90;1185492
FR0000121972;24/07/19;77.96;78.22;77.16;77.54;1047086
FR0000121972;25/07/19;80.40;81.36;79.00;79.00;2335268
FR0000121972;26/07/19;79.40;79.80;78.96;79.24;1094151
FR0000121972;29/07/19;79.00;79.70;78.52;79.26;861985
FR0000121972;30/07/19;79.44;79.44;76.94;77.38;1360999
FR0000121972;31/07/19;77.16;78.36;77.10;78.08;1530657
FR0000124141;01/07/19;21.71;21.71;21.40;21.56;1308743
FR0000124141;02/07/19;21.60;22.01;21.60;22.01;1956345
FR0000124141;03/07/19;22.05;22.36;22.03;22.33;1963258
FR0000124141;04/07/19;22.33;22.41;22.22;22.26;943496
FR0000124141;05/07/19;22.30;22.40;21.99;22.18;1352283
FR0000124141;08/07/19;22.10;22.29;22.04;22.20;1564378
FR0000124141;09/07/19;22.20;22.43;22.20;22.43;1953811
FR0000124141;10/07/19;22.31;22.50;22.24;22.45;1502054
FR0000124141;11/07/19;22.45;22.71;22.45;22.52;1383629
FR0000124141;12/07/19;22.54;22.63;22.46;22.59;1321802
FR0000124141;15/07/19;22.54;22.65;22.32;22.58;1211007
FR0000124141;16/07/19;22.51;22.66;22.49;22.59;970386
FR0000124141;17/07/19;22.52;22.80;22.51;22.69;1602525
FR0000124141;18/07/19;22.53;22.91;22.52;22.80;1346873
FR0000124141;19/07/19;22.90;23.00;22.82;22.90;1311459
FR0000124141;22/07/19;22.84;22.97;22.66;22.95;1303989
FR0000124141;23/07/19;22.99;23.04;22.65;22.77;1522125
FR0000124141;24/07/19;22.78;22.82;22.21;22.45;2036049
FR0000124141;25/07/19;22.58;22.82;22.40;22.60;2046751
FR0000124141;26/07/19;22.81;22.98;22.68;22.98;1737169
FR0000124141;29/07/19;23.03;23.22;23.02;23.14;1379079
FR0000124141;30/07/19;23.15;23.16;22.59;22.60;2334720
FR0000124141;31/07/19;22.59;22.90;22.42;22.85;2296831
FR0000125007;01/07/19;34.705;35.30;34.51;34.835;2067788
FR0000125007;02/07/19;34.825;34.845;33.93;34.14;2034847
FR0000125007;03/07/19;34.30;34.62;33.965;34.56;1427592
FR0000125007;04/07/19;34.565;34.765;34.535;34.545;654299
FR0000125007;05/07/19;34.54;34.54;33.875;34.05;1085661
FR0000125007;08/07/19;33.98;34.215;33.85;33.97;869234
FR0000125007;09/07/19;33.80;33.885;33.20;33.385;1682724
FR0000125007;10/07/19;33.45;34.125;33.445;33.69;1492533
FR0000125007;11/07/19;33.675;33.79;33.255;33.30;1372148
FR0000125007;12/07/19;33.30;33.925;33.235;33.69;1154871
FR0000125007;15/07/19;33.80;34.105;33.55;33.885;952172
FR0000125007;16/07/19;33.955;34.775;33.90;34.67;1614644
FR0000125007;17/07/19;34.665;34.975;34.235;34.37;1112004
FR0000125007;18/07/19;34.355;34.43;33.965;34.15;1426040
FR0000125007;19/07/19;34.39;34.575;34.01;34.14;869424
FR0000125007;22/07/19;34.14;34.21;33.735;34.165;1156282
FR0000125007;23/07/19;34.27;34.84;34.27;34.635;1523117
FR0000125007;24/07/19;34.715;35.335;34.375;35.165;2155685
FR0000125007;25/07/19;35.495;35.665;34.865;35.28;2010555
FR0000125007;26/07/19;35.495;36.705;35.475;36.60;2850101
FR0000125007;29/07/19;36.32;36.61;36.055;36.255;1307331
FR0000125007;30/07/19;36.235;36.255;34.75;34.965;2454018
FR0000125007;31/07/19;35.00;35.265;34.755;34.755;1508676
FR0000125338;01/07/19;112.20;112.70;110.70;111.60;461533
FR0000125338;02/07/19;111.80;111.80;109.35;110.00;375431
FR0000125338;03/07/19;110.20;112.45;109.50;111.60;577385
FR0000125338;04/07/19;111.65;114.30;111.25;113.80;394208
FR0000125338;05/07/19;114.20;115.20;113.80;115.00;505658
FR0000125338;08/07/19;114.60;115.80;113.00;113.80;401596
FR0000125338;09/07/19;113.85;114.30;113.05;113.70;280350
FR0000125338;10/07/19;113.50;114.65;113.25;114.15;330779
FR0000125338;11/07/19;114.05;114.20;113.45;113.65;305633
FR0000125338;12/07/19;113.10;114.65;112.55;113.20;440614
FR0000125338;15/07/19;113.95;114.45;113.20;113.85;403048
FR0000125338;16/07/19;113.95;114.80;113.45;114.60;306956
FR0000125338;17/07/19;114.00;114.45;112.90;113.35;414435
FR0000125338;18/07/19;112.15;112.75;110.45;112.25;460029
FR0000125338;19/07/19;113.00;113.75;112.05;112.95;374910
FR0000125338;22/07/19;112.60;113.50;111.80;112.20;407612
FR0000125338;23/07/19;112.90;114.00;112.90;112.90;531384
FR0000125338;24/07/19;112.90;114.15;111.80;114.15;596238
FR0000125338;25/07/19;114.80;115.45;112.00;113.00;466922
FR0000125338;26/07/19;113.35;114.65;113.10;114.15;343862
FR0000125338;29/07/19;114.00;114.25;112.70;112.70;423765
FR0000125338;30/07/19;118.00;118.00;112.15;115.60;837245
FR0000125338;31/07/19;115.20;116.20;113.50;115.25;652643
FR0000125486;01/07/19;90.50;90.82;90.28;90.46;981690
FR0000125486;02/07/19;90.36;90.62;90.12;90.48;1004926
FR0000125486;03/07/19;90.60;92.66;90.52;92.38;933254
FR0000125486;04/07/19;92.04;92.48;91.66;92.02;584162
FR0000125486;05/07/19;91.82;92.16;90.94;91.24;885309
FR0000125486;08/07/19;90.78;91.42;90.52;90.80;828424
FR0000125486;09/07/19;90.60;90.88;90.34;90.84;849165
FR0000125486;10/07/19;90.64;91.16;90.34;90.34;938533
FR0000125486;11/07/19;90.82;90.82;89.72;89.72;805646
FR0000125486;12/07/19;89.98;91.68;89.58;91.32;1145524
FR0000125486;15/07/19;91.22;92.06;90.76;91.80;872693
FR0000125486;16/07/19;92.00;94.40;91.92;94.30;1532630
FR0000125486;17/07/19;94.20;94.96;93.46;93.52;1153172
FR0000125486;18/07/19;93.02;93.54;92.50;93.14;1108151
FR0000125486;19/07/19;93.50;93.94;92.76;93.00;949870
FR0000125486;22/07/19;92.84;93.12;92.34;92.98;848547
FR0000125486;23/07/19;93.06;93.80;92.88;93.30;978532
FR0000125486;24/07/19;93.02;93.36;92.42;92.80;752223
FR0000125486;25/07/19;93.00;93.78;91.50;91.50;1394000
FR0000125486;26/07/19;90.72;92.26;90.50;91.96;1211214
FR0000125486;29/07/19;91.54;92.96;91.50;92.20;786874
FR0000125486;30/07/19;92.22;92.32;90.00;90.00;1321185
FR0000125486;31/07/19;90.72;93.52;90.66;93.24;1902075
FR0000127771;01/07/19;24.39;24.60;24.29;24.51;3406211
FR0000127771;02/07/19;24.57;24.77;24.48;24.74;3482707
FR0000127771;03/07/19;24.81;25.03;24.77;24.94;3170303
FR0000127771;04/07/19;24.96;25.02;24.81;24.89;1886338
FR0000127771;05/07/19;24.93;25.00;24.76;24.91;3104909
FR0000127771;08/07/19;24.83;24.98;24.74;24.95;2879281
FR0000127771;09/07/19;24.93;24.99;24.86;24.97;2615090
FR0000127771;10/07/19;24.88;24.97;24.75;24.95;2804026
FR0000127771;11/07/19;25.00;25.00;24.88;24.88;2386302
FR0000127771;12/07/19;24.85;24.99;24.85;24.97;1884598
FR0000127771;15/07/19;24.84;25.01;24.81;24.89;2229884
FR0000127771;16/07/19;24.84;25.00;24.84;24.91;3136560
FR0000127771;17/07/19;24.81;25.02;24.81;24.95;2407667
FR0000127771;18/07/19;24.84;25.25;24.78;25.01;2899044
FR0000127771;19/07/19;25.02;25.12;24.83;24.91;3369534
FR0000127771;22/07/19;24.91;24.96;24.66;24.89;2746086
FR0000127771;23/07/19;24.90;25.03;24.68;24.68;3394106
FR0000127771;24/07/19;24.64;25.17;24.57;24.82;3822561
FR0000127771;25/07/19;24.88;25.02;24.50;24.70;3462389
FR0000127771;26/07/19;25.41;26.21;25.34;26.19;6805877
FR0000127771;29/07/19;25.97;26.04;25.49;25.54;2716901
FR0000127771;30/07/19;25.48;25.55;24.94;25.00;3530068
FR0000127771;31/07/19;25.13;25.33;24.83;25.18;3643632
FR0000130577;01/07/19;46.94;47.05;46.28;46.68;739735
FR0000130577;02/07/19;46.59;46.74;45.95;46.33;825576
FR0000130577;03/07/19;46.50;46.86;46.43;46.74;592777
FR0000130577;04/07/19;46.78;47.25;46.77;46.90;409569
FR0000130577;05/07/19;46.99;47.94;46.97;47.85;897054
FR0000130577;08/07/19;47.70;47.88;47.43;47.43;600480
FR0000130577;09/07/19;47.34;47.69;46.91;47.56;605992
FR0000130577;10/07/19;47.31;47.40;46.78;47.22;804217
FR0000130577;11/07/19;47.30;47.99;47.30;47.62;789173
FR0000130577;12/07/19;47.75;48.27;47.70;48.06;671997
FR0000130577;15/07/19;48.03;48.51;47.91;48.27;554366
FR0000130577;16/07/19;48.16;48.53;48.13;48.28;604139
FR0000130577;17/07/19;48.27;48.42;47.52;47.66;986983
FR0000130577;18/07/19;47.40;47.78;47.25;47.27;643463
FR0000130577;19/07/19;44.00;44.56;42.65;44.20;3184397
FR0000130577;22/07/19;44.20;44.54;43.49;44.45;1446795
FR0000130577;23/07/19;44.58;44.58;43.76;44.00;1087614
FR0000130577;24/07/19;43.86;44.34;43.71;44.23;981269
FR0000130577;25/07/19;44.57;45.56;44.40;45.30;1199332
FR0000130577;26/07/19;45.69;46.22;45.18;45.74;792057
FR0000130577;29/07/19;45.68;46.67;45.56;46.30;850783
FR0000130577;30/07/19;46.33;46.43;44.96;45.06;1017212
FR0000130577;31/07/19;45.10;45.50;44.55;44.71;835468
FR0000130650;01/07/19;143.25;145.40;142.95;143.35;345549
FR0000130650;02/07/19;143.65;145.70;143.40;144.50;321019
FR0000130650;03/07/19;145.60;147.20;145.00;146.40;239864
FR0000130650;04/07/19;146.90;147.00;143.50;143.55;259942
FR0000130650;05/07/19;143.25;143.40;140.15;141.00;289923
FR0000130650;08/07/19;141.15;141.55;139.55;140.35;282944
FR0000130650;09/07/19;140.25;141.25;139.70;139.75;256297
FR0000130650;10/07/19;139.05;140.35;138.05;139.70;290392
FR0000130650;11/07/19;140.00;141.00;139.85;140.30;220742
FR0000130650;12/07/19;139.60;140.20;138.95;139.30;170433
FR0000130650;15/07/19;139.45;140.55;138.55;139.30;225784
FR0000130650;16/07/19;139.40;139.85;138.35;138.35;248727
FR0000130650;17/07/19;138.65;139.70;137.80;138.10;368382
FR0000130650;18/07/19;136.70;136.80;134.30;135.40;347332
FR0000130650;19/07/19;136.05;136.95;135.00;135.90;255871
FR0000130650;22/07/19;135.65;135.65;134.10;134.80;198844
FR0000130650;23/07/19;135.05;136.20;134.10;134.65;359915
FR0000130650;24/07/19;134.00;144.15;133.30;140.95;539262
FR0000130650;25/07/19;141.60;142.70;135.80;136.45;449686
FR0000130650;26/07/19;137.10;139.20;136.50;139.05;306783
FR0000130650;29/07/19;139.00;139.75;138.15;138.70;207534
FR0000130650;30/07/19;139.20;139.35;136.15;137.00;278182
FR0000130650;31/07/19;136.30;138.50;134.45;138.00;340837
FR0000130809;01/07/19;22.57;22.75;22.19;22.23;3470186
FR0000130809;02/07/19;22.375;22.415;21.87;22.14;2771828
FR0000130809;03/07/19;22.04;22.405;21.78;22.335;3155091
FR0000130809;04/07/19;22.345;22.79;22.23;22.415;4105422
FR0000130809;05/07/19;22.505;23.02;22.355;22.81;4627161
FR0000130809;08/07/19;22.855;23.34;22.465;22.555;3935949
FR0000130809;09/07/19;22.46;22.48;21.995;22.25;3786386
FR0000130809;10/07/19;22.37;22.825;22.255;22.475;3069709
FR0000130809;11/07/19;22.50;22.605;22.235;22.485;2705882
FR0000130809;12/07/19;22.56;22.995;22.56;22.73;3539896
FR0000130809;15/07/19;22.75;22.89;22.46;22.815;3325780
FR0000130809;16/07/19;22.77;23.12;22.75;23.10;3842071
FR0000130809;17/07/19;23.40;23.42;22.825;22.825;5548549
FR0000130809;18/07/19;22.705;22.94;22.46;22.715;3490520
FR0000130809;19/07/19;22.85;22.91;22.225;22.37;4410048
FR0000130809;22/07/19;22.365;22.575;22.16;22.33;2988905
FR0000130809;23/07/19;22.585;23.15;22.47;23.03;5413405
FR0000130809;24/07/19;23.05;23.255;22.725;23.165;3058517
FR0000130809;25/07/19;23.25;23.96;22.735;22.99;6983874
FR0000130809;26/07/19;22.995;23.20;22.67;23.08;3815766
FR0000130809;29/07/19;23.05;23.14;22.825;22.905;2174730
FR0000130809;30/07/19;22.915;22.915;22.00;22.055;6259253
FR0000130809;31/07/19;22.16;22.585;22.125;22.205;5310089
FR0000131104;01/07/19;42.395;42.73;41.96;42.085;3577651
FR0000131104;02/07/19;42.325;42.34;41.50;41.865;2896316
FR0000131104;03/07/19;41.80;42.705;41.535;42.57;3391876
FR0000131104;04/07/19;42.395;43.295;42.36;43.045;4421553
FR0000131104;05/07/19;43.34;43.86;42.88;43.405;4689974
FR0000131104;08/07/19;43.485;43.96;42.435;42.97;3939380
FR0000131104;09/07/19;42.805;42.855;42.05;42.575;3372644
FR0000131104;10/07/19;42.85;43.385;42.62;42.695;3198971
FR0000131104;11/07/19;42.815;42.815;42.16;42.57;3253301
FR0000131104;12/07/19;42.74;43.21;42.505;42.53;3180625
FR0000131104;15/07/19;42.655;43.035;42.38;42.84;3044777
FR0000131104;16/07/19;42.695;43.49;42.665;43.205;3437757
FR0000131104;17/07/19;43.025;43.105;42.355;42.52;3822487
FR0000131104;18/07/19;42.345;42.73;41.92;42.37;3300089
FR0000131104;19/07/19;42.53;42.78;41.785;41.995;4264946
FR0000131104;22/07/19;41.85;42.29;41.735;41.995;2467456
FR0000131104;23/07/19;42.29;43.23;42.20;42.925;4655604
FR0000131104;24/07/19;43.035;43.16;42.50;42.93;3236110
FR0000131104;25/07/19;43.17;44.60;42.485;42.99;6937725
FR0000131104;26/07/19;43.00;43.275;42.65;42.935;3031918
FR0000131104;29/07/19;42.82;42.995;42.495;42.655;2325130
FR0000131104;30/07/19;42.40;42.425;41.21;41.52;5814303
FR0000131104;31/07/19;42.895;43.19;42.18;42.18;6961330
FR0000131906;01/07/19;56.01;56.42;54.87;54.87;925321
FR0000131906;02/07/19;55.04;55.17;53.72;54.27;994776
FR0000131906;03/07/19;54.07;54.90;53.71;54.44;842899
FR0000131906;04/07/19;54.68;55.12;54.46;54.47;676851
FR0000131906;05/07/19;54.50;54.80;53.88;54.67;748476
FR0000131906;08/07/19;54.14;54.86;53.42;53.63;920555
FR0000131906;09/07/19;53.51;53.61;51.62;52.39;1578731
FR0000131906;10/07/19;52.55;52.64;51.78;51.90;1043477
FR0000131906;11/07/19;51.98;52.83;51.34;51.52;833603
FR0000131906;12/07/19;51.06;52.65;51.04;52.01;1014069
FR0000131906;15/07/19;52.35;53.07;52.07;52.41;779843
FR0000131906;16/07/19;52.40;52.70;51.58;52.59;1263210
FR0000131906;17/07/19;52.32;52.74;51.94;52.18;609750
FR0000131906;18/07/19;51.60;51.94;51.28;51.38;733329
FR0000131906;19/07/19;51.38;52.04;51.02;51.06;898794
FR0000131906;22/07/19;50.99;51.51;50.76;51.29;691733
FR0000131906;23/07/19;51.40;53.34;51.40;52.59;1349409
FR0000131906;24/07/19;52.86;53.39;52.07;53.17;1169366
FR0000131906;25/07/19;53.50;54.05;51.22;52.29;1329133
FR0000131906;26/07/19;51.56;53.21;50.88;52.42;1331451
FR0000131906;29/07/19;52.00;52.01;51.25;51.89;1115531
FR0000131906;30/07/19;51.75;51.83;50.35;50.86;1232045
FR0000131906;31/07/19;50.86;51.31;50.45;50.54;926602
FR0000133308;01/07/19;13.93;13.945;13.84;13.855;4723972
FR0000133308;02/07/19;13.805;13.90;13.805;13.845;5228906
FR0000133308;03/07/19;13.865;13.94;13.835;13.84;5475522
FR0000133308;04/07/19;13.885;13.985;13.855;13.985;4062093
FR0000133308;05/07/19;13.975;14.09;13.915;13.96;4342240
FR0000133308;08/07/19;13.95;14.00;13.895;13.915;4038482
FR0000133308;09/07/19;13.80;13.92;13.78;13.855;5431133
FR0000133308;10/07/19;13.80;13.87;13.73;13.73;5627134
FR0000133308;11/07/19;13.775;13.79;13.48;13.51;7936084
FR0000133308;12/07/19;13.55;13.58;13.345;13.405;7133979
FR0000133308;15/07/19;13.395;13.445;13.305;13.305;5090454
FR0000133308;16/07/19;13.325;13.40;13.24;13.33;6454077
FR0000133308;17/07/19;13.345;13.39;13.27;13.305;4485011
FR0000133308;18/07/19;13.285;13.40;13.26;13.26;4879460
FR0000133308;19/07/19;13.29;13.345;13.17;13.225;4371938
FR0000133308;22/07/19;13.205;13.225;13.08;13.155;5029801
FR0000133308;23/07/19;13.175;13.29;13.14;13.22;6353606
FR0000133308;24/07/19;13.225;13.275;13.10;13.155;6110932
FR0000133308;25/07/19;13.37;13.575;13.275;13.39;13508332
FR0000133308;26/07/19;13.49;13.54;13.39;13.52;6919130
FR0000133308;29/07/19;13.465;13.735;13.45;13.615;8169565
FR0000133308;30/07/19;13.61;13.61;13.38;13.46;6850487
FR0000133308;31/07/19;13.43;13.475;13.355;13.425;5839793
FR0010208488;01/07/19;13.485;13.485;13.285;13.44;4603019
FR0010208488;02/07/19;13.435;13.69;13.39;13.67;5685061
FR0010208488;03/07/19;13.70;13.95;13.685;13.895;6639945
FR0010208488;04/07/19;13.90;13.91;13.80;13.83;2752759
FR0010208488;05/07/19;13.855;13.985;13.715;13.765;4151324
FR0010208488;08/07/19;13.765;13.85;13.725;13.80;3034590
FR0010208488;09/07/19;13.79;13.925;13.76;13.925;4489266
FR0010208488;10/07/19;13.85;13.98;13.775;13.83;3919343
FR0010208488;11/07/19;13.845;13.965;13.805;13.82;2958108
FR0010208488;12/07/19;13.825;13.885;13.745;13.885;3012939
FR0010208488;15/07/19;13.83;13.915;13.775;13.87;3744809
FR0010208488;16/07/19;13.84;13.86;13.74;13.765;4446263
FR0010208488;17/07/19;13.76;13.855;13.725;13.80;4318360
FR0010208488;18/07/19;13.725;13.945;13.70;13.825;4241718
FR0010208488;19/07/19;13.88;13.955;13.725;13.75;3411302
FR0010208488;22/07/19;13.75;13.82;13.715;13.82;3173608
FR0010208488;23/07/19;13.90;13.97;13.805;13.965;4405123
FR0010208488;24/07/19;13.955;14.035;13.89;14.035;4488870
FR0010208488;25/07/19;14.035;14.195;13.865;13.95;6383315
FR0010208488;26/07/19;13.99;14.075;13.92;14.05;4263037
FR0010208488;29/07/19;13.995;14.34;13.95;14.315;5946127
FR0010208488;30/07/19;14.385;14.39;13.985;14.04;8088762
FR0010208488;31/07/19;13.95;14.025;13.83;13.92;8140114
FR0010307819;01/07/19;64.94;65.30;64.74;64.98;347519
FR0010307819;02/07/19;65.04;65.12;64.58;65.10;286243
FR0010307819;03/07/19;64.90;65.80;64.86;65.80;377805
FR0010307819;04/07/19;65.70;65.90;65.22;65.22;453228
FR0010307819;05/07/19;65.08;65.18;63.70;63.98;489581
FR0010307819;08/07/19;63.90;64.20;63.78;63.94;362088
FR0010307819;09/07/19;63.74;63.78;62.82;62.92;570761
FR0010307819;10/07/19;62.10;63.12;62.10;62.58;494967
FR0010307819;11/07/19;62.70;63.02;62.20;62.40;434410
FR0010307819;12/07/19;62.32;63.20;62.32;62.96;304968
FR0010307819;15/07/19;63.20;63.66;62.70;63.28;391563
FR0010307819;16/07/19;63.22;63.82;63.16;63.68;443866
FR0010307819;17/07/19;63.66;64.30;63.66;64.02;670325
FR0010307819;18/07/19;63.56;63.90;63.10;63.56;437932
FR0010307819;19/07/19;63.78;64.12;63.50;63.94;285816
FR0010307819;22/07/19;63.70;64.24;63.70;64.02;274381
FR0010307819;23/07/19;64.18;64.90;64.02;64.78;477727
FR0010307819;24/07/19;64.84;65.08;64.48;64.84;413464
FR0010307819;25/07/19;65.22;66.02;64.34;64.40;699738
FR0010307819;26/07/19;64.64;65.24;64.42;65.12;424990
FR0010307819;29/07/19;64.80;65.12;64.66;64.92;442236
FR0010307819;30/07/19;65.20;65.20;63.00;63.26;897261
FR0010307819;31/07/19;63.26;64.28;63.18;63.86;667709
FR0013326246;01/07/19;133.40;134.10;132.40;132.60;532423
FR0013326246;02/07/19;133.05;133.70;130.40;133.25;553065
FR0013326246;03/07/19;130.20;130.65;128.65;129.60;502533
FR0013326246;04/07/19;130.35;131.25;129.80;130.10;369150
FR0013326246;05/07/19;131.90;133.50;130.55;131.15;545951
FR0013326246;08/07/19;131.15;131.60;130.30;130.90;287415
FR0013326246;09/07/19;131.15;132.75;130.50;132.20;445904
FR0013326246;10/07/19;131.80;132.00;129.15;129.55;507281
FR0013326246;11/07/19;129.50;131.15;129.25;129.75;390833
FR0013326246;12/07/19;129.90;130.40;129.15;129.50;394388
FR0013326246;15/07/19;128.90;130.10;128.15;129.05;334024
FR0013326246;16/07/19;128.95;129.05;127.00;127.00;546810
FR0013326246;17/07/19;127.00;129.20;126.15;127.45;410682
FR0013326246;18/07/19;126.60;127.95;125.85;126.70;405974
FR0013326246;19/07/19;127.30;128.00;125.60;128.00;492220
FR0013326246;22/07/19;127.95;128.35;124.95;126.00;513377
FR0013326246;23/07/19;126.00;129.15;125.80;128.55;488665
FR0013326246;24/07/19;128.70;129.70;128.20;128.55;360128
FR0013326246;25/07/19;128.95;129.00;125.65;126.50;608638
FR0013326246;26/07/19;124.80;125.45;122.95;124.50;811578
FR0013326246;29/07/19;124.10;126.00;124.05;125.90;353994
FR0013326246;30/07/19;126.00;127.60;124.60;125.25;631078
FR0013326246;31/07/19;125.70;125.70;120.25;121.00;805869
GB00BDSFG982;01/07/19;23.15;23.30;22.98;23.16;1325598
GB00BDSFG982;02/07/19;23.13;23.14;22.25;22.30;1574333
GB00BDSFG982;03/07/19;22.31;22.46;22.16;22.31;848702
GB00BDSFG982;04/07/19;22.35;22.37;22.10;22.10;570690
GB00BDSFG982;05/07/19;22.18;22.39;21.93;22.13;942886
GB00BDSFG982;08/07/19;22.09;22.56;22.09;22.36;779113
GB00BDSFG982;09/07/19;22.21;22.27;21.83;21.84;1274042
GB00BDSFG982;10/07/19;21.96;22.47;21.85;22.30;1021091
GB00BDSFG982;11/07/19;22.54;22.75;22.41;22.58;736687
GB00BDSFG982;12/07/19;22.68;22.93;22.61;22.65;599682
GB00BDSFG982;15/07/19;22.87;22.93;22.44;22.55;836761
GB00BDSFG982;16/07/19;22.45;22.68;22.30;22.65;784356
GB00BDSFG982;17/07/19;22.40;22.40;22.03;22.10;890458
GB00BDSFG982;18/07/19;21.82;22.14;21.80;21.89;1082605
GB00BDSFG982;19/07/19;22.21;22.31;22.00;22.25;819707
GB00BDSFG982;22/07/19;22.25;22.90;22.19;22.82;1556202
GB00BDSFG982;23/07/19;23.04;23.56;22.84;23.24;1606680
GB00BDSFG982;24/07/19;23.77;24.20;23.55;23.89;1687169
GB00BDSFG982;25/07/19;24.26;25.04;24.19;25.03;2610235
GB00BDSFG982;26/07/19;24.84;25.41;24.84;25.40;1305231
GB00BDSFG982;29/07/19;25.26;25.60;25.08;25.19;1324232
GB00BDSFG982;30/07/19;25.21;25.49;24.68;24.83;1726839
GB00BDSFG982;31/07/19;25.08;25.37;24.96;25.15;1152381
LU1598757687;01/07/19;16.316;16.478;15.94;15.94;5585019
LU1598757687;02/07/19;15.94;16.05;15.336;15.598;4923109
LU1598757687;03/07/19;15.502;15.622;15.35;15.46;3698136
LU1598757687;04/07/19;15.474;15.864;15.412;15.608;2962335
LU1598757687;05/07/19;15.588;15.588;15.056;15.214;5860064
LU1598757687;08/07/19;15.25;15.742;15.184;15.406;5247457
LU1598757687;09/07/19;15.03;15.086;14.456;14.558;6970991
LU1598757687;10/07/19;14.65;14.936;14.63;14.65;5766064
LU1598757687;11/07/19;14.736;14.822;14.37;14.422;4401244
LU1598757687;12/07/19;14.502;14.94;14.426;14.782;5680130
LU1598757687;15/07/19;14.96;15.208;14.908;15.01;4582103
LU1598757687;16/07/19;15.05;15.606;15.03;15.606;6051753
LU1598757687;17/07/19;15.37;15.512;14.946;15.094;6511766
LU1598757687;18/07/19;14.938;14.982;14.702;14.702;5028973
LU1598757687;19/07/19;14.86;14.964;14.532;14.844;6254344
LU1598757687;22/07/19;14.902;15.482;14.88;15.214;6223360
LU1598757687;23/07/19;15.466;16.124;15.466;15.892;9485336
LU1598757687;24/07/19;15.91;15.996;15.566;15.678;5012767
LU1598757687;25/07/19;15.88;16.042;15.246;15.406;6385844
LU1598757687;26/07/19;15.446;15.446;15.056;15.18;4196969
LU1598757687;29/07/19;15.15;15.198;14.968;15.066;3602868
LU1598757687;30/07/19;15.082;15.20;14.474;14.626;4832799
LU1598757687;31/07/19;14.76;14.948;14.518;14.518;6062373
NL0000226223;01/07/19;16.405;16.61;16.225;16.24;6218489
NL0000226223;02/07/19;16.315;16.36;16.04;16.11;3236387
NL0000226223;03/07/19;16.015;16.10;15.875;16.00;2173161
NL0000226223;04/07/19;16.13;16.20;16.075;16.115;1225296
NL0000226223;05/07/19;16.09;16.095;15.685;15.72;2433150
NL0000226223;08/07/19;15.635;15.895;15.525;15.645;2820495
NL0000226223;09/07/19;15.635;15.66;15.33;15.52;2225891
NL0000226223;10/07/19;15.54;15.98;15.51;15.71;2083974
NL0000226223;11/07/19;15.85;15.99;15.645;15.66;2133017
NL0000226223;12/07/19;15.635;15.85;15.545;15.825;1815270
NL0000226223;15/07/19;15.94;16.005;15.735;15.735;2502438
NL0000226223;16/07/19;15.735;15.905;15.64;15.885;2977545
NL0000226223;17/07/19;15.84;16.03;15.765;15.91;2162245
NL0000226223;18/07/19;15.785;16.05;15.61;15.955;2160265
NL0000226223;19/07/19;16.105;16.41;16.035;16.315;3208446
NL0000226223;22/07/19;16.315;16.665;16.315;16.665;3042557
NL0000226223;23/07/19;16.98;17.23;16.935;16.995;3763229
NL0000226223;24/07/19;17.265;17.62;17.265;17.60;5181852
NL0000226223;25/07/19;17.40;17.555;16.895;17.08;5692261
NL0000226223;26/07/19;17.265;17.58;17.175;17.41;3571220
NL0000226223;29/07/19;17.155;17.24;16.92;17.10;1814488
NL0000226223;30/07/19;17.185;17.20;16.615;16.695;2864187
NL0000226223;31/07/19;16.72;17.125;16.665;16.715;2632505
NL0000235190;01/07/19;123.50;126.08;123.50;124.30;849429
NL0000235190;02/07/19;122.90;124.28;122.60;123.96;1028534
NL0000235190;03/07/19;124.28;126.04;123.82;125.64;675236
NL0000235190;04/07/19;125.60;125.96;124.44;125.38;454665
NL0000235190;05/07/19;124.54;125.20;123.70;124.58;724073
NL0000235190;08/07/19;124.20;124.42;123.00;123.92;788487
NL0000235190;09/07/19;124.08;124.72;123.30;124.10;666957
NL0000235190;10/07/19;124.84;127.62;124.50;125.84;1016895
NL0000235190;11/07/19;126.22;127.10;125.74;125.98;725473
NL0000235190;12/07/19;126.28;128.04;125.12;127.68;1023854
NL0000235190;15/07/19;128.58;129.90;128.14;129.20;973647
NL0000235190;16/07/19;128.88;131.42;128.48;131.14;1035676
NL0000235190;17/07/19;130.96;132.32;130.88;131.96;1084788
NL0000235190;18/07/19;131.48;132.92;130.18;132.10;918163
NL0000235190;19/07/19;132.44;133.86;131.04;131.50;1110654
NL0000235190;22/07/19;131.20;131.68;130.38;130.76;909190
NL0000235190;23/07/19;131.38;133.26;131.36;132.62;1151374
NL0000235190;24/07/19;132.64;133.36;131.50;131.96;891454
NL0000235190;25/07/19;132.34;133.38;129.92;130.50;1303089
NL0000235190;26/07/19;131.52;131.80;130.82;131.00;787658
NL0000235190;29/07/19;130.44;131.32;130.08;130.08;767765
NL0000235190;30/07/19;130.16;130.42;127.40;127.72;1259431
NL0000235190;31/07/19;130.00;130.50;126.74;128.06;1547120
