BE0003470755;02/02/15;121.50;122.10;119.95;121.10;286891
BE0003470755;03/02/15;121.15;121.85;120.40;120.65;281405
BE0003470755;04/02/15;120.55;121.00;119.50;120.80;268428
BE0003470755;05/02/15;120.10;121.45;119.15;121.25;257348
BE0003470755;06/02/15;121.15;121.25;119.70;120.25;156445
BE0003470755;09/02/15;119.90;121.00;119.10;120.95;220420
BE0003470755;10/02/15;121.05;121.60;120.10;120.65;204232
BE0003470755;11/02/15;120.50;121.90;120.25;120.60;177905
BE0003470755;12/02/15;120.90;123.25;120.50;122.25;268008
BE0003470755;13/02/15;122.75;124.70;122.60;124.00;278623
BE0003470755;16/02/15;124.00;124.50;123.15;123.80;121892
BE0003470755;17/02/15;123.00;123.90;122.30;122.70;267609
BE0003470755;18/02/15;122.95;123.75;122.60;123.65;193989
BE0003470755;19/02/15;123.65;124.65;123.05;124.60;197005
BE0003470755;20/02/15;124.50;125.90;124.20;125.85;217222
BE0003470755;23/02/15;125.90;126.15;124.85;125.40;163841
BE0003470755;24/02/15;125.50;126.30;125.20;125.95;204611
BE0003470755;25/02/15;125.95;126.55;124.45;124.90;303028
BE0003470755;26/02/15;129.00;130.80;127.65;129.65;646386
BE0003470755;27/02/15;130.00;133.30;129.85;132.80;337327
FR0000045072;02/02/15;10.54;10.65;10.33;10.65;8247176
FR0000045072;03/02/15;10.75;11.025;10.715;10.995;8530427
FR0000045072;04/02/15;10.985;11.145;10.73;10.83;10450567
FR0000045072;05/02/15;10.665;10.88;10.54;10.86;7075701
FR0000045072;06/02/15;10.89;11.01;10.815;10.975;5974427
FR0000045072;09/02/15;10.83;10.87;10.67;10.845;6992955
FR0000045072;10/02/15;10.91;11.12;10.87;11.00;8229002
FR0000045072;11/02/15;10.995;11.035;10.81;10.835;5145360
FR0000045072;12/02/15;10.87;11.48;10.795;11.335;16063122
FR0000045072;13/02/15;11.405;11.995;11.38;11.965;19188933
FR0000045072;16/02/15;11.90;11.985;11.825;11.915;8765760
FR0000045072;17/02/15;11.79;11.995;11.585;11.975;8015019
FR0000045072;18/02/15;12.11;12.94;12.11;12.885;22959258
FR0000045072;19/02/15;12.90;12.915;12.42;12.78;10895136
FR0000045072;20/02/15;12.78;12.96;12.68;12.895;10555212
FR0000045072;23/02/15;12.965;13.17;12.67;12.77;12524806
FR0000045072;24/02/15;12.55;12.86;12.52;12.81;9121039
FR0000045072;25/02/15;12.715;12.77;12.525;12.54;10710110
FR0000045072;26/02/15;12.545;12.76;12.455;12.61;8262869
FR0000045072;27/02/15;12.62;12.655;12.475;12.57;7722117
FR0000051732;02/02/15;65.93;66.22;64.75;65.20;303127
FR0000051732;03/02/15;65.70;66.74;65.16;65.58;405711
FR0000051732;04/02/15;65.78;67.08;65.59;66.80;410044
FR0000051732;05/02/15;66.42;67.81;66.33;67.07;328364
FR0000051732;06/02/15;67.19;67.97;66.55;67.76;260692
FR0000051732;09/02/15;67.16;67.32;66.00;66.36;258652
FR0000051732;10/02/15;66.70;68.32;66.18;67.86;339824
FR0000051732;11/02/15;68.06;68.07;66.93;67.49;259694
FR0000051732;12/02/15;67.41;68.44;67.13;68.10;286398
FR0000051732;13/02/15;68.40;69.00;67.48;67.69;237238
FR0000051732;16/02/15;67.79;69.07;67.79;68.69;256716
FR0000051732;17/02/15;68.50;68.50;66.52;66.65;363422
FR0000051732;18/02/15;67.29;68.00;66.32;67.75;397257
FR0000051732;19/02/15;66.80;67.42;63.81;64.32;1248641
FR0000051732;20/02/15;64.30;65.37;64.30;65.37;410364
FR0000051732;23/02/15;65.54;66.33;65.37;65.94;520061
FR0000051732;24/02/15;66.07;66.64;65.46;66.00;429490
FR0000051732;25/02/15;63.86;64.46;62.95;63.15;2216498
FR0000051732;26/02/15;63.41;63.54;62.66;63.54;955402
FR0000051732;27/02/15;63.56;63.75;63.00;63.67;620486
FR0000073272;02/02/15;59.45;59.83;58.62;58.93;627631
FR0000073272;03/02/15;58.95;59.68;58.79;59.08;722392
FR0000073272;04/02/15;58.97;59.91;58.83;59.91;678542
FR0000073272;05/02/15;59.54;60.65;59.51;60.57;840453
FR0000073272;06/02/15;60.40;60.53;60.06;60.36;463332
FR0000073272;09/02/15;60.24;60.34;58.90;59.18;729032
FR0000073272;10/02/15;59.45;60.75;59.45;60.53;718663
FR0000073272;11/02/15;60.23;60.77;59.99;60.30;697651
FR0000073272;12/02/15;60.14;60.95;60.11;60.77;512118
FR0000073272;13/02/15;60.70;61.07;60.24;60.46;607241
FR0000073272;16/02/15;60.46;61.06;60.46;60.81;482545
FR0000073272;17/02/15;60.50;61.16;60.21;60.51;630909
FR0000073272;18/02/15;60.60;61.27;60.25;61.20;659811
FR0000073272;19/02/15;61.04;61.24;60.65;61.20;990611
FR0000073272;20/02/15;61.10;61.73;61.02;61.63;844023
FR0000073272;23/02/15;61.95;62.12;61.66;61.69;663204
FR0000073272;24/02/15;61.70;61.81;60.37;60.92;783472
FR0000073272;25/02/15;61.50;63.50;61.20;63.03;1466332
FR0000073272;26/02/15;63.10;63.29;62.52;62.52;975733
FR0000073272;27/02/15;62.60;62.98;62.52;62.90;860730
FR0000120073;02/02/15;101.7727;102.8182;101.3182;102.8182;807881
FR0000120073;03/02/15;103.1818;103.50;101.9545;102.8182;1021974
FR0000120073;04/02/15;102.5455;103.5455;102.1364;103.5455;783678
FR0000120073;05/02/15;102.7273;103.5909;102.4545;103.5909;618517
FR0000120073;06/02/15;103.4546;103.6364;101.7727;102.00;920257
FR0000120073;09/02/15;101.3636;102.3182;100.6364;102.0455;985200
FR0000120073;10/02/15;102.00;103.6364;101.3636;103.2727;809318
FR0000120073;11/02/15;102.7273;103.4546;102.4545;103.1818;564056
FR0000120073;12/02/15;103.1364;105.9546;103.1364;105.2727;954699
FR0000120073;13/02/15;105.7273;106.0455;105.0455;105.4091;837743
FR0000120073;16/02/15;105.1818;105.6818;103.9091;104.50;604755
FR0000120073;17/02/15;102.7273;104.1364;101.8182;103.7273;1009335
FR0000120073;18/02/15;104.5455;105.2273;104.00;104.4545;789652
FR0000120073;19/02/15;103.6364;105.3182;103.6364;105.00;876730
FR0000120073;20/02/15;104.9545;106.00;104.3636;105.3182;1679671
FR0000120073;23/02/15;105.9546;106.1818;104.3636;105.3636;916803
FR0000120073;24/02/15;104.8182;106.3182;104.7727;105.9546;959768
FR0000120073;25/02/15;105.9546;106.3636;105.6818;106.1364;664947
FR0000120073;26/02/15;106.3182;106.8636;105.7727;106.8636;731905
FR0000120073;27/02/15;106.4091;107.3636;106.1818;107.3636;857006
FR0000120172;02/02/15;27.88;28.59;27.86;28.445;3973313
FR0000120172;03/02/15;28.46;28.77;28.36;28.64;3091597
FR0000120172;04/02/15;28.51;28.705;28.085;28.40;2980767
FR0000120172;05/02/15;28.00;28.56;27.96;28.45;3069830
FR0000120172;06/02/15;28.27;28.405;28.075;28.105;2182691
FR0000120172;09/02/15;28.00;28.40;27.735;28.29;3248816
FR0000120172;10/02/15;28.35;28.80;28.235;28.41;3142876
FR0000120172;11/02/15;28.225;28.355;28.09;28.145;2148877
FR0000120172;12/02/15;28.00;28.96;27.99;28.73;3036911
FR0000120172;13/02/15;28.695;29.20;28.65;28.885;2117203
FR0000120172;16/02/15;28.75;29.12;28.75;28.955;1355552
FR0000120172;17/02/15;28.61;29.245;28.605;28.985;2126316
FR0000120172;18/02/15;28.945;29.40;28.935;29.14;2402742
FR0000120172;19/02/15;29.05;29.795;29.05;29.60;2622939
FR0000120172;20/02/15;29.37;29.625;29.245;29.55;2589235
FR0000120172;23/02/15;29.62;29.76;29.285;29.445;2157752
FR0000120172;24/02/15;29.31;29.58;29.225;29.48;1729452
FR0000120172;25/02/15;29.34;29.50;28.87;29.24;2865669
FR0000120172;26/02/15;29.08;29.55;29.06;29.51;2025565
FR0000120172;27/02/15;29.31;29.595;29.31;29.565;2343772
FR0000120271;02/02/15;45.835;47.19;45.735;47.00;10847091
FR0000120271;03/02/15;47.785;48.60;47.645;48.28;12023649
FR0000120271;04/02/15;48.215;48.425;47.03;47.75;10241211
FR0000120271;05/02/15;46.775;48.28;46.16;48.08;8210402
FR0000120271;06/02/15;48.135;48.315;47.42;47.68;6062408
FR0000120271;09/02/15;47.30;48.14;47.03;47.95;8108676
FR0000120271;10/02/15;48.20;48.25;46.755;47.35;8143652
FR0000120271;11/02/15;47.50;47.50;46.45;46.95;5168594
FR0000120271;12/02/15;46.64;47.95;46.35;47.35;8746083
FR0000120271;13/02/15;47.63;47.90;46.95;47.375;8340994
FR0000120271;16/02/15;47.535;47.61;46.865;47.115;4463613
FR0000120271;17/02/15;46.615;47.675;46.335;47.28;5464912
FR0000120271;18/02/15;47.76;47.835;47.055;47.265;5337847
FR0000120271;19/02/15;46.90;46.90;45.50;45.98;10661615
FR0000120271;20/02/15;46.045;46.31;45.685;46.035;10946212
FR0000120271;23/02/15;46.95;46.95;45.52;46.29;6447787
FR0000120271;24/02/15;46.30;47.345;46.045;47.185;6679411
FR0000120271;25/02/15;47.16;47.35;46.70;47.35;5193503
FR0000120271;26/02/15;47.485;47.685;46.825;47.25;6467275
FR0000120271;27/02/15;47.08;48.32;47.06;48.235;8436472
FR0000120321;02/02/15;159.00;160.55;156.85;157.70;822202
FR0000120321;03/02/15;158.30;159.00;155.60;155.75;1014191
FR0000120321;04/02/15;155.40;157.95;154.90;157.95;740077
FR0000120321;05/02/15;156.65;158.50;156.60;158.00;620831
FR0000120321;06/02/15;157.55;158.40;156.50;157.60;603523
FR0000120321;09/02/15;156.40;157.05;155.05;155.95;1081500
FR0000120321;10/02/15;155.45;158.45;155.15;157.55;698965
FR0000120321;11/02/15;156.60;158.90;156.55;158.40;632113
FR0000120321;12/02/15;158.70;159.20;156.60;157.90;880975
FR0000120321;13/02/15;161.45;162.70;152.05;156.05;1763034
FR0000120321;16/02/15;155.45;155.55;154.15;154.50;812377
FR0000120321;17/02/15;154.50;155.55;153.10;155.40;772836
FR0000120321;18/02/15;155.00;155.80;154.45;155.45;848706
FR0000120321;19/02/15;154.80;157.15;154.40;157.10;860374
FR0000120321;20/02/15;156.75;158.00;155.80;157.60;1086755
FR0000120321;23/02/15;158.00;159.00;157.20;158.75;560015
FR0000120321;24/02/15;159.00;159.80;157.45;159.30;706353
FR0000120321;25/02/15;159.00;159.80;158.55;159.45;557318
FR0000120321;26/02/15;159.60;161.40;158.45;161.20;645209
FR0000120321;27/02/15;161.00;162.25;159.40;162.25;732689
FR0000120404;02/02/15;44.31;44.70;43.52;43.90;1017463
FR0000120404;03/02/15;43.985;44.75;43.865;44.27;968540
FR0000120404;04/02/15;44.07;44.58;43.50;44.45;1103702
FR0000120404;05/02/15;44.035;45.16;44.03;44.90;1148876
FR0000120404;06/02/15;44.77;45.32;44.155;45.23;922221
FR0000120404;09/02/15;44.855;45.10;44.25;44.88;1197661
FR0000120404;10/02/15;44.81;45.29;44.495;44.955;920630
FR0000120404;11/02/15;44.865;45.245;44.75;44.94;528127
FR0000120404;12/02/15;44.80;45.685;44.65;45.635;1043255
FR0000120404;13/02/15;45.635;45.89;45.39;45.72;848302
FR0000120404;16/02/15;45.685;45.73;45.30;45.41;631450
FR0000120404;17/02/15;45.00;45.29;44.77;45.15;827532
FR0000120404;18/02/15;45.69;46.89;45.60;46.15;1617812
FR0000120404;19/02/15;46.22;47.60;46.10;47.17;1661318
FR0000120404;20/02/15;47.045;47.17;46.605;46.905;1242264
FR0000120404;23/02/15;46.905;47.415;46.78;47.39;1311547
FR0000120404;24/02/15;47.46;47.87;46.99;47.495;792212
FR0000120404;25/02/15;47.63;48.33;47.355;47.52;1286774
FR0000120404;26/02/15;47.41;47.47;46.625;47.37;1319698
FR0000120404;27/02/15;46.84;46.90;46.25;46.825;1922931
FR0000120503;02/02/15;31.775;32.025;31.41;32.025;1250182
FR0000120503;03/02/15;32.18;32.855;32.105;32.69;1006845
FR0000120503;04/02/15;32.62;32.65;32.10;32.645;811755
FR0000120503;05/02/15;32.04;32.45;31.57;32.00;1594770
FR0000120503;06/02/15;31.855;32.12;31.64;31.97;627800
FR0000120503;09/02/15;32.08;32.30;31.735;32.04;696398
FR0000120503;10/02/15;32.185;32.795;31.95;32.75;873529
FR0000120503;11/02/15;32.80;33.60;32.80;33.025;1288317
FR0000120503;12/02/15;32.965;33.69;32.845;33.545;858830
FR0000120503;13/02/15;33.625;34.075;33.455;33.655;1031179
FR0000120503;16/02/15;34.50;35.415;34.225;34.925;2510405
FR0000120503;17/02/15;34.555;35.145;34.51;35.00;943693
FR0000120503;18/02/15;35.03;35.25;34.53;34.735;1182171
FR0000120503;19/02/15;34.585;34.96;34.295;34.89;1003697
FR0000120503;20/02/15;34.925;35.33;34.82;35.33;1028461
FR0000120503;23/02/15;35.465;35.50;35.09;35.22;753360
FR0000120503;24/02/15;35.12;35.50;35.12;35.46;1241485
FR0000120503;25/02/15;35.50;36.38;35.195;35.60;1902858
FR0000120503;26/02/15;35.51;35.965;35.46;35.735;1338237
FR0000120503;27/02/15;35.76;35.775;35.40;35.43;1363997
FR0000120578;02/02/15;82.20;83.00;81.20;82.07;2909799
FR0000120578;03/02/15;82.07;83.20;81.26;81.51;3630608
FR0000120578;04/02/15;81.20;81.70;80.42;81.59;3954169
FR0000120578;05/02/15;83.53;84.78;82.80;84.53;4521714
FR0000120578;06/02/15;84.39;85.44;83.83;85.00;4290414
FR0000120578;09/02/15;84.37;85.15;83.78;84.82;3947373
FR0000120578;10/02/15;84.99;86.01;84.04;85.27;2980497
FR0000120578;11/02/15;84.97;85.19;83.95;85.00;2063532
FR0000120578;12/02/15;84.74;85.19;84.08;84.92;3086448
FR0000120578;13/02/15;85.46;87.00;85.15;86.73;3303991
FR0000120578;16/02/15;86.47;86.47;85.61;85.72;1528465
FR0000120578;17/02/15;85.47;85.98;84.21;85.53;2487298
FR0000120578;18/02/15;85.98;86.86;85.62;86.71;2379288
FR0000120578;19/02/15;87.49;88.12;87.12;87.84;3400038
FR0000120578;20/02/15;87.97;88.26;86.48;87.39;4935142
FR0000120578;23/02/15;88.24;89.05;87.91;89.05;2696593
FR0000120578;24/02/15;89.06;89.17;87.68;88.75;2399789
FR0000120578;25/02/15;88.38;89.11;88.26;89.10;2506100
FR0000120578;26/02/15;89.10;89.15;87.12;87.54;4056750
FR0000120578;27/02/15;87.37;87.70;86.58;87.70;3887807
FR0000120628;02/02/15;20.84;20.985;20.505;20.815;7593300
FR0000120628;03/02/15;20.92;21.33;20.885;21.095;9558645
FR0000120628;04/02/15;21.07;21.10;20.835;21.01;7432426
FR0000120628;05/02/15;20.795;20.87;20.605;20.72;8153894
FR0000120628;06/02/15;20.76;20.935;20.61;20.86;5546270
FR0000120628;09/02/15;20.63;20.655;20.12;20.43;11879330
FR0000120628;10/02/15;20.54;21.00;20.45;20.855;10476687
FR0000120628;11/02/15;20.85;20.85;20.535;20.655;4747516
FR0000120628;12/02/15;20.605;21.115;20.54;20.845;6992316
FR0000120628;13/02/15;20.995;21.235;20.80;20.84;8723377
FR0000120628;16/02/15;20.845;20.92;20.535;20.535;6057295
FR0000120628;17/02/15;20.43;20.61;20.175;20.605;6576350
FR0000120628;18/02/15;20.715;21.035;20.66;21.005;8826441
FR0000120628;19/02/15;20.93;21.29;20.83;21.25;8518794
FR0000120628;20/02/15;21.135;21.225;20.89;21.15;10336897
FR0000120628;23/02/15;21.36;21.405;21.21;21.295;5801325
FR0000120628;24/02/15;21.41;21.545;21.25;21.435;6987245
FR0000120628;25/02/15;21.88;22.48;21.88;22.00;14476099
FR0000120628;26/02/15;22.075;22.475;22.06;22.47;10182769
FR0000120628;27/02/15;22.445;22.71;22.365;22.69;8654917
FR0000120644;02/02/15;59.74;59.90;59.05;59.34;1795431
FR0000120644;03/02/15;59.54;59.60;59.09;59.32;2360403
FR0000120644;04/02/15;59.08;59.30;58.78;59.00;1815074
FR0000120644;05/02/15;58.74;59.25;58.58;59.12;1487622
FR0000120644;06/02/15;59.26;59.27;58.65;58.89;1289218
FR0000120644;09/02/15;58.30;58.66;57.70;58.50;1937754
FR0000120644;10/02/15;58.83;59.21;58.42;58.67;1755446
FR0000120644;11/02/15;58.52;58.83;58.30;58.67;1538203
FR0000120644;12/02/15;58.44;58.60;57.22;58.14;2518812
FR0000120644;13/02/15;58.50;58.54;57.67;57.92;2207481
FR0000120644;16/02/15;57.64;57.75;56.97;57.20;1850498
FR0000120644;17/02/15;56.91;57.89;56.82;57.85;1852985
FR0000120644;18/02/15;58.58;58.58;57.94;58.22;1867536
FR0000120644;19/02/15;58.02;59.15;58.02;59.15;1721452
FR0000120644;20/02/15;58.56;60.07;57.59;60.00;4978998
FR0000120644;23/02/15;59.99;60.00;59.44;59.73;2378115
FR0000120644;24/02/15;59.89;60.70;59.86;60.49;2620719
FR0000120644;25/02/15;60.40;60.84;60.18;60.47;2128972
FR0000120644;26/02/15;60.40;61.98;60.09;61.85;2199492
FR0000120644;27/02/15;61.58;62.38;61.50;62.33;2307937
FR0000120693;02/02/15;107.35;108.05;105.90;107.70;624731
FR0000120693;03/02/15;107.65;108.10;105.15;105.55;703714
FR0000120693;04/02/15;105.85;108.20;105.35;108.05;642350
FR0000120693;05/02/15;107.35;108.35;107.20;107.80;383424
FR0000120693;06/02/15;106.90;107.45;105.45;105.75;646115
FR0000120693;09/02/15;105.10;105.95;104.40;105.80;450370
FR0000120693;10/02/15;105.90;107.95;105.75;107.15;486533
FR0000120693;11/02/15;106.65;107.90;106.40;107.60;405477
FR0000120693;12/02/15;105.55;106.35;102.65;103.20;1002741
FR0000120693;13/02/15;101.55;104.65;101.55;103.70;763115
FR0000120693;16/02/15;102.65;104.20;102.60;103.30;442249
FR0000120693;17/02/15;102.35;103.70;102.10;103.60;503181
FR0000120693;18/02/15;103.75;103.95;102.10;102.35;506523
FR0000120693;19/02/15;101.90;104.75;101.90;103.90;466770
FR0000120693;20/02/15;103.90;104.10;102.85;103.20;640923
FR0000120693;23/02/15;103.95;104.75;103.30;104.65;319975
FR0000120693;24/02/15;105.00;105.00;103.75;104.40;441378
FR0000120693;25/02/15;104.30;104.45;103.25;103.85;369038
FR0000120693;26/02/15;103.70;106.00;103.30;105.95;409709
FR0000120693;27/02/15;105.50;106.20;104.75;105.95;415103
FR0000121014;02/02/15;144.45;146.00;142.60;143.30;1148343
FR0000121014;03/02/15;143.30;145.00;141.80;144.50;1190779
FR0000121014;04/02/15;151.70;156.45;151.50;156.25;3126781
FR0000121014;05/02/15;154.70;155.45;152.75;153.50;1813581
FR0000121014;06/02/15;152.95;154.00;152.50;152.80;1021962
FR0000121014;09/02/15;151.50;152.30;149.80;150.60;1195742
FR0000121014;10/02/15;151.65;156.15;151.40;156.15;1397351
FR0000121014;11/02/15;155.50;157.60;155.00;156.55;885327
FR0000121014;12/02/15;157.00;159.95;156.70;159.15;1474893
FR0000121014;13/02/15;159.35;160.00;158.05;158.50;862611
FR0000121014;16/02/15;157.95;158.15;156.30;156.95;687173
FR0000121014;17/02/15;156.90;157.75;154.80;157.60;676920
FR0000121014;18/02/15;158.10;158.85;157.30;158.75;576207
FR0000121014;19/02/15;158.15;160.85;157.45;160.80;687559
FR0000121014;20/02/15;160.45;161.00;158.80;161.00;1010041
FR0000121014;23/02/15;162.10;162.45;160.30;161.25;654545
FR0000121014;24/02/15;161.85;161.90;159.85;161.20;612916
FR0000121014;25/02/15;160.60;161.75;160.35;161.60;575695
FR0000121014;26/02/15;161.90;162.30;160.95;161.95;748534
FR0000121014;27/02/15;161.40;163.90;161.25;163.90;855078
FR0000121220;02/02/15;88.02;88.74;86.71;87.17;309546
FR0000121220;03/02/15;87.42;87.66;86.46;86.97;342692
FR0000121220;04/02/15;87.25;88.05;86.46;88.05;321239
FR0000121220;05/02/15;87.75;89.33;87.74;88.05;235035
FR0000121220;06/02/15;87.84;87.97;86.82;87.38;227844
FR0000121220;09/02/15;86.87;87.02;85.71;86.66;214700
FR0000121220;10/02/15;86.76;87.99;86.60;87.68;143387
FR0000121220;11/02/15;87.42;88.16;87.38;87.70;141280
FR0000121220;12/02/15;87.50;88.08;86.82;87.80;188125
FR0000121220;13/02/15;87.86;88.22;87.08;87.27;199979
FR0000121220;16/02/15;87.10;87.72;86.63;87.31;113281
FR0000121220;17/02/15;86.61;87.24;86.05;87.09;134990
FR0000121220;18/02/15;87.13;87.78;87.07;87.37;155841
FR0000121220;19/02/15;87.38;88.50;87.27;88.12;195246
FR0000121220;20/02/15;87.91;88.47;87.34;87.65;220126
FR0000121220;23/02/15;87.98;89.91;87.75;89.42;329515
FR0000121220;24/02/15;89.58;89.96;89.09;89.59;192875
FR0000121220;25/02/15;89.58;90.20;88.92;89.37;245611
FR0000121220;26/02/15;89.22;90.19;88.87;90.19;160536
FR0000121220;27/02/15;89.91;90.35;89.24;90.06;202541
FR0000121261;02/02/15;87.52;88.23;86.61;88.23;1057649
FR0000121261;03/02/15;87.50;88.99;87.39;88.20;1211545
FR0000121261;04/02/15;88.14;88.40;87.50;88.23;1029199
FR0000121261;05/02/15;87.60;89.36;87.35;89.09;1110481
FR0000121261;06/02/15;89.00;89.29;87.93;88.20;709483
FR0000121261;09/02/15;87.91;88.23;85.78;86.34;1030544
FR0000121261;10/02/15;83.29;84.25;81.53;84.13;2706319
FR0000121261;11/02/15;84.10;84.19;82.37;84.00;1060381
FR0000121261;12/02/15;84.50;85.41;84.09;84.28;1177055
FR0000121261;13/02/15;84.01;85.25;83.61;84.16;759410
FR0000121261;16/02/15;84.03;84.27;83.38;83.88;606710
FR0000121261;17/02/15;83.13;83.51;82.42;83.51;849624
FR0000121261;18/02/15;84.00;85.36;83.82;84.95;728598
FR0000121261;19/02/15;84.79;85.40;84.04;85.14;785091
FR0000121261;20/02/15;84.93;85.59;84.58;85.57;758194
FR0000121261;23/02/15;85.99;86.44;85.81;86.00;708365
FR0000121261;24/02/15;86.42;86.50;85.19;86.26;659053
FR0000121261;25/02/15;86.37;86.45;84.34;84.54;737781
FR0000121261;26/02/15;84.11;84.62;83.50;84.17;747178
FR0000121261;27/02/15;84.19;85.98;84.13;85.98;745786
FR0000121485;02/02/15;179.75;180.25;176.50;178.15;281398
FR0000121485;03/02/15;178.15;178.60;177.50;177.80;214444
FR0000121485;04/02/15;178.60;182.00;178.30;181.80;302141
FR0000121485;05/02/15;180.90;181.70;180.10;181.00;176103
FR0000121485;06/02/15;180.50;184.20;180.30;182.85;215939
FR0000121485;09/02/15;181.55;181.90;179.65;180.50;177842
FR0000121485;10/02/15;181.15;183.50;181.00;183.40;212533
FR0000121485;11/02/15;183.10;183.70;181.70;183.05;153477
FR0000121485;12/02/15;182.15;183.50;181.50;182.70;186436
FR0000121485;13/02/15;183.40;185.00;182.75;182.90;193636
FR0000121485;16/02/15;182.35;184.45;179.50;181.15;323369
FR0000121485;17/02/15;179.90;181.00;174.75;178.55;507354
FR0000121485;18/02/15;177.20;180.00;176.80;178.75;282304
FR0000121485;19/02/15;177.80;180.65;177.50;178.90;240194
FR0000121485;20/02/15;178.55;179.75;177.00;179.60;231073
FR0000121485;23/02/15;180.00;180.20;177.60;179.10;259202
FR0000121485;24/02/15;179.75;180.70;179.10;180.30;162500
FR0000121485;25/02/15;180.20;180.95;177.15;179.05;261573
FR0000121485;26/02/15;179.35;181.95;178.75;181.65;190606
FR0000121485;27/02/15;181.15;182.10;180.35;182.00;230534
FR0000121501;02/02/15;12.93;13.05;12.495;12.69;4380600
FR0000121501;03/02/15;12.80;13.30;12.70;13.08;6656742
FR0000121501;04/02/15;13.155;13.44;12.96;13.44;6025449
FR0000121501;05/02/15;13.30;13.58;13.245;13.36;5501545
FR0000121501;06/02/15;13.34;13.385;13.19;13.305;2979395
FR0000121501;09/02/15;13.19;13.20;12.775;12.865;4113996
FR0000121501;10/02/15;12.88;13.29;12.82;13.29;4349733
FR0000121501;11/02/15;13.25;13.395;13.13;13.395;3029517
FR0000121501;12/02/15;13.50;13.89;13.425;13.765;6194760
FR0000121501;13/02/15;13.90;14.05;13.70;13.83;4141457
FR0000121501;16/02/15;14.01;14.045;13.72;13.75;3771913
FR0000121501;17/02/15;13.65;13.795;13.315;13.495;4981342
FR0000121501;18/02/15;14.00;14.40;13.45;14.40;10384648
FR0000121501;19/02/15;14.405;14.50;14.07;14.23;6545038
FR0000121501;20/02/15;14.37;14.38;14.07;14.23;6039017
FR0000121501;23/02/15;14.355;14.595;14.31;14.575;5893396
FR0000121501;24/02/15;14.68;14.785;14.51;14.675;5615274
FR0000121501;25/02/15;14.665;14.665;14.15;14.365;5136389
FR0000121501;26/02/15;14.42;14.91;14.385;14.91;4578961
FR0000121501;27/02/15;14.905;15.015;14.70;14.965;4837282
FR0000121667;02/02/15;99.51;99.98;96.71;97.56;653806
FR0000121667;03/02/15;97.92;98.35;97.20;97.20;618160
FR0000121667;04/02/15;96.93;96.96;94.67;96.48;1032169
FR0000121667;05/02/15;95.52;96.54;95.38;96.20;544744
FR0000121667;06/02/15;96.45;96.50;94.33;95.97;747374
FR0000121667;09/02/15;95.46;95.59;93.87;95.10;601254
FR0000121667;10/02/15;95.02;96.02;94.38;95.77;561202
FR0000121667;11/02/15;95.65;95.85;94.67;95.15;379424
FR0000121667;12/02/15;95.30;96.52;95.03;96.20;572117
FR0000121667;13/02/15;96.84;96.93;95.77;96.16;625027
FR0000121667;16/02/15;96.34;96.66;95.40;95.40;422752
FR0000121667;17/02/15;95.39;95.39;94.13;95.07;546798
FR0000121667;18/02/15;95.75;96.33;95.33;96.33;627720
FR0000121667;19/02/15;96.95;101.00;96.85;100.50;736328
FR0000121667;20/02/15;99.07;100.55;98.52;99.31;1129145
FR0000121667;23/02/15;100.15;101.80;100.15;101.50;557688
FR0000121667;24/02/15;101.80;103.25;101.50;102.65;516867
FR0000121667;25/02/15;102.75;103.55;101.85;102.70;455876
FR0000121667;26/02/15;102.90;103.90;102.25;103.65;541577
FR0000121667;27/02/15;103.30;104.45;103.15;104.45;493763
FR0000121972;02/02/15;67.11;67.55;66.61;67.20;1808634
FR0000121972;03/02/15;67.71;68.99;67.41;68.70;1899142
FR0000121972;04/02/15;68.39;68.84;67.92;68.30;1385330
FR0000121972;05/02/15;67.40;68.33;66.85;68.33;1805116
FR0000121972;06/02/15;68.33;68.33;67.76;68.00;1198498
FR0000121972;09/02/15;67.52;67.82;66.32;67.24;1374556
FR0000121972;10/02/15;67.60;68.04;67.06;67.70;1540316
FR0000121972;11/02/15;68.29;68.34;67.52;68.20;1833514
FR0000121972;12/02/15;68.00;68.85;67.64;68.59;1964449
FR0000121972;13/02/15;69.01;69.94;68.75;69.46;1713448
FR0000121972;16/02/15;69.25;69.67;69.07;69.09;923490
FR0000121972;17/02/15;68.79;69.61;67.84;69.15;1278166
FR0000121972;18/02/15;69.67;70.19;69.10;70.01;1307175
FR0000121972;19/02/15;69.84;71.96;68.98;71.42;2307659
FR0000121972;20/02/15;71.35;71.69;69.95;71.38;2718441
FR0000121972;23/02/15;72.09;72.20;70.87;71.33;1212125
FR0000121972;24/02/15;71.15;71.38;70.44;70.94;1608263
FR0000121972;25/02/15;70.76;71.35;70.62;71.26;1349473
FR0000121972;26/02/15;71.39;71.65;71.02;71.61;1138659
FR0000121972;27/02/15;71.39;71.98;71.11;71.98;1436760
FR0000124141;02/02/15;16.275;16.44;15.89;16.085;3569344
FR0000124141;03/02/15;16.15;16.64;16.11;16.425;3784522
FR0000124141;04/02/15;16.445;16.49;16.305;16.48;2159952
FR0000124141;05/02/15;16.375;16.685;16.335;16.485;2581543
FR0000124141;06/02/15;16.475;16.475;16.20;16.28;2070457
FR0000124141;09/02/15;16.17;16.18;15.90;16.04;2435142
FR0000124141;10/02/15;16.09;16.285;16.03;16.25;2512540
FR0000124141;11/02/15;16.25;16.415;16.15;16.295;1530775
FR0000124141;12/02/15;16.275;16.44;16.045;16.275;2604805
FR0000124141;13/02/15;16.335;16.485;16.255;16.43;3198865
FR0000124141;16/02/15;16.425;16.455;16.30;16.36;1316340
FR0000124141;17/02/15;16.31;16.35;16.125;16.33;1320664
FR0000124141;18/02/15;16.35;16.485;16.315;16.39;1834295
FR0000124141;19/02/15;16.335;16.525;16.26;16.52;1986327
FR0000124141;20/02/15;16.49;16.655;16.46;16.59;2089635
FR0000124141;23/02/15;16.66;16.695;16.535;16.645;1859488
FR0000124141;24/02/15;16.69;17.15;16.635;17.07;3531001
FR0000124141;25/02/15;17.135;17.175;16.615;16.84;4316529
FR0000124141;26/02/15;17.20;17.21;16.40;16.98;4946378
FR0000124141;27/02/15;17.00;17.40;16.98;17.40;3248014
FR0000124711;02/02/15;251.85;255.40;250.55;255.40;465973
FR0000124711;03/02/15;256.30;260.05;255.00;259.10;551644
FR0000124711;04/02/15;260.00;260.15;254.25;257.35;504847
FR0000124711;05/02/15;254.95;258.85;254.45;258.60;348711
FR0000124711;06/02/15;258.00;259.45;255.90;256.45;305590
FR0000124711;09/02/15;254.50;254.55;248.55;250.50;432516
FR0000124711;10/02/15;251.40;256.35;248.20;254.10;351383
FR0000124711;11/02/15;253.80;254.25;250.00;252.80;193646
FR0000124711;12/02/15;253.50;258.20;252.35;255.15;268493
FR0000124711;13/02/15;257.65;258.05;255.10;256.30;264867
FR0000124711;16/02/15;256.55;257.25;255.10;255.90;153890
FR0000124711;17/02/15;254.60;256.20;251.15;256.20;245294
FR0000124711;18/02/15;256.20;257.50;252.75;253.75;378771
FR0000124711;19/02/15;253.35;258.85;252.70;258.85;275167
FR0000124711;20/02/15;258.50;258.50;252.15;255.85;490178
FR0000124711;23/02/15;259.60;260.00;256.00;259.00;274859
FR0000124711;24/02/15;258.40;261.95;257.70;260.25;290585
FR0000124711;25/02/15;260.95;261.90;256.50;258.05;311386
FR0000124711;26/02/15;258.80;260.70;256.70;260.45;239258
FR0000124711;27/02/15;260.75;260.75;256.35;257.60;364471
FR0000125007;02/02/15;37.965;38.135;37.035;37.64;3223607
FR0000125007;03/02/15;37.955;38.875;37.90;38.785;2590022
FR0000125007;04/02/15;38.61;38.755;38.35;38.755;1834621
FR0000125007;05/02/15;38.225;39.05;38.015;38.985;1495733
FR0000125007;06/02/15;39.095;39.095;38.22;38.55;1620476
FR0000125007;09/02/15;38.15;38.37;37.765;38.25;1659766
FR0000125007;10/02/15;38.46;39.095;38.335;38.815;1566158
FR0000125007;11/02/15;38.73;38.81;38.19;38.34;1346863
FR0000125007;12/02/15;38.20;39.47;38.155;39.18;2273385
FR0000125007;13/02/15;39.50;39.98;39.175;39.79;2615414
FR0000125007;16/02/15;39.74;40.37;39.59;40.27;2012240
FR0000125007;17/02/15;40.10;40.54;39.55;40.265;1637437
FR0000125007;18/02/15;40.52;40.88;40.23;40.81;1444411
FR0000125007;19/02/15;40.665;41.65;40.40;41.26;2456181
FR0000125007;20/02/15;41.09;41.525;40.795;41.505;2486071
FR0000125007;23/02/15;41.89;41.95;41.33;41.64;1461632
FR0000125007;24/02/15;41.635;41.90;41.085;41.615;1963139
FR0000125007;25/02/15;41.615;41.695;40.69;41.145;2085600
FR0000125007;26/02/15;40.22;40.755;39.73;40.30;2979410
FR0000125007;27/02/15;40.175;40.46;39.74;40.235;3668563
FR0000125338;02/02/15;64.66;64.96;63.40;64.19;586085
FR0000125338;03/02/15;64.28;65.18;64.04;64.27;674882
FR0000125338;04/02/15;64.27;65.22;63.78;65.22;522145
FR0000125338;05/02/15;64.95;65.90;64.70;65.45;351610
FR0000125338;06/02/15;65.30;65.60;64.60;65.38;580597
FR0000125338;09/02/15;64.80;65.30;64.16;64.96;417794
FR0000125338;10/02/15;65.33;66.06;64.78;65.90;571409
FR0000125338;11/02/15;65.78;65.88;64.73;64.98;471470
FR0000125338;12/02/15;65.05;66.10;64.94;65.69;649563
FR0000125338;13/02/15;65.88;66.33;65.44;65.65;451462
FR0000125338;16/02/15;65.55;66.53;65.45;66.14;412397
FR0000125338;17/02/15;65.97;65.97;64.62;64.63;651112
FR0000125338;18/02/15;64.76;65.41;64.58;64.84;598037
FR0000125338;19/02/15;67.00;69.94;66.83;67.99;1848072
FR0000125338;20/02/15;67.99;69.02;67.15;68.04;1138232
FR0000125338;23/02/15;68.41;70.04;68.41;69.23;1081807
FR0000125338;24/02/15;69.56;70.94;69.40;70.49;1066829
FR0000125338;25/02/15;70.43;70.59;69.75;70.15;724695
FR0000125338;26/02/15;70.13;71.75;70.04;71.70;821634
FR0000125338;27/02/15;71.55;72.40;71.20;72.27;867906
FR0000125486;02/02/15;46.92;47.44;46.545;47.305;1609152
FR0000125486;03/02/15;47.745;48.48;47.55;48.20;2257352
FR0000125486;04/02/15;48.14;48.395;47.745;48.325;1582767
FR0000125486;05/02/15;47.70;49.90;47.51;49.62;3878810
FR0000125486;06/02/15;49.57;49.625;49.10;49.405;2148076
FR0000125486;09/02/15;49.10;50.77;49.05;50.48;3993896
FR0000125486;10/02/15;50.84;51.97;50.65;51.34;2960358
FR0000125486;11/02/15;51.09;51.40;50.43;51.15;1745167
FR0000125486;12/02/15;50.80;51.95;50.68;51.41;2503401
FR0000125486;13/02/15;51.89;52.26;51.45;51.71;2577171
FR0000125486;16/02/15;51.56;53.01;51.50;52.74;2753536
FR0000125486;17/02/15;52.24;52.88;51.52;52.49;1868834
FR0000125486;18/02/15;52.79;52.80;52.12;52.48;1430768
FR0000125486;19/02/15;52.32;52.98;51.89;52.68;1270807
FR0000125486;20/02/15;52.60;53.00;52.07;52.72;2025969
FR0000125486;23/02/15;53.00;53.19;52.74;52.82;1367898
FR0000125486;24/02/15;52.92;53.32;52.37;53.16;1400585
FR0000125486;25/02/15;53.03;53.34;52.43;52.89;1336171
FR0000125486;26/02/15;52.66;53.59;52.33;53.47;1643514
FR0000125486;27/02/15;53.28;53.32;52.37;53.02;2893378
FR0000127771;02/02/15;20.96;21.10;20.71;21.01;4613790
FR0000127771;03/02/15;21.105;21.25;21.03;21.13;3727913
FR0000127771;04/02/15;21.095;21.155;20.895;21.00;3768999
FR0000127771;05/02/15;20.87;20.985;20.785;20.865;3822805
FR0000127771;06/02/15;20.855;20.885;20.68;20.815;4833406
FR0000127771;09/02/15;20.59;20.65;20.36;20.495;4152398
FR0000127771;10/02/15;20.51;20.695;20.335;20.645;5707277
FR0000127771;11/02/15;20.665;20.78;20.575;20.74;3427794
FR0000127771;12/02/15;20.755;20.94;20.705;20.805;3856748
FR0000127771;13/02/15;20.85;20.895;20.66;20.715;3611971
FR0000127771;16/02/15;20.745;20.81;20.63;20.68;1884296
FR0000127771;17/02/15;20.55;20.83;20.45;20.815;3527981
FR0000127771;18/02/15;21.00;21.175;20.855;20.945;4769856
FR0000127771;19/02/15;20.82;21.345;20.82;21.315;4717347
FR0000127771;20/02/15;21.25;21.30;20.98;21.15;6685443
FR0000127771;23/02/15;21.28;21.42;21.175;21.39;4896464
FR0000127771;24/02/15;21.43;21.585;21.41;21.56;5211432
FR0000127771;25/02/15;21.495;21.59;21.445;21.56;4421719
FR0000127771;26/02/15;21.56;21.775;21.515;21.775;4530168
FR0000127771;27/02/15;21.74;21.865;21.61;21.815;4964017
FR0000130577;02/02/15;66.53;67.10;65.77;66.37;833766
FR0000130577;03/02/15;66.33;67.31;65.94;67.07;772564
FR0000130577;04/02/15;66.99;68.08;66.86;68.08;746176
FR0000130577;05/02/15;67.62;68.20;67.43;67.94;581990
FR0000130577;06/02/15;68.00;68.00;67.30;67.59;470608
FR0000130577;09/02/15;67.14;67.17;66.40;66.79;570603
FR0000130577;10/02/15;66.95;67.73;66.68;67.25;516739
FR0000130577;11/02/15;67.35;67.57;66.75;67.05;624260
FR0000130577;12/02/15;68.70;70.85;68.51;69.56;1389288
FR0000130577;13/02/15;69.56;70.04;69.51;69.94;870259
FR0000130577;16/02/15;70.00;70.71;69.75;70.60;570682
FR0000130577;17/02/15;70.35;70.42;69.39;69.62;542174
FR0000130577;18/02/15;69.94;71.47;69.81;71.08;605929
FR0000130577;19/02/15;71.00;71.73;70.59;71.65;515356
FR0000130577;20/02/15;71.47;71.68;70.87;71.28;767431
FR0000130577;23/02/15;71.50;72.08;71.27;72.03;594315
FR0000130577;24/02/15;72.10;72.68;71.77;72.29;528883
FR0000130577;25/02/15;72.23;72.45;71.43;71.85;540565
FR0000130577;26/02/15;71.64;72.76;71.43;72.76;461890
FR0000130577;27/02/15;72.62;73.23;72.23;72.87;624909
FR0000130809;02/02/15;35.73;36.00;35.165;36.00;6048950
FR0000130809;03/02/15;36.39;37.675;36.125;37.655;7231749
FR0000130809;04/02/15;37.665;37.80;36.815;37.16;6664737
FR0000130809;05/02/15;36.57;36.935;36.08;36.82;4774317
FR0000130809;06/02/15;36.895;37.61;36.70;37.22;4920080
FR0000130809;09/02/15;36.69;36.845;35.985;36.435;4704106
FR0000130809;10/02/15;36.42;37.16;36.045;36.55;4389061
FR0000130809;11/02/15;36.64;36.84;36.14;36.31;3332216
FR0000130809;12/02/15;35.80;37.28;35.275;36.905;6651963
FR0000130809;13/02/15;37.29;38.76;37.185;38.40;8405241
FR0000130809;16/02/15;38.36;38.985;38.28;38.62;4062507
FR0000130809;17/02/15;38.05;38.875;37.605;38.50;4686307
FR0000130809;18/02/15;38.85;40.19;38.75;40.045;7636226
FR0000130809;19/02/15;39.945;40.395;39.31;40.18;4888724
FR0000130809;20/02/15;39.93;40.905;39.82;40.455;6076608
FR0000130809;23/02/15;41.00;41.47;40.085;40.45;4423689
FR0000130809;24/02/15;40.58;41.12;40.15;40.81;4582201
FR0000130809;25/02/15;40.515;40.58;39.985;40.195;4468629
FR0000130809;26/02/15;40.15;41.205;40.03;40.97;4623644
FR0000130809;27/02/15;40.92;41.315;40.70;41.315;3793835
FR0000131104;02/02/15;46.63;47.25;45.73;47.195;6402576
FR0000131104;03/02/15;47.745;48.65;47.52;48.405;6328227
FR0000131104;04/02/15;48.615;49.42;48.02;48.805;5921448
FR0000131104;05/02/15;47.60;47.64;46.39;47.005;9147428
FR0000131104;06/02/15;47.28;47.28;46.31;47.17;5440087
FR0000131104;09/02/15;46.23;46.42;45.305;45.70;8127673
FR0000131104;10/02/15;45.85;46.855;45.54;46.17;5922738
FR0000131104;11/02/15;46.455;46.665;45.805;46.065;3897880
FR0000131104;12/02/15;45.91;47.475;45.75;47.25;6469513
FR0000131104;13/02/15;47.68;48.865;47.575;48.41;7051445
FR0000131104;16/02/15;48.30;49.44;48.28;49.175;5088183
FR0000131104;17/02/15;48.625;49.78;48.21;49.52;5416986
FR0000131104;18/02/15;49.90;51.19;49.805;50.91;5921278
FR0000131104;19/02/15;50.78;51.57;49.925;51.43;4667665
FR0000131104;20/02/15;51.24;51.52;50.27;51.29;6490489
FR0000131104;23/02/15;51.91;52.26;51.33;51.76;4432630
FR0000131104;24/02/15;51.92;52.23;51.29;51.98;4003076
FR0000131104;25/02/15;51.73;51.80;50.79;51.00;4392809
FR0000131104;26/02/15;50.95;51.92;50.95;51.61;3619083
FR0000131104;27/02/15;51.61;52.12;51.45;52.09;3952869
FR0000131906;02/02/15;68.37;69.25;67.92;68.50;876479
FR0000131906;03/02/15;69.20;70.89;69.06;70.16;1455735
FR0000131906;04/02/15;70.32;70.69;69.24;70.34;1016239
FR0000131906;05/02/15;69.67;71.41;69.42;71.12;924589
FR0000131906;06/02/15;71.11;71.64;70.55;71.15;618196
FR0000131906;09/02/15;70.40;70.50;67.97;68.23;1685185
FR0000131906;10/02/15;68.40;69.90;68.11;69.03;1326877
FR0000131906;11/02/15;68.51;69.59;68.11;69.21;790649
FR0000131906;12/02/15;73.00;77.73;73.00;77.20;3612005
FR0000131906;13/02/15;77.23;79.80;76.76;79.35;2461864
FR0000131906;16/02/15;79.43;81.24;79.35;80.00;1994684
FR0000131906;17/02/15;79.70;81.78;79.32;81.02;1568071
FR0000131906;18/02/15;81.90;83.20;80.90;83.11;1504723
FR0000131906;19/02/15;82.75;84.68;82.14;84.36;1407532
FR0000131906;20/02/15;84.23;85.27;83.75;85.15;1620569
FR0000131906;23/02/15;85.77;86.30;84.14;85.03;1111215
FR0000131906;24/02/15;85.00;85.66;84.24;84.94;866263
FR0000131906;25/02/15;84.90;85.11;82.34;82.70;1445065
FR0000131906;26/02/15;82.37;84.29;82.33;84.29;958232
FR0000131906;27/02/15;84.20;85.93;84.13;85.85;1170508
FR0000133308;02/02/15;15.57;15.78;15.36;15.60;7836737
FR0000133308;03/02/15;15.71;15.985;15.67;15.965;10839888
FR0000133308;04/02/15;15.95;16.035;15.79;16.03;8842827
FR0000133308;05/02/15;15.81;15.99;15.76;15.85;7276243
FR0000133308;06/02/15;15.83;16.07;15.77;15.97;7154024
FR0000133308;09/02/15;15.91;15.945;15.485;15.60;9775170
FR0000133308;10/02/15;15.62;16.185;15.56;16.075;10071978
FR0000133308;11/02/15;16.00;16.215;15.945;15.97;7619797
FR0000133308;12/02/15;15.94;16.32;15.93;16.105;7783251
FR0000133308;13/02/15;16.23;16.255;16.055;16.195;7120780
FR0000133308;16/02/15;16.29;16.43;16.20;16.345;8136072
FR0000133308;17/02/15;16.345;16.37;15.755;16.07;11797502
FR0000133308;18/02/15;16.235;16.24;15.38;15.435;15373841
FR0000133308;19/02/15;15.40;15.87;15.38;15.86;11704361
FR0000133308;20/02/15;15.83;15.84;15.535;15.695;11379542
FR0000133308;23/02/15;15.86;15.94;15.74;15.90;7534778
FR0000133308;24/02/15;15.95;16.155;15.84;16.13;7612764
FR0000133308;25/02/15;16.05;16.265;16.05;16.18;6715845
FR0000133308;26/02/15;16.17;16.45;16.005;16.45;6486404
FR0000133308;27/02/15;16.33;16.395;16.035;16.30;8545806
FR0010208488;02/02/15;19.72;19.875;19.59;19.835;4641255
FR0010208488;03/02/15;19.895;20.05;19.55;19.70;9223570
FR0010208488;04/02/15;19.63;19.73;19.46;19.605;5672551
FR0010208488;05/02/15;19.335;19.40;19.105;19.145;8390975
FR0010208488;06/02/15;19.195;19.21;19.00;19.01;4588852
FR0010208488;09/02/15;18.90;18.945;18.535;18.685;6554965
FR0010208488;10/02/15;18.745;18.985;18.495;18.96;4967648
FR0010208488;11/02/15;18.99;18.995;18.675;18.775;5178257
FR0010208488;12/02/15;18.75;18.86;18.505;18.80;5891162
FR0010208488;13/02/15;18.885;18.92;18.715;18.72;6836616
FR0010208488;16/02/15;18.71;18.715;18.54;18.60;3649065
FR0010208488;17/02/15;18.51;18.76;18.275;18.74;4519681
FR0010208488;18/02/15;18.905;18.98;18.555;18.68;4263156
FR0010208488;19/02/15;18.535;18.695;18.43;18.68;5664094
FR0010208488;20/02/15;18.655;18.735;18.445;18.59;6623257
FR0010208488;23/02/15;18.795;18.845;18.59;18.805;5173789
FR0010208488;24/02/15;18.865;19.35;18.625;19.24;8116660
FR0010208488;25/02/15;19.255;19.455;19.175;19.29;5575542
FR0010208488;26/02/15;19.51;19.735;19.385;19.475;6426310
FR0010208488;27/02/15;19.46;19.875;19.35;19.875;8207068
FR0010307819;02/02/15;47.895;48.315;47.12;47.53;557295
FR0010307819;03/02/15;47.765;49.02;47.61;48.685;926408
FR0010307819;04/02/15;48.61;48.91;48.335;48.765;569645
FR0010307819;05/02/15;47.555;48.365;47.29;48.275;660839
FR0010307819;06/02/15;47.615;47.715;46.86;46.94;817994
FR0010307819;09/02/15;46.695;47.255;46.225;46.84;609748
FR0010307819;10/02/15;47.085;47.50;46.58;47.375;456815
FR0010307819;11/02/15;47.40;47.515;46.82;47.05;552235
FR0010307819;12/02/15;46.25;47.275;45.65;46.65;1263468
FR0010307819;13/02/15;46.25;47.065;45.86;47.01;1114784
FR0010307819;16/02/15;46.605;46.88;46.18;46.34;641841
FR0010307819;17/02/15;46.10;47.32;46.035;46.95;713294
FR0010307819;18/02/15;47.06;47.885;46.51;47.885;901740
FR0010307819;19/02/15;47.735;48.42;47.61;48.155;820597
FR0010307819;20/02/15;48.00;48.40;47.48;48.40;732047
FR0010307819;23/02/15;48.615;49.185;48.405;49.07;719570
FR0010307819;24/02/15;49.035;49.15;48.35;48.91;549560
FR0010307819;25/02/15;48.935;49.03;48.585;48.895;601277
FR0010307819;26/02/15;48.875;49.34;48.61;49.265;374160
FR0010307819;27/02/15;49.03;49.44;48.91;49.40;607739
FR0013176526;02/02/15;42.00;42.45;40.9833;41.6167;884403
FR0013176526;03/02/15;41.6167;42.35;41.0833;41.9167;973569
FR0013176526;04/02/15;41.9167;42.6833;41.2333;42.6833;975369
FR0013176526;05/02/15;42.2667;43.20;42.2333;42.60;844536
FR0013176526;06/02/15;42.4667;42.60;42.2167;42.4333;665178
FR0013176526;09/02/15;41.9167;41.9833;41.1167;41.4167;782493
FR0013176526;10/02/15;41.50;42.8333;41.3333;42.80;1082502
FR0013176526;11/02/15;42.6667;43.10;42.2333;42.4833;859803
FR0013176526;12/02/15;42.8667;44.05;42.70;43.8667;932484
FR0013176526;13/02/15;44.1667;44.2333;43.4333;43.5667;775884
FR0013176526;16/02/15;43.5833;43.95;42.90;43.8333;630246
FR0013176526;17/02/15;43.3667;44.2333;43.3667;43.8333;869475
FR0013176526;18/02/15;44.00;44.55;43.8333;44.3833;580650
FR0013176526;19/02/15;44.2167;45.0667;44.0667;44.6667;592536
FR0013176526;20/02/15;44.5667;44.7167;43.6667;44.70;840792
FR0013176526;23/02/15;45.15;45.3167;44.6833;45.0833;924540
FR0013176526;24/02/15;45.3333;45.3333;43.95;44.55;1010583
FR0013176526;25/02/15;45.0667;45.1667;42.6667;43.5333;1568064
FR0013176526;26/02/15;43.4833;44.6333;43.4833;44.5333;1017426
FR0013176526;27/02/15;44.35;44.85;44.1833;44.8333;878592
GB00BDSFG982;02/02/15;26.255;27.105;25.95;26.805;2596610
GB00BDSFG982;03/02/15;27.175;28.32;27.08;27.705;2548696
GB00BDSFG982;04/02/15;27.925;28.155;26.545;26.91;1979532
GB00BDSFG982;05/02/15;26.635;28.00;26.12;27.90;1888136
GB00BDSFG982;06/02/15;27.95;28.025;27.475;27.525;1460898
GB00BDSFG982;09/02/15;27.23;28.35;27.09;28.255;1822958
GB00BDSFG982;10/02/15;28.35;28.43;27.69;27.95;2207736
GB00BDSFG982;11/02/15;27.88;27.93;27.14;27.43;1460228
GB00BDSFG982;12/02/15;27.415;28.26;27.315;27.945;1850648
GB00BDSFG982;13/02/15;28.10;28.175;27.69;27.895;1884412
GB00BDSFG982;16/02/15;28.40;28.935;28.29;28.635;2292316
GB00BDSFG982;17/02/15;28.255;29.34;28.025;28.885;2357076
GB00BDSFG982;18/02/15;30.075;30.775;29.20;29.795;3701474
GB00BDSFG982;19/02/15;29.875;29.875;29.13;29.45;2115972
GB00BDSFG982;20/02/15;29.65;29.96;29.095;29.38;1815956
GB00BDSFG982;23/02/15;29.615;29.625;28.565;28.95;1901464
GB00BDSFG982;24/02/15;28.95;29.64;28.73;29.58;1692206
GB00BDSFG982;25/02/15;29.50;29.58;29.165;29.45;1547330
GB00BDSFG982;26/02/15;29.50;30.11;29.075;29.155;1690514
GB00BDSFG982;27/02/15;29.185;29.295;28.81;29.11;1431314
LU1598757687;02/02/15;25.479;25.785;25.176;25.62;3411658
LU1598757687;03/02/15;25.653;26.751;25.653;26.70;4908759
LU1598757687;04/02/15;26.826;27.00;25.788;26.115;4404206
LU1598757687;05/02/15;25.887;26.562;25.578;26.562;3044717
LU1598757687;06/02/15;26.517;26.838;26.211;26.22;3079452
LU1598757687;09/02/15;26.124;27.162;26.028;27.069;4128600
LU1598757687;10/02/15;27.06;27.207;26.442;26.655;3717357
LU1598757687;11/02/15;26.64;26.85;26.091;26.208;4244785
LU1598757687;12/02/15;26.31;27.60;26.205;27.348;5624946
LU1598757687;13/02/15;26.205;28.80;26.028;28.719;8570228
LU1598757687;16/02/15;29.355;29.604;28.845;29.529;5621516
LU1598757687;17/02/15;29.22;29.721;28.62;29.073;4578878
LU1598757687;18/02/15;29.118;29.85;29.10;29.628;3749430
LU1598757687;19/02/15;29.544;29.589;28.443;29.031;4442282
LU1598757687;20/02/15;29.10;29.349;28.863;28.908;4036825
LU1598757687;23/02/15;29.25;29.337;28.503;28.677;3333889
LU1598757687;24/02/15;28.779;29.175;28.53;29.076;3470280
LU1598757687;25/02/15;29.163;29.28;28.701;28.854;2748559
LU1598757687;26/02/15;28.902;29.541;28.902;29.319;2731719
LU1598757687;27/02/15;29.211;29.484;29.064;29.31;2515042
NL0000226223;02/02/15;7.38;7.433;7.289;7.392;2545057
NL0000226223;03/02/15;7.42;7.466;7.389;7.426;2475287
NL0000226223;04/02/15;7.466;7.679;7.373;7.66;2730095
NL0000226223;05/02/15;7.629;7.694;7.526;7.609;1714342
NL0000226223;06/02/15;7.584;7.69;7.567;7.677;1161745
NL0000226223;09/02/15;7.64;7.64;7.437;7.525;1814004
NL0000226223;10/02/15;7.55;7.757;7.485;7.75;2516868
NL0000226223;11/02/15;7.716;7.844;7.707;7.81;1725123
NL0000226223;12/02/15;7.774;7.961;7.745;7.959;3151091
NL0000226223;13/02/15;8.00;8.00;7.79;7.79;2598508
NL0000226223;16/02/15;7.802;7.866;7.775;7.781;1273432
NL0000226223;17/02/15;7.755;7.755;7.654;7.732;1569753
NL0000226223;18/02/15;7.763;7.845;7.763;7.804;1555988
NL0000226223;19/02/15;7.80;7.819;7.681;7.706;1656545
NL0000226223;20/02/15;7.695;7.82;7.653;7.82;1970398
NL0000226223;23/02/15;7.858;7.916;7.822;7.86;1452418
NL0000226223;24/02/15;7.866;7.912;7.821;7.91;1311275
NL0000226223;25/02/15;7.884;7.991;7.875;7.903;1324407
NL0000226223;26/02/15;7.939;7.999;7.895;7.998;1730365
NL0000226223;27/02/15;8.00;8.008;7.864;7.98;1974102
NL0000235190;02/02/15;47.03;47.595;46.555;46.87;2830148
NL0000235190;03/02/15;47.225;47.77;47.04;47.245;3064365
NL0000235190;04/02/15;47.015;47.645;46.59;47.635;2689667
NL0000235190;05/02/15;47.15;48.54;47.00;48.41;2708767
NL0000235190;06/02/15;48.175;48.46;48.05;48.345;2177587
NL0000235190;09/02/15;48.00;48.34;47.51;48.235;2569266
NL0000235190;10/02/15;48.48;50.02;48.48;49.735;3340873
NL0000235190;11/02/15;49.65;49.805;48.985;49.42;1823991
NL0000235190;12/02/15;49.245;49.935;49.125;49.775;1976894
NL0000235190;13/02/15;49.95;50.06;49.40;49.75;2540087
NL0000235190;16/02/15;50.25;50.72;50.25;50.45;1845654
NL0000235190;17/02/15;50.37;50.73;49.61;50.67;1861650
NL0000235190;18/02/15;50.93;51.44;50.41;51.39;1835841
NL0000235190;19/02/15;51.19;52.00;50.83;51.99;1817126
NL0000235190;20/02/15;51.77;52.47;51.76;52.46;2769517
NL0000235190;23/02/15;52.73;53.00;52.52;52.84;1880262
NL0000235190;24/02/15;52.63;52.88;51.52;51.85;2488759
NL0000235190;25/02/15;51.59;51.87;50.98;51.40;2069140
NL0000235190;26/02/15;51.47;51.82;51.09;51.63;2128171
NL0000235190;27/02/15;54.21;55.75;53.81;55.33;7139236
