BE0003470755;21/03/18;115.00;116.80;114.20;116.45;285305
BE0003470755;22/03/18;116.05;116.15;113.20;114.30;402598
BE0003470755;23/03/18;113.15;113.60;111.05;112.35;379247
BE0003470755;26/03/18;112.85;113.00;110.65;111.10;212362
BE0003470755;27/03/18;112.00;115.25;112.00;114.35;336454
BE0003470755;28/03/18;113.50;113.50;111.85;113.10;296342
BE0003470755;29/03/18;113.20;113.65;112.10;112.85;296102
CH0012214059;21/03/18;45.20;45.49;45.11;45.28;101806
CH0012214059;22/03/18;44.85;45.18;44.33;44.60;216754
CH0012214059;23/03/18;44.31;44.50;43.85;44.14;346173
CH0012214059;26/03/18;43.90;44.95;43.49;43.56;229356
CH0012214059;27/03/18;44.11;44.52;43.98;44.12;183755
CH0012214059;28/03/18;43.89;44.25;43.44;44.25;156705
CH0012214059;29/03/18;44.41;44.80;44.28;44.28;162977
FR0000045072;21/03/18;13.675;13.71;13.465;13.585;4926829
FR0000045072;22/03/18;13.50;13.62;13.19;13.38;9217233
FR0000045072;23/03/18;13.24;13.24;13.065;13.165;7007759
FR0000045072;26/03/18;13.19;13.245;13.05;13.14;5289476
FR0000045072;27/03/18;13.345;13.39;13.195;13.23;4517519
FR0000045072;28/03/18;13.075;13.255;12.945;13.255;5754470
FR0000045072;29/03/18;13.32;13.40;13.205;13.205;5179244
FR0000051732;21/03/18;111.85;112.20;110.75;110.85;268901
FR0000051732;22/03/18;110.10;110.80;108.55;110.20;392418
FR0000051732;23/03/18;108.55;111.80;108.50;110.75;448876
FR0000051732;26/03/18;110.80;111.15;107.95;108.35;332653
FR0000051732;27/03/18;110.10;110.60;108.90;109.25;322590
FR0000051732;28/03/18;107.60;109.35;106.55;109.35;430963
FR0000051732;29/03/18;109.90;111.60;108.90;111.10;403149
FR0000073272;21/03/18;87.74;87.78;86.24;86.38;620810
FR0000073272;22/03/18;85.96;86.46;84.06;84.96;1233604
FR0000073272;23/03/18;84.20;84.30;82.70;82.96;1592253
FR0000073272;26/03/18;83.16;83.36;81.56;82.00;859192
FR0000073272;27/03/18;83.42;84.74;83.32;84.14;1159098
FR0000073272;28/03/18;83.26;84.70;82.76;84.54;1103589
FR0000073272;29/03/18;84.98;86.34;84.84;85.98;1388244
FR0000120073;21/03/18;100.85;101.15;100.15;100.50;694279
FR0000120073;22/03/18;100.15;100.55;98.54;99.62;1286417
FR0000120073;23/03/18;98.74;99.68;97.32;99.24;1537382
FR0000120073;26/03/18;99.54;100.00;97.80;98.30;1222146
FR0000120073;27/03/18;100.05;100.25;98.94;99.50;1023618
FR0000120073;28/03/18;98.50;100.00;97.94;99.86;1336591
FR0000120073;29/03/18;100.20;100.40;99.32;99.48;1071483
FR0000120172;21/03/18;17.005;17.035;16.735;16.85;2456388
FR0000120172;22/03/18;16.75;16.965;16.615;16.94;3610525
FR0000120172;23/03/18;16.80;16.855;16.63;16.755;3560278
FR0000120172;26/03/18;16.755;16.795;16.515;16.54;3269200
FR0000120172;27/03/18;16.65;16.86;16.59;16.665;2979787
FR0000120172;28/03/18;16.625;16.795;16.46;16.795;4141317
FR0000120172;29/03/18;16.865;17.03;16.775;16.85;3852283
FR0000120271;21/03/18;46.30;46.625;46.035;46.555;5923941
FR0000120271;22/03/18;46.315;46.635;45.805;46.255;7645861
FR0000120271;23/03/18;45.815;46.195;45.58;45.805;7249624
FR0000120271;26/03/18;45.945;46.195;45.625;45.90;6191513
FR0000120271;27/03/18;46.40;46.50;45.83;46.09;7206582
FR0000120271;28/03/18;45.83;45.96;45.595;45.835;8654871
FR0000120271;29/03/18;45.82;46.45;45.685;46.13;5098808
FR0000120321;21/03/18;181.80;182.20;179.30;180.35;391588
FR0000120321;22/03/18;179.20;181.35;177.70;179.55;653810
FR0000120321;23/03/18;177.75;178.30;175.40;175.95;679806
FR0000120321;26/03/18;176.45;177.10;173.50;174.70;582439
FR0000120321;27/03/18;177.00;177.00;174.85;175.45;567815
FR0000120321;28/03/18;174.65;182.05;174.40;182.05;846910
FR0000120321;29/03/18;182.70;184.50;180.70;183.35;651512
FR0000120404;21/03/18;46.57;46.57;45.67;45.79;585961
FR0000120404;22/03/18;45.47;45.77;44.62;45.08;772295
FR0000120404;23/03/18;44.62;44.78;44.18;44.50;944849
FR0000120404;26/03/18;44.64;44.88;43.82;44.09;752212
FR0000120404;27/03/18;44.47;44.75;43.84;43.99;778166
FR0000120404;28/03/18;43.70;44.25;43.14;44.02;735460
FR0000120404;29/03/18;44.13;44.27;43.68;43.85;836245
FR0000120503;21/03/18;41.40;41.40;40.79;40.95;539641
FR0000120503;22/03/18;40.74;40.97;39.75;39.99;950475
FR0000120503;23/03/18;39.70;39.88;39.18;39.76;954036
FR0000120503;26/03/18;39.85;40.09;39.26;39.35;665081
FR0000120503;27/03/18;40.00;40.57;39.69;40.25;1075670
FR0000120503;28/03/18;40.00;40.44;39.76;40.34;875327
FR0000120503;29/03/18;40.58;41.04;40.51;40.71;757945
FR0000120578;21/03/18;65.75;65.76;64.70;65.03;2333485
FR0000120578;22/03/18;64.50;64.74;63.84;64.63;3094207
FR0000120578;23/03/18;64.31;64.68;63.31;63.71;3518241
FR0000120578;26/03/18;64.08;64.68;62.88;63.21;2496743
FR0000120578;27/03/18;64.70;64.72;63.69;63.92;2526225
FR0000120578;28/03/18;63.60;65.05;63.02;64.75;3274390
FR0000120578;29/03/18;64.99;65.44;64.57;65.33;2645180
FR0000120628;21/03/18;22.445;22.465;22.195;22.32;6323312
FR0000120628;22/03/18;22.28;22.315;21.465;21.795;14012928
FR0000120628;23/03/18;21.56;21.63;21.18;21.31;12970822
FR0000120628;26/03/18;21.375;21.50;21.05;21.14;12261010
FR0000120628;27/03/18;21.605;21.675;21.27;21.34;9553127
FR0000120628;28/03/18;21.15;21.43;20.935;21.43;9636399
FR0000120628;29/03/18;21.38;21.835;21.345;21.60;9516119
FR0000120644;21/03/18;66.80;66.94;65.29;65.74;1338675
FR0000120644;22/03/18;65.25;65.57;64.36;65.05;1792647
FR0000120644;23/03/18;64.14;64.98;63.65;64.16;2174609
FR0000120644;26/03/18;64.31;64.55;63.60;63.96;1575804
FR0000120644;27/03/18;64.94;64.95;63.66;64.05;1484740
FR0000120644;28/03/18;63.51;65.36;63.44;65.36;2051386
FR0000120644;29/03/18;65.46;66.32;65.19;65.73;2114781
FR0000120693;21/03/18;133.60;134.05;132.75;133.25;243908
FR0000120693;22/03/18;132.70;133.80;132.30;133.60;458877
FR0000120693;23/03/18;132.50;133.75;131.65;133.35;516843
FR0000120693;26/03/18;133.75;133.85;131.45;132.00;576950
FR0000120693;27/03/18;133.15;133.50;131.50;132.40;540736
FR0000120693;28/03/18;132.00;134.00;131.60;134.00;480277
FR0000120693;29/03/18;134.50;135.90;133.75;135.25;533478
FR0000121014;21/03/18;251.95;253.65;251.40;252.65;538101
FR0000121014;22/03/18;250.40;252.50;246.50;249.30;721130
FR0000121014;23/03/18;247.20;247.20;242.60;242.90;773835
FR0000121014;26/03/18;244.35;246.40;242.25;243.80;678816
FR0000121014;27/03/18;248.70;249.05;244.45;245.20;547051
FR0000121014;28/03/18;243.05;244.05;239.95;243.90;606379
FR0000121014;29/03/18;246.15;252.35;245.20;250.20;707714
FR0000121220;21/03/18;99.02;100.45;98.74;100.00;409399
FR0000121220;22/03/18;99.38;100.10;98.44;99.00;391525
FR0000121220;23/03/18;98.56;99.14;97.20;98.04;357897
FR0000121220;26/03/18;98.38;98.56;96.90;97.08;266411
FR0000121220;27/03/18;98.06;98.20;97.62;97.96;196854
FR0000121220;28/03/18;97.58;97.82;96.52;97.14;289680
FR0000121220;29/03/18;82.80;85.36;80.20;81.90;2236637
FR0000121261;21/03/18;126.45;126.95;125.85;126.35;338341
FR0000121261;22/03/18;125.20;125.85;122.35;123.05;664200
FR0000121261;23/03/18;120.00;120.80;118.35;119.10;845397
FR0000121261;26/03/18;119.60;120.10;117.85;118.10;474230
FR0000121261;27/03/18;119.80;120.00;117.65;118.30;561535
FR0000121261;28/03/18;117.50;118.35;115.75;117.35;630612
FR0000121261;29/03/18;118.00;120.10;118.00;119.90;722658
FR0000121485;21/03/18;389.20;397.00;388.30;394.80;281455
FR0000121485;22/03/18;392.80;397.10;381.20;385.50;218196
FR0000121485;23/03/18;381.70;386.90;376.70;384.90;234162
FR0000121485;26/03/18;385.90;388.00;380.50;382.20;161510
FR0000121485;27/03/18;389.10;390.80;380.80;382.90;163923
FR0000121485;28/03/18;381.90;385.60;377.10;384.30;168679
FR0000121485;29/03/18;387.60;391.80;384.00;388.80;193545
FR0000121501;21/03/18;18.785;18.94;18.75;18.77;2264858
FR0000121501;22/03/18;18.63;18.95;18.34;18.615;2773642
FR0000121501;23/03/18;18.385;18.64;18.115;18.61;2791062
FR0000121501;26/03/18;18.655;18.99;18.585;18.83;2512340
FR0000121501;27/03/18;19.145;19.20;18.815;18.955;2505163
FR0000121501;28/03/18;18.825;18.93;18.595;18.91;2517822
FR0000121501;29/03/18;18.99;19.645;18.975;19.55;5189469
FR0000121667;21/03/18;110.60;111.05;109.95;110.10;422713
FR0000121667;22/03/18;109.45;110.15;107.65;108.55;680471
FR0000121667;23/03/18;107.30;107.95;106.45;107.70;771533
FR0000121667;26/03/18;107.90;108.05;105.50;105.90;663101
FR0000121667;27/03/18;107.00;107.20;105.60;107.20;704831
FR0000121667;28/03/18;106.70;107.80;105.50;107.80;688945
FR0000121667;29/03/18;107.90;109.75;107.15;109.60;622172
FR0000121972;21/03/18;72.72;72.72;71.94;72.30;1194180
FR0000121972;22/03/18;71.76;71.86;69.58;70.20;1699668
FR0000121972;23/03/18;69.52;69.62;68.46;68.96;2002199
FR0000121972;26/03/18;69.14;69.96;68.34;68.84;1494573
FR0000121972;27/03/18;70.22;71.00;69.90;70.28;1626265
FR0000121972;28/03/18;69.54;70.34;68.86;70.34;1897992
FR0000121972;29/03/18;70.48;71.78;70.24;71.34;2090586
FR0000124141;21/03/18;18.94;19.235;18.93;19.055;1647190
FR0000124141;22/03/18;19.04;19.13;18.69;18.825;1617922
FR0000124141;23/03/18;18.67;18.84;18.605;18.805;2410514
FR0000124141;26/03/18;18.85;18.925;18.57;18.66;1419465
FR0000124141;27/03/18;18.85;18.965;18.78;18.89;1474369
FR0000124141;28/03/18;18.89;19.25;18.77;19.25;1941610
FR0000124141;29/03/18;19.26;19.355;19.11;19.245;1762470
FR0000124711;21/03/18;192.10;192.25;190.00;190.00;375467
FR0000124711;22/03/18;189.05;190.40;187.75;189.70;487500
FR0000124711;23/03/18;188.10;189.95;185.25;185.75;505675
FR0000124711;26/03/18;186.60;187.15;182.55;183.55;473616
FR0000124711;27/03/18;180.05;181.80;178.45;180.15;387910
FR0000124711;28/03/18;179.05;183.55;177.35;183.55;552648
FR0000124711;29/03/18;182.50;186.50;182.50;185.65;545132
FR0000125007;21/03/18;45.705;45.705;44.35;45.00;2275926
FR0000125007;22/03/18;44.70;44.86;43.38;43.89;2630647
FR0000125007;23/03/18;43.475;43.475;42.38;42.72;2570619
FR0000125007;26/03/18;42.84;43.03;42.14;42.35;1784592
FR0000125007;27/03/18;43.03;43.07;42.54;42.685;2056193
FR0000125007;28/03/18;42.25;42.725;41.795;42.725;2179417
FR0000125007;29/03/18;42.90;42.97;42.685;42.86;1771440
FR0000125338;21/03/18;104.35;105.15;103.65;103.80;389855
FR0000125338;22/03/18;103.30;104.00;102.25;102.95;759242
FR0000125338;23/03/18;102.00;103.80;101.20;103.15;621262
FR0000125338;26/03/18;103.10;103.65;101.45;101.85;578840
FR0000125338;27/03/18;103.80;104.25;103.00;103.25;426729
FR0000125338;28/03/18;101.95;101.95;99.96;100.70;888552
FR0000125338;29/03/18;101.20;101.70;100.70;101.20;577320
FR0000125486;21/03/18;80.82;80.98;80.08;80.36;874264
FR0000125486;22/03/18;80.00;80.40;78.74;79.26;1412669
FR0000125486;23/03/18;78.52;79.30;77.94;78.48;2066636
FR0000125486;26/03/18;78.82;79.50;77.86;78.14;1680563
FR0000125486;27/03/18;79.52;80.06;79.26;79.98;1485647
FR0000125486;28/03/18;79.30;80.32;78.64;79.96;1359885
FR0000125486;29/03/18;80.14;80.22;79.52;79.90;1249232
FR0000127771;21/03/18;21.80;22.07;21.34;21.55;3660027
FR0000127771;22/03/18;21.41;21.47;20.83;21.14;4948754
FR0000127771;23/03/18;20.88;21.27;20.82;21.05;4354875
FR0000127771;26/03/18;21.10;21.18;20.83;21.00;5259871
FR0000127771;27/03/18;21.20;21.27;20.85;21.00;7414949
FR0000127771;28/03/18;21.00;21.08;20.80;20.92;10377906
FR0000127771;29/03/18;21.00;21.08;20.90;21.00;3984205
FR0000130577;21/03/18;57.00;57.48;56.28;56.48;913367
FR0000130577;22/03/18;56.12;56.34;55.02;55.38;909322
FR0000130577;23/03/18;55.00;55.76;54.52;55.68;982666
FR0000130577;26/03/18;55.70;55.82;54.92;55.14;588805
FR0000130577;27/03/18;55.84;56.20;55.22;55.70;438931
FR0000130577;28/03/18;55.42;56.38;54.90;56.38;527270
FR0000130577;29/03/18;56.50;56.84;56.10;56.58;590556
FR0000130809;21/03/18;45.375;45.565;44.675;45.095;2564538
FR0000130809;22/03/18;44.68;44.845;43.365;44.105;5295718
FR0000130809;23/03/18;43.66;43.73;43.19;43.55;4317841
FR0000130809;26/03/18;43.655;43.775;42.915;43.26;3093353
FR0000130809;27/03/18;44.00;44.22;43.795;43.86;3864386
FR0000130809;28/03/18;43.385;43.94;42.965;43.94;4006798
FR0000130809;29/03/18;44.12;44.605;44.015;44.16;3278085
FR0000131104;21/03/18;61.51;61.82;60.87;61.23;2937721
FR0000131104;22/03/18;60.64;61.15;59.15;60.11;4860287
FR0000131104;23/03/18;59.56;59.56;58.78;59.24;5100643
FR0000131104;26/03/18;59.44;59.50;58.42;58.88;3416201
FR0000131104;27/03/18;59.99;60.14;59.25;59.53;3727722
FR0000131104;28/03/18;58.77;60.02;58.43;60.02;4349077
FR0000131104;29/03/18;60.52;60.86;60.17;60.17;3588392
FR0000131906;21/03/18;95.03;95.29;93.70;94.03;747893
FR0000131906;22/03/18;93.10;93.98;91.20;92.68;773825
FR0000131906;23/03/18;91.73;92.39;90.28;92.14;713787
FR0000131906;26/03/18;92.66;94.12;92.14;92.45;782594
FR0000131906;27/03/18;94.45;95.03;93.01;93.40;753564
FR0000131906;28/03/18;93.01;93.11;91.57;93.11;676642
FR0000131906;29/03/18;93.51;100.80;93.47;98.50;3449130
FR0000133308;21/03/18;13.91;13.925;13.75;13.805;5118897
FR0000133308;22/03/18;13.73;13.835;13.52;13.63;8140822
FR0000133308;23/03/18;13.53;13.645;13.48;13.555;6616025
FR0000133308;26/03/18;13.59;13.65;13.385;13.47;6178524
FR0000133308;27/03/18;13.67;13.69;13.555;13.625;5327953
FR0000133308;28/03/18;13.535;13.73;13.445;13.73;7112402
FR0000133308;29/03/18;13.75;13.82;13.66;13.785;6218904
FR0010208488;21/03/18;13.455;13.565;13.44;13.565;4639481
FR0010208488;22/03/18;13.485;13.575;13.305;13.47;7053792
FR0010208488;23/03/18;13.31;13.385;13.185;13.255;7237951
FR0010208488;26/03/18;13.305;13.415;13.155;13.26;5305722
FR0010208488;27/03/18;13.31;13.34;13.12;13.20;6660865
FR0010208488;28/03/18;13.14;13.55;13.11;13.545;7452485
FR0010208488;29/03/18;13.565;13.685;13.45;13.555;7627228
FR0010307819;21/03/18;64.84;64.96;64.26;64.50;375402
FR0010307819;22/03/18;64.20;64.52;62.88;63.64;506743
FR0010307819;23/03/18;62.96;63.10;62.24;62.78;504188
FR0010307819;26/03/18;63.02;63.16;62.02;62.30;424767
FR0010307819;27/03/18;63.04;63.54;62.68;63.38;703516
FR0010307819;28/03/18;63.00;64.00;62.42;64.00;863089
FR0010307819;29/03/18;64.06;64.22;63.70;63.70;699749
FR0013176526;21/03/18;55.64;55.92;55.42;55.78;646740
FR0013176526;22/03/18;55.38;55.72;54.76;55.66;999530
FR0013176526;23/03/18;55.10;55.18;54.06;54.32;1334503
FR0013176526;26/03/18;54.48;54.62;52.98;53.22;993879
FR0013176526;27/03/18;54.24;54.60;53.26;53.54;884993
FR0013176526;28/03/18;53.00;53.56;52.78;53.48;923381
FR0013176526;29/03/18;53.50;54.10;53.06;53.64;1229921
GB00BDSFG982;21/03/18;24.37;25.05;23.97;25.05;1399089
GB00BDSFG982;22/03/18;24.75;24.79;23.86;24.11;1323967
GB00BDSFG982;23/03/18;23.86;24.27;23.53;24.13;1001199
GB00BDSFG982;26/03/18;24.24;24.26;23.43;23.49;992419
GB00BDSFG982;27/03/18;24.04;24.17;23.52;23.66;1335578
GB00BDSFG982;28/03/18;23.44;23.46;23.01;23.19;1202012
GB00BDSFG982;29/03/18;23.37;23.82;23.13;23.63;1119224
LU1598757687;21/03/18;26.085;27.22;26.025;27.22;6532607
LU1598757687;22/03/18;26.975;27.46;25.715;26.175;7237675
LU1598757687;23/03/18;25.60;25.805;25.11;25.29;6622806
LU1598757687;26/03/18;25.255;25.495;24.73;24.905;5898001
LU1598757687;27/03/18;25.50;25.725;25.11;25.165;5222331
LU1598757687;28/03/18;24.80;24.895;24.335;24.68;6485603
LU1598757687;29/03/18;24.93;25.86;24.82;25.70;6314818
NL0000226223;21/03/18;19.90;20.37;19.88;20.34;2435764
NL0000226223;22/03/18;20.10;20.11;19.12;19.41;3368803
NL0000226223;23/03/18;19.04;19.04;18.435;18.665;4281281
NL0000226223;26/03/18;18.755;18.94;18.46;18.615;2146010
NL0000226223;27/03/18;19.165;19.215;18.985;19.085;2250593
NL0000226223;28/03/18;18.45;18.57;17.775;18.05;5293986
NL0000226223;29/03/18;18.195;18.23;17.825;17.985;2762767
NL0000235190;21/03/18;96.27;96.31;94.75;95.51;1306085
NL0000235190;22/03/18;95.00;95.46;92.78;94.63;2307587
NL0000235190;23/03/18;93.55;94.30;91.87;92.92;2232114
NL0000235190;26/03/18;92.93;93.78;92.08;92.88;2131370
NL0000235190;27/03/18;94.64;95.48;94.00;95.10;1603029
NL0000235190;28/03/18;93.89;94.41;92.62;93.98;2342711
NL0000235190;29/03/18;94.48;95.07;93.62;93.80;1787075
