BE0003470755;02/11/15;101.80;103.95;101.80;103.00;262781
BE0003470755;03/11/15;103.20;103.75;102.35;102.95;313486
BE0003470755;04/11/15;103.70;104.95;103.35;103.55;298231
BE0003470755;05/11/15;103.90;103.95;102.40;102.65;281968
BE0003470755;06/11/15;103.10;105.00;102.90;104.55;339252
BE0003470755;09/11/15;104.85;105.70;103.10;103.40;277870
BE0003470755;10/11/15;103.70;103.95;102.05;103.05;304423
BE0003470755;11/11/15;103.40;105.15;102.90;103.95;215311
BE0003470755;12/11/15;103.75;104.10;99.88;100.75;355150
BE0003470755;13/11/15;100.70;101.85;99.95;100.85;248847
BE0003470755;16/11/15;100.40;101.95;100.15;100.55;197457
BE0003470755;17/11/15;101.60;103.70;101.25;103.50;238554
BE0003470755;18/11/15;102.90;103.75;102.00;103.15;251068
BE0003470755;19/11/15;104.05;104.85;103.40;103.65;198759
BE0003470755;20/11/15;104.00;105.25;103.30;104.45;253701
BE0003470755;23/11/15;104.25;105.05;103.05;104.10;248737
BE0003470755;24/11/15;103.50;103.70;102.15;102.75;335700
BE0003470755;25/11/15;103.00;107.10;102.55;106.45;378036
BE0003470755;26/11/15;106.25;108.85;106.25;108.20;276943
BE0003470755;27/11/15;107.60;108.20;106.70;107.35;184835
BE0003470755;30/11/15;108.90;109.15;107.80;109.05;372540
CH0012214059;02/11/15;50.66;51.98;50.60;51.70;283347
CH0012214059;03/11/15;51.55;52.56;51.50;52.29;294386
CH0012214059;04/11/15;52.38;53.89;52.38;53.01;545805
CH0012214059;05/11/15;53.14;53.21;52.49;52.84;408505
CH0012214059;06/11/15;52.92;53.80;52.48;53.61;461706
CH0012214059;09/11/15;53.87;53.93;52.93;53.05;380413
CH0012214059;10/11/15;53.05;53.42;51.86;52.23;559504
CH0012214059;11/11/15;52.48;53.63;51.98;53.20;404819
CH0012214059;12/11/15;53.00;53.22;51.55;52.08;432138
CH0012214059;13/11/15;51.93;51.99;50.36;50.63;569649
CH0012214059;16/11/15;50.45;51.18;50.11;50.53;443816
CH0012214059;17/11/15;50.83;51.92;50.61;51.76;637782
CH0012214059;18/11/15;51.00;51.25;50.30;51.03;603236
CH0012214059;19/11/15;51.55;51.88;50.83;50.92;433356
CH0012214059;20/11/15;51.40;51.56;50.48;50.80;685278
CH0012214059;23/11/15;50.56;50.90;49.53;50.65;535512
CH0012214059;24/11/15;50.69;50.69;49.43;49.45;690060
CH0012214059;25/11/15;50.02;52.11;50.02;51.57;1009706
CH0012214059;26/11/15;51.79;51.95;51.46;51.62;381837
CH0012214059;27/11/15;51.28;51.50;50.16;50.40;438078
CH0012214059;30/11/15;50.12;50.99;50.02;50.80;418468
FR0000045072;02/11/15;11.47;11.79;11.45;11.695;5870912
FR0000045072;03/11/15;11.735;11.815;11.535;11.74;5506297
FR0000045072;04/11/15;11.80;11.93;11.72;11.77;5984222
FR0000045072;05/11/15;11.55;11.565;10.685;10.795;32741010
FR0000045072;06/11/15;11.00;11.08;10.805;11.00;13891617
FR0000045072;09/11/15;11.185;11.215;10.98;11.00;6824289
FR0000045072;10/11/15;11.06;11.075;10.845;10.96;5115401
FR0000045072;11/11/15;11.00;11.43;10.925;11.37;12208250
FR0000045072;12/11/15;11.365;11.50;11.15;11.235;7340773
FR0000045072;13/11/15;11.155;11.39;11.085;11.19;5145397
FR0000045072;16/11/15;11.00;11.165;10.92;10.99;7463812
FR0000045072;17/11/15;11.075;11.27;11.01;11.21;4970295
FR0000045072;18/11/15;11.14;11.39;11.12;11.35;5372608
FR0000045072;19/11/15;11.39;11.55;11.39;11.515;6847403
FR0000045072;20/11/15;11.525;11.585;11.255;11.30;6361466
FR0000045072;23/11/15;11.335;11.455;11.23;11.30;3541085
FR0000045072;24/11/15;11.25;11.30;11.055;11.205;4916918
FR0000045072;25/11/15;11.20;11.245;11.01;11.21;5483233
FR0000045072;26/11/15;11.23;11.48;11.145;11.40;4089190
FR0000045072;27/11/15;11.355;11.46;11.345;11.395;3055172
FR0000045072;30/11/15;11.40;11.455;11.315;11.42;5660119
FR0000051732;02/11/15;72.24;73.79;72.01;73.25;335710
FR0000051732;03/11/15;73.25;73.40;72.56;72.91;331284
FR0000051732;04/11/15;76.00;79.14;75.92;79.14;1693996
FR0000051732;05/11/15;78.90;79.00;77.12;77.35;854717
FR0000051732;06/11/15;77.25;77.25;75.48;76.50;469157
FR0000051732;09/11/15;76.03;76.37;75.33;75.44;366332
FR0000051732;10/11/15;75.60;75.64;74.49;74.89;276942
FR0000051732;11/11/15;75.18;75.96;74.72;75.51;225560
FR0000051732;12/11/15;75.62;75.98;74.84;75.09;219375
FR0000051732;13/11/15;74.70;75.08;73.92;74.63;284430
FR0000051732;16/11/15;73.80;75.14;73.63;75.00;273064
FR0000051732;17/11/15;75.50;76.72;75.42;76.30;291325
FR0000051732;18/11/15;76.00;76.35;75.58;75.79;276513
FR0000051732;19/11/15;76.20;76.82;75.98;76.46;197264
FR0000051732;20/11/15;76.61;76.91;76.14;76.53;144533
FR0000051732;23/11/15;76.50;77.29;76.22;76.66;189273
FR0000051732;24/11/15;76.78;76.86;74.62;75.32;398683
FR0000051732;25/11/15;75.13;76.49;74.99;76.46;279129
FR0000051732;26/11/15;76.30;76.41;75.56;75.81;331803
FR0000051732;27/11/15;75.66;76.46;75.54;76.18;384136
FR0000051732;30/11/15;76.36;77.49;76.14;77.49;513550
FR0000073272;02/11/15;68.62;69.96;68.51;69.55;842635
FR0000073272;03/11/15;69.43;69.52;67.62;67.79;1321454
FR0000073272;04/11/15;68.04;68.72;67.46;67.87;1028013
FR0000073272;05/11/15;67.96;68.41;67.58;67.74;1152707
FR0000073272;06/11/15;68.03;70.60;67.75;70.54;2152972
FR0000073272;09/11/15;70.50;70.99;69.39;69.42;910716
FR0000073272;10/11/15;69.64;70.14;68.82;69.75;904067
FR0000073272;11/11/15;69.97;70.74;69.97;70.43;779767
FR0000073272;12/11/15;69.97;70.90;67.81;68.00;2210929
FR0000073272;13/11/15;67.95;68.09;65.70;66.31;1529021
FR0000073272;16/11/15;66.00;66.71;65.48;66.35;1442128
FR0000073272;17/11/15;67.00;68.32;66.97;68.22;2010814
FR0000073272;18/11/15;67.74;68.06;67.50;67.57;1033927
FR0000073272;19/11/15;68.04;68.35;66.63;66.87;1073909
FR0000073272;20/11/15;66.94;67.56;66.87;67.23;1257741
FR0000073272;23/11/15;67.50;68.22;67.04;68.00;1101304
FR0000073272;24/11/15;67.68;67.71;66.55;67.30;1523086
FR0000073272;25/11/15;67.33;68.72;67.07;68.04;1202740
FR0000073272;26/11/15;67.80;69.00;67.80;68.86;707306
FR0000073272;27/11/15;68.70;69.33;68.17;68.89;736274
FR0000073272;30/11/15;68.75;69.96;68.70;69.88;1014322
FR0000120073;02/11/15;106.2727;109.00;106.1818;108.5909;994977
FR0000120073;03/11/15;108.7273;109.6818;108.2273;109.6818;1026806
FR0000120073;04/11/15;109.8182;110.9091;109.3636;109.9545;1001447
FR0000120073;05/11/15;109.8182;110.8636;108.9545;110.50;1004550
FR0000120073;06/11/15;110.6818;111.5909;109.4091;111.5454;1383246
FR0000120073;09/11/15;111.2273;111.6818;110.1818;110.3182;736906
FR0000120073;10/11/15;110.9546;111.2273;109.6818;110.1818;900339
FR0000120073;11/11/15;110.7727;112.0909;110.7273;111.7727;730781
FR0000120073;12/11/15;111.4091;112.00;109.6364;110.1818;898133
FR0000120073;13/11/15;110.1364;110.3636;107.7727;108.7727;1098125
FR0000120073;16/11/15;107.8182;109.8182;107.4091;109.6364;908509
FR0000120073;17/11/15;110.2727;112.4091;110.1364;112.4091;914785
FR0000120073;18/11/15;109.5455;110.3182;102.5909;104.0909;4060235
FR0000120073;19/11/15;106.1818;106.3636;103.50;104.50;1649513
FR0000120073;20/11/15;105.2273;106.3182;103.8636;105.6818;1235858
FR0000120073;23/11/15;105.6364;105.7727;104.8182;105.5455;847005
FR0000120073;24/11/15;105.0455;105.2273;102.9545;103.7727;1112554
FR0000120073;25/11/15;104.0454;106.2273;104.0454;105.7273;1005854
FR0000120073;26/11/15;105.5909;106.3636;104.8182;106.0909;770734
FR0000120073;27/11/15;105.4545;106.3182;105.1364;105.4545;575615
FR0000120073;30/11/15;104.5455;105.6818;103.3636;105.00;1343474
FR0000120172;02/11/15;29.465;29.975;29.44;29.73;1582003
FR0000120172;03/11/15;29.72;29.87;29.55;29.815;1473438
FR0000120172;04/11/15;29.86;30.305;29.82;30.09;2164362
FR0000120172;05/11/15;30.14;30.245;29.86;30.00;2285348
FR0000120172;06/11/15;30.06;30.78;29.985;30.66;2992821
FR0000120172;09/11/15;30.67;30.70;29.91;29.91;2183161
FR0000120172;10/11/15;30.02;30.18;29.695;30.055;1865802
FR0000120172;11/11/15;30.05;30.415;30.025;30.21;1778899
FR0000120172;12/11/15;30.20;30.33;29.665;29.665;2000750
FR0000120172;13/11/15;29.61;29.63;28.50;28.81;3306177
FR0000120172;16/11/15;28.625;29.135;28.50;29.09;2610172
FR0000120172;17/11/15;29.26;29.81;29.215;29.81;3222003
FR0000120172;18/11/15;29.63;29.835;29.465;29.515;2205815
FR0000120172;19/11/15;29.625;29.84;29.145;29.225;3002735
FR0000120172;20/11/15;29.30;29.49;29.025;29.30;2818342
FR0000120172;23/11/15;29.12;29.195;28.515;28.515;3439559
FR0000120172;24/11/15;28.52;28.52;27.72;28.115;3651420
FR0000120172;25/11/15;28.255;28.745;28.20;28.72;2940175
FR0000120172;26/11/15;28.74;29.49;28.69;29.445;2548591
FR0000120172;27/11/15;29.34;29.685;29.22;29.345;1486227
FR0000120172;30/11/15;29.33;29.46;29.05;29.18;1526237
FR0000120271;02/11/15;43.72;44.755;43.66;44.62;5495371
FR0000120271;03/11/15;44.755;46.24;44.31;46.24;8457023
FR0000120271;04/11/15;46.37;47.16;46.14;46.295;7852167
FR0000120271;05/11/15;46.215;46.475;45.58;46.13;5601707
FR0000120271;06/11/15;46.215;46.62;45.90;46.235;5579548
FR0000120271;09/11/15;46.18;46.92;45.92;45.92;4312616
FR0000120271;10/11/15;46.145;46.40;45.685;46.015;4348632
FR0000120271;11/11/15;46.04;46.525;45.695;46.04;3835105
FR0000120271;12/11/15;45.865;46.175;44.87;44.935;6403588
FR0000120271;13/11/15;44.60;45.30;43.815;44.435;5776604
FR0000120271;16/11/15;44.185;45.455;44.125;44.775;5249458
FR0000120271;17/11/15;45.60;46.465;45.365;46.455;7124326
FR0000120271;18/11/15;45.96;46.97;45.855;46.66;5543875
FR0000120271;19/11/15;46.99;47.23;46.225;46.60;5982373
FR0000120271;20/11/15;46.44;46.89;46.12;46.255;7058673
FR0000120271;23/11/15;45.795;46.15;45.205;45.765;6338272
FR0000120271;24/11/15;45.385;46.195;45.15;46.085;6100724
FR0000120271;25/11/15;46.13;46.75;45.96;46.35;5699290
FR0000120271;26/11/15;46.00;47.25;45.90;47.03;5331188
FR0000120271;27/11/15;46.525;47.14;46.47;46.62;5184900
FR0000120271;30/11/15;46.01;47.295;45.935;47.00;7587181
FR0000120321;02/11/15;164.65;166.95;163.95;165.15;784557
FR0000120321;03/11/15;164.85;165.60;164.20;165.60;777956
FR0000120321;04/11/15;166.45;168.15;165.05;166.10;681542
FR0000120321;05/11/15;166.60;169.40;166.15;168.90;632393
FR0000120321;06/11/15;168.90;168.90;165.60;167.00;785692
FR0000120321;09/11/15;167.25;167.35;164.55;164.70;546745
FR0000120321;10/11/15;165.95;166.40;163.20;165.15;574650
FR0000120321;11/11/15;167.00;170.00;167.00;169.85;756500
FR0000120321;12/11/15;169.90;170.95;167.25;167.80;578280
FR0000120321;13/11/15;167.40;167.50;164.40;165.90;693963
FR0000120321;16/11/15;164.55;166.40;163.75;166.15;487567
FR0000120321;17/11/15;167.25;171.00;166.95;170.80;692124
FR0000120321;18/11/15;169.40;169.90;167.85;167.95;612929
FR0000120321;19/11/15;169.20;169.30;167.00;167.50;627342
FR0000120321;20/11/15;168.45;169.20;166.70;168.75;569267
FR0000120321;23/11/15;168.00;169.30;166.10;168.45;520977
FR0000120321;24/11/15;168.15;168.30;162.65;164.90;592281
FR0000120321;25/11/15;165.25;169.60;165.15;168.55;521258
FR0000120321;26/11/15;168.40;170.90;168.30;169.05;388417
FR0000120321;27/11/15;168.10;170.00;167.35;168.75;292972
FR0000120321;30/11/15;168.05;170.10;167.05;167.60;614125
FR0000120404;02/11/15;44.80;45.59;44.675;45.115;738706
FR0000120404;03/11/15;45.005;45.14;43.505;43.705;1480786
FR0000120404;04/11/15;43.875;44.44;43.305;43.355;1360330
FR0000120404;05/11/15;43.545;43.76;42.92;43.33;1041629
FR0000120404;06/11/15;43.47;44.80;43.145;44.41;1218553
FR0000120404;09/11/15;44.63;44.80;43.145;43.145;809613
FR0000120404;10/11/15;43.435;43.49;42.57;43.055;858348
FR0000120404;11/11/15;43.19;43.90;43.185;43.695;604931
FR0000120404;12/11/15;43.685;43.685;42.46;42.515;741480
FR0000120404;13/11/15;42.365;42.68;41.215;41.475;954407
FR0000120404;16/11/15;37.60;39.82;37.60;39.52;3300836
FR0000120404;17/11/15;40.09;40.42;39.565;40.385;1482834
FR0000120404;18/11/15;40.185;40.285;39.805;39.94;1135801
FR0000120404;19/11/15;40.335;40.96;40.22;40.44;1334162
FR0000120404;20/11/15;40.755;41.035;40.295;40.99;1402109
FR0000120404;23/11/15;40.73;40.975;40.515;40.57;1110736
FR0000120404;24/11/15;40.00;40.075;37.775;38.60;3489109
FR0000120404;25/11/15;38.74;39.14;37.80;38.01;2375389
FR0000120404;26/11/15;38.065;39.485;38.035;39.32;1080911
FR0000120404;27/11/15;39.175;39.805;39.075;39.425;1297526
FR0000120404;30/11/15;39.515;40.47;39.245;39.94;1416200
FR0000120503;02/11/15;34.20;35.295;34.12;35.08;1024973
FR0000120503;03/11/15;35.06;35.21;34.86;35.145;564405
FR0000120503;04/11/15;35.17;35.57;34.87;34.895;960659
FR0000120503;05/11/15;35.04;35.105;34.545;34.835;632259
FR0000120503;06/11/15;34.88;35.40;34.84;35.09;678128
FR0000120503;09/11/15;35.10;35.245;34.725;34.795;600203
FR0000120503;10/11/15;34.97;35.01;34.48;34.845;749511
FR0000120503;11/11/15;34.955;35.44;34.90;35.04;423620
FR0000120503;12/11/15;35.00;35.19;34.66;34.905;732987
FR0000120503;13/11/15;35.60;36.39;34.31;34.795;1808022
FR0000120503;16/11/15;34.50;34.895;34.375;34.79;606755
FR0000120503;17/11/15;34.94;35.46;34.815;35.395;801608
FR0000120503;18/11/15;35.165;35.775;35.06;35.64;723109
FR0000120503;19/11/15;35.835;35.965;35.515;35.605;565966
FR0000120503;20/11/15;35.575;35.62;35.15;35.245;668756
FR0000120503;23/11/15;35.16;35.37;35.005;35.265;489752
FR0000120503;24/11/15;35.085;35.085;34.325;34.735;851859
FR0000120503;25/11/15;34.76;35.12;34.64;34.855;505452
FR0000120503;26/11/15;34.73;35.285;34.73;35.20;570472
FR0000120503;27/11/15;35.105;35.46;35.02;35.40;418227
FR0000120503;30/11/15;35.42;35.63;35.18;35.63;1092122
FR0000120578;02/11/15;90.44;92.80;90.24;91.83;2502430
FR0000120578;03/11/15;92.10;92.50;91.50;91.80;2345035
FR0000120578;04/11/15;91.95;92.84;91.69;91.80;2357223
FR0000120578;05/11/15;92.43;93.82;92.21;93.28;2721053
FR0000120578;06/11/15;90.00;90.07;86.56;86.90;7595051
FR0000120578;09/11/15;85.91;86.10;83.92;84.14;4685246
FR0000120578;10/11/15;84.53;85.03;83.66;83.90;2773793
FR0000120578;11/11/15;84.00;85.05;83.98;84.18;2703304
FR0000120578;12/11/15;83.50;83.89;81.30;81.36;4561783
FR0000120578;13/11/15;81.00;81.23;79.81;80.67;4143724
FR0000120578;16/11/15;80.47;81.64;79.91;80.11;3133157
FR0000120578;17/11/15;80.61;82.73;80.41;82.64;4065889
FR0000120578;18/11/15;82.00;83.08;81.50;83.08;3074540
FR0000120578;19/11/15;83.50;84.08;82.14;82.42;2574386
FR0000120578;20/11/15;82.79;83.72;82.15;83.09;3012336
FR0000120578;23/11/15;83.21;83.61;82.01;82.97;2165879
FR0000120578;24/11/15;82.29;82.29;80.90;81.78;3149829
FR0000120578;25/11/15;82.08;83.96;81.75;83.34;3092462
FR0000120578;26/11/15;83.30;84.39;83.12;84.01;1530566
FR0000120578;27/11/15;83.73;84.55;83.46;83.83;1669744
FR0000120578;30/11/15;83.79;84.81;83.22;84.38;2245981
FR0000120628;02/11/15;24.02;24.645;24.005;24.45;5076266
FR0000120628;03/11/15;24.485;24.64;24.375;24.535;4330752
FR0000120628;04/11/15;24.60;24.75;24.255;24.255;6874489
FR0000120628;05/11/15;24.25;24.565;24.015;24.365;6459901
FR0000120628;06/11/15;24.325;24.795;24.08;24.74;8552427
FR0000120628;09/11/15;24.725;24.815;24.46;24.48;4403072
FR0000120628;10/11/15;24.565;24.64;24.285;24.59;4842172
FR0000120628;11/11/15;24.68;25.235;24.645;25.155;6273935
FR0000120628;12/11/15;25.16;25.395;24.495;24.675;6353718
FR0000120628;13/11/15;24.50;24.785;24.145;24.41;5208337
FR0000120628;16/11/15;24.00;24.495;23.725;24.495;4966207
FR0000120628;17/11/15;24.78;24.99;24.675;24.92;5249527
FR0000120628;18/11/15;24.80;24.995;24.715;24.905;3282585
FR0000120628;19/11/15;25.075;25.245;24.735;24.74;5182946
FR0000120628;20/11/15;24.81;24.96;24.445;24.825;5152406
FR0000120628;23/11/15;24.86;25.01;24.645;24.925;3549888
FR0000120628;24/11/15;24.795;24.85;24.29;24.485;4593755
FR0000120628;25/11/15;24.49;25.465;24.49;25.39;7507984
FR0000120628;26/11/15;25.375;25.835;25.22;25.585;5191307
FR0000120628;27/11/15;25.42;25.805;25.39;25.545;3939472
FR0000120628;30/11/15;25.435;25.76;25.37;25.61;4977967
FR0000120644;02/11/15;62.90;63.61;62.74;63.00;1286611
FR0000120644;03/11/15;64.25;64.62;63.57;63.73;1758967
FR0000120644;04/11/15;63.85;64.54;63.77;64.12;1036094
FR0000120644;05/11/15;64.34;65.24;64.19;64.81;1115754
FR0000120644;06/11/15;65.00;65.12;63.96;64.29;1746962
FR0000120644;09/11/15;64.29;64.37;63.31;63.46;1140474
FR0000120644;10/11/15;63.85;64.12;63.13;63.55;1139369
FR0000120644;11/11/15;63.69;64.76;63.69;64.61;1068558
FR0000120644;12/11/15;64.30;64.97;63.75;63.75;1277408
FR0000120644;13/11/15;63.43;63.50;62.33;63.01;1855532
FR0000120644;16/11/15;62.73;63.35;62.28;63.24;1207234
FR0000120644;17/11/15;63.77;64.98;63.70;64.68;1651247
FR0000120644;18/11/15;64.18;64.44;63.59;63.75;1604124
FR0000120644;19/11/15;64.46;64.79;64.08;64.45;1832686
FR0000120644;20/11/15;64.72;65.09;64.10;64.99;1666533
FR0000120644;23/11/15;65.00;65.01;64.23;64.62;937856
FR0000120644;24/11/15;64.51;64.52;63.22;64.04;1434318
FR0000120644;25/11/15;63.81;65.71;63.72;65.32;2031921
FR0000120644;26/11/15;65.14;65.88;64.98;65.23;911816
FR0000120644;27/11/15;64.80;65.53;64.55;65.02;740936
FR0000120644;30/11/15;64.91;66.35;64.71;66.33;2763565
FR0000120693;02/11/15;106.15;107.45;106.00;106.15;317665
FR0000120693;03/11/15;106.65;107.35;106.25;106.95;269518
FR0000120693;04/11/15;107.40;108.15;107.05;107.50;279256
FR0000120693;05/11/15;107.60;108.90;107.20;108.90;354464
FR0000120693;06/11/15;109.00;109.10;106.90;107.50;480855
FR0000120693;09/11/15;107.50;107.55;106.05;106.10;321083
FR0000120693;10/11/15;106.65;106.90;105.60;106.75;364900
FR0000120693;11/11/15;106.65;108.10;106.65;107.80;336276
FR0000120693;12/11/15;107.90;108.40;106.25;106.65;385750
FR0000120693;13/11/15;106.65;106.80;105.10;105.95;348460
FR0000120693;16/11/15;105.00;105.30;104.20;105.10;425978
FR0000120693;17/11/15;105.80;108.10;105.80;108.10;330052
FR0000120693;18/11/15;107.60;107.70;106.90;107.50;222144
FR0000120693;19/11/15;108.15;108.45;107.50;107.85;197349
FR0000120693;20/11/15;108.30;108.50;107.45;107.90;392904
FR0000120693;23/11/15;107.90;107.95;106.45;107.20;338468
FR0000120693;24/11/15;107.00;107.10;105.45;106.10;360821
FR0000120693;25/11/15;106.10;108.60;106.00;108.45;357158
FR0000120693;26/11/15;108.00;108.75;107.35;107.50;304302
FR0000120693;27/11/15;106.70;108.30;106.60;107.80;243216
FR0000120693;30/11/15;107.60;108.45;107.15;107.70;388648
FR0000121014;02/11/15;167.75;169.95;167.60;167.90;590901
FR0000121014;03/11/15;168.20;169.75;167.50;169.75;567012
FR0000121014;04/11/15;170.00;173.35;169.20;172.75;775674
FR0000121014;05/11/15;172.85;174.30;171.30;173.50;944423
FR0000121014;06/11/15;169.00;169.70;164.55;168.75;1521393
FR0000121014;09/11/15;169.15;169.25;166.80;167.30;613385
FR0000121014;10/11/15;168.75;168.85;165.90;168.40;704277
FR0000121014;11/11/15;169.05;173.30;168.75;171.90;654983
FR0000121014;12/11/15;172.00;172.30;166.45;166.95;962879
FR0000121014;13/11/15;166.35;166.35;160.90;162.40;1034096
FR0000121014;16/11/15;157.50;161.65;156.70;160.15;1143393
FR0000121014;17/11/15;162.00;165.95;161.35;165.40;876380
FR0000121014;18/11/15;164.25;164.60;162.75;163.60;561991
FR0000121014;19/11/15;165.00;165.65;161.70;162.40;601636
FR0000121014;20/11/15;163.55;163.55;161.30;162.25;791366
FR0000121014;23/11/15;162.50;162.55;160.20;161.90;529089
FR0000121014;24/11/15;160.10;160.55;152.50;154.95;1817695
FR0000121014;25/11/15;155.35;159.10;155.35;158.00;991402
FR0000121014;26/11/15;158.05;160.20;157.95;159.10;539785
FR0000121014;27/11/15;158.60;158.75;155.80;155.95;679335
FR0000121014;30/11/15;156.70;158.75;155.50;158.75;972761
FR0000121220;02/11/15;80.45;80.64;79.86;80.00;359783
FR0000121220;03/11/15;80.34;80.39;79.55;80.39;206359
FR0000121220;04/11/15;79.90;80.48;78.49;78.51;471394
FR0000121220;05/11/15;78.61;78.89;77.96;77.98;369102
FR0000121220;06/11/15;78.10;78.48;77.71;78.18;248497
FR0000121220;09/11/15;78.06;78.25;77.09;77.21;146810
FR0000121220;10/11/15;81.90;81.99;77.72;78.60;369576
FR0000121220;11/11/15;78.76;79.82;78.69;79.45;253384
FR0000121220;12/11/15;79.44;79.51;78.05;78.65;226371
FR0000121220;13/11/15;78.44;78.60;77.03;77.52;276547
FR0000121220;16/11/15;77.56;78.10;76.81;77.80;264047
FR0000121220;17/11/15;79.50;80.17;78.48;79.88;260203
FR0000121220;18/11/15;79.44;81.45;78.80;80.29;306854
FR0000121220;19/11/15;86.50;89.69;85.61;88.20;1052380
FR0000121220;20/11/15;87.67;89.96;87.67;89.27;421708
FR0000121220;23/11/15;89.12;90.75;89.12;90.74;381342
FR0000121220;24/11/15;90.36;90.55;89.24;90.49;438550
FR0000121220;25/11/15;90.54;92.28;90.19;92.18;358998
FR0000121220;26/11/15;91.97;93.18;91.75;93.18;317493
FR0000121220;27/11/15;92.93;93.20;91.98;92.84;159585
FR0000121220;30/11/15;92.71;93.98;92.62;93.56;381468
FR0000121261;02/11/15;89.83;92.39;89.82;91.99;496592
FR0000121261;03/11/15;92.13;92.31;90.04;92.10;690746
FR0000121261;04/11/15;92.00;93.18;91.13;91.70;727446
FR0000121261;05/11/15;92.09;92.58;91.00;91.94;597135
FR0000121261;06/11/15;91.74;93.77;91.30;93.49;462914
FR0000121261;09/11/15;93.60;93.88;92.11;92.20;733795
FR0000121261;10/11/15;92.46;92.95;91.17;92.82;558677
FR0000121261;11/11/15;92.84;93.99;92.63;93.35;456633
FR0000121261;12/11/15;93.09;93.32;91.87;92.41;427518
FR0000121261;13/11/15;92.05;93.14;91.05;91.94;459307
FR0000121261;16/11/15;91.00;93.31;91.00;92.97;445256
FR0000121261;17/11/15;93.99;94.98;93.77;94.98;563450
FR0000121261;18/11/15;94.31;94.61;93.12;93.43;559025
FR0000121261;19/11/15;93.95;95.00;93.87;94.68;490266
FR0000121261;20/11/15;94.84;94.88;93.16;93.94;610802
FR0000121261;23/11/15;93.47;94.22;92.64;93.84;320395
FR0000121261;24/11/15;93.80;94.14;91.80;92.40;525318
FR0000121261;25/11/15;92.31;93.82;91.76;93.42;416528
FR0000121261;26/11/15;93.64;95.17;93.52;94.47;374523
FR0000121261;27/11/15;94.00;95.15;93.82;94.85;239147
FR0000121261;30/11/15;94.89;95.25;94.00;94.90;728098
FR0000121485;02/11/15;166.95;168.45;166.50;167.10;244912
FR0000121485;03/11/15;166.70;166.80;164.65;165.80;219050
FR0000121485;04/11/15;166.70;169.50;166.60;168.10;188915
FR0000121485;05/11/15;168.40;173.00;167.20;172.15;352774
FR0000121485;06/11/15;173.90;176.70;167.70;171.85;476428
FR0000121485;09/11/15;172.35;172.85;168.95;169.20;210708
FR0000121485;10/11/15;170.00;171.50;169.55;170.95;267277
FR0000121485;11/11/15;171.35;174.30;171.05;173.45;190485
FR0000121485;12/11/15;172.65;173.20;168.50;169.55;243781
FR0000121485;13/11/15;168.60;168.95;164.25;165.30;345836
FR0000121485;16/11/15;160.85;164.30;159.00;164.15;386955
FR0000121485;17/11/15;166.00;169.20;165.10;167.20;231747
FR0000121485;18/11/15;166.55;168.30;166.55;167.75;148850
FR0000121485;19/11/15;169.00;170.35;166.15;166.95;181992
FR0000121485;20/11/15;166.95;167.95;166.25;167.40;197596
FR0000121485;23/11/15;166.85;167.20;165.50;165.95;170101
FR0000121485;24/11/15;165.65;165.70;159.05;160.95;467651
FR0000121485;25/11/15;160.80;163.65;160.80;162.70;213204
FR0000121485;26/11/15;163.00;164.65;162.00;164.35;169582
FR0000121485;27/11/15;163.60;164.85;161.55;161.85;262324
FR0000121485;30/11/15;162.45;164.70;161.50;163.55;343731
FR0000121501;02/11/15;15.79;16.34;15.565;16.285;5000262
FR0000121501;03/11/15;16.31;16.335;15.985;16.15;3905768
FR0000121501;04/11/15;16.00;16.02;15.65;15.845;6075385
FR0000121501;05/11/15;15.89;16.17;15.785;16.055;3369335
FR0000121501;06/11/15;16.07;16.57;15.985;16.50;4372811
FR0000121501;09/11/15;16.48;16.51;16.145;16.16;3031551
FR0000121501;10/11/15;16.24;16.325;16.015;16.245;2962520
FR0000121501;11/11/15;16.34;16.405;15.905;15.92;3577895
FR0000121501;12/11/15;15.92;16.005;15.58;15.695;4245830
FR0000121501;13/11/15;15.64;15.905;15.54;15.825;2838056
FR0000121501;16/11/15;15.51;15.805;15.425;15.56;3894489
FR0000121501;17/11/15;15.78;16.06;15.67;16.06;3854492
FR0000121501;18/11/15;16.00;16.20;15.86;16.105;1938922
FR0000121501;19/11/15;16.225;16.335;15.97;16.07;2351777
FR0000121501;20/11/15;16.10;16.17;15.925;16.07;2355436
FR0000121501;23/11/15;15.945;16.11;15.855;15.98;2014486
FR0000121501;24/11/15;16.075;16.315;15.97;16.085;5655659
FR0000121501;25/11/15;16.065;16.275;15.865;16.195;3957969
FR0000121501;26/11/15;16.205;16.49;16.165;16.415;3287888
FR0000121501;27/11/15;16.405;16.58;16.305;16.35;2624872
FR0000121501;30/11/15;16.41;16.91;16.395;16.91;5306849
FR0000121667;02/11/15;118.70;120.50;118.60;119.35;405452
FR0000121667;03/11/15;119.55;119.65;118.70;119.10;428926
FR0000121667;04/11/15;119.65;120.50;118.50;118.75;472599
FR0000121667;05/11/15;118.90;121.80;118.90;120.95;582427
FR0000121667;06/11/15;121.35;122.25;119.70;121.80;526049
FR0000121667;09/11/15;121.80;121.90;119.85;120.00;383423
FR0000121667;10/11/15;120.40;121.35;119.35;120.95;342282
FR0000121667;11/11/15;121.40;123.45;121.40;123.15;361241
FR0000121667;12/11/15;122.70;123.65;120.95;120.95;621569
FR0000121667;13/11/15;120.25;120.45;118.70;119.60;528728
FR0000121667;16/11/15;118.55;120.25;118.20;120.10;408865
FR0000121667;17/11/15;120.90;123.00;120.70;122.90;573633
FR0000121667;18/11/15;122.20;122.35;121.00;121.50;351370
FR0000121667;19/11/15;122.00;122.35;120.55;120.70;400427
FR0000121667;20/11/15;120.95;122.30;119.45;121.95;482073
FR0000121667;23/11/15;122.15;122.45;120.85;122.25;278909
FR0000121667;24/11/15;121.55;121.55;118.10;119.25;522008
FR0000121667;25/11/15;119.25;123.40;119.20;122.65;578014
FR0000121667;26/11/15;122.40;124.50;122.25;123.55;290252
FR0000121667;27/11/15;122.75;124.15;122.55;123.35;319686
FR0000121667;30/11/15;123.00;124.55;122.25;123.55;524742
FR0000121972;02/11/15;54.51;55.49;54.16;55.27;1550223
FR0000121972;03/11/15;55.47;55.47;54.74;55.35;1413077
FR0000121972;04/11/15;55.57;56.69;55.51;56.35;2036434
FR0000121972;05/11/15;56.56;56.91;56.09;56.78;2375736
FR0000121972;06/11/15;56.95;58.66;56.76;58.15;2840632
FR0000121972;09/11/15;57.77;57.95;56.69;56.80;2451652
FR0000121972;10/11/15;56.81;57.18;55.61;56.60;2460580
FR0000121972;11/11/15;56.88;57.31;56.50;57.14;1831577
FR0000121972;12/11/15;57.01;57.17;55.57;55.80;2003497
FR0000121972;13/11/15;55.50;56.21;55.22;55.86;1579429
FR0000121972;16/11/15;55.45;56.66;55.34;56.44;1574628
FR0000121972;17/11/15;57.11;57.97;56.83;57.91;1850925
FR0000121972;18/11/15;57.57;57.97;57.08;57.74;1315063
FR0000121972;19/11/15;58.06;59.04;57.84;58.35;1693153
FR0000121972;20/11/15;58.67;58.68;57.63;58.31;1954527
FR0000121972;23/11/15;58.40;58.43;57.66;58.05;999624
FR0000121972;24/11/15;57.91;57.94;56.76;57.53;1822281
FR0000121972;25/11/15;57.84;58.52;57.38;58.20;1458555
FR0000121972;26/11/15;58.16;59.03;58.05;58.79;1200711
FR0000121972;27/11/15;58.57;59.33;58.31;58.94;1066916
FR0000121972;30/11/15;58.94;60.00;58.17;60.00;2378808
FR0000124141;02/11/15;21.105;21.575;21.045;21.35;1747882
FR0000124141;03/11/15;21.335;21.355;21.10;21.22;1717873
FR0000124141;04/11/15;21.24;21.495;21.18;21.18;1368685
FR0000124141;05/11/15;21.55;22.68;21.34;22.565;3888395
FR0000124141;06/11/15;22.555;22.57;22.01;22.14;2534558
FR0000124141;09/11/15;22.095;22.195;21.705;21.725;1518288
FR0000124141;10/11/15;21.765;22.025;21.74;22.01;1430405
FR0000124141;11/11/15;21.985;22.125;21.655;21.72;1417973
FR0000124141;12/11/15;21.77;21.955;21.555;21.615;1118517
FR0000124141;13/11/15;21.565;21.625;21.345;21.445;1415734
FR0000124141;16/11/15;21.265;21.78;21.115;21.76;1042982
FR0000124141;17/11/15;22.00;22.28;21.99;22.225;2326482
FR0000124141;18/11/15;22.15;22.155;21.825;21.895;1439118
FR0000124141;19/11/15;22.06;22.375;22.02;22.265;1471382
FR0000124141;20/11/15;22.30;22.365;22.00;22.325;1737388
FR0000124141;23/11/15;22.295;22.445;22.18;22.215;1186886
FR0000124141;24/11/15;22.09;22.16;21.655;21.705;2012882
FR0000124141;25/11/15;21.705;22.14;21.685;21.86;1450418
FR0000124141;26/11/15;21.86;22.86;21.86;22.765;1928735
FR0000124141;27/11/15;22.72;22.98;22.525;22.89;1748691
FR0000124141;30/11/15;22.695;22.83;22.455;22.69;2047077
FR0000124711;02/11/15;251.95;256.50;251.95;254.10;265387
FR0000124711;03/11/15;252.00;252.00;245.90;247.15;435432
FR0000124711;04/11/15;248.70;250.10;246.05;246.65;300023
FR0000124711;05/11/15;247.35;251.75;246.60;249.80;286605
FR0000124711;06/11/15;250.80;251.75;246.50;246.50;370885
FR0000124711;09/11/15;248.25;248.25;240.90;241.10;342875
FR0000124711;10/11/15;241.50;242.60;237.45;241.70;371992
FR0000124711;11/11/15;243.10;248.10;243.05;246.65;298355
FR0000124711;12/11/15;246.50;249.60;243.95;243.95;260830
FR0000124711;13/11/15;242.80;243.75;238.75;240.65;251090
FR0000124711;16/11/15;238.00;241.30;234.40;241.05;276118
FR0000124711;17/11/15;243.20;248.50;242.80;248.50;313689
FR0000124711;18/11/15;247.25;248.20;245.25;247.60;162507
FR0000124711;19/11/15;250.00;251.90;249.00;251.30;273234
FR0000124711;20/11/15;252.00;254.80;250.35;254.80;400891
FR0000124711;23/11/15;255.00;255.00;249.40;249.40;291732
FR0000124711;24/11/15;246.90;247.00;235.45;239.65;566819
FR0000124711;25/11/15;239.90;246.00;239.90;243.90;375536
FR0000124711;26/11/15;244.50;244.55;242.40;243.55;211971
FR0000124711;27/11/15;243.35;245.10;242.30;244.45;239449
FR0000124711;30/11/15;244.55;245.60;242.40;243.10;292257
FR0000125007;02/11/15;37.635;39.115;37.585;38.935;3114561
FR0000125007;03/11/15;39.105;39.52;38.945;39.15;2173288
FR0000125007;04/11/15;39.375;39.80;38.89;38.89;2073284
FR0000125007;05/11/15;39.035;39.68;38.685;39.215;1771687
FR0000125007;06/11/15;39.33;40.88;39.265;40.59;2897193
FR0000125007;09/11/15;40.65;40.825;39.745;39.83;2048761
FR0000125007;10/11/15;39.92;39.98;39.05;39.29;2106959
FR0000125007;11/11/15;39.40;39.915;39.345;39.61;1125402
FR0000125007;12/11/15;39.43;39.905;38.805;38.855;1320890
FR0000125007;13/11/15;38.83;39.02;38.215;38.78;1773299
FR0000125007;16/11/15;38.39;39.22;38.355;39.08;1166555
FR0000125007;17/11/15;39.45;40.465;39.365;40.345;1665750
FR0000125007;18/11/15;40.055;40.465;39.88;40.31;1199686
FR0000125007;19/11/15;40.60;41.19;40.60;40.905;1586091
FR0000125007;20/11/15;41.075;41.265;40.52;41.01;1541865
FR0000125007;23/11/15;41.00;41.045;40.535;40.675;1169607
FR0000125007;24/11/15;40.50;40.505;39.65;40.15;1492425
FR0000125007;25/11/15;40.28;40.94;40.085;40.64;1411301
FR0000125007;26/11/15;40.54;41.755;40.525;41.575;1298395
FR0000125007;27/11/15;41.395;41.77;41.14;41.295;1024418
FR0000125007;30/11/15;41.25;41.995;41.185;41.83;1649820
FR0000125338;02/11/15;80.15;82.33;80.15;81.87;607737
FR0000125338;03/11/15;81.89;82.03;80.93;81.36;543045
FR0000125338;04/11/15;81.90;82.41;81.12;81.22;530618
FR0000125338;05/11/15;81.26;82.81;81.09;81.92;624117
FR0000125338;06/11/15;82.01;82.43;81.20;82.20;546172
FR0000125338;09/11/15;82.34;82.70;80.91;80.98;537776
FR0000125338;10/11/15;81.09;81.26;79.75;80.06;663090
FR0000125338;11/11/15;80.24;81.85;80.22;81.64;500348
FR0000125338;12/11/15;81.63;82.14;81.20;81.66;535393
FR0000125338;13/11/15;81.29;81.70;80.83;81.20;620099
FR0000125338;16/11/15;80.40;81.23;80.01;80.98;415030
FR0000125338;17/11/15;81.74;84.10;81.57;83.99;785303
FR0000125338;18/11/15;83.57;83.99;82.62;83.22;610937
FR0000125338;19/11/15;83.98;84.87;83.76;84.37;764068
FR0000125338;20/11/15;84.55;84.60;83.55;83.74;655222
FR0000125338;23/11/15;83.81;84.44;83.14;84.03;387334
FR0000125338;24/11/15;83.68;84.24;81.51;82.20;590836
FR0000125338;25/11/15;82.17;84.65;82.15;84.33;481323
FR0000125338;26/11/15;84.46;84.63;84.03;84.38;280540
FR0000125338;27/11/15;83.82;85.61;83.70;85.06;414576
FR0000125338;30/11/15;85.21;88.00;85.16;87.32;1334083
FR0000125486;02/11/15;60.55;61.98;60.46;61.48;1231320
FR0000125486;03/11/15;61.35;61.62;60.95;61.31;1115772
FR0000125486;04/11/15;61.50;61.63;59.84;60.04;1939536
FR0000125486;05/11/15;60.24;61.36;59.99;60.83;1585274
FR0000125486;06/11/15;60.96;62.60;60.93;62.22;1820566
FR0000125486;09/11/15;61.91;62.51;61.69;61.83;1768725
FR0000125486;10/11/15;61.54;61.56;59.58;60.61;2253118
FR0000125486;11/11/15;60.83;61.74;60.70;61.07;1040337
FR0000125486;12/11/15;60.85;61.12;59.91;59.93;1223422
FR0000125486;13/11/15;59.81;60.13;59.17;59.91;1270275
FR0000125486;16/11/15;59.53;60.31;59.21;59.53;2175925
FR0000125486;17/11/15;60.32;61.86;60.20;61.83;2277549
FR0000125486;18/11/15;61.43;61.96;61.05;61.75;1260095
FR0000125486;19/11/15;62.12;62.52;61.90;62.06;1733379
FR0000125486;20/11/15;62.28;62.37;61.26;61.49;1728720
FR0000125486;23/11/15;61.53;61.74;60.73;61.22;1178648
FR0000125486;24/11/15;61.02;61.02;60.00;60.50;1376391
FR0000125486;25/11/15;60.60;61.60;60.43;61.20;1391499
FR0000125486;26/11/15;61.05;62.02;60.86;61.91;941079
FR0000125486;27/11/15;61.62;62.29;61.50;62.11;825578
FR0000125486;30/11/15;61.91;62.04;61.52;61.56;1923054
FR0000127771;02/11/15;21.76;21.825;21.705;21.80;4098095
FR0000127771;03/11/15;21.785;21.825;21.66;21.81;2753502
FR0000127771;04/11/15;21.80;22.00;21.655;21.71;5056526
FR0000127771;05/11/15;21.78;21.91;21.64;21.68;3936745
FR0000127771;06/11/15;21.685;21.985;21.52;21.80;4291764
FR0000127771;09/11/15;21.77;21.87;21.555;21.615;2344911
FR0000127771;10/11/15;21.815;21.85;21.385;21.645;3699171
FR0000127771;11/11/15;19.61;20.48;19.37;20.38;18909982
FR0000127771;12/11/15;20.32;20.515;20.11;20.11;5436550
FR0000127771;13/11/15;20.00;20.05;19.77;19.945;8225197
FR0000127771;16/11/15;19.75;19.88;19.54;19.705;6491154
FR0000127771;17/11/15;19.855;20.335;19.76;20.295;5448466
FR0000127771;18/11/15;20.18;20.335;20.14;20.175;3665116
FR0000127771;19/11/15;20.34;20.47;20.235;20.26;3013738
FR0000127771;20/11/15;20.40;20.40;20.09;20.31;3307629
FR0000127771;23/11/15;20.265;20.265;20.055;20.11;2711339
FR0000127771;24/11/15;20.06;20.065;19.735;19.93;5557232
FR0000127771;25/11/15;19.945;20.285;19.925;20.11;3220722
FR0000127771;26/11/15;20.135;20.145;19.83;19.95;5955004
FR0000127771;27/11/15;19.735;20.10;19.60;20.055;5157006
FR0000127771;30/11/15;20.055;20.155;19.90;19.93;4069152
FR0000130577;02/11/15;58.77;59.60;58.60;59.43;1192656
FR0000130577;03/11/15;59.52;59.52;58.89;59.00;686592
FR0000130577;04/11/15;59.14;59.62;58.93;59.27;1141753
FR0000130577;05/11/15;59.46;59.48;58.78;58.97;1219418
FR0000130577;06/11/15;59.14;60.08;58.64;59.79;842606
FR0000130577;09/11/15;59.90;60.07;59.24;59.37;580005
FR0000130577;10/11/15;59.77;59.77;58.88;59.31;659765
FR0000130577;11/11/15;59.54;60.32;59.47;59.62;622075
FR0000130577;12/11/15;59.64;59.65;58.24;58.24;887016
FR0000130577;13/11/15;58.10;58.24;56.41;57.12;1113170
FR0000130577;16/11/15;56.66;57.12;56.32;56.84;504443
FR0000130577;17/11/15;57.52;58.69;57.45;58.50;834773
FR0000130577;18/11/15;58.35;58.49;57.54;57.95;572782
FR0000130577;19/11/15;58.22;59.21;58.14;58.63;566588
FR0000130577;20/11/15;58.69;58.87;57.74;57.74;1002156
FR0000130577;23/11/15;57.83;57.83;56.90;57.02;651836
FR0000130577;24/11/15;56.57;56.84;55.70;55.88;1308185
FR0000130577;25/11/15;56.20;58.53;56.20;58.44;1178996
FR0000130577;26/11/15;58.50;60.00;58.16;59.81;1058347
FR0000130577;27/11/15;59.51;60.00;59.46;59.54;569802
FR0000130577;30/11/15;59.55;60.33;59.27;59.72;932246
FR0000130809;02/11/15;41.94;43.065;41.93;42.725;2489681
FR0000130809;03/11/15;42.795;42.92;42.065;42.51;2703990
FR0000130809;04/11/15;42.60;43.065;42.41;42.46;3342100
FR0000130809;05/11/15;44.50;45.41;44.02;44.145;7575111
FR0000130809;06/11/15;44.26;45.90;44.26;45.405;5238080
FR0000130809;09/11/15;45.50;45.90;44.885;44.95;2426549
FR0000130809;10/11/15;45.26;45.37;44.205;44.82;2751455
FR0000130809;11/11/15;44.70;45.275;44.545;44.95;1800213
FR0000130809;12/11/15;44.885;44.97;43.98;44.05;2887326
FR0000130809;13/11/15;43.80;44.47;43.28;43.86;2553885
FR0000130809;16/11/15;43.11;43.87;43.095;43.41;2423897
FR0000130809;17/11/15;43.745;44.455;43.585;44.23;3161926
FR0000130809;18/11/15;44.135;44.535;44.01;44.345;2314669
FR0000130809;19/11/15;44.65;45.34;44.575;44.785;3235940
FR0000130809;20/11/15;44.95;45.04;43.74;44.025;3383745
FR0000130809;23/11/15;43.965;44.34;43.665;43.99;2121482
FR0000130809;24/11/15;43.675;44.06;42.92;43.495;3283035
FR0000130809;25/11/15;43.47;43.895;43.055;43.56;2682212
FR0000130809;26/11/15;43.50;44.975;43.425;44.53;2859628
FR0000130809;27/11/15;44.425;45.175;44.26;44.81;1730108
FR0000130809;30/11/15;44.86;45.60;44.74;45.18;2879554
FR0000131104;02/11/15;54.88;55.78;54.74;55.35;2972195
FR0000131104;03/11/15;55.27;55.59;54.69;55.31;3494318
FR0000131104;04/11/15;55.65;56.25;55.35;55.64;3137107
FR0000131104;05/11/15;55.94;56.62;55.40;55.87;3475651
FR0000131104;06/11/15;56.05;57.95;55.96;57.61;4714867
FR0000131104;09/11/15;57.81;58.17;57.02;57.05;2619483
FR0000131104;10/11/15;57.46;57.46;56.27;56.85;2981732
FR0000131104;11/11/15;57.00;57.68;56.71;57.27;2253535
FR0000131104;12/11/15;57.15;57.55;56.34;56.50;2647661
FR0000131104;13/11/15;56.22;57.00;55.41;56.14;2794795
FR0000131104;16/11/15;55.10;55.85;54.88;55.50;3295463
FR0000131104;17/11/15;55.85;56.69;55.69;56.51;3123020
FR0000131104;18/11/15;56.28;56.62;55.78;56.19;2641832
FR0000131104;19/11/15;56.75;57.32;56.28;56.47;2630334
FR0000131104;20/11/15;56.55;56.68;55.13;55.44;4072815
FR0000131104;23/11/15;55.36;55.66;54.93;55.36;2245093
FR0000131104;24/11/15;54.95;55.23;54.18;54.96;2970798
FR0000131104;25/11/15;55.10;55.35;54.28;55.07;3116248
FR0000131104;26/11/15;55.08;56.27;54.97;55.89;2280441
FR0000131104;27/11/15;55.70;56.48;55.61;56.02;1906123
FR0000131104;30/11/15;56.00;56.68;55.72;56.11;2572277
FR0000131906;02/11/15;85.23;89.93;85.23;89.35;1987793
FR0000131906;03/11/15;89.50;90.24;87.55;90.24;1852981
FR0000131906;04/11/15;89.92;95.19;88.07;91.00;3419242
FR0000131906;05/11/15;91.50;93.52;91.02;92.88;1655022
FR0000131906;06/11/15;92.84;93.90;90.90;92.98;1175479
FR0000131906;09/11/15;90.90;91.36;89.61;89.72;1482734
FR0000131906;10/11/15;90.33;90.48;88.62;90.17;1514710
FR0000131906;11/11/15;90.53;91.14;89.41;90.00;839669
FR0000131906;12/11/15;89.77;89.90;88.30;89.07;998504
FR0000131906;13/11/15;88.79;90.70;88.06;89.70;940762
FR0000131906;16/11/15;88.14;90.46;87.05;89.86;774468
FR0000131906;17/11/15;90.76;92.20;89.84;91.79;778604
FR0000131906;18/11/15;91.35;92.55;90.56;92.02;618166
FR0000131906;19/11/15;92.88;93.39;91.93;92.57;671538
FR0000131906;20/11/15;93.00;93.69;92.53;93.02;692161
FR0000131906;23/11/15;92.40;93.38;91.63;93.29;516247
FR0000131906;24/11/15;93.08;93.46;90.60;91.23;1498951
FR0000131906;25/11/15;90.60;90.70;87.53;90.53;2162776
FR0000131906;26/11/15;90.64;94.00;90.63;93.68;1197768
FR0000131906;27/11/15;93.31;94.42;92.89;94.08;726545
FR0000131906;30/11/15;94.00;95.87;93.65;95.51;924103
FR0000133308;02/11/15;15.87;16.115;15.855;15.905;6862304
FR0000133308;03/11/15;15.865;15.925;15.755;15.915;5475211
FR0000133308;04/11/15;16.00;16.395;15.985;16.00;11247915
FR0000133308;05/11/15;15.97;16.175;15.855;16.065;9362596
FR0000133308;06/11/15;16.095;16.475;16.025;16.43;9492002
FR0000133308;09/11/15;16.39;16.44;16.09;16.105;7828471
FR0000133308;10/11/15;16.26;16.47;16.185;16.40;6954636
FR0000133308;11/11/15;16.39;16.68;16.37;16.58;6241073
FR0000133308;12/11/15;16.51;16.70;16.13;16.27;8326819
FR0000133308;13/11/15;16.175;16.39;16.075;16.245;4718831
FR0000133308;16/11/15;16.115;16.38;16.02;16.36;5366717
FR0000133308;17/11/15;16.50;16.85;16.425;16.85;10210319
FR0000133308;18/11/15;16.75;16.88;16.57;16.825;6548094
FR0000133308;19/11/15;16.92;16.975;16.74;16.835;5061893
FR0000133308;20/11/15;16.845;16.85;16.505;16.54;12045369
FR0000133308;23/11/15;16.565;16.58;16.305;16.34;8231653
FR0000133308;24/11/15;16.285;16.325;15.99;16.16;7916627
FR0000133308;25/11/15;16.175;16.505;16.155;16.415;5780815
FR0000133308;26/11/15;16.36;16.66;16.355;16.66;3486580
FR0000133308;27/11/15;16.60;16.685;16.52;16.62;3188724
FR0000133308;30/11/15;16.595;16.80;16.335;16.36;9290981
FR0010208488;02/11/15;15.91;16.285;15.90;16.225;6021127
FR0010208488;03/11/15;16.185;16.185;15.995;16.15;5719632
FR0010208488;04/11/15;16.16;16.475;16.115;16.15;5394791
FR0010208488;05/11/15;16.31;16.555;16.16;16.235;8857410
FR0010208488;06/11/15;16.285;16.435;16.145;16.195;4772269
FR0010208488;09/11/15;16.14;16.20;15.86;15.905;4900884
FR0010208488;10/11/15;15.95;16.02;15.735;15.875;4631157
FR0010208488;11/11/15;15.91;16.155;15.84;15.875;4048777
FR0010208488;12/11/15;15.825;16.465;15.72;16.115;10524814
FR0010208488;13/11/15;16.10;16.41;15.945;16.05;6818983
FR0010208488;16/11/15;15.94;16.185;15.86;16.065;3555065
FR0010208488;17/11/15;16.145;16.49;15.89;16.47;7179903
FR0010208488;18/11/15;16.355;16.52;16.30;16.445;4364354
FR0010208488;19/11/15;16.505;16.73;16.455;16.58;3958968
FR0010208488;20/11/15;16.645;16.785;16.41;16.62;6423972
FR0010208488;23/11/15;16.64;16.645;16.32;16.405;3738850
FR0010208488;24/11/15;16.31;16.40;16.075;16.195;4539459
FR0010208488;25/11/15;16.21;16.49;16.165;16.175;6379070
FR0010208488;26/11/15;16.16;16.42;16.075;16.415;5262605
FR0010208488;27/11/15;16.39;16.45;16.245;16.29;2563607
FR0010208488;30/11/15;16.25;16.545;16.13;16.49;4844208
FR0010307819;02/11/15;49.525;50.57;49.40;50.12;457326
FR0010307819;03/11/15;50.30;50.41;49.695;50.02;439112
FR0010307819;04/11/15;50.10;50.60;50.07;50.46;541086
FR0010307819;05/11/15;51.65;53.10;51.37;52.55;1278373
FR0010307819;06/11/15;52.93;53.68;52.65;53.61;1123212
FR0010307819;09/11/15;53.70;53.70;52.89;52.92;645342
FR0010307819;10/11/15;52.98;53.07;52.45;52.90;579261
FR0010307819;11/11/15;53.17;53.57;52.86;52.96;594652
FR0010307819;12/11/15;52.94;53.00;52.15;52.24;495851
FR0010307819;13/11/15;52.03;52.30;51.80;52.00;544913
FR0010307819;16/11/15;51.80;52.38;51.67;52.38;452685
FR0010307819;17/11/15;52.83;53.83;52.80;53.83;798800
FR0010307819;18/11/15;53.49;53.66;52.89;53.34;486424
FR0010307819;19/11/15;53.60;53.83;53.37;53.45;626135
FR0010307819;20/11/15;53.51;53.78;53.28;53.60;706890
FR0010307819;23/11/15;53.51;53.70;53.11;53.51;354719
FR0010307819;24/11/15;53.51;53.54;52.70;53.17;603748
FR0010307819;25/11/15;53.33;54.81;53.22;54.57;644448
FR0010307819;26/11/15;54.58;54.80;54.48;54.59;496054
FR0010307819;27/11/15;54.41;54.90;54.19;54.79;399996
FR0010307819;30/11/15;54.79;55.68;54.57;55.68;773660
FR0013176526;02/11/15;46.3667;47.6667;46.35;47.4833;873822
FR0013176526;03/11/15;47.40;47.4667;46.50;47.25;993285
FR0013176526;04/11/15;46.90;46.9833;45.80;46.5833;1728570
FR0013176526;05/11/15;46.7333;46.90;46.1667;46.8667;1340385
FR0013176526;06/11/15;46.6667;47.8333;46.2333;47.5833;1070028
FR0013176526;09/11/15;47.45;47.5667;46.25;46.2667;980112
FR0013176526;10/11/15;46.4167;46.7333;45.70;46.7333;1281963
FR0013176526;11/11/15;46.75;47.25;46.50;46.8167;993351
FR0013176526;12/11/15;46.80;46.90;45.85;46.2833;823233
FR0013176526;13/11/15;46.0167;46.7667;45.50;46.05;961242
FR0013176526;16/11/15;45.50;46.90;45.4167;46.8167;930093
FR0013176526;17/11/15;47.2333;48.15;47.1833;47.9167;1190577
FR0013176526;18/11/15;47.7667;48.2667;47.1167;48.0167;849453
FR0013176526;19/11/15;48.3333;48.3667;47.65;48.00;824163
FR0013176526;20/11/15;48.0833;48.1667;47.4667;47.9667;876996
FR0013176526;23/11/15;47.6667;47.95;47.30;47.8333;455919
FR0013176526;24/11/15;47.6167;47.85;46.6833;46.9667;643512
FR0013176526;25/11/15;47.1333;48.35;46.8167;48.15;1048299
FR0013176526;26/11/15;48.05;49.4667;48.05;48.75;930768
FR0013176526;27/11/15;48.5667;48.9833;47.8833;48.3333;737148
FR0013176526;30/11/15;48.4167;48.95;48.2167;48.85;1105149
GB00BDSFG982;02/11/15;23.5425;23.7475;23.25;23.6475;1261296
GB00BDSFG982;03/11/15;23.6025;24.825;23.5925;24.745;2341234
GB00BDSFG982;04/11/15;24.875;26.535;24.875;25.965;3593658
GB00BDSFG982;05/11/15;25.795;25.80;24.875;25.005;2451924
GB00BDSFG982;06/11/15;24.8875;25.225;24.67;24.9525;1748208
GB00BDSFG982;09/11/15;24.985;25.83;24.985;24.995;1650280
GB00BDSFG982;10/11/15;25.075;25.12;24.3525;24.74;1953502
GB00BDSFG982;11/11/15;24.69;24.98;24.28;24.3375;1744822
GB00BDSFG982;12/11/15;24.1775;24.2325;23.555;23.7725;1440072
GB00BDSFG982;13/11/15;23.635;24.185;23.27;23.56;1353224
GB00BDSFG982;16/11/15;23.455;24.3325;23.4025;23.71;1408334
GB00BDSFG982;17/11/15;24.19;24.67;24.115;24.4225;1621094
GB00BDSFG982;18/11/15;24.2925;25.065;24.09;24.85;1348454
GB00BDSFG982;19/11/15;25.055;25.635;24.7625;24.88;1457144
GB00BDSFG982;20/11/15;24.8675;24.905;23.895;23.895;2225860
GB00BDSFG982;23/11/15;23.7275;24.275;23.30;23.86;1869428
GB00BDSFG982;24/11/15;23.9075;24.3025;23.4975;24.2275;1826752
GB00BDSFG982;25/11/15;24.225;24.385;23.7325;23.975;1385578
GB00BDSFG982;26/11/15;24.00;25.14;23.9125;25.12;1792954
GB00BDSFG982;27/11/15;24.9925;24.9925;24.32;24.70;1494032
GB00BDSFG982;30/11/15;24.61;24.99;24.5125;24.805;1524638
LU1598757687;02/11/15;15.087;15.852;15.03;15.825;5684507
LU1598757687;03/11/15;15.90;16.476;15.702;16.464;5822179
LU1598757687;04/11/15;16.20;16.62;15.603;15.651;9239934
LU1598757687;05/11/15;15.636;15.669;14.859;14.934;8424857
LU1598757687;06/11/15;14.40;15.51;14.175;15.00;11092789
LU1598757687;09/11/15;15.138;15.915;15.045;15.105;8184641
LU1598757687;10/11/15;15.30;15.516;14.526;14.601;9878783
LU1598757687;11/11/15;14.673;15.291;14.628;14.763;8886489
LU1598757687;12/11/15;14.805;14.88;13.821;13.842;9455896
LU1598757687;13/11/15;13.686;14.10;13.443;13.59;7661070
LU1598757687;16/11/15;13.446;14.085;13.41;13.494;7902181
LU1598757687;17/11/15;13.692;14.067;13.656;13.812;7413637
LU1598757687;18/11/15;13.758;14.64;13.617;14.472;7895164
LU1598757687;19/11/15;14.673;15.087;14.532;14.826;7564121
LU1598757687;20/11/15;14.79;15.075;14.445;14.475;5963793
LU1598757687;23/11/15;13.947;14.244;13.668;13.80;8880269
LU1598757687;24/11/15;13.695;13.992;13.563;13.785;6516755
LU1598757687;25/11/15;13.809;13.863;13.179;13.374;8101735
LU1598757687;26/11/15;13.62;14.22;13.506;14.19;6356126
LU1598757687;27/11/15;14.076;14.193;13.656;13.731;4495154
LU1598757687;30/11/15;13.701;13.974;13.527;13.926;5059779
NL0000226223;02/11/15;6.275;6.383;6.209;6.375;2677807
NL0000226223;03/11/15;6.35;6.46;6.312;6.46;2754243
NL0000226223;04/11/15;6.501;6.524;6.408;6.456;1968687
NL0000226223;05/11/15;6.497;6.557;6.415;6.493;2447593
NL0000226223;06/11/15;6.488;6.673;6.452;6.645;2968947
NL0000226223;09/11/15;6.671;6.77;6.638;6.652;1673796
NL0000226223;10/11/15;6.713;6.713;6.565;6.637;1707848
NL0000226223;11/11/15;6.621;6.732;6.585;6.628;2099071
NL0000226223;12/11/15;6.632;6.675;6.541;6.566;1409027
NL0000226223;13/11/15;6.513;6.537;6.395;6.468;2050073
NL0000226223;16/11/15;6.352;6.484;6.352;6.459;1087132
NL0000226223;17/11/15;6.503;6.618;6.477;6.579;1441254
NL0000226223;18/11/15;6.527;6.688;6.527;6.636;1642489
NL0000226223;19/11/15;6.686;6.728;6.60;6.66;1580250
NL0000226223;20/11/15;6.691;6.745;6.644;6.707;1267502
NL0000226223;23/11/15;6.733;6.774;6.64;6.75;1119454
NL0000226223;24/11/15;6.693;6.73;6.535;6.548;2121012
NL0000226223;25/11/15;6.566;6.652;6.516;6.639;2447505
NL0000226223;26/11/15;6.672;7.076;6.65;7.00;3581608
NL0000226223;27/11/15;6.949;7.003;6.814;6.865;1639881
NL0000226223;30/11/15;6.794;6.943;6.78;6.878;3390199
NL0000235190;02/11/15;62.05;64.15;61.90;63.59;1888898
NL0000235190;03/11/15;63.11;64.11;63.03;63.23;1892925
NL0000235190;04/11/15;63.42;64.98;63.42;64.01;2259763
NL0000235190;05/11/15;64.32;65.00;63.84;64.60;1962295
NL0000235190;06/11/15;64.93;66.57;63.87;66.10;3242457
NL0000235190;09/11/15;66.06;66.61;65.34;65.40;1621405
NL0000235190;10/11/15;65.61;66.14;64.76;66.02;1731106
NL0000235190;11/11/15;66.00;66.81;66.00;66.55;1407624
NL0000235190;12/11/15;66.18;66.54;63.12;64.06;3089191
NL0000235190;13/11/15;63.90;64.06;62.52;63.53;1990529
NL0000235190;16/11/15;62.41;63.78;62.30;63.46;1873815
NL0000235190;17/11/15;64.28;66.17;64.20;66.17;2966483
NL0000235190;18/11/15;65.69;66.05;65.30;65.78;2318226
NL0000235190;19/11/15;66.25;66.65;65.18;65.87;2456397
NL0000235190;20/11/15;65.98;66.47;65.39;66.42;2123447
NL0000235190;23/11/15;66.40;66.75;65.62;66.53;1804364
NL0000235190;24/11/15;66.33;66.33;64.43;65.59;2531675
NL0000235190;25/11/15;65.48;67.74;65.10;67.05;2614825
NL0000235190;26/11/15;66.90;68.41;66.66;68.15;1647139
NL0000235190;27/11/15;67.70;68.32;67.26;67.95;1488540
NL0000235190;30/11/15;67.87;68.48;67.78;68.44;1716185
