BE0003470755;01/07/15;124.45;126.55;123.85;125.15;269021
BE0003470755;02/07/15;125.15;125.35;123.95;124.15;173660
BE0003470755;03/07/15;124.00;124.00;122.35;122.80;192988
BE0003470755;06/07/15;122.10;123.20;121.15;121.65;204839
BE0003470755;07/07/15;121.80;121.80;118.35;118.35;309715
BE0003470755;08/07/15;118.20;119.35;117.45;118.70;257312
BE0003470755;09/07/15;119.45;121.50;119.00;121.15;276308
BE0003470755;10/07/15;123.00;124.30;122.50;124.15;218033
BE0003470755;13/07/15;125.10;127.55;124.70;127.10;299302
BE0003470755;14/07/15;127.25;127.30;126.05;126.45;153208
BE0003470755;15/07/15;126.35;128.05;126.20;127.90;168623
BE0003470755;16/07/15;128.75;129.30;128.00;128.40;164707
BE0003470755;17/07/15;129.05;129.90;128.75;129.35;162099
BE0003470755;20/07/15;130.00;130.35;129.60;129.90;129404
BE0003470755;21/07/15;129.95;130.75;129.75;129.90;146009
BE0003470755;22/07/15;129.50;129.60;127.75;128.00;201303
BE0003470755;23/07/15;128.55;128.70;127.50;128.40;131475
BE0003470755;24/07/15;127.75;128.20;126.50;126.85;217905
BE0003470755;27/07/15;126.45;126.45;123.60;124.15;218514
BE0003470755;28/07/15;124.50;128.00;123.75;128.00;331804
BE0003470755;29/07/15;125.90;128.55;122.65;124.20;651824
BE0003470755;30/07/15;125.00;125.00;119.55;121.20;552033
BE0003470755;31/07/15;123.60;123.70;121.00;121.75;459253
CH0012214059;09/07/15;70.00;71.80;69.75;71.55;1244741
CH0012214059;10/07/15;72.55;73.25;72.05;73.25;1300905
CH0012214059;13/07/15;70.066;70.066;70.066;70.066;20
CH0012214059;14/07/15;70.674;71.40;70.674;71.40;210
CH0012214059;15/07/15;71.40;72.58;70.97;71.70;769846
CH0012214059;16/07/15;72.46;73.78;72.08;72.23;612096
CH0012214059;17/07/15;72.19;72.39;71.30;71.60;369446
CH0012214059;20/07/15;71.59;71.81;70.39;70.61;345881
CH0012214059;21/07/15;70.93;71.11;69.92;69.92;337516
CH0012214059;22/07/15;69.68;70.08;68.34;68.70;529316
CH0012214059;23/07/15;69.00;69.07;68.13;68.37;431242
CH0012214059;24/07/15;68.00;68.69;67.37;67.37;421971
CH0012214059;27/07/15;66.50;67.06;64.58;64.58;598945
CH0012214059;28/07/15;64.66;65.27;64.10;65.07;549990
CH0012214059;29/07/15;63.45;65.45;60.90;64.73;759452
CH0012214059;30/07/15;63.99;63.99;62.75;63.41;396259
CH0012214059;31/07/15;63.60;64.00;63.06;63.06;296490
FR0000045072;01/07/15;13.52;13.84;13.41;13.675;7333724
FR0000045072;02/07/15;13.71;13.74;13.435;13.48;4003625
FR0000045072;03/07/15;13.42;13.50;13.27;13.37;3602578
FR0000045072;06/07/15;13.10;13.195;12.835;13.00;9653125
FR0000045072;07/07/15;13.05;13.05;12.625;12.65;7831656
FR0000045072;08/07/15;12.675;12.905;12.56;12.675;7679114
FR0000045072;09/07/15;12.785;13.305;12.765;13.20;7984065
FR0000045072;10/07/15;13.715;13.765;13.55;13.61;7239449
FR0000045072;13/07/15;13.80;14.07;13.755;14.02;8489561
FR0000045072;14/07/15;14.025;14.12;13.86;14.12;4193365
FR0000045072;15/07/15;14.115;14.25;14.065;14.195;3945452
FR0000045072;16/07/15;14.25;14.435;14.245;14.305;6527104
FR0000045072;17/07/15;14.34;14.36;14.15;14.215;4210403
FR0000045072;20/07/15;14.345;14.48;14.26;14.39;3890342
FR0000045072;21/07/15;14.40;14.475;14.25;14.33;4433064
FR0000045072;22/07/15;14.26;14.365;14.155;14.29;4947886
FR0000045072;23/07/15;14.40;14.44;14.255;14.385;4007734
FR0000045072;24/07/15;14.34;14.375;14.19;14.31;4209924
FR0000045072;27/07/15;14.24;14.245;14.01;14.075;5728905
FR0000045072;28/07/15;14.155;14.385;14.055;14.295;5776090
FR0000045072;29/07/15;14.335;14.40;14.02;14.19;4202567
FR0000045072;30/07/15;14.245;14.325;14.16;14.235;4646665
FR0000045072;31/07/15;14.23;14.355;14.16;14.345;4208846
FR0000051732;01/07/15;67.99;69.39;67.50;68.85;450514
FR0000051732;02/07/15;69.12;69.63;67.94;68.00;264686
FR0000051732;03/07/15;68.66;69.18;67.53;68.04;278632
FR0000051732;06/07/15;67.07;68.53;67.00;67.84;411172
FR0000051732;07/07/15;68.27;68.27;66.61;66.72;365571
FR0000051732;08/07/15;66.87;67.52;65.95;67.06;389651
FR0000051732;09/07/15;67.59;69.26;67.56;68.89;435818
FR0000051732;10/07/15;70.53;71.30;70.16;71.17;489400
FR0000051732;13/07/15;71.69;72.80;71.62;72.51;339922
FR0000051732;14/07/15;72.52;72.63;71.37;71.83;374443
FR0000051732;15/07/15;71.21;72.05;70.93;72.01;511067
FR0000051732;16/07/15;72.40;72.70;71.70;72.06;490826
FR0000051732;17/07/15;72.68;72.90;71.87;72.11;465864
FR0000051732;20/07/15;72.50;73.33;72.13;72.95;329375
FR0000051732;21/07/15;73.43;73.47;72.00;72.30;359801
FR0000051732;22/07/15;71.89;71.89;71.35;71.61;341984
FR0000051732;23/07/15;72.20;72.34;71.58;71.93;308248
FR0000051732;24/07/15;71.89;72.32;70.86;71.31;436974
FR0000051732;27/07/15;71.18;71.94;70.25;70.35;388667
FR0000051732;28/07/15;70.79;71.00;70.00;70.59;374395
FR0000051732;29/07/15;72.15;72.50;67.81;68.81;964042
FR0000051732;30/07/15;69.56;69.61;67.88;69.14;572619
FR0000051732;31/07/15;69.48;69.73;68.91;69.32;359779
FR0000073272;01/07/15;61.31;62.57;60.98;62.13;1050420
FR0000073272;02/07/15;62.30;62.34;61.00;61.00;781924
FR0000073272;03/07/15;60.91;61.24;60.45;61.00;672060
FR0000073272;06/07/15;59.80;60.62;59.44;60.30;790724
FR0000073272;07/07/15;60.39;60.61;58.95;58.95;922747
FR0000073272;08/07/15;59.11;60.45;58.94;60.12;921662
FR0000073272;09/07/15;60.45;61.25;60.27;60.88;703740
FR0000073272;10/07/15;62.45;62.87;61.72;62.74;833459
FR0000073272;13/07/15;63.44;63.85;63.12;63.60;776559
FR0000073272;14/07/15;63.78;64.95;63.66;64.90;926245
FR0000073272;15/07/15;65.03;65.99;64.86;65.56;760054
FR0000073272;16/07/15;66.00;66.23;65.69;66.07;1030079
FR0000073272;17/07/15;66.27;66.30;65.91;66.00;841134
FR0000073272;20/07/15;66.13;66.69;65.62;65.78;641919
FR0000073272;21/07/15;65.81;66.17;64.62;64.73;695310
FR0000073272;22/07/15;64.34;64.50;62.92;63.27;1072044
FR0000073272;23/07/15;63.60;63.80;62.65;62.84;855576
FR0000073272;24/07/15;62.80;63.55;62.55;62.60;765314
FR0000073272;27/07/15;62.50;62.76;59.71;59.94;1668216
FR0000073272;28/07/15;60.02;61.40;60.02;60.98;818430
FR0000073272;29/07/15;61.15;61.49;60.70;61.35;832320
FR0000073272;30/07/15;65.22;67.56;64.90;67.51;2564642
FR0000073272;31/07/15;67.20;68.96;67.20;68.86;1321590
FR0000120073;01/07/15;104.50;106.6364;103.3182;105.2273;1398822
FR0000120073;02/07/15;105.3182;105.7273;103.8636;103.9091;771494
FR0000120073;03/07/15;104.8182;104.8182;103.2273;103.7273;699549
FR0000120073;06/07/15;101.9091;103.6364;101.5909;101.8636;1082942
FR0000120073;07/07/15;102.1364;102.1818;99.1818;99.2273;1700330
FR0000120073;08/07/15;99.2727;100.5909;99.1364;99.7727;1159951
FR0000120073;09/07/15;100.5909;103.3636;100.3182;102.8636;1499648
FR0000120073;10/07/15;105.4545;106.3182;104.5455;106.00;1383643
FR0000120073;13/07/15;107.8182;108.3636;107.0909;108.00;1181324
FR0000120073;14/07/15;108.00;108.1818;107.4545;108.0455;795186
FR0000120073;15/07/15;108.0909;108.9091;107.8636;108.7727;647628
FR0000120073;16/07/15;109.00;110.2273;108.7727;109.5909;1047000
FR0000120073;17/07/15;109.8182;110.2727;109.2273;109.7727;892139
FR0000120073;20/07/15;110.2273;111.1364;109.7727;110.00;808427
FR0000120073;21/07/15;110.3182;110.5909;109.0454;109.2727;819333
FR0000120073;22/07/15;108.7273;109.2273;108.0455;108.1364;708326
FR0000120073;23/07/15;108.6364;108.7273;107.3182;107.6818;592994
FR0000120073;24/07/15;107.2727;108.3182;106.6818;106.8636;657925
FR0000120073;27/07/15;106.4545;106.5454;104.2727;104.4091;898625
FR0000120073;28/07/15;105.1364;106.1364;104.50;105.6818;746839
FR0000120073;29/07/15;106.00;106.5454;103.0455;105.00;1474731
FR0000120073;30/07/15;106.8182;106.8636;105.5455;106.4091;725708
FR0000120073;31/07/15;106.2727;107.7727;106.0909;107.7727;830641
FR0000120172;01/07/15;28.93;29.385;28.59;29.005;4065289
FR0000120172;02/07/15;29.015;29.12;28.59;28.65;2744216
FR0000120172;03/07/15;28.60;28.635;28.205;28.47;2292077
FR0000120172;06/07/15;28.00;28.395;27.685;28.00;3580981
FR0000120172;07/07/15;28.165;28.165;27.425;27.50;4959482
FR0000120172;08/07/15;27.565;27.955;27.50;27.68;3271452
FR0000120172;09/07/15;27.84;28.38;27.775;28.25;3984920
FR0000120172;10/07/15;28.84;29.24;28.67;29.06;3939766
FR0000120172;13/07/15;29.44;29.94;29.325;29.865;3265064
FR0000120172;14/07/15;29.82;30.00;29.74;29.99;2141112
FR0000120172;15/07/15;29.98;30.215;29.91;30.13;1971839
FR0000120172;16/07/15;30.15;31.015;30.13;30.97;3898365
FR0000120172;17/07/15;31.06;31.28;30.92;31.03;2557899
FR0000120172;20/07/15;31.085;31.495;31.005;31.395;2718340
FR0000120172;21/07/15;31.45;31.58;31.15;31.235;2472005
FR0000120172;22/07/15;31.195;31.68;31.17;31.565;2114258
FR0000120172;23/07/15;31.80;31.80;31.215;31.315;1777586
FR0000120172;24/07/15;31.255;31.575;31.09;31.195;2109905
FR0000120172;27/07/15;31.085;31.115;30.355;30.42;3209273
FR0000120172;28/07/15;30.52;31.115;30.46;30.93;2466230
FR0000120172;29/07/15;31.01;31.18;30.74;30.88;2069171
FR0000120172;30/07/15;30.925;31.125;30.665;30.935;1801688
FR0000120172;31/07/15;30.81;31.265;30.80;31.255;2118645
FR0000120271;01/07/15;44.23;44.97;43.56;43.89;8434832
FR0000120271;02/07/15;44.00;44.405;43.695;43.905;5143296
FR0000120271;03/07/15;44.00;44.015;42.95;43.785;6877396
FR0000120271;06/07/15;42.655;43.37;42.60;42.90;10351728
FR0000120271;07/07/15;42.80;42.975;41.985;42.005;10873832
FR0000120271;08/07/15;41.97;42.565;41.885;42.245;7107898
FR0000120271;09/07/15;42.45;43.595;42.155;43.305;5878357
FR0000120271;10/07/15;44.405;44.985;43.915;44.345;7477091
FR0000120271;13/07/15;45.29;45.425;44.315;44.675;6831224
FR0000120271;14/07/15;44.50;45.18;44.26;45.10;5751233
FR0000120271;15/07/15;45.145;45.48;45.00;45.25;5499974
FR0000120271;16/07/15;45.45;46.18;45.095;45.74;6016539
FR0000120271;17/07/15;45.915;46.105;45.475;45.64;4987654
FR0000120271;20/07/15;45.795;46.29;45.36;45.665;3520778
FR0000120271;21/07/15;45.595;45.815;45.21;45.435;4444138
FR0000120271;22/07/15;44.935;45.155;44.55;44.63;4988139
FR0000120271;23/07/15;44.865;44.94;44.30;44.63;3896696
FR0000120271;24/07/15;44.65;45.065;44.075;44.245;4726542
FR0000120271;27/07/15;43.95;43.99;42.905;42.98;7925234
FR0000120271;28/07/15;43.22;43.25;42.765;43.215;5997062
FR0000120271;29/07/15;44.08;44.50;43.30;44.315;6439970
FR0000120271;30/07/15;44.675;45.72;44.535;44.96;7191206
FR0000120271;31/07/15;44.96;45.155;44.535;45.075;7461819
FR0000120321;01/07/15;159.30;163.40;158.10;160.85;1048642
FR0000120321;02/07/15;161.05;162.20;158.95;159.35;566744
FR0000120321;03/07/15;159.05;160.05;157.65;158.35;428076
FR0000120321;06/07/15;155.00;158.60;154.50;155.90;788245
FR0000120321;07/07/15;155.90;156.70;153.80;153.95;776968
FR0000120321;08/07/15;154.15;156.35;153.90;155.60;730968
FR0000120321;09/07/15;156.45;160.40;155.95;159.75;683302
FR0000120321;10/07/15;163.75;165.15;162.65;164.65;859863
FR0000120321;13/07/15;167.75;168.30;165.20;166.60;721586
FR0000120321;14/07/15;167.00;168.90;166.60;168.90;522204
FR0000120321;15/07/15;168.30;169.80;167.20;169.60;525991
FR0000120321;16/07/15;170.00;172.30;169.80;171.05;691518
FR0000120321;17/07/15;171.45;171.90;169.85;170.35;572433
FR0000120321;20/07/15;171.00;173.60;170.80;172.45;484839
FR0000120321;21/07/15;173.10;173.20;169.85;170.15;497490
FR0000120321;22/07/15;169.45;170.55;168.50;168.90;546841
FR0000120321;23/07/15;170.45;170.65;167.95;169.05;381006
FR0000120321;24/07/15;168.95;171.50;168.90;169.40;500729
FR0000120321;27/07/15;168.65;169.45;165.90;166.15;555397
FR0000120321;28/07/15;167.05;168.60;166.50;167.75;443415
FR0000120321;29/07/15;168.15;170.35;167.05;169.90;852520
FR0000120321;30/07/15;171.00;171.15;168.75;170.35;576781
FR0000120321;31/07/15;169.10;172.90;168.65;170.35;856951
FR0000120404;01/07/15;45.785;46.965;45.42;46.46;1213579
FR0000120404;02/07/15;46.495;46.63;45.355;45.435;924456
FR0000120404;03/07/15;45.495;45.93;45.045;45.18;664477
FR0000120404;06/07/15;44.59;44.95;44.225;44.34;1343502
FR0000120404;07/07/15;44.39;44.775;43.01;43.21;1660629
FR0000120404;08/07/15;43.37;44.375;42.705;44.005;1900933
FR0000120404;09/07/15;44.185;44.745;43.82;44.345;1055509
FR0000120404;10/07/15;45.675;46.675;45.40;46.575;1633946
FR0000120404;13/07/15;47.11;47.745;46.97;47.525;1419888
FR0000120404;14/07/15;47.555;48.31;47.14;47.29;892560
FR0000120404;15/07/15;47.36;47.36;46.93;46.93;1205489
FR0000120404;16/07/15;47.13;47.71;47.07;47.635;1449956
FR0000120404;17/07/15;47.945;48.095;47.60;47.76;604835
FR0000120404;20/07/15;48.00;48.005;47.38;47.515;874634
FR0000120404;21/07/15;47.69;47.855;46.955;47.02;644067
FR0000120404;22/07/15;46.95;47.615;46.845;47.545;790062
FR0000120404;23/07/15;48.045;48.175;47.06;47.42;611904
FR0000120404;24/07/15;47.225;47.765;46.90;46.96;654196
FR0000120404;27/07/15;46.55;46.67;45.11;45.205;1439430
FR0000120404;28/07/15;45.35;46.025;44.945;45.445;886194
FR0000120404;29/07/15;45.725;45.795;45.125;45.54;1516894
FR0000120404;30/07/15;44.50;45.47;44.09;45.00;1644742
FR0000120404;31/07/15;45.22;45.22;44.435;44.675;1197473
FR0000120503;01/07/15;33.90;34.145;33.465;33.77;1592349
FR0000120503;02/07/15;33.50;33.635;33.09;33.185;1662515
FR0000120503;03/07/15;33.30;33.395;32.77;32.93;1249310
FR0000120503;06/07/15;32.495;32.575;31.89;31.97;1658220
FR0000120503;07/07/15;32.39;32.395;31.10;31.10;2032240
FR0000120503;08/07/15;31.17;31.38;30.725;30.985;2437547
FR0000120503;09/07/15;31.065;31.435;30.99;31.085;1985851
FR0000120503;10/07/15;31.785;31.825;30.965;31.575;2489390
FR0000120503;13/07/15;31.665;32.04;31.49;31.735;1849739
FR0000120503;14/07/15;31.81;32.00;31.66;31.835;836712
FR0000120503;15/07/15;31.89;32.29;31.74;32.29;1860882
FR0000120503;16/07/15;32.49;33.335;32.39;33.12;1999675
FR0000120503;17/07/15;33.20;33.535;33.13;33.38;1418020
FR0000120503;20/07/15;33.38;34.005;33.38;33.56;1105762
FR0000120503;21/07/15;33.60;33.81;33.375;33.515;1302774
FR0000120503;22/07/15;33.95;34.34;33.65;34.24;1321198
FR0000120503;23/07/15;34.41;34.49;34.11;34.195;997843
FR0000120503;24/07/15;34.06;34.34;33.99;34.095;640154
FR0000120503;27/07/15;33.87;33.90;33.155;33.195;801469
FR0000120503;28/07/15;33.40;33.63;33.065;33.63;1019122
FR0000120503;29/07/15;33.735;34.245;32.94;33.535;1869709
FR0000120503;30/07/15;33.665;33.90;33.44;33.715;647199
FR0000120503;31/07/15;33.545;33.625;33.13;33.415;1061373
FR0000120578;01/07/15;89.04;90.81;88.15;89.70;4808663
FR0000120578;02/07/15;90.50;90.82;89.02;89.08;2669785
FR0000120578;03/07/15;88.86;89.15;87.65;88.18;2142646
FR0000120578;06/07/15;86.37;88.35;86.10;87.16;3487545
FR0000120578;07/07/15;87.85;87.87;86.01;86.03;4283176
FR0000120578;08/07/15;86.09;87.44;86.04;87.02;3266503
FR0000120578;09/07/15;87.45;89.63;86.90;89.38;2851946
FR0000120578;10/07/15;91.56;92.98;90.86;92.47;4145013
FR0000120578;13/07/15;94.59;95.42;94.32;95.02;4427290
FR0000120578;14/07/15;95.22;96.62;94.93;96.62;2632738
FR0000120578;15/07/15;96.38;97.44;95.89;97.40;3153429
FR0000120578;16/07/15;97.50;99.38;97.50;98.79;3556315
FR0000120578;17/07/15;98.97;99.47;98.53;99.06;2762475
FR0000120578;20/07/15;98.00;99.83;97.93;98.49;2491815
FR0000120578;21/07/15;98.67;98.92;97.09;97.40;2637124
FR0000120578;22/07/15;96.80;97.92;96.74;97.45;1754939
FR0000120578;23/07/15;98.49;98.71;97.38;98.25;2239764
FR0000120578;24/07/15;97.70;99.10;97.70;98.17;2562177
FR0000120578;27/07/15;97.27;97.65;96.10;96.10;3176720
FR0000120578;28/07/15;96.33;97.50;96.21;96.88;2297688
FR0000120578;29/07/15;97.53;98.00;97.01;98.00;2174250
FR0000120578;30/07/15;99.12;99.52;96.12;97.77;2687598
FR0000120578;31/07/15;97.84;98.00;96.82;97.97;3006003
FR0000120628;01/07/15;22.94;23.405;22.675;23.005;13194736
FR0000120628;02/07/15;22.98;23.06;22.58;22.60;6817656
FR0000120628;03/07/15;22.605;22.725;22.415;22.545;6124554
FR0000120628;06/07/15;22.00;22.15;21.68;21.81;10679107
FR0000120628;07/07/15;21.81;21.925;21.11;21.14;11350790
FR0000120628;08/07/15;21.14;21.56;21.07;21.455;8241093
FR0000120628;09/07/15;21.56;22.195;21.50;22.095;7921076
FR0000120628;10/07/15;22.80;23.255;22.80;23.015;11685246
FR0000120628;13/07/15;23.50;23.77;23.25;23.665;9542749
FR0000120628;14/07/15;23.595;23.81;23.47;23.81;5044086
FR0000120628;15/07/15;23.735;23.965;23.715;23.895;6168876
FR0000120628;16/07/15;23.99;24.55;23.89;24.495;10447932
FR0000120628;17/07/15;24.60;24.62;24.31;24.485;6076042
FR0000120628;20/07/15;24.48;24.88;24.48;24.63;4715289
FR0000120628;21/07/15;24.63;24.69;24.31;24.35;4312850
FR0000120628;22/07/15;24.015;24.585;24.005;24.41;5042873
FR0000120628;23/07/15;24.60;24.685;24.325;24.605;5174808
FR0000120628;24/07/15;24.55;24.61;24.065;24.115;9095769
FR0000120628;27/07/15;24.02;24.02;23.62;23.70;6441128
FR0000120628;28/07/15;23.83;24.17;23.76;24.015;5401836
FR0000120628;29/07/15;24.11;24.21;23.89;23.995;5221708
FR0000120628;30/07/15;24.10;24.20;23.90;24.15;4590266
FR0000120628;31/07/15;24.165;24.19;23.75;24.00;7139480
FR0000120644;01/07/15;58.52;59.60;57.98;59.20;2527041
FR0000120644;02/07/15;59.50;59.71;58.91;59.14;1685827
FR0000120644;03/07/15;59.10;59.31;58.33;58.70;1063018
FR0000120644;06/07/15;57.64;58.70;57.33;58.09;1817849
FR0000120644;07/07/15;58.06;58.40;57.46;57.50;2150542
FR0000120644;08/07/15;57.74;58.31;57.67;57.93;1790370
FR0000120644;09/07/15;58.20;59.64;58.04;59.40;1710105
FR0000120644;10/07/15;60.71;61.18;60.41;60.94;2053356
FR0000120644;13/07/15;61.90;62.20;61.39;61.63;1776840
FR0000120644;14/07/15;61.50;62.21;61.50;62.15;1103492
FR0000120644;15/07/15;61.50;61.88;61.00;61.73;2107229
FR0000120644;16/07/15;62.00;63.16;61.88;62.69;1547308
FR0000120644;17/07/15;62.61;62.69;62.06;62.53;1261020
FR0000120644;20/07/15;62.42;63.20;62.42;62.88;883378
FR0000120644;21/07/15;63.23;63.33;62.24;62.39;1125569
FR0000120644;22/07/15;62.23;62.93;62.22;62.52;1023961
FR0000120644;23/07/15;62.77;63.15;61.86;62.16;1669208
FR0000120644;24/07/15;61.94;62.48;61.03;61.84;1828522
FR0000120644;27/07/15;61.37;61.56;60.30;60.37;1495619
FR0000120644;28/07/15;60.71;61.13;60.26;60.85;1263911
FR0000120644;29/07/15;61.00;61.45;60.78;61.36;1354755
FR0000120644;30/07/15;61.51;61.57;60.99;61.57;1250403
FR0000120644;31/07/15;61.58;61.71;60.97;61.69;1571016
FR0000120693;01/07/15;104.25;106.75;103.80;105.70;538169
FR0000120693;02/07/15;106.00;106.20;104.75;105.05;506871
FR0000120693;03/07/15;104.75;105.20;103.95;104.00;295555
FR0000120693;06/07/15;101.40;103.95;101.10;103.25;549756
FR0000120693;07/07/15;103.45;104.25;102.35;102.60;636105
FR0000120693;08/07/15;103.20;103.80;101.95;101.95;716946
FR0000120693;09/07/15;102.20;103.75;101.95;103.40;671884
FR0000120693;10/07/15;105.20;106.50;104.35;106.25;657026
FR0000120693;13/07/15;107.45;108.35;106.95;108.20;609791
FR0000120693;14/07/15;107.85;109.65;107.75;109.60;449436
FR0000120693;15/07/15;109.65;109.65;108.65;109.35;420706
FR0000120693;16/07/15;109.55;111.25;109.35;110.50;431424
FR0000120693;17/07/15;110.70;110.80;109.80;110.50;443435
FR0000120693;20/07/15;110.90;111.45;110.65;111.30;385159
FR0000120693;21/07/15;111.20;111.70;110.35;110.70;407919
FR0000120693;22/07/15;110.05;111.00;109.80;110.00;329023
FR0000120693;23/07/15;110.95;110.95;109.40;110.20;275720
FR0000120693;24/07/15;109.80;111.30;109.65;109.75;287605
FR0000120693;27/07/15;109.30;109.55;106.80;106.80;430815
FR0000120693;28/07/15;107.30;108.10;106.80;107.85;285098
FR0000120693;29/07/15;108.10;108.65;107.20;108.00;357881
FR0000120693;30/07/15;108.35;108.85;107.50;108.80;422451
FR0000120693;31/07/15;108.90;109.35;108.50;109.05;557045
FR0000121014;01/07/15;159.65;163.25;157.90;161.65;1347879
FR0000121014;02/07/15;162.40;162.45;158.75;158.90;732236
FR0000121014;03/07/15;159.00;159.65;156.95;157.65;602073
FR0000121014;06/07/15;154.70;156.10;152.90;153.25;1261260
FR0000121014;07/07/15;154.30;154.35;147.95;147.95;1508259
FR0000121014;08/07/15;149.45;151.35;149.00;149.35;1476190
FR0000121014;09/07/15;150.60;154.10;150.40;153.40;1281695
FR0000121014;10/07/15;157.10;159.30;155.65;158.75;1281926
FR0000121014;13/07/15;160.90;162.70;160.90;162.00;1254659
FR0000121014;14/07/15;161.70;162.70;160.25;162.70;626028
FR0000121014;15/07/15;162.75;162.95;161.20;161.50;838607
FR0000121014;16/07/15;162.50;164.60;162.00;162.30;1503743
FR0000121014;17/07/15;163.00;167.10;162.65;166.95;1186561
FR0000121014;20/07/15;167.80;170.05;166.60;169.15;875068
FR0000121014;21/07/15;169.25;170.50;167.75;168.35;745660
FR0000121014;22/07/15;167.10;169.00;166.85;167.50;571982
FR0000121014;23/07/15;168.55;169.00;166.45;167.20;591934
FR0000121014;24/07/15;167.20;169.95;165.60;166.05;737957
FR0000121014;27/07/15;165.45;166.00;160.80;160.95;882606
FR0000121014;28/07/15;164.15;166.80;163.55;165.80;1128499
FR0000121014;29/07/15;171.05;172.00;168.70;169.00;1726840
FR0000121014;30/07/15;169.30;169.80;166.80;168.60;874426
FR0000121014;31/07/15;168.55;170.70;167.95;170.70;840974
FR0000121220;01/07/15;85.87;87.88;85.73;87.05;267792
FR0000121220;02/07/15;86.91;87.22;85.77;85.99;231740
FR0000121220;03/07/15;85.91;86.20;85.01;85.25;200098
FR0000121220;06/07/15;84.21;85.73;84.09;85.06;302017
FR0000121220;07/07/15;85.48;85.76;84.60;84.60;247736
FR0000121220;08/07/15;82.00;85.01;81.05;84.48;447676
FR0000121220;09/07/15;84.72;85.03;84.15;84.81;244603
FR0000121220;10/07/15;86.28;86.54;85.49;86.27;217888
FR0000121220;13/07/15;86.82;87.97;86.80;87.71;235184
FR0000121220;14/07/15;87.74;87.94;86.85;87.50;208695
FR0000121220;15/07/15;87.75;87.75;87.11;87.74;179502
FR0000121220;16/07/15;87.92;88.85;87.62;88.66;223629
FR0000121220;17/07/15;88.92;89.11;88.27;88.72;256761
FR0000121220;20/07/15;88.99;89.30;88.61;88.91;129796
FR0000121220;21/07/15;89.16;89.38;87.71;88.03;161407
FR0000121220;22/07/15;87.51;88.24;87.34;87.56;147359
FR0000121220;23/07/15;88.19;88.19;86.66;87.24;157073
FR0000121220;24/07/15;87.20;89.00;86.47;86.65;128307
FR0000121220;27/07/15;86.06;86.18;85.00;85.08;213188
FR0000121220;28/07/15;85.31;86.57;85.02;85.77;211569
FR0000121220;29/07/15;85.95;86.30;85.13;85.44;290146
FR0000121220;30/07/15;85.53;85.68;84.47;85.16;327849
FR0000121220;31/07/15;85.22;85.49;84.51;84.86;218665
FR0000121261;01/07/15;95.01;96.85;94.51;95.71;743577
FR0000121261;02/07/15;95.78;96.21;94.40;94.47;571305
FR0000121261;03/07/15;94.45;94.82;93.45;94.00;412964
FR0000121261;06/07/15;92.49;93.77;92.03;92.88;611223
FR0000121261;07/07/15;93.19;93.64;91.35;91.55;819500
FR0000121261;08/07/15;91.59;92.10;90.47;90.72;729916
FR0000121261;09/07/15;91.54;94.23;91.17;93.42;719902
FR0000121261;10/07/15;95.27;95.38;93.92;94.15;658460
FR0000121261;13/07/15;95.77;96.52;94.83;95.54;660958
FR0000121261;14/07/15;95.75;96.04;94.31;96.01;549900
FR0000121261;15/07/15;96.11;96.12;95.23;95.45;521685
FR0000121261;16/07/15;95.56;98.32;95.56;97.00;655524
FR0000121261;17/07/15;97.85;98.44;96.58;97.30;455446
FR0000121261;20/07/15;97.89;98.72;97.34;98.45;418287
FR0000121261;21/07/15;99.18;99.80;98.51;98.81;498837
FR0000121261;22/07/15;98.48;98.81;97.88;98.45;384050
FR0000121261;23/07/15;99.28;99.35;98.05;98.73;426426
FR0000121261;24/07/15;98.56;98.82;96.29;96.65;494688
FR0000121261;27/07/15;96.18;96.57;93.85;94.50;817946
FR0000121261;28/07/15;90.90;91.00;87.80;88.76;2355706
FR0000121261;29/07/15;89.70;89.71;87.50;88.12;1207572
FR0000121261;30/07/15;88.86;89.71;88.02;89.30;711796
FR0000121261;31/07/15;89.40;89.53;88.60;89.20;601139
FR0000121485;01/07/15;162.05;166.10;161.05;165.00;552013
FR0000121485;02/07/15;164.85;164.85;161.60;162.65;405782
FR0000121485;03/07/15;162.65;163.50;161.40;161.40;368160
FR0000121485;06/07/15;159.20;162.40;158.20;160.60;406026
FR0000121485;07/07/15;159.95;159.95;154.65;154.65;451294
FR0000121485;08/07/15;155.00;155.75;154.40;155.55;402306
FR0000121485;09/07/15;156.45;159.40;155.95;158.95;275798
FR0000121485;10/07/15;162.00;163.15;160.75;163.00;319153
FR0000121485;13/07/15;164.05;165.10;163.35;164.85;272340
FR0000121485;14/07/15;164.70;165.40;164.25;165.40;183848
FR0000121485;15/07/15;165.45;165.50;163.35;163.85;277433
FR0000121485;16/07/15;164.55;167.55;164.35;167.10;350043
FR0000121485;17/07/15;167.40;167.70;165.75;167.10;204209
FR0000121485;20/07/15;167.95;170.00;167.70;169.85;240083
FR0000121485;21/07/15;170.00;171.05;168.95;169.55;214789
FR0000121485;22/07/15;168.65;169.75;168.25;168.40;207507
FR0000121485;23/07/15;169.65;169.75;168.55;168.90;212353
FR0000121485;24/07/15;168.65;170.50;166.80;167.35;279107
FR0000121485;27/07/15;167.90;167.90;163.30;163.40;316876
FR0000121485;28/07/15;173.10;176.70;171.70;172.50;1082143
FR0000121485;29/07/15;173.65;173.65;171.80;173.05;446153
FR0000121485;30/07/15;173.55;176.30;173.05;175.00;372783
FR0000121485;31/07/15;175.00;175.60;173.75;175.60;330352
FR0000121501;01/07/15;18.81;19.455;18.635;19.08;6709299
FR0000121501;02/07/15;19.16;19.40;18.77;18.78;4546733
FR0000121501;03/07/15;18.755;19.04;18.71;18.815;3087195
FR0000121501;06/07/15;18.40;18.70;18.24;18.595;5487711
FR0000121501;07/07/15;18.60;18.66;17.725;17.725;6847336
FR0000121501;08/07/15;17.70;17.705;16.96;17.205;10133535
FR0000121501;09/07/15;17.305;18.095;17.25;17.855;5846381
FR0000121501;10/07/15;18.40;18.63;18.375;18.53;6071532
FR0000121501;13/07/15;18.835;19.105;18.325;18.415;6635959
FR0000121501;14/07/15;18.305;18.335;17.76;18.035;6741064
FR0000121501;15/07/15;18.07;18.27;17.895;18.145;5214233
FR0000121501;16/07/15;18.40;18.60;18.175;18.205;5988222
FR0000121501;17/07/15;18.385;18.385;18.08;18.23;3832493
FR0000121501;20/07/15;18.325;18.685;18.165;18.57;3059177
FR0000121501;21/07/15;18.645;18.975;18.56;18.635;3462895
FR0000121501;22/07/15;18.50;18.875;18.42;18.86;3354843
FR0000121501;23/07/15;19.00;19.075;18.495;18.86;3945994
FR0000121501;24/07/15;18.87;18.935;17.82;17.89;6218075
FR0000121501;27/07/15;17.865;18.11;17.19;17.27;7445775
FR0000121501;28/07/15;17.40;17.98;17.135;17.785;7027818
FR0000121501;29/07/15;18.56;18.96;18.06;18.86;10986975
FR0000121501;30/07/15;18.955;18.955;18.01;18.11;9995080
FR0000121501;31/07/15;18.15;18.475;18.015;18.245;8123284
FR0000121667;01/07/15;108.30;110.65;107.05;109.25;724846
FR0000121667;02/07/15;109.50;110.15;107.30;107.30;578020
FR0000121667;03/07/15;107.10;107.85;106.50;107.15;402961
FR0000121667;06/07/15;105.30;106.60;104.55;105.05;783446
FR0000121667;07/07/15;105.40;105.75;103.35;103.50;764316
FR0000121667;08/07/15;103.75;105.20;103.55;104.55;601996
FR0000121667;09/07/15;105.30;108.55;104.90;108.10;744711
FR0000121667;10/07/15;111.10;111.95;110.20;111.60;932712
FR0000121667;13/07/15;113.55;114.35;113.00;113.65;602898
FR0000121667;14/07/15;113.75;115.55;113.65;115.55;368527
FR0000121667;15/07/15;115.10;117.25;115.05;117.05;522617
FR0000121667;16/07/15;117.95;120.15;117.50;119.30;728975
FR0000121667;17/07/15;119.50;119.70;118.40;119.15;581835
FR0000121667;20/07/15;119.70;121.10;119.45;119.90;516727
FR0000121667;21/07/15;120.20;120.55;118.70;119.15;474636
FR0000121667;22/07/15;118.45;119.55;118.15;118.95;444011
FR0000121667;23/07/15;120.00;120.00;118.40;119.25;388104
FR0000121667;24/07/15;118.75;120.55;118.55;118.65;426323
FR0000121667;27/07/15;118.20;118.45;115.55;116.00;639931
FR0000121667;28/07/15;116.55;117.80;115.90;117.25;432155
FR0000121667;29/07/15;118.30;119.95;117.85;119.75;566611
FR0000121667;30/07/15;119.75;119.75;115.50;117.90;723032
FR0000121667;31/07/15;117.40;117.45;115.25;116.60;686707
FR0000121972;01/07/15;62.86;64.22;62.19;62.87;3213607
FR0000121972;02/07/15;63.13;63.21;62.03;62.08;1322561
FR0000121972;03/07/15;62.34;62.44;61.51;61.87;1353558
FR0000121972;06/07/15;60.63;61.66;60.31;60.53;2445222
FR0000121972;07/07/15;60.49;60.66;59.01;59.08;3466043
FR0000121972;08/07/15;59.43;60.79;59.31;60.01;2651388
FR0000121972;09/07/15;60.42;61.45;59.96;61.11;2197305
FR0000121972;10/07/15;62.87;63.30;61.95;63.10;2806716
FR0000121972;13/07/15;63.93;64.35;63.35;63.99;2202947
FR0000121972;14/07/15;63.85;64.27;63.36;64.02;1409739
FR0000121972;15/07/15;64.06;64.06;62.22;62.65;2683264
FR0000121972;16/07/15;62.99;64.25;62.89;63.74;2095120
FR0000121972;17/07/15;64.23;64.23;63.44;63.89;1695133
FR0000121972;20/07/15;64.31;64.68;63.84;64.24;1261147
FR0000121972;21/07/15;64.50;64.60;63.65;63.91;1182761
FR0000121972;22/07/15;63.48;63.96;63.19;63.42;1482375
FR0000121972;23/07/15;64.01;64.32;63.77;64.01;1888722
FR0000121972;24/07/15;63.86;64.65;63.66;63.86;1668998
FR0000121972;27/07/15;63.62;63.62;61.92;62.01;2113659
FR0000121972;28/07/15;62.53;63.00;62.22;62.66;1422935
FR0000121972;29/07/15;60.26;63.01;60.20;62.74;2802712
FR0000121972;30/07/15;63.16;63.32;62.11;62.56;1979211
FR0000121972;31/07/15;62.62;63.59;62.57;63.59;2038728
FR0000124141;01/07/15;18.45;18.74;18.27;18.45;2731453
FR0000124141;02/07/15;18.57;18.925;18.48;18.635;2008592
FR0000124141;03/07/15;18.675;18.775;18.42;18.56;1519573
FR0000124141;06/07/15;18.215;18.47;18.05;18.08;2632230
FR0000124141;07/07/15;18.185;18.19;17.785;17.81;2769279
FR0000124141;08/07/15;17.86;18.05;17.79;17.91;1628642
FR0000124141;09/07/15;17.995;18.435;17.95;18.315;2316147
FR0000124141;10/07/15;18.75;19.14;18.655;19.07;2587609
FR0000124141;13/07/15;19.245;19.475;19.20;19.34;1826333
FR0000124141;14/07/15;19.295;19.445;19.27;19.445;1942328
FR0000124141;15/07/15;19.38;19.745;19.365;19.70;2050984
FR0000124141;16/07/15;19.75;19.985;19.745;19.895;1732105
FR0000124141;17/07/15;19.89;20.00;19.815;19.855;2518404
FR0000124141;20/07/15;19.95;20.08;19.81;19.875;1605965
FR0000124141;21/07/15;19.885;19.985;19.635;19.665;1902399
FR0000124141;22/07/15;19.625;19.95;19.515;19.86;1490780
FR0000124141;23/07/15;20.00;20.59;20.00;20.50;2828947
FR0000124141;24/07/15;20.43;20.66;20.415;20.43;1746545
FR0000124141;27/07/15;20.36;20.41;20.08;20.085;2529600
FR0000124141;28/07/15;20.12;20.32;20.06;20.23;2153202
FR0000124141;29/07/15;20.34;20.57;20.02;20.20;2999188
FR0000124141;30/07/15;20.42;20.455;20.05;20.25;2102282
FR0000124141;31/07/15;20.22;20.385;20.11;20.325;2265311
FR0000124711;01/07/15;228.20;234.70;226.60;232.40;473047
FR0000124711;02/07/15;228.10;230.40;223.80;224.20;411313
FR0000124711;03/07/15;224.60;226.30;222.50;223.75;255156
FR0000124711;06/07/15;218.45;223.60;217.35;217.95;464049
FR0000124711;07/07/15;219.55;220.40;215.20;215.35;464059
FR0000124711;08/07/15;215.15;218.75;214.95;217.20;397928
FR0000124711;09/07/15;218.30;225.00;217.45;224.10;340840
FR0000124711;10/07/15;228.50;232.10;227.60;231.05;391778
FR0000124711;13/07/15;235.65;238.00;233.10;237.15;325495
FR0000124711;14/07/15;237.15;238.50;235.75;238.50;184086
FR0000124711;15/07/15;237.95;241.15;237.40;240.40;247026
FR0000124711;16/07/15;242.60;247.25;241.90;246.45;402806
FR0000124711;17/07/15;247.20;248.55;244.25;246.50;379834
FR0000124711;20/07/15;248.65;249.00;245.40;246.35;204729
FR0000124711;21/07/15;246.70;247.70;243.25;244.15;236352
FR0000124711;22/07/15;238.95;243.15;238.50;241.60;245050
FR0000124711;23/07/15;243.00;244.60;240.35;243.90;343810
FR0000124711;24/07/15;243.50;246.85;242.70;243.80;406622
FR0000124711;27/07/15;242.00;243.20;238.85;238.85;302012
FR0000124711;28/07/15;239.65;242.10;238.10;241.85;284180
FR0000124711;29/07/15;242.60;244.50;241.15;243.45;275805
FR0000124711;30/07/15;244.20;245.80;241.60;244.55;236436
FR0000124711;31/07/15;244.35;245.65;240.20;242.30;351852
FR0000125007;01/07/15;40.825;42.03;40.50;41.545;3336582
FR0000125007;02/07/15;41.71;41.715;40.915;40.925;1722341
FR0000125007;03/07/15;40.845;40.925;40.285;40.57;1785077
FR0000125007;06/07/15;39.56;40.285;39.255;39.745;3448238
FR0000125007;07/07/15;39.745;39.85;38.24;38.245;3958531
FR0000125007;08/07/15;38.345;39.215;38.265;38.875;2953391
FR0000125007;09/07/15;39.10;40.01;38.87;39.79;2785329
FR0000125007;10/07/15;41.125;41.335;40.64;41.22;2898393
FR0000125007;13/07/15;41.845;42.36;41.635;42.05;2165946
FR0000125007;14/07/15;42.10;42.155;41.805;41.99;1377441
FR0000125007;15/07/15;41.905;41.99;41.205;41.86;2196076
FR0000125007;16/07/15;42.245;43.08;42.055;42.895;2317151
FR0000125007;17/07/15;43.11;43.34;42.77;43.14;1908364
FR0000125007;20/07/15;43.295;43.64;43.13;43.23;1264939
FR0000125007;21/07/15;43.425;43.595;42.88;43.07;1848376
FR0000125007;22/07/15;42.655;43.105;42.515;42.92;1481395
FR0000125007;23/07/15;43.255;43.285;42.475;42.545;1655233
FR0000125007;24/07/15;42.44;42.815;41.86;41.945;1779033
FR0000125007;27/07/15;41.77;41.89;40.93;41.09;1799064
FR0000125007;28/07/15;41.355;42.005;41.135;41.92;2459166
FR0000125007;29/07/15;42.00;42.375;41.665;41.98;1851663
FR0000125007;30/07/15;42.47;42.685;41.725;42.685;2464932
FR0000125007;31/07/15;42.68;43.23;42.50;43.165;1774195
FR0000125338;01/07/15;80.20;82.54;80.11;81.93;846768
FR0000125338;02/07/15;82.59;82.95;80.93;81.07;601335
FR0000125338;03/07/15;80.99;82.00;80.31;80.72;616785
FR0000125338;06/07/15;79.20;80.90;79.05;80.42;658565
FR0000125338;07/07/15;80.80;81.11;79.27;79.33;713148
FR0000125338;08/07/15;79.23;80.19;79.02;79.41;686775
FR0000125338;09/07/15;79.80;82.75;79.59;82.50;944839
FR0000125338;10/07/15;84.38;84.90;83.88;84.74;856326
FR0000125338;13/07/15;85.34;86.98;85.25;86.98;928106
FR0000125338;14/07/15;87.02;87.10;86.01;86.74;600097
FR0000125338;15/07/15;86.70;87.47;86.49;87.40;761901
FR0000125338;16/07/15;87.75;88.73;87.67;88.28;687425
FR0000125338;17/07/15;88.67;88.72;87.77;87.99;543682
FR0000125338;20/07/15;88.67;90.46;88.49;89.37;791147
FR0000125338;21/07/15;90.23;90.25;88.74;89.16;1007534
FR0000125338;22/07/15;88.48;89.42;88.12;88.79;629824
FR0000125338;23/07/15;89.67;89.90;88.76;89.83;546765
FR0000125338;24/07/15;89.83;90.80;89.74;90.15;676120
FR0000125338;27/07/15;89.77;90.20;86.64;86.90;896293
FR0000125338;28/07/15;87.18;87.68;86.25;86.95;757559
FR0000125338;29/07/15;87.60;88.20;86.82;87.47;798928
FR0000125338;30/07/15;89.26;89.26;85.43;87.00;966425
FR0000125338;31/07/15;86.91;87.64;86.59;87.05;637783
FR0000125486;01/07/15;52.55;53.73;52.28;53.30;2900823
FR0000125486;02/07/15;53.49;53.67;53.03;53.10;1661449
FR0000125486;03/07/15;53.05;53.33;52.65;53.30;1783991
FR0000125486;06/07/15;51.86;52.84;51.72;52.10;1893555
FR0000125486;07/07/15;52.13;52.37;51.25;51.45;2731626
FR0000125486;08/07/15;51.30;52.30;51.10;51.64;1984335
FR0000125486;09/07/15;51.91;53.07;51.68;52.85;1460812
FR0000125486;10/07/15;54.17;54.57;53.64;54.35;2251205
FR0000125486;13/07/15;55.00;55.55;54.69;55.32;1783764
FR0000125486;14/07/15;55.11;55.74;55.07;55.74;1119705
FR0000125486;15/07/15;55.87;56.35;55.65;56.09;1420023
FR0000125486;16/07/15;56.38;56.85;56.14;56.67;1944893
FR0000125486;17/07/15;56.90;56.92;56.33;56.59;1288834
FR0000125486;20/07/15;56.58;57.10;56.35;56.52;1355747
FR0000125486;21/07/15;56.75;56.80;56.31;56.50;1226436
FR0000125486;22/07/15;56.34;56.91;56.16;56.82;1131679
FR0000125486;23/07/15;57.00;57.00;56.16;56.33;1229425
FR0000125486;24/07/15;56.20;56.57;55.70;55.96;1180810
FR0000125486;27/07/15;55.63;55.75;54.80;54.96;1283362
FR0000125486;28/07/15;55.28;55.85;55.05;55.55;1164146
FR0000125486;29/07/15;55.65;56.38;55.58;56.21;1614875
FR0000125486;30/07/15;56.50;56.72;55.69;56.08;1337704
FR0000125486;31/07/15;56.65;58.55;56.65;58.40;2603627
FR0000127771;01/07/15;22.855;23.395;22.76;23.185;7984609
FR0000127771;02/07/15;23.24;23.24;22.955;22.975;3284455
FR0000127771;03/07/15;22.975;23.035;22.645;22.665;3631049
FR0000127771;06/07/15;22.50;22.62;22.215;22.255;4844965
FR0000127771;07/07/15;22.32;22.35;21.765;21.775;7212163
FR0000127771;08/07/15;21.83;22.55;21.80;22.325;7965572
FR0000127771;09/07/15;22.50;22.815;22.405;22.71;4770176
FR0000127771;10/07/15;23.275;23.48;23.05;23.38;5912023
FR0000127771;13/07/15;23.73;24.36;23.655;24.265;8348951
FR0000127771;14/07/15;24.29;24.395;24.15;24.29;4850115
FR0000127771;15/07/15;24.33;24.59;24.27;24.50;4485874
FR0000127771;16/07/15;24.595;24.83;24.54;24.60;5553167
FR0000127771;17/07/15;24.715;24.715;24.38;24.38;5389813
FR0000127771;20/07/15;24.545;24.65;24.40;24.455;2374432
FR0000127771;21/07/15;24.53;24.57;24.18;24.215;2636316
FR0000127771;22/07/15;24.16;24.235;24.115;24.16;3586624
FR0000127771;23/07/15;24.305;24.36;24.09;24.18;2168072
FR0000127771;24/07/15;24.155;24.37;24.14;24.22;3989876
FR0000127771;27/07/15;24.155;24.20;23.69;23.69;3666811
FR0000127771;28/07/15;23.835;23.94;23.60;23.675;3787937
FR0000127771;29/07/15;23.73;23.86;23.635;23.74;3842561
FR0000127771;30/07/15;23.91;23.935;23.54;23.685;2139490
FR0000127771;31/07/15;23.675;23.935;23.675;23.935;3377325
FR0000130577;01/07/15;67.08;68.69;66.74;67.95;1158813
FR0000130577;02/07/15;68.06;68.39;66.63;66.65;844565
FR0000130577;03/07/15;66.84;66.93;66.24;66.36;899832
FR0000130577;06/07/15;66.11;66.34;65.47;65.62;829957
FR0000130577;07/07/15;65.76;66.21;64.73;65.00;1127072
FR0000130577;08/07/15;66.00;66.60;65.65;66.12;1414836
FR0000130577;09/07/15;66.23;68.65;66.06;68.32;1104706
FR0000130577;10/07/15;69.98;69.98;69.04;69.35;1178489
FR0000130577;13/07/15;70.00;71.62;69.86;71.31;1059474
FR0000130577;14/07/15;70.97;71.33;70.81;71.33;610897
FR0000130577;15/07/15;71.55;71.84;71.30;71.46;584665
FR0000130577;16/07/15;71.73;73.08;71.67;72.94;832682
FR0000130577;17/07/15;72.96;73.53;72.33;73.25;809177
FR0000130577;20/07/15;73.71;73.75;72.83;72.97;655072
FR0000130577;21/07/15;72.98;73.11;71.91;72.08;717485
FR0000130577;22/07/15;71.80;72.63;71.63;72.12;714473
FR0000130577;23/07/15;73.90;73.97;69.74;70.21;1646991
FR0000130577;24/07/15;70.00;70.40;68.44;68.95;1788972
FR0000130577;27/07/15;68.80;68.93;67.04;67.44;1044279
FR0000130577;28/07/15;67.59;68.60;67.15;67.76;706177
FR0000130577;29/07/15;68.00;68.75;67.39;67.89;853808
FR0000130577;30/07/15;68.26;68.49;67.24;67.83;514335
FR0000130577;31/07/15;68.02;69.02;67.91;68.94;941530
FR0000130809;01/07/15;42.565;43.785;42.21;42.97;6913364
FR0000130809;02/07/15;43.165;43.35;42.265;42.315;3362063
FR0000130809;03/07/15;42.205;42.47;41.70;41.98;3174447
FR0000130809;06/07/15;41.00;41.225;39.96;40.395;6398955
FR0000130809;07/07/15;40.63;40.63;39.14;39.275;5836693
FR0000130809;08/07/15;39.29;40.01;39.025;39.50;5296546
FR0000130809;09/07/15;39.74;41.265;39.66;40.955;4516357
FR0000130809;10/07/15;42.50;42.95;42.09;42.45;5195108
FR0000130809;13/07/15;43.345;43.975;43.115;43.555;4957243
FR0000130809;14/07/15;43.62;43.825;43.08;43.78;2517804
FR0000130809;15/07/15;43.70;44.325;43.695;44.195;3029700
FR0000130809;16/07/15;44.445;45.135;44.445;44.875;4993559
FR0000130809;17/07/15;45.065;45.135;44.705;44.845;3615160
FR0000130809;20/07/15;45.025;45.77;44.895;45.315;3671353
FR0000130809;21/07/15;45.44;45.595;44.86;45.125;2637174
FR0000130809;22/07/15;44.90;45.635;44.81;45.33;2888953
FR0000130809;23/07/15;45.80;45.83;45.275;45.65;2505947
FR0000130809;24/07/15;45.535;45.83;45.14;45.265;3247688
FR0000130809;27/07/15;45.00;45.065;43.745;43.885;5530003
FR0000130809;28/07/15;44.08;44.84;43.935;44.475;3128010
FR0000130809;29/07/15;44.73;44.89;43.89;44.12;2930207
FR0000130809;30/07/15;44.355;44.715;43.97;44.58;3546012
FR0000130809;31/07/15;44.805;44.94;44.135;44.80;4529676
FR0000131104;01/07/15;54.84;56.49;54.43;55.37;6084451
FR0000131104;02/07/15;55.79;55.90;54.57;54.71;3172430
FR0000131104;03/07/15;54.63;54.77;53.93;54.27;3626201
FR0000131104;06/07/15;53.02;53.34;51.62;51.97;6594617
FR0000131104;07/07/15;52.30;52.35;50.39;50.50;6073410
FR0000131104;08/07/15;50.42;51.68;50.25;50.93;5746291
FR0000131104;09/07/15;51.55;52.74;51.40;52.38;5099042
FR0000131104;10/07/15;54.74;55.28;53.97;54.49;6542279
FR0000131104;13/07/15;55.58;56.18;55.14;55.77;4816310
FR0000131104;14/07/15;55.97;56.39;55.46;56.36;2598446
FR0000131104;15/07/15;56.24;56.74;56.17;56.29;3335582
FR0000131104;16/07/15;56.74;57.74;56.66;57.55;5082482
FR0000131104;17/07/15;57.77;57.81;57.12;57.31;3034590
FR0000131104;20/07/15;57.35;57.82;57.16;57.45;3008253
FR0000131104;21/07/15;57.63;57.80;56.72;57.05;2617351
FR0000131104;22/07/15;56.76;57.30;56.46;56.85;2489106
FR0000131104;23/07/15;57.35;57.45;56.82;57.09;2180225
FR0000131104;24/07/15;56.94;57.51;56.73;57.21;3230997
FR0000131104;27/07/15;57.08;57.09;55.66;55.71;4323415
FR0000131104;28/07/15;56.07;56.93;55.88;56.76;2514683
FR0000131104;29/07/15;56.92;56.98;55.98;56.23;3264013
FR0000131104;30/07/15;56.75;57.73;56.43;57.66;4672375
FR0000131104;31/07/15;58.90;59.75;58.79;59.31;7456452
FR0000131906;01/07/15;95.60;98.33;95.20;97.04;1529930
FR0000131906;02/07/15;97.23;98.03;95.77;95.98;867299
FR0000131906;03/07/15;96.01;96.75;94.75;95.06;672245
FR0000131906;06/07/15;93.49;95.17;92.95;94.16;818171
FR0000131906;07/07/15;94.10;94.20;90.15;90.67;1664688
FR0000131906;08/07/15;89.50;89.50;86.56;86.58;2260033
FR0000131906;09/07/15;86.60;89.83;86.15;88.50;1875723
FR0000131906;10/07/15;91.00;92.20;90.66;91.20;1452336
FR0000131906;13/07/15;93.02;93.53;91.33;91.91;1097315
FR0000131906;14/07/15;92.20;92.20;89.30;90.96;923335
FR0000131906;15/07/15;91.06;92.26;91.03;91.36;738281
FR0000131906;16/07/15;92.36;94.79;92.25;93.50;1244684
FR0000131906;17/07/15;94.45;94.74;92.74;93.24;740444
FR0000131906;20/07/15;93.84;94.19;93.09;93.83;525482
FR0000131906;21/07/15;94.15;95.65;94.03;94.33;1058016
FR0000131906;22/07/15;93.76;94.03;92.47;93.90;683735
FR0000131906;23/07/15;95.18;95.55;92.70;93.48;676260
FR0000131906;24/07/15;93.51;94.00;90.86;91.18;918943
FR0000131906;27/07/15;90.63;91.04;87.56;88.20;1438306
FR0000131906;28/07/15;88.46;89.95;87.79;89.29;920471
FR0000131906;29/07/15;90.27;91.28;89.00;90.35;1131184
FR0000131906;30/07/15;84.00;86.05;82.18;83.13;4083263
FR0000131906;31/07/15;83.84;84.24;82.36;83.78;1430071
FR0000133308;01/07/15;13.94;14.26;13.855;14.08;10804641
FR0000133308;02/07/15;14.14;14.29;14.085;14.16;8154936
FR0000133308;03/07/15;14.19;14.36;14.04;14.085;8315342
FR0000133308;06/07/15;13.81;14.01;13.605;13.655;8650428
FR0000133308;07/07/15;13.67;13.785;13.25;13.25;10678298
FR0000133308;08/07/15;13.22;13.47;13.20;13.365;11384077
FR0000133308;09/07/15;13.44;13.705;13.36;13.655;9765522
FR0000133308;10/07/15;14.00;14.365;13.85;14.325;12903451
FR0000133308;13/07/15;14.61;14.70;14.39;14.64;9362289
FR0000133308;14/07/15;14.665;14.78;14.55;14.78;4936446
FR0000133308;15/07/15;14.76;15.01;14.76;14.915;6151763
FR0000133308;16/07/15;14.995;15.47;14.99;15.43;11369966
FR0000133308;17/07/15;15.445;15.59;15.265;15.59;9171405
FR0000133308;20/07/15;15.635;15.78;15.46;15.525;6733111
FR0000133308;21/07/15;15.475;15.505;15.25;15.325;8052761
FR0000133308;22/07/15;15.245;15.45;15.21;15.37;5761168
FR0000133308;23/07/15;15.46;15.48;15.24;15.30;4986431
FR0000133308;24/07/15;15.265;15.42;15.265;15.31;5579188
FR0000133308;27/07/15;15.205;15.26;14.92;14.95;6390965
FR0000133308;28/07/15;15.35;15.39;15.03;15.09;9290050
FR0000133308;29/07/15;15.205;15.565;15.19;15.40;10966867
FR0000133308;30/07/15;15.18;15.195;14.845;15.00;19277508
FR0000133308;31/07/15;15.005;15.06;14.845;14.935;9930371
FR0010208488;01/07/15;16.885;17.07;16.63;16.73;10838825
FR0010208488;02/07/15;16.815;17.14;16.79;16.97;7614765
FR0010208488;03/07/15;17.02;17.045;16.60;16.72;5974132
FR0010208488;06/07/15;16.46;16.685;16.28;16.32;8013807
FR0010208488;07/07/15;16.415;16.44;16.08;16.11;8995575
FR0010208488;08/07/15;16.14;16.42;16.09;16.30;7232544
FR0010208488;09/07/15;16.41;16.84;16.36;16.73;6324810
FR0010208488;10/07/15;17.075;17.31;16.95;17.25;6779728
FR0010208488;13/07/15;17.54;17.605;17.395;17.475;5929273
FR0010208488;14/07/15;17.38;17.575;17.335;17.575;4018868
FR0010208488;15/07/15;17.60;17.68;17.505;17.625;4916109
FR0010208488;16/07/15;17.72;17.95;17.635;17.835;6145226
FR0010208488;17/07/15;17.855;17.885;17.585;17.66;5684812
FR0010208488;20/07/15;17.735;17.935;17.655;17.705;4203923
FR0010208488;21/07/15;17.77;17.84;17.515;17.575;4493616
FR0010208488;22/07/15;17.46;17.565;17.38;17.48;4978334
FR0010208488;23/07/15;17.65;17.665;17.43;17.46;4047189
FR0010208488;24/07/15;17.425;17.555;17.32;17.37;4655187
FR0010208488;27/07/15;17.28;17.345;16.855;16.87;6740654
FR0010208488;28/07/15;17.035;17.035;16.52;16.54;8718478
FR0010208488;29/07/15;16.59;17.04;16.50;16.89;8366657
FR0010208488;30/07/15;17.32;17.87;17.12;17.56;11667491
FR0010208488;31/07/15;17.38;17.495;17.155;17.485;5177324
FR0010307819;01/07/15;50.89;51.52;50.47;51.00;1045508
FR0010307819;02/07/15;51.10;51.12;50.23;50.30;542137
FR0010307819;03/07/15;50.30;50.36;49.90;50.12;573890
FR0010307819;06/07/15;49.40;49.955;49.25;49.31;904890
FR0010307819;07/07/15;49.54;49.715;48.325;48.355;943009
FR0010307819;08/07/15;48.48;49.235;48.405;48.93;949692
FR0010307819;09/07/15;49.21;50.00;48.99;49.845;594071
FR0010307819;10/07/15;50.99;51.08;50.48;50.92;724091
FR0010307819;13/07/15;51.50;51.74;51.24;51.42;878458
FR0010307819;14/07/15;51.50;51.89;51.36;51.83;399571
FR0010307819;15/07/15;51.85;51.88;51.35;51.44;696788
FR0010307819;16/07/15;51.60;52.74;51.60;52.16;753111
FR0010307819;17/07/15;52.15;52.33;51.95;52.14;686394
FR0010307819;20/07/15;52.42;52.81;52.42;52.62;344797
FR0010307819;21/07/15;52.71;52.96;52.12;52.25;502363
FR0010307819;22/07/15;52.00;52.29;51.75;51.98;545605
FR0010307819;23/07/15;52.49;52.68;51.67;51.92;546271
FR0010307819;24/07/15;51.90;52.56;51.78;52.22;758036
FR0010307819;27/07/15;52.01;52.19;50.52;50.52;821068
FR0010307819;28/07/15;50.78;51.17;50.43;51.05;621368
FR0010307819;29/07/15;51.00;52.15;50.93;52.07;1029741
FR0010307819;30/07/15;53.50;55.99;53.50;55.80;1265014
FR0010307819;31/07/15;56.00;56.60;55.69;56.05;1154724
FR0013176526;01/07/15;47.80;49.4167;47.40;48.6833;1519563
FR0013176526;02/07/15;49.05;49.1333;47.2167;47.4333;1018107
FR0013176526;03/07/15;47.4167;48.0167;47.15;47.40;780441
FR0013176526;06/07/15;46.45;47.1833;46.2667;46.5167;863274
FR0013176526;07/07/15;46.55;46.6833;44.70;44.7833;1643352
FR0013176526;08/07/15;44.6833;44.6833;42.6833;42.7167;2515482
FR0013176526;09/07/15;43.1167;44.3333;42.95;43.7167;2096586
FR0013176526;10/07/15;44.70;44.80;43.7833;44.00;1485651
FR0013176526;13/07/15;44.5167;45.0167;43.9333;44.15;1795041
FR0013176526;14/07/15;44.20;44.25;42.7833;43.4333;1634040
FR0013176526;15/07/15;43.5833;43.8333;42.9667;43.70;1345974
FR0013176526;16/07/15;44.3333;44.4167;43.90;43.9833;1412175
FR0013176526;17/07/15;44.2667;44.5667;44.0667;44.1667;1315344
FR0013176526;20/07/15;44.4333;45.80;44.0833;45.35;1590312
FR0013176526;21/07/15;45.55;45.9333;44.6667;44.75;934395
FR0013176526;22/07/15;44.00;44.00;42.3333;43.45;2176287
FR0013176526;23/07/15;43.7833;44.1833;42.35;42.7667;1599492
FR0013176526;24/07/15;42.8833;43.45;42.0667;42.1833;1440441
FR0013176526;27/07/15;41.3333;41.80;39.7167;39.90;3453318
FR0013176526;28/07/15;40.1667;40.45;39.25;40.0667;2705532
FR0013176526;29/07/15;40.35;40.45;39.6667;40.0167;2152074
FR0013176526;30/07/15;40.2167;40.4167;39.6167;40.1833;1106988
FR0013176526;31/07/15;40.3667;40.6167;39.8667;40.50;1481379
GB00BDSFG982;01/07/15;28.08;28.385;27.705;27.805;1872428
GB00BDSFG982;02/07/15;27.85;28.00;27.26;27.73;1550946
GB00BDSFG982;03/07/15;28.075;28.31;27.065;27.215;1769108
GB00BDSFG982;06/07/15;26.77;27.025;26.64;26.87;1408636
GB00BDSFG982;07/07/15;25.255;25.255;24.255;24.6475;6965354
GB00BDSFG982;08/07/15;24.685;25.475;24.26;25.00;4062372
GB00BDSFG982;09/07/15;24.75;25.40;24.6025;25.305;2476928
GB00BDSFG982;10/07/15;25.755;25.915;25.44;25.445;2470714
GB00BDSFG982;13/07/15;25.81;26.08;25.315;25.635;1498410
GB00BDSFG982;14/07/15;25.585;26.065;25.38;25.875;1513996
GB00BDSFG982;15/07/15;25.86;25.99;25.22;25.58;1279038
GB00BDSFG982;16/07/15;25.555;25.84;25.26;25.56;1314498
GB00BDSFG982;17/07/15;25.71;25.88;25.105;25.355;1314038
GB00BDSFG982;20/07/15;25.295;25.57;24.875;25.305;1799366
GB00BDSFG982;21/07/15;25.37;25.57;25.075;25.505;1633520
GB00BDSFG982;22/07/15;25.40;25.575;25.135;25.26;1338192
GB00BDSFG982;23/07/15;25.295;25.295;24.84;24.875;1388608
GB00BDSFG982;24/07/15;24.8825;25.25;24.585;24.72;1216906
GB00BDSFG982;27/07/15;24.60;25.085;24.5425;24.5925;1906036
GB00BDSFG982;28/07/15;24.655;24.94;24.4475;24.87;1988242
GB00BDSFG982;29/07/15;24.90;25.90;24.5275;25.81;2231100
GB00BDSFG982;30/07/15;25.77;26.305;25.295;25.89;1945708
GB00BDSFG982;31/07/15;26.15;26.32;25.525;25.91;1633336
LU1598757687;01/07/15;26.439;26.835;26.226;26.40;3752978
LU1598757687;02/07/15;26.385;26.514;25.989;26.028;3226409
LU1598757687;03/07/15;26.025;26.217;25.704;26.115;2600925
LU1598757687;06/07/15;25.65;25.683;25.059;25.287;4944506
LU1598757687;07/07/15;25.149;25.17;23.646;23.667;7546393
LU1598757687;08/07/15;23.955;24.771;23.775;24.393;6157808
LU1598757687;09/07/15;24.678;25.017;24.375;24.522;4370995
LU1598757687;10/07/15;25.08;25.377;24.873;24.897;4353760
LU1598757687;13/07/15;24.906;25.281;24.75;25.281;4176695
LU1598757687;14/07/15;25.47;25.674;25.14;25.185;3106226
LU1598757687;15/07/15;25.134;25.359;24.774;24.951;3338315
LU1598757687;16/07/15;24.717;25.107;24.66;24.933;3873543
LU1598757687;17/07/15;24.816;25.044;24.636;24.708;3228973
LU1598757687;20/07/15;24.69;25.23;24.495;24.693;3225993
LU1598757687;21/07/15;24.792;25.287;24.612;25.14;3681888
LU1598757687;22/07/15;24.777;24.816;24.093;24.309;5027425
LU1598757687;23/07/15;24.468;24.555;24.129;24.198;3549311
LU1598757687;24/07/15;24.108;24.444;23.427;23.589;4116069
LU1598757687;27/07/15;23.61;23.94;23.052;23.418;4412726
LU1598757687;28/07/15;23.565;24.141;23.502;24.12;5086569
LU1598757687;29/07/15;24.42;24.60;23.676;24.57;5300495
LU1598757687;30/07/15;24.804;24.84;24.234;24.411;3725142
LU1598757687;31/07/15;25.347;25.35;24.42;24.78;4671957
NL0000226223;01/07/15;7.423;7.52;7.275;7.375;2763819
NL0000226223;02/07/15;7.371;7.395;7.233;7.251;2161499
NL0000226223;03/07/15;7.287;7.374;7.203;7.261;1219813
NL0000226223;06/07/15;7.10;7.431;7.041;7.376;3062679
NL0000226223;07/07/15;7.30;7.335;7.005;7.025;4416857
NL0000226223;08/07/15;7.045;7.086;6.90;6.982;2733182
NL0000226223;09/07/15;7.002;7.16;6.95;7.064;2284818
NL0000226223;10/07/15;7.235;7.242;7.10;7.181;1602938
NL0000226223;13/07/15;7.144;7.292;7.083;7.169;3696256
NL0000226223;14/07/15;7.217;7.26;7.127;7.223;1869321
NL0000226223;15/07/15;7.268;7.428;7.216;7.382;1736523
NL0000226223;16/07/15;7.40;7.553;7.324;7.356;2805716
NL0000226223;17/07/15;7.415;7.45;7.381;7.45;1545651
NL0000226223;20/07/15;7.40;7.551;7.387;7.44;2347501
NL0000226223;21/07/15;7.478;7.513;7.287;7.309;2932979
NL0000226223;22/07/15;7.087;7.10;6.805;6.805;7948724
NL0000226223;23/07/15;7.016;7.42;6.978;7.332;5930573
NL0000226223;24/07/15;7.336;7.336;7.116;7.154;2556832
NL0000226223;27/07/15;7.135;7.214;6.957;6.958;2807689
NL0000226223;28/07/15;7.00;7.018;6.853;6.95;2914367
NL0000226223;29/07/15;6.991;7.07;6.95;7.028;1798536
NL0000226223;30/07/15;7.08;7.142;6.951;7.126;2398026
NL0000226223;31/07/15;7.128;7.14;7.01;7.113;1516993
NL0000235190;01/07/15;59.61;61.21;59.23;60.37;4189932
NL0000235190;02/07/15;60.62;60.85;59.37;59.52;1903264
NL0000235190;03/07/15;59.67;59.80;58.70;59.21;2027176
NL0000235190;06/07/15;58.01;58.98;57.59;58.38;2954146
NL0000235190;07/07/15;58.51;58.80;56.42;56.62;3404999
NL0000235190;08/07/15;56.63;57.62;56.32;57.16;2786588
NL0000235190;09/07/15;57.50;58.90;57.20;58.60;2017849
NL0000235190;10/07/15;60.48;60.64;59.68;60.40;2763636
NL0000235190;13/07/15;61.20;62.50;61.14;62.28;2620930
NL0000235190;14/07/15;62.17;62.94;61.81;62.88;1276987
NL0000235190;15/07/15;62.75;63.98;62.65;63.69;1635750
NL0000235190;16/07/15;64.00;65.42;63.74;65.12;2256903
NL0000235190;17/07/15;65.39;65.40;64.37;64.65;2014852
NL0000235190;20/07/15;64.50;65.41;63.96;64.74;1917334
NL0000235190;21/07/15;64.83;65.08;63.94;64.08;1658317
NL0000235190;22/07/15;63.57;63.84;63.12;63.36;1809474
NL0000235190;23/07/15;63.95;64.17;62.76;63.04;1619670
NL0000235190;24/07/15;62.95;64.15;62.72;63.06;1530116
NL0000235190;27/07/15;62.76;62.96;60.08;60.30;2875792
NL0000235190;28/07/15;60.66;62.08;60.31;61.23;1911258
NL0000235190;29/07/15;61.49;62.36;61.17;62.12;1849188
NL0000235190;30/07/15;62.67;63.30;61.56;62.41;2340130
NL0000235190;31/07/15;64.86;65.57;63.77;64.60;4108690
