FR0000045072;02/07/18;11.35;11.395;11.105;11.38;7000096
FR0000045072;03/07/18;11.355;11.53;11.27;11.42;6019562
FR0000045072;04/07/18;11.385;11.49;11.34;11.39;6270337
FR0000045072;05/07/18;11.385;11.725;11.385;11.535;8896993
FR0000045072;06/07/18;11.60;11.625;11.43;11.51;5757861
FR0000045072;09/07/18;11.575;11.705;11.56;11.61;6445974
FR0000045072;10/07/18;11.65;11.695;11.485;11.56;6025605
FR0000045072;11/07/18;11.485;11.49;11.335;11.36;7799846
FR0000045072;12/07/18;11.40;11.40;11.24;11.30;6929650
FR0000045072;13/07/18;11.345;11.475;11.32;11.425;7125071
FR0000045072;16/07/18;11.395;11.57;11.375;11.47;5497533
FR0000045072;17/07/18;11.465;11.58;11.395;11.465;5370432
FR0000045072;18/07/18;11.49;11.50;11.365;11.445;5580605
FR0000045072;19/07/18;11.42;11.535;11.405;11.435;4780071
FR0000045072;20/07/18;11.40;11.465;11.26;11.43;5802301
FR0000045072;23/07/18;11.395;11.51;11.335;11.50;4063425
FR0000045072;24/07/18;11.55;11.685;11.53;11.63;6769962
FR0000045072;25/07/18;11.64;11.675;11.50;11.57;4660520
FR0000045072;26/07/18;11.645;11.705;11.605;11.635;5759083
FR0000045072;27/07/18;11.635;11.895;11.635;11.78;6304480
FR0000045072;30/07/18;11.75;11.92;11.73;11.90;5060149
FR0000045072;31/07/18;11.845;12.14;11.845;12.015;8920833
FR0000051732;02/07/18;117.00;117.40;116.35;117.05;250370
FR0000051732;03/07/18;117.50;117.90;116.50;116.90;262711
FR0000051732;04/07/18;116.60;117.90;116.20;116.45;191728
FR0000051732;05/07/18;117.10;118.00;116.65;117.35;258129
FR0000051732;06/07/18;118.00;118.20;116.40;117.15;249752
FR0000051732;09/07/18;117.80;119.80;117.80;118.50;318561
FR0000051732;10/07/18;120.50;122.65;120.25;121.95;405769
FR0000051732;11/07/18;122.00;122.25;119.65;121.90;419419
FR0000051732;12/07/18;122.25;123.10;121.35;123.10;260457
FR0000051732;13/07/18;124.00;124.20;122.60;122.95;230373
FR0000051732;16/07/18;123.20;123.60;122.20;123.20;141137
FR0000051732;17/07/18;122.75;123.75;122.45;123.55;222443
FR0000051732;18/07/18;124.05;125.40;123.10;123.70;314055
FR0000051732;19/07/18;123.45;123.85;122.75;123.55;237342
FR0000051732;20/07/18;123.55;124.20;122.15;123.15;274286
FR0000051732;23/07/18;127.00;127.50;112.70;114.85;1266297
FR0000051732;24/07/18;116.00;116.10;111.50;115.25;834284
FR0000051732;25/07/18;116.00;119.00;115.15;117.55;540156
FR0000051732;26/07/18;117.75;118.10;115.25;116.05;393640
FR0000051732;27/07/18;116.30;117.70;115.10;117.05;351805
FR0000051732;30/07/18;117.00;117.00;115.20;115.20;289755
FR0000051732;31/07/18;115.15;115.40;110.95;114.85;590878
FR0000052292;02/07/18;521.80;522.20;516.00;516.60;69936
FR0000052292;03/07/18;521.40;524.20;519.60;523.00;77486
FR0000052292;04/07/18;523.00;523.00;518.60;520.80;44918
FR0000052292;05/07/18;523.00;523.20;517.60;519.40;92028
FR0000052292;06/07/18;522.20;526.40;521.00;525.20;99466
FR0000052292;09/07/18;528.20;530.00;524.40;526.40;65224
FR0000052292;10/07/18;526.80;539.00;526.80;539.00;86294
FR0000052292;11/07/18;534.80;534.80;524.20;524.20;94039
FR0000052292;12/07/18;524.20;533.00;523.60;532.40;60530
FR0000052292;13/07/18;536.40;537.80;534.40;537.00;46266
FR0000052292;16/07/18;538.60;539.00;532.80;536.00;42169
FR0000052292;17/07/18;535.00;541.60;533.00;541.00;52918
FR0000052292;18/07/18;543.80;547.20;540.20;543.00;66601
FR0000052292;19/07/18;541.40;542.80;538.80;542.00;61971
FR0000052292;20/07/18;540.00;547.00;537.40;544.60;95228
FR0000052292;23/07/18;545.20;547.20;541.40;544.60;64827
FR0000052292;24/07/18;547.80;552.40;545.00;548.40;91059
FR0000052292;25/07/18;549.20;555.00;549.20;555.00;60643
FR0000052292;26/07/18;558.00;558.60;541.40;546.80;69517
FR0000052292;27/07/18;544.00;546.20;540.20;541.00;59876
FR0000052292;30/07/18;541.00;544.20;540.40;540.60;33899
FR0000052292;31/07/18;541.40;542.60;535.20;541.60;72215
FR0000073272;02/07/18;102.35;102.85;101.70;102.30;1521718
FR0000073272;03/07/18;102.90;103.35;101.90;102.65;1001840
FR0000073272;04/07/18;102.60;102.65;101.55;102.60;612331
FR0000073272;05/07/18;102.95;103.25;102.65;103.00;1093880
FR0000073272;06/07/18;103.10;103.40;102.25;102.85;858426
FR0000073272;09/07/18;103.25;103.75;102.70;102.95;916822
FR0000073272;10/07/18;103.40;104.30;103.10;104.00;741056
FR0000073272;11/07/18;103.45;104.05;102.90;103.55;906121
FR0000073272;12/07/18;103.95;106.50;103.90;106.50;1018344
FR0000073272;13/07/18;106.55;107.75;106.55;107.40;794840
FR0000073272;16/07/18;107.40;108.05;106.70;106.90;642328
FR0000073272;17/07/18;106.85;108.65;106.70;107.95;773065
FR0000073272;18/07/18;108.05;108.50;107.10;107.80;696207
FR0000073272;19/07/18;107.90;108.35;106.95;107.30;672617
FR0000073272;20/07/18;107.15;107.90;105.90;107.65;1340172
FR0000073272;23/07/18;107.55;107.65;106.75;106.85;585024
FR0000073272;24/07/18;107.25;107.55;106.55;107.05;824667
FR0000073272;25/07/18;106.95;108.05;106.95;107.10;935436
FR0000073272;26/07/18;107.75;108.40;107.30;107.70;955875
FR0000073272;27/07/18;107.90;107.95;107.20;107.35;649764
FR0000073272;30/07/18;107.25;107.35;106.80;107.15;477239
FR0000073272;31/07/18;107.10;107.30;105.65;106.05;896844
FR0000120073;02/07/18;106.65;107.35;105.90;106.95;968027
FR0000120073;03/07/18;108.05;108.10;106.40;107.40;795267
FR0000120073;04/07/18;107.50;107.50;105.70;106.40;602052
FR0000120073;05/07/18;106.60;108.95;106.55;108.15;1141996
FR0000120073;06/07/18;108.95;109.25;108.25;109.25;868486
FR0000120073;09/07/18;109.80;110.40;109.25;109.40;761170
FR0000120073;10/07/18;109.75;110.65;109.20;110.55;763194
FR0000120073;11/07/18;109.50;109.70;108.90;108.95;783331
FR0000120073;12/07/18;109.55;110.20;108.80;109.65;603454
FR0000120073;13/07/18;110.05;110.60;109.40;109.55;628553
FR0000120073;16/07/18;109.70;110.10;108.95;108.95;568153
FR0000120073;17/07/18;109.00;110.00;108.45;109.55;503670
FR0000120073;18/07/18;109.70;111.25;109.70;110.85;727328
FR0000120073;19/07/18;110.50;110.80;109.40;109.70;728446
FR0000120073;20/07/18;109.35;109.90;107.45;108.65;1016769
FR0000120073;23/07/18;108.10;108.50;107.10;108.00;659164
FR0000120073;24/07/18;108.45;109.70;108.40;109.00;614585
FR0000120073;25/07/18;108.95;110.25;108.95;109.35;816028
FR0000120073;26/07/18;109.80;111.00;109.80;110.70;698869
FR0000120073;27/07/18;110.40;111.60;110.40;111.50;595146
FR0000120073;30/07/18;108.00;109.25;107.80;108.70;868374
FR0000120073;31/07/18;108.70;109.75;108.40;109.50;830993
FR0000120172;02/07/18;13.87;14.01;13.695;13.74;5994502
FR0000120172;03/07/18;13.80;13.975;13.78;13.825;5428302
FR0000120172;04/07/18;13.83;14.195;13.825;14.10;5465259
FR0000120172;05/07/18;14.145;14.415;14.135;14.345;5098419
FR0000120172;06/07/18;14.375;14.475;14.35;14.40;2812995
FR0000120172;09/07/18;14.48;14.49;14.34;14.40;2357128
FR0000120172;10/07/18;14.37;14.455;14.285;14.285;2995152
FR0000120172;11/07/18;14.02;14.10;13.555;13.59;11172858
FR0000120172;12/07/18;13.58;13.60;13.04;13.185;7780718
FR0000120172;13/07/18;13.10;13.18;12.955;13.14;4975478
FR0000120172;16/07/18;13.16;13.38;13.16;13.28;3604383
FR0000120172;17/07/18;13.475;13.55;13.36;13.44;3691981
FR0000120172;18/07/18;13.45;13.525;13.29;13.32;4250997
FR0000120172;19/07/18;13.295;13.585;13.20;13.435;4196066
FR0000120172;20/07/18;13.41;13.535;13.335;13.51;3064317
FR0000120172;23/07/18;13.47;13.65;13.44;13.65;3579563
FR0000120172;24/07/18;13.69;13.78;13.565;13.73;4070694
FR0000120172;25/07/18;13.795;13.935;13.755;13.855;4194555
FR0000120172;26/07/18;13.89;14.065;13.855;13.905;4051742
FR0000120172;27/07/18;14.80;15.77;14.665;15.575;16326244
FR0000120172;30/07/18;15.535;15.54;15.155;15.30;4281240
FR0000120172;31/07/18;15.33;15.45;15.30;15.36;3641032
FR0000120271;02/07/18;51.69;52.54;51.35;52.21;6147475
FR0000120271;03/07/18;52.68;53.21;52.17;52.73;5172457
FR0000120271;04/07/18;52.84;53.35;52.77;52.96;3757692
FR0000120271;05/07/18;52.83;54.25;52.80;53.72;6974664
FR0000120271;06/07/18;53.76;53.85;52.91;53.31;4772138
FR0000120271;09/07/18;53.71;54.18;53.53;54.00;4392101
FR0000120271;10/07/18;54.16;54.87;54.15;54.62;5217301
FR0000120271;11/07/18;54.29;54.37;53.16;53.16;6073456
FR0000120271;12/07/18;52.85;53.27;52.67;53.27;5179889
FR0000120271;13/07/18;53.58;53.58;53.08;53.33;3841378
FR0000120271;16/07/18;53.30;53.39;52.55;52.79;3641931
FR0000120271;17/07/18;52.78;52.84;52.31;52.75;3297635
FR0000120271;18/07/18;52.89;53.18;52.35;52.90;3744964
FR0000120271;19/07/18;53.08;53.30;52.72;52.88;4595461
FR0000120271;20/07/18;52.60;52.84;51.92;52.60;7318636
FR0000120271;23/07/18;52.45;52.78;52.12;52.60;2993307
FR0000120271;24/07/18;52.40;53.08;52.16;52.87;3746105
FR0000120271;25/07/18;52.79;53.07;52.45;52.80;3893685
FR0000120271;26/07/18;53.20;54.00;52.85;54.00;6871125
FR0000120271;27/07/18;54.23;55.00;54.11;55.00;6036183
FR0000120271;30/07/18;54.95;55.66;54.84;55.15;4041960
FR0000120271;31/07/18;54.61;56.08;54.60;55.86;6459528
FR0000120321;02/07/18;209.80;210.90;207.80;209.10;515500
FR0000120321;03/07/18;209.70;212.10;209.30;211.70;476193
FR0000120321;04/07/18;211.90;212.40;210.00;211.00;331737
FR0000120321;05/07/18;211.30;211.30;206.40;206.70;870964
FR0000120321;06/07/18;205.90;208.10;204.60;205.80;745462
FR0000120321;09/07/18;206.20;207.40;205.40;206.20;516140
FR0000120321;10/07/18;205.90;208.10;204.90;207.90;540322
FR0000120321;11/07/18;206.70;208.90;206.30;207.90;509378
FR0000120321;12/07/18;208.40;211.10;208.00;211.00;448634
FR0000120321;13/07/18;209.90;211.20;208.90;210.80;452643
FR0000120321;16/07/18;208.40;210.40;207.70;209.70;341059
FR0000120321;17/07/18;210.40;210.90;208.40;210.70;373238
FR0000120321;18/07/18;211.20;213.20;209.90;210.10;443023
FR0000120321;19/07/18;210.10;212.30;208.50;211.80;543449
FR0000120321;20/07/18;212.20;213.20;209.40;211.90;629852
FR0000120321;23/07/18;211.60;211.60;208.00;208.50;396063
FR0000120321;24/07/18;208.90;209.90;207.60;209.30;516126
FR0000120321;25/07/18;210.20;210.30;206.90;208.00;601051
FR0000120321;26/07/18;209.20;209.80;207.60;209.50;679222
FR0000120321;27/07/18;202.50;206.00;200.80;206.00;979201
FR0000120321;30/07/18;205.50;208.30;204.50;207.20;480436
FR0000120321;31/07/18;208.40;210.20;207.00;209.50;508421
FR0000120404;02/07/18;41.58;42.13;41.46;42.03;887205
FR0000120404;03/07/18;42.05;42.94;42.05;42.59;1078071
FR0000120404;04/07/18;42.49;42.58;42.14;42.35;599936
FR0000120404;05/07/18;42.32;42.83;42.30;42.49;660162
FR0000120404;06/07/18;42.57;43.04;42.50;42.94;689997
FR0000120404;09/07/18;43.00;43.94;42.93;43.70;1303138
FR0000120404;10/07/18;43.64;44.08;43.59;43.74;688217
FR0000120404;11/07/18;43.43;44.07;43.36;43.87;851411
FR0000120404;12/07/18;43.96;44.30;43.85;44.28;715975
FR0000120404;13/07/18;44.27;44.47;44.12;44.22;565522
FR0000120404;16/07/18;44.36;44.68;44.23;44.63;788167
FR0000120404;17/07/18;44.54;44.55;44.08;44.49;538550
FR0000120404;18/07/18;44.47;45.03;44.45;44.80;666163
FR0000120404;19/07/18;44.65;44.92;44.64;44.85;674002
FR0000120404;20/07/18;44.82;45.03;44.49;44.91;681761
FR0000120404;23/07/18;44.50;44.86;44.35;44.48;586290
FR0000120404;24/07/18;44.53;44.82;44.43;44.48;739775
FR0000120404;25/07/18;44.40;44.64;43.80;43.86;902159
FR0000120404;26/07/18;44.02;45.08;42.73;43.33;1503804
FR0000120404;27/07/18;43.23;43.93;43.15;43.81;731289
FR0000120404;30/07/18;43.61;44.22;43.44;43.57;911511
FR0000120404;31/07/18;43.49;44.43;43.36;44.08;1193304
FR0000120503;02/07/18;36.63;36.95;36.36;36.82;954163
FR0000120503;03/07/18;36.99;37.47;36.84;37.06;712167
FR0000120503;04/07/18;36.99;37.38;36.86;37.30;705181
FR0000120503;05/07/18;37.38;37.79;37.33;37.67;755840
FR0000120503;06/07/18;37.75;37.95;37.58;37.95;698007
FR0000120503;09/07/18;38.10;38.19;37.87;38.01;711259
FR0000120503;10/07/18;38.00;38.21;37.81;38.21;624812
FR0000120503;11/07/18;38.01;38.12;37.27;37.53;771331
FR0000120503;12/07/18;37.63;37.74;37.30;37.72;623918
FR0000120503;13/07/18;38.05;38.07;37.74;37.94;881012
FR0000120503;16/07/18;38.00;38.12;37.60;37.64;673653
FR0000120503;17/07/18;37.60;37.69;36.95;37.07;647790
FR0000120503;18/07/18;37.20;37.22;36.77;36.84;757861
FR0000120503;19/07/18;36.79;37.08;36.57;36.66;725558
FR0000120503;20/07/18;36.64;36.68;36.08;36.50;702909
FR0000120503;23/07/18;36.36;36.58;36.18;36.48;532481
FR0000120503;24/07/18;36.60;37.16;36.48;36.76;853877
FR0000120503;25/07/18;36.89;37.16;36.50;36.56;547361
FR0000120503;26/07/18;36.82;37.15;36.73;36.99;848865
FR0000120503;27/07/18;37.40;37.68;37.25;37.59;731809
FR0000120503;30/07/18;37.60;37.65;37.36;37.55;436297
FR0000120503;31/07/18;37.49;37.76;37.35;37.61;531843
FR0000120578;02/07/18;68.15;69.03;68.05;68.80;2636838
FR0000120578;03/07/18;69.04;70.27;69.04;70.01;3042905
FR0000120578;04/07/18;70.01;71.15;69.81;70.95;2273393
FR0000120578;05/07/18;70.88;72.44;70.76;72.44;4290334
FR0000120578;06/07/18;72.40;72.80;72.09;72.50;2690137
FR0000120578;09/07/18;72.71;72.71;71.43;71.56;2427571
FR0000120578;10/07/18;71.50;72.11;70.92;71.63;2094597
FR0000120578;11/07/18;71.23;71.53;70.84;71.15;2580029
FR0000120578;12/07/18;71.34;72.30;71.34;72.23;2712481
FR0000120578;13/07/18;72.20;72.39;71.82;71.91;2011299
FR0000120578;16/07/18;71.72;71.94;71.24;71.66;1449268
FR0000120578;17/07/18;71.11;72.05;70.81;71.84;1706922
FR0000120578;18/07/18;71.95;72.88;71.95;72.51;2793110
FR0000120578;19/07/18;72.30;72.46;71.95;72.11;2292087
FR0000120578;20/07/18;72.15;72.70;71.69;72.36;3291929
FR0000120578;23/07/18;72.20;72.51;71.68;72.48;1585901
FR0000120578;24/07/18;72.48;73.11;72.06;72.83;1965403
FR0000120578;25/07/18;72.81;73.44;72.58;73.41;2635911
FR0000120578;26/07/18;73.70;74.18;73.46;74.05;2611161
FR0000120578;27/07/18;74.04;74.67;73.96;74.57;1847134
FR0000120578;30/07/18;74.21;74.60;73.68;73.95;1811079
FR0000120578;31/07/18;72.48;74.66;72.00;74.37;3146417
FR0000120628;02/07/18;20.875;20.90;20.68;20.825;7261606
FR0000120628;03/07/18;20.87;21.065;20.71;20.885;7345307
FR0000120628;04/07/18;20.865;21.11;20.80;21.005;4327204
FR0000120628;05/07/18;20.79;21.30;20.79;21.125;6181800
FR0000120628;06/07/18;21.18;21.21;20.965;21.13;5319043
FR0000120628;09/07/18;21.20;21.395;21.155;21.29;5585947
FR0000120628;10/07/18;21.30;21.36;21.015;21.105;6516891
FR0000120628;11/07/18;21.00;21.015;20.67;20.77;7522974
FR0000120628;12/07/18;20.81;20.865;20.605;20.735;5062309
FR0000120628;13/07/18;20.795;20.845;20.66;20.74;4766699
FR0000120628;16/07/18;20.765;20.84;20.63;20.75;5299638
FR0000120628;17/07/18;20.715;20.915;20.675;20.84;4509655
FR0000120628;18/07/18;20.865;20.995;20.79;20.95;4850804
FR0000120628;19/07/18;20.96;21.105;20.88;20.93;4925416
FR0000120628;20/07/18;20.895;20.895;20.495;20.75;8177840
FR0000120628;23/07/18;20.685;20.87;20.625;20.78;4081335
FR0000120628;24/07/18;20.885;21.195;20.775;21.065;8063464
FR0000120628;25/07/18;21.03;21.20;20.855;20.94;6031185
FR0000120628;26/07/18;21.00;21.13;20.91;21.04;6490290
FR0000120628;27/07/18;21.105;21.355;21.09;21.225;6184521
FR0000120628;30/07/18;21.165;21.48;21.145;21.38;6085595
FR0000120628;31/07/18;21.33;21.705;21.33;21.60;7913894
FR0000120644;02/07/18;62.32;63.82;62.24;63.65;1779249
FR0000120644;03/07/18;63.74;64.35;63.56;64.10;1202686
FR0000120644;04/07/18;64.75;65.20;64.30;64.83;1173237
FR0000120644;05/07/18;65.11;65.79;64.85;65.55;2054951
FR0000120644;06/07/18;65.87;66.07;65.53;65.76;1255677
FR0000120644;09/07/18;66.00;66.04;64.25;64.44;2001653
FR0000120644;10/07/18;64.59;64.62;64.08;64.44;1583774
FR0000120644;11/07/18;64.00;64.33;63.57;63.63;1535824
FR0000120644;12/07/18;63.86;64.79;63.83;64.79;1677384
FR0000120644;13/07/18;65.01;65.41;64.99;65.18;1265967
FR0000120644;16/07/18;65.41;65.52;64.70;65.20;1065443
FR0000120644;17/07/18;65.00;65.23;64.52;65.08;1151615
FR0000120644;18/07/18;65.01;65.83;65.01;65.58;1394893
FR0000120644;19/07/18;65.41;65.99;65.19;65.82;1366962
FR0000120644;20/07/18;65.71;66.56;65.62;66.34;2139646
FR0000120644;23/07/18;66.24;66.33;65.75;65.84;1226022
FR0000120644;24/07/18;65.96;66.00;65.44;65.55;997513
FR0000120644;25/07/18;65.67;65.74;64.99;65.30;1167857
FR0000120644;26/07/18;65.44;65.67;65.14;65.64;1444657
FR0000120644;27/07/18;66.71;67.69;66.63;67.59;2157521
FR0000120644;30/07/18;67.26;67.41;66.88;67.19;1501402
FR0000120644;31/07/18;67.75;67.90;67.20;67.21;1917867
FR0000120693;02/07/18;139.90;139.90;138.35;139.15;391519
FR0000120693;03/07/18;138.90;140.15;137.90;138.50;456675
FR0000120693;04/07/18;137.50;138.55;137.10;137.60;316305
FR0000120693;05/07/18;137.45;138.25;137.10;137.20;447305
FR0000120693;06/07/18;137.45;138.55;137.35;137.95;402454
FR0000120693;09/07/18;138.40;138.55;137.75;137.85;298707
FR0000120693;10/07/18;138.05;138.35;136.95;138.10;367423
FR0000120693;11/07/18;137.10;137.80;136.20;136.90;436129
FR0000120693;12/07/18;137.30;139.40;137.25;138.35;472899
FR0000120693;13/07/18;138.55;139.20;137.90;138.05;288780
FR0000120693;16/07/18;138.00;138.90;137.25;137.60;290090
FR0000120693;17/07/18;137.75;137.95;136.90;137.70;306931
FR0000120693;18/07/18;138.10;138.65;137.35;137.70;451985
FR0000120693;19/07/18;137.55;138.40;136.80;137.50;566306
FR0000120693;20/07/18;137.60;139.15;137.35;138.70;622654
FR0000120693;23/07/18;138.30;138.30;137.05;137.25;358115
FR0000120693;24/07/18;137.85;138.80;137.15;137.15;437012
FR0000120693;25/07/18;137.35;138.25;137.35;137.90;457445
FR0000120693;26/07/18;138.65;138.65;137.05;137.70;461401
FR0000120693;27/07/18;137.35;138.20;137.30;137.65;398248
FR0000120693;30/07/18;137.35;138.05;136.90;137.00;289439
FR0000120693;31/07/18;137.10;138.45;136.60;137.95;476070
FR0000121014;02/07/18;283.05;284.85;281.00;281.45;621340
FR0000121014;03/07/18;283.95;287.05;283.30;285.30;624410
FR0000121014;04/07/18;285.30;285.30;282.35;284.30;351235
FR0000121014;05/07/18;285.35;285.85;281.55;283.25;748130
FR0000121014;06/07/18;285.15;287.60;284.35;287.60;585437
FR0000121014;09/07/18;289.95;291.00;287.95;290.20;485599
FR0000121014;10/07/18;290.45;293.85;290.40;293.20;601594
FR0000121014;11/07/18;290.85;291.05;285.90;286.00;566261
FR0000121014;12/07/18;287.40;290.00;286.80;289.35;382292
FR0000121014;13/07/18;292.00;295.95;292.00;295.95;539123
FR0000121014;16/07/18;296.40;297.25;292.30;292.95;322222
FR0000121014;17/07/18;293.65;296.00;291.45;295.85;328481
FR0000121014;18/07/18;298.00;302.30;296.40;298.80;509363
FR0000121014;19/07/18;298.75;298.75;295.00;295.45;419110
FR0000121014;20/07/18;295.05;299.90;293.20;296.25;741120
FR0000121014;23/07/18;294.05;294.80;290.45;293.05;368778
FR0000121014;24/07/18;295.20;301.50;293.95;301.10;670031
FR0000121014;25/07/18;306.00;308.90;304.10;306.55;820321
FR0000121014;26/07/18;310.00;310.20;300.20;306.00;788232
FR0000121014;27/07/18;301.45;303.85;299.15;301.15;572973
FR0000121014;30/07/18;300.70;303.30;298.60;298.65;360258
FR0000121014;31/07/18;299.20;300.15;293.80;298.85;533558
FR0000121220;02/07/18;85.42;85.82;84.82;85.68;455811
FR0000121220;03/07/18;86.04;86.52;85.56;85.56;335812
FR0000121220;04/07/18;85.50;85.50;82.22;82.88;520109
FR0000121220;05/07/18;86.94;90.38;86.36;90.08;1158426
FR0000121220;06/07/18;90.54;91.00;89.00;89.96;533898
FR0000121220;09/07/18;90.02;90.90;89.44;89.94;446002
FR0000121220;10/07/18;90.00;90.46;89.40;90.12;324477
FR0000121220;11/07/18;89.64;90.54;89.42;90.18;313260
FR0000121220;12/07/18;90.14;91.66;90.14;90.90;372436
FR0000121220;13/07/18;91.22;92.00;90.90;90.92;202231
FR0000121220;16/07/18;90.94;91.52;90.68;91.34;295240
FR0000121220;17/07/18;91.16;91.58;90.58;91.38;259542
FR0000121220;18/07/18;91.42;93.04;91.42;91.80;451727
FR0000121220;19/07/18;91.90;92.52;91.38;91.56;397196
FR0000121220;20/07/18;91.16;91.32;88.88;89.62;543064
FR0000121220;23/07/18;89.30;90.70;89.16;90.46;291090
FR0000121220;24/07/18;90.74;92.08;90.40;91.38;377325
FR0000121220;25/07/18;91.38;91.92;90.94;91.26;310923
FR0000121220;26/07/18;91.46;92.86;91.42;92.20;370422
FR0000121220;27/07/18;92.48;94.48;92.36;94.42;503111
FR0000121220;30/07/18;94.04;95.26;93.56;94.90;336931
FR0000121220;31/07/18;94.78;95.32;94.68;94.68;381670
FR0000121261;02/07/18;103.60;104.65;102.85;103.50;465755
FR0000121261;03/07/18;104.05;104.40;103.00;103.45;602824
FR0000121261;04/07/18;103.55;103.75;102.55;102.85;448199
FR0000121261;05/07/18;103.45;107.45;103.35;105.80;1059160
FR0000121261;06/07/18;106.25;106.40;103.35;104.15;554796
FR0000121261;09/07/18;104.70;104.75;102.65;102.90;661780
FR0000121261;10/07/18;102.65;103.20;101.25;103.10;1033471
FR0000121261;11/07/18;102.10;103.00;101.75;102.00;693996
FR0000121261;12/07/18;102.50;104.50;101.95;104.10;855414
FR0000121261;13/07/18;104.80;106.90;104.55;106.80;709748
FR0000121261;16/07/18;107.05;107.45;105.70;106.15;476334
FR0000121261;17/07/18;108.75;108.80;105.60;107.15;596712
FR0000121261;18/07/18;107.85;109.65;107.70;108.15;608710
FR0000121261;19/07/18;107.90;109.00;107.30;108.55;523561
FR0000121261;20/07/18;108.45;108.45;105.70;108.15;766303
FR0000121261;23/07/18;107.90;109.00;106.20;107.50;521084
FR0000121261;24/07/18;108.30;110.40;106.80;109.85;822499
FR0000121261;25/07/18;110.30;110.35;107.10;107.55;820406
FR0000121261;26/07/18;109.00;111.15;108.80;109.80;761571
FR0000121261;27/07/18;109.65;110.60;109.05;110.50;567271
FR0000121261;30/07/18;110.05;111.30;109.70;111.00;379262
FR0000121261;31/07/18;110.85;111.15;109.85;110.10;561917
FR0000121329;02/07/18;109.70;109.85;108.80;108.95;168373
FR0000121329;03/07/18;109.15;110.30;109.05;109.35;201922
FR0000121329;04/07/18;109.30;109.75;108.85;109.15;257512
FR0000121329;05/07/18;109.15;110.25;109.15;109.55;330040
FR0000121329;06/07/18;109.70;110.90;109.25;109.45;269501
FR0000121329;09/07/18;109.95;111.70;109.80;110.50;243767
FR0000121329;10/07/18;110.40;111.95;110.05;111.80;263664
FR0000121329;11/07/18;111.30;113.85;110.95;113.55;408759
FR0000121329;12/07/18;113.55;116.65;113.35;116.00;482921
FR0000121329;13/07/18;116.25;116.75;114.50;114.60;243168
FR0000121329;16/07/18;114.30;115.85;113.65;114.40;203917
FR0000121329;17/07/18;114.50;115.00;114.00;114.35;192341
FR0000121329;18/07/18;114.50;115.45;114.25;114.30;257843
FR0000121329;19/07/18;114.10;114.75;111.70;113.15;353812
FR0000121329;20/07/18;113.95;115.50;112.60;113.45;354009
FR0000121329;23/07/18;115.00;115.05;113.35;113.85;227063
FR0000121329;24/07/18;113.80;113.85;111.70;112.40;311181
FR0000121329;25/07/18;113.05;113.40;112.20;112.80;161048
FR0000121329;26/07/18;113.45;113.85;112.65;113.40;256020
FR0000121329;27/07/18;113.60;113.70;112.25;112.35;231156
FR0000121329;30/07/18;112.45;112.65;112.00;112.15;162420
FR0000121329;31/07/18;112.50;113.40;111.90;112.45;207671
FR0000121485;02/07/18;475.70;483.80;471.50;472.50;259161
FR0000121485;03/07/18;476.20;479.20;471.90;471.90;232932
FR0000121485;04/07/18;472.00;473.30;467.70;472.00;137352
FR0000121485;05/07/18;473.90;476.40;468.60;471.70;200200
FR0000121485;06/07/18;472.80;477.30;471.00;476.50;178524
FR0000121485;09/07/18;480.70;486.80;480.00;486.00;178982
FR0000121485;10/07/18;487.50;494.50;487.40;493.80;178780
FR0000121485;11/07/18;489.20;489.90;475.00;475.00;263706
FR0000121485;12/07/18;478.20;488.40;478.20;488.40;173455
FR0000121485;13/07/18;490.10;496.50;489.10;492.50;163440
FR0000121485;16/07/18;493.20;493.70;486.20;490.20;85657
FR0000121485;17/07/18;490.80;497.30;486.70;497.30;161130
FR0000121485;18/07/18;500.00;506.40;497.40;503.60;135675
FR0000121485;19/07/18;502.00;502.00;494.70;495.50;168151
FR0000121485;20/07/18;494.90;496.40;483.40;486.80;278445
FR0000121485;23/07/18;484.60;486.50;478.50;483.90;166789
FR0000121485;24/07/18;488.00;493.60;486.30;490.90;210275
FR0000121485;25/07/18;499.50;504.60;496.80;503.60;215458
FR0000121485;26/07/18;506.60;509.60;482.10;502.80;354521
FR0000121485;27/07/18;475.00;476.40;463.10;464.00;677727
FR0000121485;30/07/18;465.00;469.40;463.50;463.50;221007
FR0000121485;31/07/18;464.00;464.50;451.70;456.00;293274
FR0000121501;02/07/18;19.42;19.645;19.15;19.51;2674114
FR0000121501;03/07/18;19.765;20.12;19.58;20.03;4461065
FR0000121501;04/07/18;20.03;20.05;19.875;20.03;2471509
FR0000121501;05/07/18;20.14;20.83;20.14;20.74;3749084
FR0000121501;06/07/18;20.93;21.08;20.35;20.65;2664046
FR0000121501;09/07/18;20.75;21.08;20.64;20.84;2621736
FR0000121501;10/07/18;20.95;21.29;20.82;21.22;2621281
FR0000121501;11/07/18;21.04;21.11;20.76;21.01;2652285
FR0000121501;12/07/18;21.12;21.35;20.76;20.97;2437983
FR0000121501;13/07/18;21.11;21.15;20.82;21.05;2003209
FR0000121501;16/07/18;21.00;21.14;20.79;20.95;2504452
FR0000121501;17/07/18;20.93;21.00;20.74;20.97;2212915
FR0000121501;18/07/18;21.04;21.43;21.04;21.21;3079402
FR0000121501;19/07/18;21.20;21.38;21.13;21.18;2807869
FR0000121501;20/07/18;21.20;21.20;20.38;20.67;4946113
FR0000121501;23/07/18;20.65;20.70;20.14;20.43;3282901
FR0000121501;24/07/18;22.82;23.47;22.25;23.47;12296339
FR0000121501;25/07/18;23.46;24.06;23.44;23.74;6888164
FR0000121501;26/07/18;24.00;24.39;23.87;24.18;5713168
FR0000121501;27/07/18;24.15;24.38;23.80;24.02;4067274
FR0000121501;30/07/18;23.99;24.59;23.84;24.54;3325368
FR0000121501;31/07/18;24.30;24.77;24.27;24.61;3926457
FR0000121667;02/07/18;120.40;120.60;118.25;118.75;670433
FR0000121667;03/07/18;119.30;120.10;118.90;119.35;602305
FR0000121667;04/07/18;119.20;120.75;119.05;119.95;316444
FR0000121667;05/07/18;119.85;120.65;119.60;120.00;646897
FR0000121667;06/07/18;120.80;121.15;120.05;121.10;669831
FR0000121667;09/07/18;121.10;122.15;120.90;121.35;484668
FR0000121667;10/07/18;121.65;122.45;121.35;122.45;685258
FR0000121667;11/07/18;121.80;122.95;121.65;122.10;557018
FR0000121667;12/07/18;122.30;124.40;122.00;123.75;675666
FR0000121667;13/07/18;123.70;124.10;123.25;123.55;492725
FR0000121667;16/07/18;123.95;124.30;123.05;123.20;453513
FR0000121667;17/07/18;123.30;123.50;121.85;123.15;454882
FR0000121667;18/07/18;123.15;123.90;122.35;122.40;510571
FR0000121667;19/07/18;122.45;122.50;121.70;122.45;483179
FR0000121667;20/07/18;121.85;124.15;121.85;124.00;782323
FR0000121667;23/07/18;123.80;124.15;122.95;123.65;380769
FR0000121667;24/07/18;122.45;124.75;121.85;123.45;566547
FR0000121667;25/07/18;123.70;124.25;123.45;123.95;514705
FR0000121667;26/07/18;125.00;127.60;123.35;127.00;1061146
FR0000121667;27/07/18;127.00;127.55;124.75;126.10;748917
FR0000121667;30/07/18;126.00;126.05;125.15;125.90;429810
FR0000121667;31/07/18;126.00;126.20;125.45;126.20;619142
FR0000121972;02/07/18;70.66;70.74;69.88;70.14;1534696
FR0000121972;03/07/18;70.50;71.16;70.12;70.68;1300389
FR0000121972;04/07/18;70.70;70.70;69.38;69.76;1057057
FR0000121972;05/07/18;69.54;70.60;68.92;69.24;2344700
FR0000121972;06/07/18;69.50;69.84;68.92;69.54;1671511
FR0000121972;09/07/18;69.92;70.78;69.80;70.62;1351905
FR0000121972;10/07/18;70.58;71.06;70.30;70.82;1149383
FR0000121972;11/07/18;70.14;70.24;69.18;69.18;1469041
FR0000121972;12/07/18;69.48;69.68;68.90;69.50;1189966
FR0000121972;13/07/18;69.96;70.16;69.32;69.98;1205087
FR0000121972;16/07/18;70.00;70.76;69.92;70.12;885767
FR0000121972;17/07/18;70.00;70.76;69.76;70.60;1307461
FR0000121972;18/07/18;70.64;71.94;70.64;71.62;1361280
FR0000121972;19/07/18;71.68;72.16;71.16;71.22;1228078
FR0000121972;20/07/18;71.00;71.04;68.88;69.82;1990747
FR0000121972;23/07/18;69.44;69.70;68.82;69.32;1171755
FR0000121972;24/07/18;69.44;70.98;69.18;70.18;1592224
FR0000121972;25/07/18;70.00;70.80;69.68;69.98;1499607
FR0000121972;26/07/18;68.98;70.04;67.08;68.74;3314910
FR0000121972;27/07/18;68.68;70.06;68.60;69.28;1872697
FR0000121972;30/07/18;69.00;69.06;67.94;68.70;1839415
FR0000121972;31/07/18;68.78;69.24;68.04;68.84;1861489
FR0000124141;02/07/18;18.20;18.365;18.14;18.295;1859074
FR0000124141;03/07/18;18.43;18.67;18.375;18.62;1994603
FR0000124141;04/07/18;18.73;18.77;18.515;18.52;1935676
FR0000124141;05/07/18;18.43;18.86;18.37;18.78;2465512
FR0000124141;06/07/18;18.845;19.225;18.845;19.22;2947939
FR0000124141;09/07/18;19.10;19.225;19.055;19.075;1911622
FR0000124141;10/07/18;19.05;19.065;18.85;19.005;1806962
FR0000124141;11/07/18;18.92;19.075;18.905;19.02;1578341
FR0000124141;12/07/18;19.015;19.31;18.97;19.31;1651140
FR0000124141;13/07/18;19.335;19.50;19.295;19.30;1763969
FR0000124141;16/07/18;19.255;19.355;19.08;19.245;1489792
FR0000124141;17/07/18;19.20;19.225;18.95;19.19;1389756
FR0000124141;18/07/18;19.05;19.315;19.005;19.29;2154920
FR0000124141;19/07/18;19.21;19.345;19.14;19.28;2074295
FR0000124141;20/07/18;19.205;19.345;19.10;19.325;1430998
FR0000124141;23/07/18;19.25;19.46;19.125;19.305;1321987
FR0000124141;24/07/18;18.955;19.085;18.75;18.92;3318825
FR0000124141;25/07/18;18.95;19.255;18.87;19.145;1900237
FR0000124141;26/07/18;19.145;19.47;19.145;19.30;2439019
FR0000124141;27/07/18;19.37;19.69;19.35;19.595;1627028
FR0000124141;30/07/18;19.575;19.66;19.30;19.39;2192865
FR0000124141;31/07/18;19.37;19.71;19.28;19.535;1944061
FR0000125007;02/07/18;37.88;38.03;37.435;37.81;2091819
FR0000125007;03/07/18;37.85;38.375;37.715;38.175;1676776
FR0000125007;04/07/18;38.075;38.075;37.685;37.96;1519791
FR0000125007;05/07/18;37.875;38.535;37.875;38.235;2673019
FR0000125007;06/07/18;38.325;38.43;37.705;38.01;1939947
FR0000125007;09/07/18;38.26;38.66;37.77;38.125;1771103
FR0000125007;10/07/18;38.13;38.305;37.855;38.00;1790431
FR0000125007;11/07/18;37.75;37.75;37.005;37.12;2705313
FR0000125007;12/07/18;37.24;37.24;36.765;36.895;2209197
FR0000125007;13/07/18;37.25;37.305;36.805;36.90;2342993
FR0000125007;16/07/18;36.995;37.33;36.955;36.98;1521541
FR0000125007;17/07/18;36.90;37.355;36.815;36.985;1318605
FR0000125007;18/07/18;37.10;37.645;36.96;37.465;1876378
FR0000125007;19/07/18;37.335;37.585;37.10;37.49;1752293
FR0000125007;20/07/18;37.485;37.595;36.99;37.46;2228547
FR0000125007;23/07/18;37.30;37.345;36.635;37.00;1797152
FR0000125007;24/07/18;37.095;37.48;36.91;37.175;1983814
FR0000125007;25/07/18;37.105;37.385;36.74;36.90;1621833
FR0000125007;26/07/18;37.24;37.42;36.87;37.16;2296184
FR0000125007;27/07/18;38.915;39.175;37.72;37.735;3309608
FR0000125007;30/07/18;37.695;37.745;37.43;37.615;1545584
FR0000125007;31/07/18;37.61;38.22;37.49;38.075;2796791
FR0000125338;02/07/18;114.65;115.00;113.65;114.05;605586
FR0000125338;03/07/18;114.65;115.55;114.05;114.10;457549
FR0000125338;04/07/18;114.30;114.30;111.45;111.65;512956
FR0000125338;05/07/18;112.00;113.25;111.80;113.25;495803
FR0000125338;06/07/18;113.80;114.40;112.85;113.50;477147
FR0000125338;09/07/18;113.80;115.05;113.80;113.95;411247
FR0000125338;10/07/18;114.40;115.10;114.35;114.80;404623
FR0000125338;11/07/18;114.20;115.05;113.65;114.85;460231
FR0000125338;12/07/18;115.20;115.95;114.40;115.90;537632
FR0000125338;13/07/18;116.40;117.45;116.10;116.25;555671
FR0000125338;16/07/18;116.45;117.30;116.10;117.00;320235
FR0000125338;17/07/18;116.80;118.25;116.40;118.25;387305
FR0000125338;18/07/18;118.90;119.80;117.95;117.95;497551
FR0000125338;19/07/18;117.70;119.20;115.95;116.45;518960
FR0000125338;20/07/18;116.55;117.25;114.85;115.85;474891
FR0000125338;23/07/18;116.00;116.15;114.05;115.15;600978
FR0000125338;24/07/18;115.40;116.35;114.95;115.15;420836
FR0000125338;25/07/18;115.05;116.30;115.00;115.75;390271
FR0000125338;26/07/18;116.50;117.20;115.30;117.20;495420
FR0000125338;27/07/18;117.40;117.40;112.10;113.00;1256654
FR0000125338;30/07/18;112.40;112.45;110.50;110.50;668890
FR0000125338;31/07/18;110.40;110.40;107.90;109.80;796322
FR0000125486;02/07/18;81.54;81.82;81.08;81.42;1189434
FR0000125486;03/07/18;81.76;83.06;81.56;83.00;1536955
FR0000125486;04/07/18;83.08;83.48;82.72;83.42;710321
FR0000125486;05/07/18;83.64;84.78;83.44;84.50;1343755
FR0000125486;06/07/18;84.62;85.10;84.40;84.76;1011556
FR0000125486;09/07/18;85.08;85.46;84.94;85.24;969492
FR0000125486;10/07/18;85.50;85.94;85.28;85.80;923106
FR0000125486;11/07/18;85.20;85.82;84.98;85.28;1093555
FR0000125486;12/07/18;85.60;86.22;85.00;86.22;1067951
FR0000125486;13/07/18;86.32;86.68;85.54;85.66;952939
FR0000125486;16/07/18;85.74;86.30;85.74;86.10;668645
FR0000125486;17/07/18;86.04;86.36;85.62;86.24;759550
FR0000125486;18/07/18;86.42;86.52;85.48;85.50;959852
FR0000125486;19/07/18;85.24;85.80;84.58;84.58;1063282
FR0000125486;20/07/18;84.56;84.56;83.34;84.34;1519076
FR0000125486;23/07/18;84.28;84.28;83.60;84.10;636729
FR0000125486;24/07/18;84.50;85.82;84.10;84.90;1208103
FR0000125486;25/07/18;84.94;85.02;83.96;84.06;1247176
FR0000125486;26/07/18;83.76;84.56;83.36;84.54;1427005
FR0000125486;27/07/18;86.96;87.36;84.78;87.36;1762499
FR0000125486;30/07/18;87.00;87.38;86.12;86.12;953893
FR0000125486;31/07/18;86.44;86.52;85.68;86.00;1187217
FR0000127771;02/07/18;20.80;20.88;20.60;20.62;4749833
FR0000127771;03/07/18;20.69;20.87;20.52;20.52;3322727
FR0000127771;04/07/18;20.52;20.65;20.47;20.58;2276258
FR0000127771;05/07/18;20.67;20.78;20.54;20.76;2978261
FR0000127771;06/07/18;20.86;20.98;20.77;20.86;3405499
FR0000127771;09/07/18;20.96;21.18;20.83;20.83;3303011
FR0000127771;10/07/18;20.82;20.87;20.68;20.80;2712090
FR0000127771;11/07/18;20.71;20.75;20.41;20.41;3510878
FR0000127771;12/07/18;20.52;21.62;20.51;21.52;6292759
FR0000127771;13/07/18;21.65;21.77;21.36;21.47;2585420
FR0000127771;16/07/18;21.49;21.63;21.26;21.39;2408750
FR0000127771;17/07/18;21.31;21.37;21.02;21.23;2537574
FR0000127771;18/07/18;21.27;21.57;21.21;21.51;3133003
FR0000127771;19/07/18;21.44;21.47;21.18;21.21;2583383
FR0000127771;20/07/18;21.20;21.20;20.80;20.94;4186382
FR0000127771;23/07/18;20.93;21.08;20.79;21.03;2046414
FR0000127771;24/07/18;21.16;21.24;21.01;21.01;2595540
FR0000127771;25/07/18;21.00;21.00;20.49;20.52;3581808
FR0000127771;26/07/18;20.60;20.67;20.40;20.59;4485201
FR0000127771;27/07/18;20.61;21.11;20.60;21.05;3586751
FR0000127771;30/07/18;21.06;21.40;20.85;21.40;3333439
FR0000127771;31/07/18;22.38;22.67;22.02;22.20;8568706
FR0000130577;02/07/18;58.10;58.84;58.10;58.14;523057
FR0000130577;03/07/18;58.20;59.08;58.20;58.78;592653
FR0000130577;04/07/18;58.78;59.18;58.40;59.02;401790
FR0000130577;05/07/18;59.00;59.50;58.76;59.02;582737
FR0000130577;06/07/18;59.32;59.84;59.28;59.56;504222
FR0000130577;09/07/18;59.80;60.80;59.74;60.64;456060
FR0000130577;10/07/18;60.78;61.04;60.44;60.86;490059
FR0000130577;11/07/18;60.70;60.74;59.44;59.58;477464
FR0000130577;12/07/18;59.88;60.44;59.22;60.26;643787
FR0000130577;13/07/18;60.50;61.00;60.46;60.76;510642
FR0000130577;16/07/18;60.80;60.96;60.14;60.14;429859
FR0000130577;17/07/18;60.12;60.32;58.06;58.76;806792
FR0000130577;18/07/18;59.26;59.26;58.10;58.30;1180161
FR0000130577;19/07/18;54.16;54.44;52.32;53.18;3770500
FR0000130577;20/07/18;53.18;54.36;53.06;53.76;1420463
FR0000130577;23/07/18;53.64;54.24;53.00;53.96;957081
FR0000130577;24/07/18;54.10;54.18;53.00;53.04;1017700
FR0000130577;25/07/18;53.06;53.26;51.78;52.48;886640
FR0000130577;26/07/18;52.70;53.46;52.48;53.12;772392
FR0000130577;27/07/18;53.04;54.12;53.02;54.10;755278
FR0000130577;30/07/18;54.00;54.38;53.90;54.18;499366
FR0000130577;31/07/18;54.20;54.84;53.94;54.66;858131
FR0000130650;02/07/18;119.45;119.75;117.75;118.80;304355
FR0000130650;03/07/18;119.60;120.25;118.75;119.75;280295
FR0000130650;04/07/18;119.70;119.75;118.55;118.95;150593
FR0000130650;05/07/18;119.00;120.60;118.90;120.40;260460
FR0000130650;06/07/18;120.95;122.00;120.30;120.85;288792
FR0000130650;09/07/18;121.20;122.35;121.05;121.65;236542
FR0000130650;10/07/18;122.15;124.75;121.90;124.60;196237
FR0000130650;11/07/18;123.90;125.30;123.40;124.75;280076
FR0000130650;12/07/18;125.35;128.15;124.75;127.85;269639
FR0000130650;13/07/18;128.85;130.95;127.60;128.10;250537
FR0000130650;16/07/18;129.85;130.15;127.85;128.75;190327
FR0000130650;17/07/18;128.80;130.20;127.70;130.20;248193
FR0000130650;18/07/18;130.90;131.70;130.40;130.80;239712
FR0000130650;19/07/18;130.50;131.05;129.50;130.50;274700
FR0000130650;20/07/18;130.25;130.40;128.70;128.90;280978
FR0000130650;23/07/18;128.95;129.45;126.90;127.25;260136
FR0000130650;24/07/18;128.10;129.50;127.75;127.80;253152
FR0000130650;25/07/18;126.90;127.35;122.80;124.65;623969
FR0000130650;26/07/18;124.95;129.30;124.50;129.10;422160
FR0000130650;27/07/18;129.40;130.35;128.65;129.65;329899
FR0000130650;30/07/18;129.00;129.05;127.60;127.65;294278
FR0000130650;31/07/18;127.65;128.35;126.30;127.80;364873
FR0000130809;02/07/18;35.93;36.22;35.44;36.045;3340103
FR0000130809;03/07/18;36.26;36.63;35.93;36.255;2994224
FR0000130809;04/07/18;36.115;36.635;36.115;36.335;2695036
FR0000130809;05/07/18;36.225;37.28;36.225;36.805;4854143
FR0000130809;06/07/18;36.935;37.135;36.47;36.72;2860738
FR0000130809;09/07/18;37.00;37.095;36.685;36.89;2220779
FR0000130809;10/07/18;36.98;37.03;36.275;36.59;3356181
FR0000130809;11/07/18;36.45;36.45;35.965;36.105;3425172
FR0000130809;12/07/18;36.215;36.26;35.755;36.015;2751274
FR0000130809;13/07/18;36.12;36.43;35.82;36.17;3805756
FR0000130809;16/07/18;36.265;36.685;36.00;36.365;2784587
FR0000130809;17/07/18;36.30;36.615;36.11;36.325;2630623
FR0000130809;18/07/18;36.445;36.565;36.05;36.485;3260405
FR0000130809;19/07/18;36.385;36.625;36.065;36.27;3630710
FR0000130809;20/07/18;36.11;36.115;35.51;36.005;4244399
FR0000130809;23/07/18;35.955;36.20;35.73;36.195;3246156
FR0000130809;24/07/18;36.435;36.90;36.35;36.755;5601332
FR0000130809;25/07/18;36.86;37.055;36.535;36.695;3313674
FR0000130809;26/07/18;36.905;37.24;36.815;36.845;3772174
FR0000130809;27/07/18;36.975;37.565;36.92;37.24;4149298
FR0000130809;30/07/18;37.00;37.455;36.97;37.42;2983019
FR0000130809;31/07/18;37.445;38.325;37.435;38.11;5726585
FR0000131104;02/07/18;52.70;52.96;51.98;52.94;3132659
FR0000131104;03/07/18;53.39;54.01;52.79;53.19;3194721
FR0000131104;04/07/18;53.08;53.40;52.93;53.21;2452826
FR0000131104;05/07/18;53.28;54.59;53.21;54.14;5152959
FR0000131104;06/07/18;54.30;54.43;53.52;53.86;3275468
FR0000131104;09/07/18;54.30;54.39;53.74;53.91;2650792
FR0000131104;10/07/18;54.04;54.09;53.11;53.41;3693935
FR0000131104;11/07/18;53.09;53.14;52.37;52.59;3748213
FR0000131104;12/07/18;52.80;52.81;52.05;52.40;3295926
FR0000131104;13/07/18;52.59;52.71;52.14;52.38;3957746
FR0000131104;16/07/18;52.49;53.12;52.26;52.53;3606835
FR0000131104;17/07/18;52.45;52.59;51.99;52.14;3437814
FR0000131104;18/07/18;52.27;52.33;51.67;52.07;3461549
FR0000131104;19/07/18;51.93;52.32;51.62;51.82;2837943
FR0000131104;20/07/18;51.71;51.91;51.22;51.70;4473749
FR0000131104;23/07/18;51.84;52.35;51.65;52.12;3345089
FR0000131104;24/07/18;52.64;53.97;52.40;53.53;6301067
FR0000131104;25/07/18;53.69;53.86;52.88;53.17;3486600
FR0000131104;26/07/18;53.73;54.00;53.37;53.84;3967848
FR0000131104;27/07/18;54.02;54.96;53.97;54.80;4493908
FR0000131104;30/07/18;54.66;55.16;54.47;55.10;3384513
FR0000131104;31/07/18;54.95;56.09;54.95;55.67;4914992
FR0000131906;02/07/18;72.21;73.16;71.40;72.28;1533613
FR0000131906;03/07/18;72.59;72.80;71.96;72.40;962348
FR0000131906;04/07/18;72.62;74.67;72.40;73.36;1215207
FR0000131906;05/07/18;73.50;76.17;73.50;75.49;1832159
FR0000131906;06/07/18;76.03;76.30;73.60;74.45;1182146
FR0000131906;09/07/18;73.90;74.29;72.51;74.09;1582756
FR0000131906;10/07/18;75.00;75.59;73.97;75.13;1081465
FR0000131906;11/07/18;74.56;74.60;72.93;73.38;1188766
FR0000131906;12/07/18;73.74;73.88;72.78;73.26;711766
FR0000131906;13/07/18;73.63;74.19;73.26;73.60;904510
FR0000131906;16/07/18;73.70;74.89;73.08;73.64;941552
FR0000131906;17/07/18;73.58;73.93;72.91;73.71;647206
FR0000131906;18/07/18;74.19;75.31;74.05;74.57;1130305
FR0000131906;19/07/18;74.40;75.01;73.55;74.12;894461
FR0000131906;20/07/18;74.13;74.13;72.28;73.24;1198510
FR0000131906;23/07/18;73.01;73.32;72.39;73.26;730478
FR0000131906;24/07/18;75.18;75.25;73.71;73.71;1591352
FR0000131906;25/07/18;73.73;74.00;71.47;72.13;1903043
FR0000131906;26/07/18;73.50;74.47;72.77;73.21;1914061
FR0000131906;27/07/18;74.67;75.30;71.98;74.58;1872581
FR0000131906;30/07/18;74.41;75.12;74.00;74.96;794216
FR0000131906;31/07/18;74.80;75.73;74.73;75.29;845424
FR0000133308;02/07/18;14.20;14.325;14.125;14.245;5561383
FR0000133308;03/07/18;14.25;14.49;14.225;14.41;5731838
FR0000133308;04/07/18;14.405;14.815;14.40;14.73;6954742
FR0000133308;05/07/18;14.73;14.865;14.69;14.82;5137246
FR0000133308;06/07/18;14.855;14.92;14.825;14.86;4635773
FR0000133308;09/07/18;14.94;14.94;14.815;14.895;3869664
FR0000133308;10/07/18;14.855;14.87;14.725;14.765;6565347
FR0000133308;11/07/18;14.685;14.83;14.685;14.725;5266902
FR0000133308;12/07/18;14.74;14.76;14.665;14.715;4965519
FR0000133308;13/07/18;14.75;14.79;14.58;14.60;4794712
FR0000133308;16/07/18;14.615;14.65;14.47;14.57;3622596
FR0000133308;17/07/18;14.445;14.475;14.115;14.20;9744421
FR0000133308;18/07/18;14.285;14.285;14.13;14.16;5959778
FR0000133308;19/07/18;14.13;14.205;13.995;14.055;8422408
FR0000133308;20/07/18;14.08;14.13;13.93;14.095;7575996
FR0000133308;23/07/18;14.075;14.185;14.035;14.115;4127849
FR0000133308;24/07/18;14.205;14.21;14.05;14.05;5530153
FR0000133308;25/07/18;14.04;14.125;13.915;13.98;6682069
FR0000133308;26/07/18;14.17;14.33;14.105;14.30;10044558
FR0000133308;27/07/18;14.35;14.675;14.325;14.63;9452428
FR0000133308;30/07/18;14.585;14.645;14.495;14.60;4349734
FR0000133308;31/07/18;14.625;14.685;14.58;14.615;6559929
FR0010208488;02/07/18;13.05;13.205;12.985;13.15;4456944
FR0010208488;03/07/18;13.16;13.405;13.105;13.37;5083448
FR0010208488;04/07/18;13.35;13.485;13.31;13.40;3250243
FR0010208488;05/07/18;13.435;13.60;13.355;13.525;5882057
FR0010208488;06/07/18;13.57;13.59;13.485;13.585;4655854
FR0010208488;09/07/18;13.615;13.64;13.51;13.51;4721658
FR0010208488;10/07/18;13.485;13.525;13.365;13.50;5251845
FR0010208488;11/07/18;13.39;13.525;13.39;13.41;4212361
FR0010208488;12/07/18;13.405;13.52;13.355;13.515;3447353
FR0010208488;13/07/18;13.55;13.625;13.52;13.525;2993331
FR0010208488;16/07/18;13.525;13.57;13.355;13.40;3316323
FR0010208488;17/07/18;13.37;13.41;13.29;13.395;3527728
FR0010208488;18/07/18;13.385;13.535;13.36;13.445;4722756
FR0010208488;19/07/18;13.445;13.46;13.315;13.34;3827645
FR0010208488;20/07/18;13.33;13.495;13.275;13.375;6518213
FR0010208488;23/07/18;13.355;13.605;13.33;13.55;4760986
FR0010208488;24/07/18;13.585;13.585;13.41;13.455;7188905
FR0010208488;25/07/18;13.43;13.53;13.40;13.505;4380234
FR0010208488;26/07/18;13.51;13.81;13.505;13.81;7269616
FR0010208488;27/07/18;13.945;14.275;13.895;14.15;7971558
FR0010208488;30/07/18;14.075;14.075;13.755;13.80;6452008
FR0010208488;31/07/18;13.79;13.92;13.715;13.815;5638727
FR0010307819;02/07/18;62.18;62.36;61.88;62.06;539699
FR0010307819;03/07/18;62.22;62.98;62.22;62.62;382844
FR0010307819;04/07/18;62.64;62.64;62.02;62.56;345858
FR0010307819;05/07/18;62.72;63.36;62.20;62.32;647636
FR0010307819;06/07/18;62.48;62.48;61.74;62.42;528579
FR0010307819;09/07/18;62.66;63.48;62.66;63.38;481336
FR0010307819;10/07/18;63.60;63.94;63.26;63.78;463159
FR0010307819;11/07/18;63.32;63.42;62.78;62.80;475164
FR0010307819;12/07/18;63.60;63.98;63.20;63.28;728622
FR0010307819;13/07/18;63.62;63.62;63.34;63.52;667278
FR0010307819;16/07/18;63.58;64.12;63.48;63.72;362208
FR0010307819;17/07/18;63.70;64.20;63.40;64.12;379025
FR0010307819;18/07/18;64.24;64.36;63.52;63.84;670533
FR0010307819;19/07/18;63.66;63.78;62.40;62.42;1017229
FR0010307819;20/07/18;62.26;62.46;61.54;62.14;859827
FR0010307819;23/07/18;62.08;62.10;61.48;62.00;621308
FR0010307819;24/07/18;62.22;63.04;62.06;62.60;536492
FR0010307819;25/07/18;62.38;62.88;62.38;62.64;383621
FR0010307819;26/07/18;62.88;63.54;62.52;63.10;724838
FR0010307819;27/07/18;63.24;63.84;63.14;63.66;529550
FR0010307819;30/07/18;63.50;64.10;63.36;64.08;487969
FR0010307819;31/07/18;64.24;64.24;61.50;62.84;1159986
FR0013326246;02/07/18;184.60;186.95;184.50;185.50;335284
FR0013326246;03/07/18;185.80;187.15;185.25;186.30;269797
FR0013326246;04/07/18;186.20;189.25;184.90;188.80;255404
FR0013326246;05/07/18;188.30;189.85;188.05;188.55;286363
FR0013326246;06/07/18;188.75;189.95;186.70;187.60;343245
FR0013326246;09/07/18;188.60;189.05;187.15;188.40;278905
FR0013326246;10/07/18;188.95;190.25;188.05;189.30;342789
FR0013326246;11/07/18;188.80;189.30;186.25;186.25;345518
FR0013326246;12/07/18;186.40;186.50;184.85;186.05;316764
FR0013326246;13/07/18;187.25;188.20;186.25;188.00;285550
FR0013326246;16/07/18;187.75;187.95;186.65;186.65;196133
FR0013326246;17/07/18;186.00;186.35;184.40;186.10;273873
FR0013326246;18/07/18;184.25;187.65;184.25;187.55;234565
FR0013326246;19/07/18;187.00;187.40;185.45;187.05;227701
FR0013326246;20/07/18;186.30;187.30;184.35;187.30;394049
FR0013326246;23/07/18;186.90;187.35;185.60;186.10;214615
FR0013326246;24/07/18;186.25;187.10;185.40;186.05;286449
FR0013326246;25/07/18;186.00;186.95;185.65;186.45;253060
FR0013326246;26/07/18;186.70;187.75;185.65;187.20;311139
FR0013326246;27/07/18;186.75;188.15;186.75;187.75;342794
FR0013326246;30/07/18;187.55;189.40;186.65;189.40;209730
FR0013326246;31/07/18;189.45;191.00;189.05;189.85;379911
GB00BDSFG982;02/07/18;26.81;26.84;26.35;26.43;1750195
GB00BDSFG982;03/07/18;26.40;27.15;26.37;26.50;1547375
GB00BDSFG982;04/07/18;26.55;26.85;26.18;26.21;1092199
GB00BDSFG982;05/07/18;26.01;26.47;25.91;25.99;2059392
GB00BDSFG982;06/07/18;26.08;26.10;25.24;25.85;1905214
GB00BDSFG982;09/07/18;26.07;26.48;26.04;26.34;2010908
GB00BDSFG982;10/07/18;26.58;27.37;26.54;27.13;2352292
GB00BDSFG982;11/07/18;26.65;26.89;26.10;26.62;2188026
GB00BDSFG982;12/07/18;26.30;26.55;26.01;26.42;1536709
GB00BDSFG982;13/07/18;26.44;26.77;26.06;26.70;1069640
GB00BDSFG982;16/07/18;26.50;26.75;25.69;25.84;1690510
GB00BDSFG982;17/07/18;25.70;26.19;25.53;26.14;1261735
GB00BDSFG982;18/07/18;26.26;26.73;26.01;26.45;1374155
GB00BDSFG982;19/07/18;26.49;26.52;25.70;26.07;1659480
GB00BDSFG982;20/07/18;25.73;26.17;25.53;26.08;1891200
GB00BDSFG982;23/07/18;25.74;26.15;25.50;25.67;1353610
GB00BDSFG982;24/07/18;25.59;26.11;25.49;25.86;1364362
GB00BDSFG982;25/07/18;26.11;26.31;25.64;25.72;1225593
GB00BDSFG982;26/07/18;25.66;26.81;25.43;26.78;2536929
GB00BDSFG982;27/07/18;26.83;28.43;26.83;28.41;3458286
GB00BDSFG982;30/07/18;27.86;28.70;27.73;28.50;2344034
GB00BDSFG982;31/07/18;28.44;28.70;27.67;27.67;1330578
LU1598757687;02/07/18;24.365;24.845;24.05;24.64;6334376
LU1598757687;03/07/18;24.555;24.93;24.32;24.485;5983152
LU1598757687;04/07/18;24.45;24.835;24.13;24.265;3979030
LU1598757687;05/07/18;24.265;25.31;24.245;25.225;7180418
LU1598757687;06/07/18;25.785;26.045;24.95;25.46;6281353
LU1598757687;09/07/18;26.00;26.105;25.255;25.765;4601948
LU1598757687;10/07/18;25.82;25.93;25.46;25.67;4082837
LU1598757687;11/07/18;25.12;25.225;24.655;24.725;5496880
LU1598757687;12/07/18;25.445;25.47;24.91;25.43;5527079
LU1598757687;13/07/18;25.635;25.76;25.30;25.455;4195834
LU1598757687;16/07/18;25.325;25.355;25.045;25.115;2845131
LU1598757687;17/07/18;25.325;25.78;25.03;25.73;3934449
LU1598757687;18/07/18;26.00;26.56;25.90;26.485;5103107
LU1598757687;19/07/18;26.685;26.81;25.645;25.69;5055027
LU1598757687;20/07/18;25.755;25.825;24.655;25.155;6456356
LU1598757687;23/07/18;25.06;25.435;24.985;25.30;3134877
LU1598757687;24/07/18;25.60;26.90;25.545;26.655;7620037
LU1598757687;25/07/18;26.555;26.555;26.11;26.20;4327217
LU1598757687;26/07/18;26.88;26.90;26.285;26.495;4516246
LU1598757687;27/07/18;26.865;27.355;26.80;26.985;5383694
LU1598757687;30/07/18;26.795;27.225;26.58;27.11;3066784
LU1598757687;31/07/18;27.095;27.695;26.765;27.515;6088794
NL0000226223;02/07/18;18.81;19.065;18.615;18.735;3011556
NL0000226223;03/07/18;18.88;19.205;18.695;18.96;2972678
NL0000226223;04/07/18;18.75;18.77;18.27;18.43;2670805
NL0000226223;05/07/18;18.41;18.995;18.405;18.92;2824980
NL0000226223;06/07/18;19.025;19.115;18.735;19.005;2169589
NL0000226223;09/07/18;19.155;19.44;18.925;19.16;2256919
NL0000226223;10/07/18;19.35;19.585;19.12;19.555;2688787
NL0000226223;11/07/18;19.33;19.345;19.03;19.125;2388663
NL0000226223;12/07/18;19.055;19.45;18.92;19.40;2025751
NL0000226223;13/07/18;19.71;19.805;19.45;19.495;1690328
NL0000226223;16/07/18;19.55;19.635;19.43;19.495;1593610
NL0000226223;17/07/18;19.395;19.71;19.17;19.665;1687594
NL0000226223;18/07/18;19.95;20.40;19.95;20.27;2846728
NL0000226223;19/07/18;20.28;20.39;20.03;20.22;1844076
NL0000226223;20/07/18;20.31;20.31;19.82;20.27;2570858
NL0000226223;23/07/18;19.99;20.05;19.53;19.80;2004569
NL0000226223;24/07/18;20.20;20.85;20.15;20.58;3519559
NL0000226223;25/07/18;20.04;20.25;18.62;18.81;7096097
NL0000226223;26/07/18;19.065;19.25;18.91;19.065;3318465
NL0000226223;27/07/18;19.12;19.34;19.035;19.175;1761972
NL0000226223;30/07/18;19.10;19.10;18.605;18.67;2098102
NL0000226223;31/07/18;18.56;18.89;18.425;18.605;2249895
NL0000235190;02/07/18;97.65;99.11;97.03;97.71;1658934
NL0000235190;03/07/18;98.10;98.60;97.31;97.76;1106359
NL0000235190;04/07/18;98.08;98.19;97.00;98.00;790159
NL0000235190;05/07/18;98.25;99.00;97.65;97.74;1337173
NL0000235190;06/07/18;97.75;98.94;97.74;98.50;1425002
NL0000235190;09/07/18;99.05;99.68;98.83;99.40;935699
NL0000235190;10/07/18;100.30;103.34;100.30;103.34;1898106
NL0000235190;11/07/18;102.70;103.86;102.12;103.14;1448989
NL0000235190;12/07/18;104.00;105.14;103.20;105.14;1617009
NL0000235190;13/07/18;105.50;107.84;105.50;107.40;1704796
NL0000235190;16/07/18;107.12;107.72;106.80;106.94;818357
NL0000235190;17/07/18;106.86;108.20;106.18;107.66;916038
NL0000235190;18/07/18;107.84;109.10;107.14;107.20;1338633
NL0000235190;19/07/18;107.20;107.44;106.04;107.08;1202954
NL0000235190;20/07/18;107.78;108.04;104.62;105.76;1932871
NL0000235190;23/07/18;105.06;105.94;104.76;105.42;812845
NL0000235190;24/07/18;105.70;106.58;105.26;105.98;1020922
NL0000235190;25/07/18;106.06;106.68;104.62;104.90;1352553
NL0000235190;26/07/18;107.80;111.16;107.80;109.62;2014197
NL0000235190;27/07/18;109.02;109.28;107.30;109.20;1437079
NL0000235190;30/07/18;108.96;108.96;107.04;107.08;872564
NL0000235190;31/07/18;107.20;107.26;105.76;106.00;1113224
