BE0003470755;03/03/14;110.15;110.40;108.90;109.35;239920
BE0003470755;04/03/14;110.35;112.90;110.20;112.40;183236
BE0003470755;05/03/14;112.75;113.35;112.05;113.15;173974
BE0003470755;06/03/14;113.30;114.70;112.90;114.65;168797
BE0003470755;07/03/14;114.40;115.30;113.40;113.95;242183
BE0003470755;10/03/14;113.10;113.30;111.05;111.85;289570
BE0003470755;11/03/14;112.00;113.95;111.80;112.95;175004
BE0003470755;12/03/14;112.20;112.35;110.20;111.15;187706
BE0003470755;13/03/14;111.40;111.45;109.40;109.50;161024
BE0003470755;14/03/14;108.70;110.20;107.85;109.95;158108
BE0003470755;17/03/14;110.00;110.55;108.95;110.20;122050
BE0003470755;18/03/14;109.60;111.50;109.30;110.80;159251
BE0003470755;19/03/14;110.65;111.75;110.00;111.50;145981
BE0003470755;20/03/14;110.65;111.35;109.60;110.85;140967
BE0003470755;21/03/14;111.00;112.40;110.70;112.20;201800
BE0003470755;24/03/14;112.30;112.70;110.85;111.45;174090
BE0003470755;25/03/14;112.00;113.65;111.75;113.50;162639
BE0003470755;26/03/14;113.90;115.10;113.60;114.05;132546
BE0003470755;27/03/14;113.85;114.55;113.45;114.00;140779
BE0003470755;28/03/14;114.25;115.40;112.65;113.90;197975
BE0003470755;31/03/14;113.90;114.20;113.30;113.95;181214
FR0000045072;03/03/14;11.255;11.425;11.07;11.085;9263751
FR0000045072;04/03/14;11.34;11.535;11.255;11.46;8022545
FR0000045072;05/03/14;11.46;11.775;11.435;11.655;7249832
FR0000045072;06/03/14;11.72;11.89;11.72;11.785;5574886
FR0000045072;07/03/14;11.79;11.825;11.46;11.46;6305979
FR0000045072;10/03/14;11.385;11.72;11.32;11.57;6625855
FR0000045072;11/03/14;11.605;11.69;11.51;11.645;4455568
FR0000045072;12/03/14;11.56;11.625;11.33;11.51;6209959
FR0000045072;13/03/14;11.535;11.69;11.325;11.325;5286222
FR0000045072;14/03/14;11.225;11.315;10.945;11.065;8867560
FR0000045072;17/03/14;11.085;11.39;11.085;11.335;5645486
FR0000045072;18/03/14;11.33;11.61;11.295;11.465;6773263
FR0000045072;19/03/14;11.67;11.78;11.605;11.68;8460377
FR0000045072;20/03/14;11.735;11.83;11.16;11.595;16606674
FR0000045072;21/03/14;11.63;11.685;11.215;11.215;12075500
FR0000045072;24/03/14;11.35;11.495;11.20;11.23;11496809
FR0000045072;25/03/14;11.305;11.405;11.26;11.37;6484756
FR0000045072;26/03/14;11.40;11.47;11.295;11.355;6272602
FR0000045072;27/03/14;11.345;11.375;11.225;11.325;3618415
FR0000045072;28/03/14;11.395;11.435;11.325;11.395;3164082
FR0000045072;31/03/14;11.46;11.505;11.41;11.445;5120141
FR0000051732;03/03/14;69.69;69.69;68.80;68.80;326017
FR0000051732;04/03/14;69.17;70.04;69.09;69.74;309825
FR0000051732;05/03/14;69.95;70.42;69.46;70.00;274934
FR0000051732;06/03/14;70.31;70.87;69.92;70.63;322958
FR0000051732;07/03/14;70.78;71.50;69.83;69.83;291782
FR0000051732;10/03/14;69.86;70.30;69.13;69.37;262561
FR0000051732;11/03/14;69.43;69.43;68.37;69.00;277464
FR0000051732;12/03/14;68.73;69.17;67.91;68.30;310195
FR0000051732;13/03/14;68.18;69.08;67.33;67.65;336224
FR0000051732;14/03/14;67.35;67.58;66.52;66.80;419766
FR0000051732;17/03/14;66.80;67.80;66.69;67.59;274715
FR0000051732;18/03/14;67.25;67.80;65.75;67.37;433938
FR0000051732;19/03/14;67.45;67.49;65.82;66.11;500649
FR0000051732;20/03/14;66.00;66.69;65.81;66.38;260507
FR0000051732;21/03/14;66.56;66.75;66.02;66.08;405453
FR0000051732;24/03/14;66.20;66.58;65.20;65.20;263484
FR0000051732;25/03/14;65.25;66.63;65.25;66.48;256268
FR0000051732;26/03/14;66.59;67.67;66.59;67.42;313704
FR0000051732;27/03/14;67.19;68.01;66.89;67.36;166879
FR0000051732;28/03/14;67.63;67.63;64.78;65.67;528097
FR0000051732;31/03/14;65.76;66.05;65.38;65.63;493313
FR0000073272;03/03/14;50.60;50.85;50.33;50.51;1137484
FR0000073272;04/03/14;50.91;51.43;50.88;51.13;853941
FR0000073272;05/03/14;50.95;51.02;49.95;50.00;1170355
FR0000073272;06/03/14;50.09;50.26;49.665;49.74;1343329
FR0000073272;07/03/14;49.965;50.34;49.05;49.20;968588
FR0000073272;10/03/14;49.10;49.16;47.77;48.205;1406038
FR0000073272;11/03/14;48.27;48.67;48.115;48.235;1065501
FR0000073272;12/03/14;48.085;48.13;46.965;47.38;1415512
FR0000073272;13/03/14;47.585;47.665;46.995;47.00;1439045
FR0000073272;14/03/14;46.81;47.245;46.75;46.835;1745381
FR0000073272;17/03/14;46.90;48.10;46.83;47.955;979605
FR0000073272;18/03/14;48.00;48.88;47.565;48.325;1235371
FR0000073272;19/03/14;48.56;49.45;48.33;49.085;1195397
FR0000073272;20/03/14;48.92;49.985;48.80;49.965;1171319
FR0000073272;21/03/14;50.10;50.83;50.02;50.37;1221835
FR0000073272;24/03/14;50.44;50.68;50.05;50.20;849531
FR0000073272;25/03/14;50.19;51.07;50.06;50.73;908044
FR0000073272;26/03/14;50.83;51.14;50.27;50.33;1071019
FR0000073272;27/03/14;50.37;50.72;50.07;50.31;657902
FR0000073272;28/03/14;50.34;50.80;50.10;50.19;624944
FR0000073272;31/03/14;50.50;50.75;50.19;50.29;681342
FR0000120073;03/03/14;81.595;82.0744;80.1488;80.4215;1517990
FR0000120073;04/03/14;81.0496;82.8099;80.8678;82.7273;1307677
FR0000120073;05/03/14;82.3223;82.5703;81.6777;82.3636;1195847
FR0000120073;06/03/14;82.405;82.5785;81.0827;81.6529;1138682
FR0000120073;07/03/14;81.4959;82.5455;81.281;81.4215;1035061
FR0000120073;10/03/14;81.3636;82.2975;81.1074;81.5702;911639
FR0000120073;11/03/14;81.6942;82.1157;81.0331;81.405;773973
FR0000120073;12/03/14;80.9422;80.9504;80.1736;80.5041;1092517
FR0000120073;13/03/14;80.4959;80.7025;79.3058;79.3388;1122259
FR0000120073;14/03/14;78.7438;79.124;78.2893;78.6198;1893609
FR0000120073;17/03/14;78.6364;79.2975;78.3141;79.00;1123612
FR0000120073;18/03/14;78.6529;80.2231;78.595;79.719;1220216
FR0000120073;19/03/14;79.4959;79.6694;79.00;79.1984;999043
FR0000120073;20/03/14;78.7108;79.5372;78.5289;79.4215;1491724
FR0000120073;21/03/14;79.4793;80.7769;79.405;80.6612;1427680
FR0000120073;24/03/14;80.5455;80.6694;79.562;79.719;941582
FR0000120073;25/03/14;79.8926;81.5041;79.8926;80.8843;951514
FR0000120073;26/03/14;80.9339;81.9422;80.6198;81.405;728120
FR0000120073;27/03/14;81.0496;81.8512;80.9917;81.3884;637824
FR0000120073;28/03/14;81.5868;82.1405;81.5124;81.8595;774901
FR0000120073;31/03/14;82.124;82.1818;81.2397;81.2562;817176
FR0000120172;03/03/14;26.41;26.46;25.95;25.95;4001369
FR0000120172;04/03/14;26.25;26.66;26.10;26.66;4623876
FR0000120172;05/03/14;27.00;27.92;26.625;27.825;7110030
FR0000120172;06/03/14;27.83;28.075;27.62;27.905;3162401
FR0000120172;07/03/14;27.94;28.50;27.90;28.015;3990799
FR0000120172;10/03/14;28.00;28.325;27.90;28.105;2774836
FR0000120172;11/03/14;28.165;28.20;27.60;27.705;3250348
FR0000120172;12/03/14;27.57;27.675;27.37;27.585;3630198
FR0000120172;13/03/14;27.645;27.735;26.97;27.14;4793941
FR0000120172;14/03/14;27.03;27.075;26.29;26.605;5378627
FR0000120172;17/03/14;26.55;27.035;26.465;27.035;2738372
FR0000120172;18/03/14;27.00;27.62;26.90;27.46;3349017
FR0000120172;19/03/14;27.445;27.66;27.27;27.455;2518771
FR0000120172;20/03/14;27.20;27.61;27.02;27.61;3336677
FR0000120172;21/03/14;27.615;27.845;27.445;27.56;4166260
FR0000120172;24/03/14;27.495;27.64;26.945;27.11;3161566
FR0000120172;25/03/14;27.22;27.48;27.115;27.31;2202819
FR0000120172;26/03/14;27.335;27.79;27.29;27.68;2768622
FR0000120172;27/03/14;27.59;27.745;27.48;27.715;2155822
FR0000120172;28/03/14;27.815;28.245;27.735;28.22;3212450
FR0000120172;31/03/14;28.265;28.32;28.02;28.095;2658880
FR0000120271;03/03/14;46.50;47.02;46.22;46.22;6156901
FR0000120271;04/03/14;46.60;47.265;46.505;47.02;5415660
FR0000120271;05/03/14;46.79;47.07;46.54;46.925;5128220
FR0000120271;06/03/14;46.99;47.125;46.69;47.06;4142714
FR0000120271;07/03/14;46.965;47.265;46.14;46.14;5265907
FR0000120271;10/03/14;46.38;46.995;46.105;46.50;4114121
FR0000120271;11/03/14;46.715;46.84;46.27;46.385;2928473
FR0000120271;12/03/14;45.99;46.465;45.685;46.24;4395732
FR0000120271;13/03/14;46.235;46.60;45.715;45.715;4469224
FR0000120271;14/03/14;45.615;46.225;45.445;46.00;8956742
FR0000120271;17/03/14;46.05;46.68;45.925;46.475;3932078
FR0000120271;18/03/14;46.30;47.70;46.15;47.325;5731891
FR0000120271;19/03/14;47.20;47.80;47.175;47.29;4428646
FR0000120271;20/03/14;46.625;47.24;46.425;47.24;6962373
FR0000120271;21/03/14;47.02;47.60;46.805;47.565;10246592
FR0000120271;24/03/14;46.70;47.065;46.26;46.33;5541626
FR0000120271;25/03/14;46.34;46.83;46.31;46.80;4734220
FR0000120271;26/03/14;46.945;47.58;46.805;47.50;4968263
FR0000120271;27/03/14;47.42;47.94;47.34;47.89;4438880
FR0000120271;28/03/14;47.945;48.07;47.715;48.03;3760273
FR0000120271;31/03/14;48.145;48.25;47.60;47.60;3608327
FR0000120321;03/03/14;122.00;122.65;120.50;120.70;1148619
FR0000120321;04/03/14;122.00;123.40;121.35;123.20;759161
FR0000120321;05/03/14;122.35;122.60;121.20;121.50;747585
FR0000120321;06/03/14;121.55;122.05;121.05;121.50;632304
FR0000120321;07/03/14;121.30;122.40;120.10;120.50;739531
FR0000120321;10/03/14;120.50;121.50;120.00;120.10;518454
FR0000120321;11/03/14;120.60;121.10;119.55;120.30;457901
FR0000120321;12/03/14;119.70;119.95;117.70;118.65;806404
FR0000120321;13/03/14;118.65;118.85;116.30;116.50;787179
FR0000120321;14/03/14;115.35;117.20;115.20;116.80;1188713
FR0000120321;17/03/14;116.35;117.65;115.95;116.95;556374
FR0000120321;18/03/14;116.45;117.65;115.65;116.70;917088
FR0000120321;19/03/14;116.50;116.90;115.90;116.75;607859
FR0000120321;20/03/14;115.85;116.35;115.15;116.35;670611
FR0000120321;21/03/14;116.30;116.80;115.05;115.40;954698
FR0000120321;24/03/14;115.00;115.75;114.55;115.20;637346
FR0000120321;25/03/14;115.90;117.45;115.70;116.90;665746
FR0000120321;26/03/14;116.50;118.65;116.45;118.20;654745
FR0000120321;27/03/14;117.95;118.95;117.75;118.70;550642
FR0000120321;28/03/14;119.05;120.20;118.85;119.95;590159
FR0000120321;31/03/14;120.35;120.55;119.70;119.70;753447
FR0000120404;03/03/14;36.58;36.85;36.26;36.325;773179
FR0000120404;04/03/14;36.655;37.36;36.315;37.295;851005
FR0000120404;05/03/14;37.405;37.93;37.315;37.74;1182786
FR0000120404;06/03/14;37.83;38.53;37.785;38.46;1362425
FR0000120404;07/03/14;38.43;38.65;37.975;38.305;1622896
FR0000120404;10/03/14;38.305;38.68;38.005;38.44;1023185
FR0000120404;11/03/14;38.45;38.555;38.16;38.365;523871
FR0000120404;12/03/14;38.295;38.825;38.035;38.705;916386
FR0000120404;13/03/14;38.725;38.80;38.295;38.43;859821
FR0000120404;14/03/14;38.135;38.265;36.87;37.28;1762101
FR0000120404;17/03/14;37.375;37.955;37.165;37.615;1067872
FR0000120404;18/03/14;37.465;38.38;37.385;38.115;1284572
FR0000120404;19/03/14;38.14;38.235;37.25;37.71;854444
FR0000120404;20/03/14;37.54;37.54;36.98;37.51;1013190
FR0000120404;21/03/14;37.615;37.94;37.56;37.65;947009
FR0000120404;24/03/14;37.655;37.66;37.05;37.185;611824
FR0000120404;25/03/14;37.435;37.55;36.70;36.78;1973453
FR0000120404;26/03/14;36.79;37.085;36.685;36.75;1041668
FR0000120404;27/03/14;36.72;36.955;36.38;36.85;745310
FR0000120404;28/03/14;36.95;37.43;36.94;37.00;947073
FR0000120404;31/03/14;37.135;37.68;37.065;37.165;883210
FR0000120503;03/03/14;28.78;28.87;28.25;28.695;1332877
FR0000120503;04/03/14;28.99;29.135;28.56;28.925;910356
FR0000120503;05/03/14;28.685;28.97;28.20;28.775;1149015
FR0000120503;06/03/14;29.79;31.75;29.65;30.67;6000576
FR0000120503;07/03/14;30.62;31.45;30.04;30.085;2403793
FR0000120503;10/03/14;31.60;33.10;31.295;32.69;3878701
FR0000120503;11/03/14;33.01;33.67;32.17;32.605;2220117
FR0000120503;12/03/14;32.40;32.63;31.935;32.025;1339351
FR0000120503;13/03/14;32.01;32.30;31.43;31.43;1437025
FR0000120503;14/03/14;30.85;31.18;28.50;30.51;5138646
FR0000120503;17/03/14;30.29;30.555;29.925;30.39;1261199
FR0000120503;18/03/14;30.15;30.70;29.595;30.40;1263656
FR0000120503;19/03/14;30.33;30.405;29.56;29.85;874094
FR0000120503;20/03/14;29.70;30.75;29.445;30.66;1903845
FR0000120503;21/03/14;31.00;31.40;29.85;29.85;6330788
FR0000120503;24/03/14;30.01;30.045;28.98;29.03;1244544
FR0000120503;25/03/14;29.24;29.56;29.15;29.265;839022
FR0000120503;26/03/14;29.425;29.705;29.21;29.28;1091928
FR0000120503;27/03/14;29.27;30.00;28.895;29.745;1373072
FR0000120503;28/03/14;29.935;30.335;29.81;30.28;1046832
FR0000120503;31/03/14;30.48;30.55;30.135;30.275;712311
FR0000120578;03/03/14;74.08;74.74;73.11;73.39;3427378
FR0000120578;04/03/14;74.59;75.99;74.45;75.80;3562014
FR0000120578;05/03/14;75.70;75.80;75.25;75.26;2852251
FR0000120578;06/03/14;75.36;75.86;75.12;75.61;2264558
FR0000120578;07/03/14;75.61;76.00;74.76;74.90;2610394
FR0000120578;10/03/14;74.79;75.97;74.75;75.09;3356315
FR0000120578;11/03/14;75.13;75.13;73.76;74.04;2349202
FR0000120578;12/03/14;73.49;73.72;72.58;72.80;2970492
FR0000120578;13/03/14;72.83;73.00;71.73;71.74;2318583
FR0000120578;14/03/14;71.15;71.90;71.05;71.30;3955698
FR0000120578;17/03/14;71.27;72.47;71.04;72.34;2068032
FR0000120578;18/03/14;71.86;72.97;71.59;72.64;2833498
FR0000120578;19/03/14;72.76;73.43;72.51;73.20;2114686
FR0000120578;20/03/14;72.60;73.31;72.14;73.24;3052701
FR0000120578;21/03/14;73.54;74.98;73.30;74.51;4931668
FR0000120578;24/03/14;74.21;74.67;73.33;73.57;2634480
FR0000120578;25/03/14;73.93;75.41;73.79;75.23;2905583
FR0000120578;26/03/14;75.37;75.95;75.15;75.62;2467841
FR0000120578;27/03/14;75.24;75.53;74.68;75.11;2466734
FR0000120578;28/03/14;75.50;75.85;75.33;75.80;2086379
FR0000120578;31/03/14;76.37;76.72;75.68;75.68;2321792
FR0000120628;03/03/14;18.475;18.645;18.275;18.35;9270372
FR0000120628;04/03/14;18.61;18.98;18.575;18.89;8565089
FR0000120628;05/03/14;18.85;18.93;18.655;18.86;6489514
FR0000120628;06/03/14;18.96;19.155;18.845;18.91;5490814
FR0000120628;07/03/14;18.935;19.10;18.65;18.65;7130029
FR0000120628;10/03/14;18.665;18.98;18.485;18.645;5644736
FR0000120628;11/03/14;18.72;18.77;18.47;18.515;6464846
FR0000120628;12/03/14;18.40;18.48;18.215;18.355;6568226
FR0000120628;13/03/14;18.375;18.435;18.045;18.045;6966459
FR0000120628;14/03/14;17.94;18.04;17.55;17.73;12693015
FR0000120628;17/03/14;17.75;18.165;17.68;18.10;8952959
FR0000120628;18/03/14;18.10;18.65;18.035;18.33;8603675
FR0000120628;19/03/14;18.375;18.55;18.23;18.315;7762983
FR0000120628;20/03/14;18.225;19.075;18.11;19.035;14153416
FR0000120628;21/03/14;19.19;19.235;18.89;18.89;12305947
FR0000120628;24/03/14;18.885;18.98;18.455;18.515;6164146
FR0000120628;25/03/14;18.54;18.975;18.485;18.865;5908679
FR0000120628;26/03/14;18.93;19.27;18.815;19.215;5869132
FR0000120628;27/03/14;19.17;19.23;19.03;19.16;4427596
FR0000120628;28/03/14;19.25;19.25;18.805;19.105;5733416
FR0000120628;31/03/14;19.155;19.235;18.83;18.865;5546246
FR0000120644;03/03/14;50.61;50.72;49.515;49.89;2475739
FR0000120644;04/03/14;50.66;51.27;50.22;51.25;1968435
FR0000120644;05/03/14;51.02;51.11;50.55;50.71;1747463
FR0000120644;06/03/14;50.80;50.97;50.54;50.71;1437909
FR0000120644;07/03/14;50.77;50.98;50.15;50.53;1879174
FR0000120644;10/03/14;50.43;50.76;50.21;50.40;1063973
FR0000120644;11/03/14;50.61;50.65;50.01;50.33;1032799
FR0000120644;12/03/14;50.06;50.16;49.31;49.575;1590555
FR0000120644;13/03/14;49.72;50.14;49.485;49.485;1620306
FR0000120644;14/03/14;49.12;50.23;49.065;49.38;2404806
FR0000120644;17/03/14;49.18;49.815;49.04;49.75;1567755
FR0000120644;18/03/14;49.50;50.17;49.39;49.88;1560447
FR0000120644;19/03/14;49.705;50.23;49.595;49.96;1571105
FR0000120644;20/03/14;49.50;49.69;49.125;49.435;2389170
FR0000120644;21/03/14;49.42;49.965;49.34;49.42;3244898
FR0000120644;24/03/14;49.375;49.99;49.22;49.785;2163409
FR0000120644;25/03/14;49.885;51.72;49.885;51.60;2628306
FR0000120644;26/03/14;51.62;52.78;51.51;52.27;2536558
FR0000120644;27/03/14;52.05;52.31;51.75;51.91;2161816
FR0000120644;28/03/14;51.00;52.15;50.87;52.15;2617927
FR0000120644;31/03/14;52.09;52.20;51.23;51.33;1729747
FR0000120693;03/03/14;84.50;84.92;83.49;83.70;649839
FR0000120693;04/03/14;84.50;85.42;84.35;84.50;705852
FR0000120693;05/03/14;84.32;84.58;83.34;83.34;625815
FR0000120693;06/03/14;83.64;84.45;83.44;84.18;512589
FR0000120693;07/03/14;84.28;84.50;83.97;84.15;793742
FR0000120693;10/03/14;83.98;84.68;83.75;84.20;520108
FR0000120693;11/03/14;84.40;84.40;83.41;83.95;382560
FR0000120693;12/03/14;83.86;83.86;81.87;81.92;502691
FR0000120693;13/03/14;82.16;82.17;81.59;81.59;440158
FR0000120693;14/03/14;81.33;82.49;80.35;81.54;966838
FR0000120693;17/03/14;81.46;81.48;80.84;81.16;457762
FR0000120693;18/03/14;80.95;81.90;80.67;81.56;603894
FR0000120693;19/03/14;81.37;81.47;80.69;80.80;500424
FR0000120693;20/03/14;80.69;80.76;79.56;80.39;622267
FR0000120693;21/03/14;80.65;81.09;80.03;80.93;1018919
FR0000120693;24/03/14;81.02;81.46;80.90;81.10;435577
FR0000120693;25/03/14;81.46;82.22;81.16;81.70;725705
FR0000120693;26/03/14;82.26;84.20;82.23;83.51;798625
FR0000120693;27/03/14;82.83;84.03;81.78;84.03;657249
FR0000120693;28/03/14;84.07;85.40;84.07;84.96;572389
FR0000120693;31/03/14;85.19;85.45;84.30;84.50;547087
FR0000121014;03/03/14;132.50;133.50;131.00;131.05;1007721
FR0000121014;04/03/14;132.70;133.80;131.65;133.15;836498
FR0000121014;05/03/14;132.50;132.85;131.80;132.25;797926
FR0000121014;06/03/14;132.10;132.20;130.80;131.65;756615
FR0000121014;07/03/14;131.80;132.50;130.60;131.65;906213
FR0000121014;10/03/14;131.40;132.60;130.35;131.35;573107
FR0000121014;11/03/14;131.60;131.80;130.70;130.90;464696
FR0000121014;12/03/14;130.05;130.40;128.00;129.00;1044305
FR0000121014;13/03/14;130.00;130.40;128.25;128.25;805615
FR0000121014;14/03/14;127.25;127.45;125.00;126.75;1268099
FR0000121014;17/03/14;127.00;128.30;126.15;128.00;670792
FR0000121014;18/03/14;127.50;129.95;126.85;129.10;816081
FR0000121014;19/03/14;129.05;129.15;127.45;128.30;784848
FR0000121014;20/03/14;127.55;129.30;126.20;129.30;1171673
FR0000121014;21/03/14;129.25;129.95;127.85;128.95;1133645
FR0000121014;24/03/14;129.00;129.55;127.80;128.45;554379
FR0000121014;25/03/14;129.05;131.50;128.90;131.30;950918
FR0000121014;26/03/14;132.00;133.20;131.60;132.55;817799
FR0000121014;27/03/14;132.15;133.35;131.15;132.90;590289
FR0000121014;28/03/14;133.40;134.00;132.70;133.75;532743
FR0000121014;31/03/14;134.15;134.65;131.90;131.95;705254
FR0000121220;03/03/14;76.10;76.58;75.65;76.00;215225
FR0000121220;04/03/14;76.04;77.44;76.04;77.29;149773
FR0000121220;05/03/14;76.97;77.74;76.97;77.48;122604
FR0000121220;06/03/14;77.74;78.47;77.38;78.30;136587
FR0000121220;07/03/14;78.35;78.79;77.91;77.95;136910
FR0000121220;10/03/14;77.81;78.52;77.14;77.50;135096
FR0000121220;11/03/14;77.56;78.24;77.08;77.86;94587
FR0000121220;12/03/14;77.69;78.10;77.00;77.88;186435
FR0000121220;13/03/14;78.08;78.08;76.93;77.06;161378
FR0000121220;14/03/14;76.46;76.83;75.95;76.04;234834
FR0000121220;17/03/14;75.79;76.62;75.79;76.42;129775
FR0000121220;18/03/14;76.17;77.20;76.01;76.97;113551
FR0000121220;19/03/14;76.73;77.05;76.26;76.36;155041
FR0000121220;20/03/14;76.17;76.25;74.70;75.47;317040
FR0000121220;21/03/14;75.41;76.42;74.96;76.20;228781
FR0000121220;24/03/14;75.87;76.19;75.15;75.30;142946
FR0000121220;25/03/14;75.46;76.12;75.28;75.90;144335
FR0000121220;26/03/14;75.95;76.39;75.34;76.12;228338
FR0000121220;27/03/14;76.04;76.46;75.69;76.03;114942
FR0000121220;28/03/14;76.17;76.92;75.87;76.03;148020
FR0000121220;31/03/14;76.13;76.87;75.83;76.13;140498
FR0000121261;03/03/14;86.94;87.80;86.43;87.24;921430
FR0000121261;04/03/14;88.11;90.29;87.73;90.18;829674
FR0000121261;05/03/14;89.78;90.15;89.14;90.08;720345
FR0000121261;06/03/14;90.67;93.39;90.46;93.34;1122836
FR0000121261;07/03/14;93.15;93.20;90.55;90.70;809182
FR0000121261;10/03/14;90.79;91.54;88.82;89.37;568858
FR0000121261;11/03/14;89.95;89.99;88.00;88.36;507210
FR0000121261;12/03/14;87.98;88.10;86.20;87.57;686976
FR0000121261;13/03/14;87.97;88.99;86.46;86.76;579521
FR0000121261;14/03/14;86.35;87.34;85.56;87.21;819169
FR0000121261;17/03/14;87.67;88.86;86.96;88.82;549421
FR0000121261;18/03/14;89.04;91.19;88.67;90.57;882729
FR0000121261;19/03/14;91.02;91.93;90.25;90.56;687028
FR0000121261;20/03/14;90.11;90.37;89.13;89.73;648968
FR0000121261;21/03/14;89.97;90.14;88.27;89.50;866695
FR0000121261;24/03/14;89.95;90.44;88.41;88.84;579873
FR0000121261;25/03/14;88.85;89.83;88.57;89.16;445846
FR0000121261;26/03/14;89.69;91.34;89.22;91.05;700259
FR0000121261;27/03/14;90.98;91.11;89.80;90.59;463490
FR0000121261;28/03/14;91.00;91.52;90.77;91.37;307372
FR0000121261;31/03/14;91.60;92.44;90.41;90.78;423633
FR0000121485;03/03/14;146.85;147.55;145.85;146.05;237719
FR0000121485;04/03/14;147.90;149.65;147.75;148.95;203414
FR0000121485;05/03/14;148.55;148.55;145.65;145.90;301636
FR0000121485;06/03/14;146.55;146.65;145.60;146.05;260142
FR0000121485;07/03/14;145.80;146.60;144.45;144.95;285866
FR0000121485;10/03/14;144.70;146.15;143.75;144.60;148596
FR0000121485;11/03/14;144.80;144.80;142.20;142.75;272714
FR0000121485;12/03/14;142.30;142.50;139.40;141.45;380016
FR0000121485;13/03/14;140.85;141.30;139.15;139.15;354912
FR0000121485;14/03/14;138.15;139.40;137.35;137.35;273270
FR0000121485;17/03/14;137.00;139.20;136.95;139.00;242062
FR0000121485;18/03/14;138.40;141.10;138.00;139.95;207798
FR0000121485;19/03/14;139.30;140.20;138.15;139.60;197303
FR0000121485;20/03/14;139.15;140.60;138.85;140.60;237786
FR0000121485;21/03/14;140.25;140.55;139.40;140.40;420818
FR0000121485;24/03/14;140.15;141.40;139.35;140.25;216429
FR0000121485;25/03/14;140.75;144.25;140.65;144.25;289031
FR0000121485;26/03/14;144.00;149.10;144.00;149.10;320848
FR0000121485;27/03/14;148.55;149.00;146.45;147.15;199987
FR0000121485;28/03/14;147.90;148.45;147.25;147.90;150206
FR0000121485;31/03/14;148.55;149.35;147.55;148.05;157898
FR0000121501;03/03/14;10.40;10.57;10.215;10.545;2858288
FR0000121501;04/03/14;10.715;11.13;10.50;10.99;4320718
FR0000121501;05/03/14;11.08;11.58;10.98;11.42;4248788
FR0000121501;06/03/14;11.60;11.785;11.27;11.58;3601087
FR0000121501;07/03/14;11.60;11.63;11.215;11.33;2533748
FR0000121501;10/03/14;11.245;11.495;10.925;11.035;2093832
FR0000121501;11/03/14;11.07;11.17;10.805;11.025;1584588
FR0000121501;12/03/14;10.955;11.00;10.50;10.665;2819103
FR0000121501;13/03/14;10.745;11.05;10.615;10.65;2211896
FR0000121501;14/03/14;10.51;10.605;10.155;10.35;3439840
FR0000121501;17/03/14;10.43;10.625;10.275;10.55;1718880
FR0000121501;18/03/14;10.675;11.11;10.46;10.93;2955708
FR0000121501;19/03/14;11.025;11.28;10.945;11.04;2507784
FR0000121501;20/03/14;10.935;11.18;10.855;11.18;1601440
FR0000121501;21/03/14;11.23;11.40;11.07;11.07;3787230
FR0000121501;24/03/14;11.05;11.105;10.40;10.475;3480406
FR0000121501;25/03/14;10.485;10.75;10.405;10.46;2168621
FR0000121501;26/03/14;10.70;11.28;10.605;10.82;3379658
FR0000121501;27/03/14;10.995;11.045;10.70;11.045;2108691
FR0000121501;28/03/14;11.10;11.495;11.03;11.315;2657732
FR0000121501;31/03/14;11.40;11.60;11.28;11.495;2103768
FR0000121667;03/03/14;74.42;74.64;73.01;73.07;1000777
FR0000121667;04/03/14;73.43;74.16;73.18;73.85;897035
FR0000121667;05/03/14;73.59;73.78;72.75;73.18;679204
FR0000121667;06/03/14;73.14;74.28;72.61;73.71;645543
FR0000121667;07/03/14;73.80;74.30;73.11;73.24;550644
FR0000121667;10/03/14;73.13;73.85;73.04;73.24;496010
FR0000121667;11/03/14;73.43;73.58;72.95;73.07;451783
FR0000121667;12/03/14;72.83;73.26;71.64;71.85;770072
FR0000121667;13/03/14;72.51;73.05;71.34;71.34;598376
FR0000121667;14/03/14;71.00;71.32;70.51;71.11;805237
FR0000121667;17/03/14;71.10;71.67;70.92;71.58;476011
FR0000121667;18/03/14;71.60;72.57;71.35;72.35;500086
FR0000121667;19/03/14;72.13;73.09;71.55;72.93;507853
FR0000121667;20/03/14;72.30;73.98;71.75;73.85;1009964
FR0000121667;21/03/14;73.96;74.74;73.84;73.90;746250
FR0000121667;24/03/14;73.58;73.80;72.50;72.76;537324
FR0000121667;25/03/14;72.80;73.18;72.45;72.77;709318
FR0000121667;26/03/14;72.85;73.23;72.68;72.95;580242
FR0000121667;27/03/14;72.67;73.30;72.67;73.23;509887
FR0000121667;28/03/14;73.53;74.10;73.28;74.05;444266
FR0000121667;31/03/14;74.47;74.60;73.20;73.20;529596
FR0000121972;03/03/14;63.78;64.07;63.08;63.86;2725949
FR0000121972;04/03/14;64.67;65.78;64.36;65.57;2025526
FR0000121972;05/03/14;65.50;65.75;65.20;65.45;1593816
FR0000121972;06/03/14;65.65;65.78;64.70;65.01;1403334
FR0000121972;07/03/14;65.14;65.15;64.07;64.40;1970284
FR0000121972;10/03/14;64.46;65.48;64.07;64.75;1509511
FR0000121972;11/03/14;64.92;65.12;63.89;64.00;1308068
FR0000121972;12/03/14;63.56;63.81;61.81;62.47;1890100
FR0000121972;13/03/14;62.54;63.15;61.60;61.60;1502321
FR0000121972;14/03/14;61.16;61.54;60.27;61.19;2175073
FR0000121972;17/03/14;61.15;63.39;61.10;63.26;2011163
FR0000121972;18/03/14;62.77;63.52;62.03;63.07;2207311
FR0000121972;19/03/14;63.20;63.61;62.77;63.00;1232868
FR0000121972;20/03/14;62.49;63.54;61.82;63.54;1627467
FR0000121972;21/03/14;63.55;64.66;63.39;64.46;4011764
FR0000121972;24/03/14;64.43;64.60;62.98;63.16;1558752
FR0000121972;25/03/14;63.07;64.93;63.07;64.74;1823605
FR0000121972;26/03/14;65.12;66.10;64.99;65.34;1914815
FR0000121972;27/03/14;65.07;65.66;64.07;64.63;1376386
FR0000121972;28/03/14;64.96;65.14;63.85;64.45;2052391
FR0000121972;31/03/14;64.57;65.02;64.15;64.35;1396353
FR0000124141;03/03/14;13.595;13.625;13.375;13.405;3196663
FR0000124141;04/03/14;13.53;13.83;13.475;13.77;2888445
FR0000124141;05/03/14;13.75;13.97;13.71;13.955;2243493
FR0000124141;06/03/14;13.975;14.045;13.905;13.995;2018758
FR0000124141;07/03/14;14.01;14.275;13.93;14.255;3730920
FR0000124141;10/03/14;14.22;14.365;14.05;14.30;2315543
FR0000124141;11/03/14;14.37;14.44;14.095;14.28;2507624
FR0000124141;12/03/14;14.205;14.275;14.06;14.245;1844734
FR0000124141;13/03/14;14.255;14.32;14.06;14.07;2468231
FR0000124141;14/03/14;14.005;14.125;13.63;13.925;3604909
FR0000124141;17/03/14;13.90;14.23;13.90;14.17;1532944
FR0000124141;18/03/14;14.10;14.295;14.045;14.135;2103634
FR0000124141;19/03/14;14.185;14.215;14.065;14.16;1763686
FR0000124141;20/03/14;14.11;14.24;14.03;14.24;2006126
FR0000124141;21/03/14;14.235;14.35;14.185;14.23;2864153
FR0000124141;24/03/14;14.185;14.39;14.125;14.335;2863747
FR0000124141;25/03/14;14.35;14.64;14.34;14.525;2768940
FR0000124141;26/03/14;14.505;14.675;14.42;14.57;1503165
FR0000124141;27/03/14;14.505;14.52;14.28;14.315;1899760
FR0000124141;28/03/14;14.36;14.565;14.35;14.54;1970100
FR0000124141;31/03/14;14.59;14.63;14.25;14.36;2048234
FR0000124711;03/03/14;188.00;189.80;187.65;188.30;352623
FR0000124711;04/03/14;190.75;195.40;189.60;195.25;449363
FR0000124711;05/03/14;194.45;195.00;193.15;193.70;340777
FR0000124711;06/03/14;193.65;196.25;193.60;196.15;305389
FR0000124711;07/03/14;196.40;197.20;195.20;195.60;396942
FR0000124711;10/03/14;195.45;196.25;191.60;192.70;339509
FR0000124711;11/03/14;193.40;193.40;189.30;190.00;339478
FR0000124711;12/03/14;188.50;189.65;186.95;187.50;293000
FR0000124711;13/03/14;188.20;189.70;187.10;187.85;298413
FR0000124711;14/03/14;186.60;187.30;183.00;185.55;509796
FR0000124711;17/03/14;185.75;187.85;185.15;187.50;203186
FR0000124711;18/03/14;186.90;189.90;186.15;188.45;261177
FR0000124711;19/03/14;188.10;189.10;187.35;187.55;248512
FR0000124711;20/03/14;186.35;187.15;183.85;185.00;503143
FR0000124711;21/03/14;185.75;189.50;185.00;188.70;763180
FR0000124711;24/03/14;187.20;188.55;185.65;186.15;296207
FR0000124711;25/03/14;187.30;190.55;186.95;190.25;310173
FR0000124711;26/03/14;191.05;191.20;188.90;189.50;357005
FR0000124711;27/03/14;189.45;191.70;189.35;191.20;226073
FR0000124711;28/03/14;191.00;191.75;190.35;191.20;251135
FR0000124711;31/03/14;191.95;192.00;188.35;188.50;349504
FR0000125007;03/03/14;42.35;42.50;41.16;41.47;2955550
FR0000125007;04/03/14;41.95;42.865;41.70;42.74;2028648
FR0000125007;05/03/14;42.525;42.90;42.205;42.83;1723482
FR0000125007;06/03/14;42.885;43.435;42.79;43.175;1694750
FR0000125007;07/03/14;43.09;43.29;42.275;42.40;1847650
FR0000125007;10/03/14;42.36;42.98;42.06;42.905;1397796
FR0000125007;11/03/14;43.005;43.155;42.20;42.29;1276194
FR0000125007;12/03/14;42.01;42.285;41.58;42.03;1418407
FR0000125007;13/03/14;42.165;42.20;41.42;41.42;1017981
FR0000125007;14/03/14;41.035;41.265;40.34;41.10;1933710
FR0000125007;17/03/14;40.985;41.78;40.985;41.585;1136045
FR0000125007;18/03/14;41.39;42.565;41.11;42.215;1483682
FR0000125007;19/03/14;42.10;42.385;41.87;42.135;1300762
FR0000125007;20/03/14;41.67;42.28;41.22;42.24;1368873
FR0000125007;21/03/14;42.34;42.47;41.91;41.99;1839046
FR0000125007;24/03/14;42.285;42.805;41.82;42.00;1677762
FR0000125007;25/03/14;42.165;42.975;42.075;42.80;1517587
FR0000125007;26/03/14;43.00;43.67;42.835;43.555;1897545
FR0000125007;27/03/14;43.39;43.745;43.215;43.42;1214708
FR0000125007;28/03/14;43.50;43.73;43.455;43.65;1119032
FR0000125007;31/03/14;43.855;44.26;43.825;43.85;1552649
FR0000125338;03/03/14;56.26;56.43;55.08;55.08;552949
FR0000125338;04/03/14;55.55;55.95;55.16;55.83;677907
FR0000125338;05/03/14;55.65;56.44;55.47;56.44;478281
FR0000125338;06/03/14;56.64;57.14;56.26;56.95;564952
FR0000125338;07/03/14;56.83;57.24;56.01;56.16;454816
FR0000125338;10/03/14;56.04;56.71;55.53;55.85;330337
FR0000125338;11/03/14;55.95;56.20;55.42;55.68;302584
FR0000125338;12/03/14;55.33;55.52;54.43;55.35;694559
FR0000125338;13/03/14;55.17;55.69;54.55;54.55;515944
FR0000125338;14/03/14;54.10;54.38;53.14;53.65;710661
FR0000125338;17/03/14;53.79;54.66;53.73;54.48;380174
FR0000125338;18/03/14;55.46;56.06;55.14;55.70;754713
FR0000125338;19/03/14;55.51;55.63;54.83;55.11;608538
FR0000125338;20/03/14;54.88;55.32;54.57;55.02;458760
FR0000125338;21/03/14;54.95;55.15;54.01;54.01;758837
FR0000125338;24/03/14;54.01;54.22;53.15;53.15;708235
FR0000125338;25/03/14;53.25;55.17;53.25;54.79;739843
FR0000125338;26/03/14;54.91;56.22;54.90;56.22;700763
FR0000125338;27/03/14;56.42;56.90;55.58;55.91;937112
FR0000125338;28/03/14;56.12;56.23;55.00;55.18;697036
FR0000125338;31/03/14;55.46;55.51;54.82;54.95;669627
FR0000125486;03/03/14;53.12;53.12;52.37;52.43;2207533
FR0000125486;04/03/14;52.82;53.76;52.58;53.66;1808594
FR0000125486;05/03/14;53.35;54.47;53.23;54.16;1829120
FR0000125486;06/03/14;54.26;54.60;53.88;53.96;1327448
FR0000125486;07/03/14;53.94;54.37;53.26;53.26;1681613
FR0000125486;10/03/14;53.31;54.05;53.18;53.58;1125512
FR0000125486;11/03/14;53.72;53.90;52.85;53.64;1128873
FR0000125486;12/03/14;53.35;53.86;53.05;53.73;1718087
FR0000125486;13/03/14;53.75;53.77;53.05;53.05;1239686
FR0000125486;14/03/14;52.70;53.09;51.87;52.37;2077798
FR0000125486;17/03/14;52.28;53.18;52.21;53.13;983092
FR0000125486;18/03/14;53.00;54.13;52.46;53.65;1260723
FR0000125486;19/03/14;53.65;53.81;53.10;53.30;1141502
FR0000125486;20/03/14;52.97;53.72;52.74;53.70;1489136
FR0000125486;21/03/14;53.83;53.85;53.06;53.06;2589386
FR0000125486;24/03/14;53.06;53.40;52.26;52.42;1265014
FR0000125486;25/03/14;52.67;53.91;52.66;53.50;1437033
FR0000125486;26/03/14;53.71;54.19;53.57;53.71;1261306
FR0000125486;27/03/14;53.66;54.18;53.36;54.04;1072111
FR0000125486;28/03/14;54.30;54.50;53.88;54.29;1305211
FR0000125486;31/03/14;54.50;54.59;53.89;53.91;1103635
FR0000127771;03/03/14;20.50;20.675;20.34;20.37;8430869
FR0000127771;04/03/14;20.545;20.755;20.50;20.635;5849557
FR0000127771;05/03/14;20.57;20.74;20.52;20.565;4375797
FR0000127771;06/03/14;20.995;21.00;20.50;20.745;8616595
FR0000127771;07/03/14;20.785;20.815;20.295;20.31;8665428
FR0000127771;10/03/14;20.375;20.84;20.295;20.295;7730053
FR0000127771;11/03/14;20.38;20.475;20.125;20.165;8246712
FR0000127771;12/03/14;20.10;20.22;20.05;20.14;7742170
FR0000127771;13/03/14;20.24;20.39;19.86;19.87;8008304
FR0000127771;14/03/14;19.76;20.04;19.635;19.90;12926590
FR0000127771;17/03/14;19.95;20.135;19.87;20.13;5365345
FR0000127771;18/03/14;20.035;20.07;19.81;19.845;8198697
FR0000127771;19/03/14;19.80;19.82;19.63;19.70;6001831
FR0000127771;20/03/14;19.70;20.015;19.57;19.94;9959275
FR0000127771;21/03/14;20.065;20.135;19.65;19.67;9589778
FR0000127771;24/03/14;19.65;19.885;19.595;19.635;6546727
FR0000127771;25/03/14;19.605;19.735;19.55;19.60;7258929
FR0000127771;26/03/14;19.665;19.85;19.575;19.80;6468195
FR0000127771;27/03/14;19.82;19.99;19.73;19.925;4541692
FR0000127771;28/03/14;19.94;20.365;19.94;20.315;5641685
FR0000127771;31/03/14;20.40;20.50;20.105;20.22;5000580
FR0000130577;03/03/14;68.04;68.04;67.00;67.05;793166
FR0000130577;04/03/14;67.49;68.15;67.25;67.71;612759
FR0000130577;05/03/14;67.57;67.87;67.24;67.31;542379
FR0000130577;06/03/14;67.38;68.29;67.33;67.89;542158
FR0000130577;07/03/14;67.76;68.09;67.41;68.00;680298
FR0000130577;10/03/14;67.95;68.18;66.20;66.31;657316
FR0000130577;11/03/14;66.05;66.34;65.30;65.77;956580
FR0000130577;12/03/14;65.44;65.75;64.37;65.29;564186
FR0000130577;13/03/14;65.36;65.54;64.75;64.82;439506
FR0000130577;14/03/14;64.70;64.70;63.81;64.06;716431
FR0000130577;17/03/14;64.20;64.90;63.91;64.74;556920
FR0000130577;18/03/14;64.51;65.42;64.14;65.11;823797
FR0000130577;19/03/14;64.62;64.91;64.31;64.39;495560
FR0000130577;20/03/14;64.10;64.38;63.31;64.30;695758
FR0000130577;21/03/14;64.31;64.85;64.22;64.75;812374
FR0000130577;24/03/14;64.88;65.00;63.84;63.94;510056
FR0000130577;25/03/14;64.28;64.54;63.99;64.25;510461
FR0000130577;26/03/14;64.43;65.93;64.26;65.79;897077
FR0000130577;27/03/14;65.41;65.85;65.19;65.26;722086
FR0000130577;28/03/14;65.50;65.89;64.58;65.57;583865
FR0000130577;31/03/14;65.95;66.02;65.24;65.58;632179
FR0000130809;03/03/14;46.80;47.00;44.74;45.75;12857491
FR0000130809;04/03/14;46.72;47.63;46.145;47.30;6951360
FR0000130809;05/03/14;47.395;47.88;47.25;47.68;3583977
FR0000130809;06/03/14;47.95;48.42;47.43;47.505;3900038
FR0000130809;07/03/14;47.72;47.83;46.535;46.91;4392685
FR0000130809;10/03/14;46.795;47.775;46.41;47.025;3541490
FR0000130809;11/03/14;47.275;47.275;46.335;46.45;2865581
FR0000130809;12/03/14;46.00;46.32;45.25;46.005;4734463
FR0000130809;13/03/14;46.205;46.44;44.985;44.985;4129933
FR0000130809;14/03/14;44.50;44.92;43.315;44.00;7060702
FR0000130809;17/03/14;44.06;44.74;43.365;44.34;5002943
FR0000130809;18/03/14;44.355;45.55;43.995;45.045;5365125
FR0000130809;19/03/14;45.115;45.395;44.515;44.89;3972169
FR0000130809;20/03/14;44.505;45.305;44.30;45.275;3839417
FR0000130809;21/03/14;45.50;45.595;44.64;44.705;4655217
FR0000130809;24/03/14;44.51;44.745;43.34;43.42;5568454
FR0000130809;25/03/14;43.51;44.07;43.235;43.74;3721538
FR0000130809;26/03/14;44.10;44.815;43.81;44.275;3882821
FR0000130809;27/03/14;44.275;44.58;43.795;43.965;2971795
FR0000130809;28/03/14;44.26;44.60;44.10;44.555;2542486
FR0000130809;31/03/14;44.80;45.15;44.415;44.705;3206244
FR0000131104;03/03/14;58.05;58.41;57.02;57.27;6108243
FR0000131104;04/03/14;57.90;59.25;57.69;59.09;5320918
FR0000131104;05/03/14;59.05;59.80;58.89;59.36;4032089
FR0000131104;06/03/14;59.49;60.10;59.37;59.50;3988419
FR0000131104;07/03/14;59.44;59.80;58.47;58.47;3412095
FR0000131104;10/03/14;58.34;59.58;58.26;58.71;2800673
FR0000131104;11/03/14;58.99;59.18;58.01;58.05;2785821
FR0000131104;12/03/14;57.63;57.78;56.51;57.46;5094385
FR0000131104;13/03/14;57.77;57.96;56.44;56.44;3148060
FR0000131104;14/03/14;55.84;56.55;54.72;55.26;5794049
FR0000131104;17/03/14;55.31;56.86;55.15;56.62;4166600
FR0000131104;18/03/14;56.91;58.15;56.36;57.66;5094550
FR0000131104;19/03/14;57.46;57.74;56.54;56.65;4252684
FR0000131104;20/03/14;56.14;56.88;55.88;56.88;4695024
FR0000131104;21/03/14;56.88;57.52;56.73;56.98;5520880
FR0000131104;24/03/14;56.82;57.30;55.60;55.94;4213087
FR0000131104;25/03/14;56.03;57.17;56.03;56.87;4263957
FR0000131104;26/03/14;57.19;57.36;56.36;56.48;4542419
FR0000131104;27/03/14;56.44;56.44;55.43;55.68;4367950
FR0000131104;28/03/14;55.83;56.12;55.39;56.10;4002656
FR0000131104;31/03/14;56.29;56.73;55.54;55.99;4288535
FR0000131906;03/03/14;70.42;70.42;67.74;68.30;2481678
FR0000131906;04/03/14;69.66;70.53;69.19;69.98;1354661
FR0000131906;05/03/14;69.97;72.24;69.53;71.99;1531277
FR0000131906;06/03/14;72.36;72.94;71.61;71.70;1272901
FR0000131906;07/03/14;71.70;71.92;69.56;69.71;1599602
FR0000131906;10/03/14;69.59;70.00;67.93;68.75;1174054
FR0000131906;11/03/14;69.13;69.92;68.60;69.70;719509
FR0000131906;12/03/14;69.28;69.66;66.97;68.18;1447691
FR0000131906;13/03/14;68.71;68.75;66.00;66.15;1116827
FR0000131906;14/03/14;65.12;65.63;64.36;65.21;1343019
FR0000131906;17/03/14;65.30;67.19;65.13;67.16;1208161
FR0000131906;18/03/14;67.79;70.14;67.50;69.57;1693744
FR0000131906;19/03/14;69.70;70.22;68.70;69.05;891866
FR0000131906;20/03/14;68.35;69.01;67.82;68.74;890803
FR0000131906;21/03/14;68.74;68.85;67.51;67.65;1687589
FR0000131906;24/03/14;67.65;67.75;64.92;65.39;1091735
FR0000131906;25/03/14;65.86;67.76;65.60;67.76;1196219
FR0000131906;26/03/14;68.34;69.64;68.24;68.91;1087162
FR0000131906;27/03/14;68.90;69.41;67.57;69.34;754003
FR0000131906;28/03/14;69.29;71.02;69.24;70.78;1070036
FR0000131906;31/03/14;71.31;71.78;70.41;70.54;678327
FR0000133308;03/03/14;9.083;9.093;8.853;8.853;14348059
FR0000133308;04/03/14;8.959;9.128;8.93;9.087;9641853
FR0000133308;05/03/14;9.074;9.298;9.02;9.165;10644685
FR0000133308;06/03/14;9.50;10.235;9.44;10.13;47709850
FR0000133308;07/03/14;10.14;10.50;10.06;10.235;25664172
FR0000133308;10/03/14;10.24;10.715;10.24;10.675;20150363
FR0000133308;11/03/14;10.65;10.665;10.46;10.595;12798876
FR0000133308;12/03/14;10.505;10.585;10.455;10.555;10823248
FR0000133308;13/03/14;10.56;10.59;10.26;10.30;9314464
FR0000133308;14/03/14;10.165;10.205;9.70;10.115;23505993
FR0000133308;17/03/14;10.05;10.18;9.943;10.18;8212576
FR0000133308;18/03/14;10.09;10.33;10.02;10.205;8165304
FR0000133308;19/03/14;10.20;10.20;10.06;10.145;7990217
FR0000133308;20/03/14;10.03;10.25;9.922;10.22;15257210
FR0000133308;21/03/14;10.26;10.36;10.22;10.225;17777684
FR0000133308;24/03/14;10.18;10.295;9.992;10.03;7978729
FR0000133308;25/03/14;10.02;10.26;9.97;10.225;8539683
FR0000133308;26/03/14;10.26;10.38;10.225;10.27;6093137
FR0000133308;27/03/14;10.265;10.435;10.195;10.435;8950609
FR0000133308;28/03/14;10.49;10.725;10.48;10.71;9185692
FR0000133308;31/03/14;10.705;10.765;10.58;10.72;6968061
FR0010208488;03/03/14;18.33;18.475;18.19;18.225;8357046
FR0010208488;04/03/14;18.395;18.75;18.375;18.71;6924756
FR0010208488;05/03/14;18.64;19.00;18.58;18.88;5994918
FR0010208488;06/03/14;18.95;19.095;18.90;19.04;5591702
FR0010208488;07/03/14;19.02;19.085;18.67;18.745;5657448
FR0010208488;10/03/14;18.735;19.095;18.70;18.915;4891035
FR0010208488;11/03/14;19.22;19.405;19.01;19.28;7582451
FR0010208488;12/03/14;19.19;19.245;18.965;19.235;6410757
FR0010208488;13/03/14;19.24;19.325;18.965;18.965;5682558
FR0010208488;14/03/14;18.865;19.025;18.63;18.87;7443416
FR0010208488;17/03/14;18.955;19.25;18.835;19.18;5508104
FR0010208488;18/03/14;19.485;19.85;19.345;19.70;10801647
FR0010208488;19/03/14;19.68;19.80;19.48;19.71;5738629
FR0010208488;20/03/14;19.525;19.63;19.355;19.63;6452474
FR0010208488;21/03/14;19.565;19.76;19.375;19.515;7484291
FR0010208488;24/03/14;19.50;19.56;19.295;19.385;4820070
FR0010208488;25/03/14;19.32;19.805;19.32;19.73;5541099
FR0010208488;26/03/14;19.685;19.745;19.475;19.705;5852515
FR0010208488;27/03/14;19.68;19.79;19.43;19.705;4129011
FR0010208488;28/03/14;19.78;19.96;19.685;19.96;3781545
FR0010208488;31/03/14;19.94;19.95;19.745;19.86;4429121
FR0010307819;03/03/14;44.35;44.55;43.94;43.995;794948
FR0010307819;04/03/14;44.30;44.87;44.18;44.54;777338
FR0010307819;05/03/14;44.485;44.565;44.03;44.235;1016757
FR0010307819;06/03/14;43.77;44.415;43.66;44.10;815274
FR0010307819;07/03/14;44.005;44.19;43.55;43.99;708589
FR0010307819;10/03/14;43.535;43.855;43.145;43.75;767628
FR0010307819;11/03/14;43.51;43.875;43.445;43.63;586599
FR0010307819;12/03/14;43.40;43.55;43.025;43.475;741599
FR0010307819;13/03/14;43.425;43.90;43.25;43.585;932104
FR0010307819;14/03/14;43.31;43.52;43.04;43.335;1091892
FR0010307819;17/03/14;43.185;43.95;43.17;43.86;722964
FR0010307819;18/03/14;43.64;44.265;43.54;43.99;842214
FR0010307819;19/03/14;43.935;44.40;43.63;44.325;642887
FR0010307819;20/03/14;43.99;44.415;43.83;44.405;669655
FR0010307819;21/03/14;44.415;44.49;44.205;44.385;1125949
FR0010307819;24/03/14;44.30;44.355;43.80;44.00;635273
FR0010307819;25/03/14;44.00;44.76;44.00;44.69;439917
FR0010307819;26/03/14;44.73;45.50;44.73;45.50;672638
FR0010307819;27/03/14;45.25;45.655;45.015;45.38;575261
FR0010307819;28/03/14;45.57;45.80;44.915;45.03;845747
FR0010307819;31/03/14;45.10;45.39;44.955;45.095;570243
FR0013176526;03/03/14;33.4833;33.65;32.8433;33.1267;1104927
FR0013176526;04/03/14;33.2867;34.6333;33.2867;34.5167;1010052
FR0013176526;05/03/14;34.5167;35.35;34.4833;34.7167;1080492
FR0013176526;06/03/14;34.7333;35.3167;34.6833;34.8833;867813
FR0013176526;07/03/14;34.75;34.90;33.9833;34.05;804285
FR0013176526;10/03/14;33.9667;34.2167;33.10;33.45;914517
FR0013176526;11/03/14;33.60;34.10;33.45;33.7333;626190
FR0013176526;12/03/14;33.00;33.3667;32.50;33.01;1673625
FR0013176526;13/03/14;33.1767;33.3333;32.68;32.7267;1171323
FR0013176526;14/03/14;32.2733;32.4833;31.7767;32.2733;1523931
FR0013176526;17/03/14;32.20;32.97;32.1833;32.8033;1036557
FR0013176526;18/03/14;32.8333;33.65;32.7667;33.4833;1182897
FR0013176526;19/03/14;33.5833;33.9167;33.0533;33.70;750930
FR0013176526;20/03/14;33.3333;33.8167;33.17;33.7833;1078416
FR0013176526;21/03/14;33.8333;34.1667;33.60;33.6333;1481559
FR0013176526;24/03/14;33.7667;33.85;32.27;32.27;1211991
FR0013176526;25/03/14;32.4233;32.8033;32.2567;32.45;1084584
FR0013176526;26/03/14;32.6367;33.35;32.51;33.2667;1415955
FR0013176526;27/03/14;33.40;33.50;33.0233;33.4833;699900
FR0013176526;28/03/14;33.6333;34.1167;33.6333;33.8333;621726
FR0013176526;31/03/14;34.00;34.30;33.8167;34.0833;746016
GB00BDSFG982;03/03/14;35.22;35.47;34.505;34.505;1269216
GB00BDSFG982;04/03/14;34.90;35.77;34.785;35.72;1107898
GB00BDSFG982;05/03/14;35.585;35.62;34.69;34.695;1305904
GB00BDSFG982;06/03/14;35.125;35.23;34.725;34.88;874390
GB00BDSFG982;07/03/14;34.82;35.785;34.735;35.54;1142398
GB00BDSFG982;10/03/14;35.50;35.71;34.90;35.155;645612
GB00BDSFG982;11/03/14;35.15;35.35;34.78;35.17;537794
GB00BDSFG982;12/03/14;34.935;34.945;34.435;34.75;836230
GB00BDSFG982;13/03/14;34.925;34.93;34.15;34.165;774590
GB00BDSFG982;14/03/14;34.00;34.055;33.545;33.72;1274916
GB00BDSFG982;17/03/14;33.74;33.945;33.59;33.80;845894
GB00BDSFG982;18/03/14;33.865;34.885;33.70;34.75;933148
GB00BDSFG982;19/03/14;34.81;36.02;34.57;35.58;1484394
GB00BDSFG982;20/03/14;36.025;36.245;35.685;36.235;1352720
GB00BDSFG982;21/03/14;36.30;36.745;36.12;36.68;1057542
GB00BDSFG982;24/03/14;36.725;36.75;36.10;36.10;791224
GB00BDSFG982;25/03/14;36.275;37.155;36.265;37.155;991296
GB00BDSFG982;26/03/14;37.19;37.55;36.885;37.30;987488
GB00BDSFG982;27/03/14;37.285;37.48;36.695;37.15;967690
GB00BDSFG982;28/03/14;37.27;37.595;37.26;37.50;1021468
GB00BDSFG982;31/03/14;37.65;37.765;37.285;37.455;702740
LU1598757687;03/03/14;33.60;33.645;32.715;32.985;5293733
LU1598757687;04/03/14;33.39;34.05;33.24;33.705;3761549
LU1598757687;05/03/14;33.66;34.29;33.615;33.795;2352455
LU1598757687;06/03/14;33.87;34.095;33.765;33.96;2334777
LU1598757687;07/03/14;33.90;34.005;33.06;33.315;3473676
LU1598757687;10/03/14;33.00;33.705;32.265;32.70;5020295
LU1598757687;11/03/14;32.775;33.54;32.775;33.165;3022063
LU1598757687;12/03/14;33.00;33.255;32.505;33.09;3392120
LU1598757687;13/03/14;33.18;33.36;32.16;32.16;3469206
LU1598757687;14/03/14;32.07;32.805;31.59;32.145;4570575
LU1598757687;17/03/14;32.295;32.895;32.175;32.52;2129788
LU1598757687;18/03/14;32.49;32.94;32.025;32.73;3197618
LU1598757687;19/03/14;32.97;33.525;32.715;33.045;2881451
LU1598757687;20/03/14;33.045;33.735;32.94;33.645;3595838
LU1598757687;21/03/14;33.795;34.29;33.72;34.125;4289249
LU1598757687;24/03/14;34.38;34.71;33.51;33.63;2988439
LU1598757687;25/03/14;33.735;34.14;33.48;33.93;3167438
LU1598757687;26/03/14;34.23;34.665;34.20;34.305;2743592
LU1598757687;27/03/14;34.08;34.35;33.795;34.32;1984209
LU1598757687;28/03/14;34.47;34.89;34.41;34.695;2069906
LU1598757687;31/03/14;34.89;35.43;34.80;35.085;2394153
NL0000226223;03/03/14;6.469;6.49;6.343;6.425;2692383
NL0000226223;04/03/14;6.47;6.612;6.47;6.60;3253107
NL0000226223;05/03/14;6.601;6.775;6.593;6.649;3071092
NL0000226223;06/03/14;6.681;6.734;6.613;6.66;2964475
NL0000226223;07/03/14;6.695;6.725;6.654;6.725;3110354
NL0000226223;10/03/14;6.72;6.759;6.66;6.757;2540337
NL0000226223;11/03/14;6.742;6.764;6.675;6.716;2136547
NL0000226223;12/03/14;6.671;6.744;6.615;6.666;2377313
NL0000226223;13/03/14;6.667;6.727;6.605;6.605;3032927
NL0000226223;14/03/14;6.577;6.627;6.44;6.534;3289395
NL0000226223;17/03/14;6.516;6.717;6.516;6.717;2312670
NL0000226223;18/03/14;6.669;6.756;6.659;6.729;2638294
NL0000226223;19/03/14;6.722;6.784;6.699;6.727;1458668
NL0000226223;20/03/14;6.708;6.861;6.67;6.852;1814307
NL0000226223;21/03/14;6.869;6.929;6.845;6.865;3003126
NL0000226223;24/03/14;6.844;6.852;6.668;6.699;1535239
NL0000226223;25/03/14;6.693;6.755;6.678;6.725;2177754
NL0000226223;26/03/14;6.756;6.827;6.71;6.816;1591919
NL0000226223;27/03/14;6.781;6.827;6.733;6.776;2064961
NL0000226223;28/03/14;6.80;6.84;6.701;6.73;1703476
NL0000226223;31/03/14;6.76;6.783;6.677;6.724;1763595
NL0000235190;03/03/14;52.75;52.80;51.45;51.70;3185980
NL0000235190;04/03/14;52.18;53.39;52.05;53.36;2571513
NL0000235190;05/03/14;53.13;53.14;52.33;52.75;2305663
NL0000235190;06/03/14;53.10;53.47;52.72;52.96;1972086
NL0000235190;07/03/14;52.86;52.88;51.29;51.31;3554832
NL0000235190;10/03/14;51.20;51.25;49.935;50.49;3676565
NL0000235190;11/03/14;50.56;51.20;50.26;50.36;1929159
NL0000235190;12/03/14;50.01;50.50;49.425;50.10;3111766
NL0000235190;13/03/14;50.13;50.66;50.02;50.11;3266030
NL0000235190;14/03/14;49.965;50.26;48.72;49.96;4347338
NL0000235190;17/03/14;49.95;50.62;49.705;50.36;2288878
NL0000235190;18/03/14;50.43;50.86;49.51;50.55;2497590
NL0000235190;19/03/14;50.85;52.13;50.52;51.33;3408191
NL0000235190;20/03/14;51.35;52.64;51.02;52.50;2574163
NL0000235190;21/03/14;52.60;52.71;51.90;51.90;4349839
NL0000235190;24/03/14;51.90;52.09;50.95;51.18;1890100
NL0000235190;25/03/14;51.33;52.36;51.26;52.01;1885750
NL0000235190;26/03/14;52.29;53.00;52.21;52.86;2091304
NL0000235190;27/03/14;52.93;53.26;52.09;52.20;2233425
NL0000235190;28/03/14;52.54;52.94;52.25;52.60;1694701
NL0000235190;31/03/14;52.72;52.89;51.86;51.99;1800277
