BE0003470755;03/07/17;117.95;120.40;117.95;120.20;207268
BE0003470755;04/07/17;119.95;119.95;118.75;118.80;154211
BE0003470755;05/07/17;118.95;120.60;118.65;120.45;302503
BE0003470755;06/07/17;120.30;120.90;119.25;120.35;268285
BE0003470755;07/07/17;120.30;120.75;119.50;120.10;196353
BE0003470755;10/07/17;120.35;120.95;120.05;120.70;141694
BE0003470755;11/07/17;120.85;120.85;119.70;120.65;249652
BE0003470755;12/07/17;120.80;122.45;120.70;122.30;208500
BE0003470755;13/07/17;122.20;123.45;122.05;123.05;191646
BE0003470755;14/07/17;123.05;124.25;122.95;123.90;170585
BE0003470755;17/07/17;123.95;125.50;123.70;125.50;209165
BE0003470755;18/07/17;125.00;125.10;123.25;123.30;197535
BE0003470755;19/07/17;123.75;125.10;123.35;125.10;164541
BE0003470755;20/07/17;125.75;126.60;123.60;123.90;177970
BE0003470755;21/07/17;123.55;123.95;120.45;121.55;274616
BE0003470755;24/07/17;121.60;122.30;120.80;121.95;176850
BE0003470755;25/07/17;121.75;123.40;121.75;122.85;310149
BE0003470755;26/07/17;122.75;123.95;122.15;123.75;211735
BE0003470755;27/07/17;123.45;124.10;122.40;122.60;213271
BE0003470755;28/07/17;122.05;122.05;120.75;121.25;223812
BE0003470755;31/07/17;121.25;122.55;121.05;121.30;333155
CH0012214059;03/07/17;50.70;51.68;50.56;51.65;344945
CH0012214059;04/07/17;51.41;51.64;51.04;51.04;270315
CH0012214059;05/07/17;51.03;51.44;50.70;51.32;247384
CH0012214059;06/07/17;51.12;51.27;50.49;50.60;328981
CH0012214059;07/07/17;50.51;50.82;50.39;50.60;254772
CH0012214059;10/07/17;50.74;51.32;50.68;51.05;208069
CH0012214059;11/07/17;51.22;51.40;50.44;50.44;217366
CH0012214059;12/07/17;50.63;51.95;50.59;51.68;357366
CH0012214059;13/07/17;51.51;52.49;51.45;51.61;256669
CH0012214059;14/07/17;51.56;51.71;51.14;51.22;215082
CH0012214059;17/07/17;51.30;52.18;51.18;51.98;237675
CH0012214059;18/07/17;51.63;52.55;51.52;51.95;350848
CH0012214059;19/07/17;52.00;52.05;51.25;51.82;287221
CH0012214059;20/07/17;52.04;52.50;51.12;51.30;319961
CH0012214059;21/07/17;51.46;51.85;50.73;51.01;414148
CH0012214059;24/07/17;50.98;52.18;50.98;52.05;466989
CH0012214059;25/07/17;51.75;52.61;51.73;52.03;369714
CH0012214059;26/07/17;51.84;52.09;50.70;51.39;499485
CH0012214059;27/07/17;51.33;51.54;50.74;50.84;492233
CH0012214059;28/07/17;50.35;50.69;49.645;50.69;490057
CH0012214059;31/07/17;50.47;51.00;50.43;50.76;432201
FR0000045072;03/07/17;14.185;14.55;14.175;14.47;6268981
FR0000045072;04/07/17;14.385;14.65;14.365;14.615;6437708
FR0000045072;05/07/17;14.64;14.715;14.565;14.645;6711858
FR0000045072;06/07/17;14.66;14.795;14.575;14.73;6283437
FR0000045072;07/07/17;14.70;14.785;14.555;14.695;5288715
FR0000045072;10/07/17;14.775;14.815;14.595;14.66;4435992
FR0000045072;11/07/17;14.65;14.805;14.63;14.705;3926935
FR0000045072;12/07/17;14.785;14.92;14.725;14.745;5457285
FR0000045072;13/07/17;14.805;14.965;14.76;14.90;5632503
FR0000045072;14/07/17;14.895;14.895;14.56;14.65;4292749
FR0000045072;17/07/17;14.685;14.72;14.575;14.66;3528560
FR0000045072;18/07/17;14.61;14.725;14.415;14.535;5361203
FR0000045072;19/07/17;14.59;14.615;14.455;14.575;5234318
FR0000045072;20/07/17;14.605;14.695;14.485;14.53;4399597
FR0000045072;21/07/17;14.55;14.585;14.275;14.39;6446323
FR0000045072;24/07/17;14.39;14.55;14.17;14.505;6329672
FR0000045072;25/07/17;14.47;14.95;14.44;14.845;7922094
FR0000045072;26/07/17;14.845;15.00;14.815;15.00;5249730
FR0000045072;27/07/17;14.91;15.115;14.835;15.075;5843055
FR0000045072;28/07/17;14.97;15.00;14.83;14.945;7494982
FR0000045072;31/07/17;14.92;14.99;14.785;14.85;4982365
FR0000051732;03/07/17;123.30;123.65;122.55;123.05;268771
FR0000051732;04/07/17;122.80;123.20;121.90;122.20;234587
FR0000051732;05/07/17;121.80;122.65;121.05;122.50;271971
FR0000051732;06/07/17;122.60;122.85;120.75;121.80;233772
FR0000051732;07/07/17;122.10;123.20;120.70;123.20;240011
FR0000051732;10/07/17;123.45;124.30;123.00;123.75;233210
FR0000051732;11/07/17;123.80;124.05;122.05;122.45;204795
FR0000051732;12/07/17;122.65;124.35;122.50;124.20;222072
FR0000051732;13/07/17;124.50;124.95;124.15;124.75;190434
FR0000051732;14/07/17;125.05;125.30;124.20;125.30;159642
FR0000051732;17/07/17;125.55;126.40;125.05;125.35;239275
FR0000051732;18/07/17;125.35;126.10;124.70;125.00;286466
FR0000051732;19/07/17;125.40;126.85;125.10;126.75;216435
FR0000051732;20/07/17;128.80;128.80;124.85;125.40;327828
FR0000051732;21/07/17;125.60;125.75;122.35;123.35;233634
FR0000051732;24/07/17;124.05;124.40;122.00;123.15;288647
FR0000051732;25/07/17;123.20;126.90;123.20;125.65;386091
FR0000051732;26/07/17;125.70;130.05;125.55;129.10;428271
FR0000051732;27/07/17;128.75;129.40;127.45;129.00;423639
FR0000051732;28/07/17;128.10;128.10;126.30;128.00;419179
FR0000051732;31/07/17;127.70;129.05;127.10;128.45;339683
FR0000073272;03/07/17;80.67;81.28;80.53;80.99;806801
FR0000073272;04/07/17;80.92;81.15;80.48;80.89;460350
FR0000073272;05/07/17;82.50;82.62;81.63;81.89;835567
FR0000073272;06/07/17;81.96;82.43;80.83;81.05;872808
FR0000073272;07/07/17;81.05;81.97;81.05;81.97;614930
FR0000073272;10/07/17;82.26;82.40;81.83;82.00;517506
FR0000073272;11/07/17;82.07;82.17;81.51;81.51;769077
FR0000073272;12/07/17;81.70;83.43;81.70;83.19;1169122
FR0000073272;13/07/17;83.25;83.47;82.88;83.10;672326
FR0000073272;14/07/17;83.25;83.88;82.94;83.43;501951
FR0000073272;17/07/17;83.41;83.72;82.60;83.05;915506
FR0000073272;18/07/17;83.00;83.19;81.65;81.65;982079
FR0000073272;19/07/17;82.00;83.07;81.72;82.76;904306
FR0000073272;20/07/17;82.86;83.00;81.12;81.50;885626
FR0000073272;21/07/17;81.10;81.87;80.46;81.05;1590952
FR0000073272;24/07/17;81.21;81.38;80.69;81.03;649271
FR0000073272;25/07/17;80.83;82.70;80.83;81.67;870438
FR0000073272;26/07/17;81.65;82.27;81.57;82.26;824144
FR0000073272;27/07/17;81.52;82.20;80.03;81.47;1253854
FR0000073272;28/07/17;81.40;81.41;80.04;80.16;1086489
FR0000073272;31/07/17;80.16;80.62;79.60;79.93;1116871
FR0000120073;03/07/17;99.1364;100.2727;98.8182;100.0455;604293
FR0000120073;04/07/17;99.6364;100.0909;99.2273;99.2273;544772
FR0000120073;05/07/17;98.8182;99.0909;97.7727;98.7727;961286
FR0000120073;06/07/17;98.6818;98.9091;97.0909;98.00;1125583
FR0000120073;07/07/17;97.7727;98.0455;97.3636;97.6364;655664
FR0000120073;10/07/17;98.00;98.3636;97.5455;98.1364;491898
FR0000120073;11/07/17;98.2727;98.6818;97.2727;97.2727;668562
FR0000120073;12/07/17;97.6364;99.5455;97.4545;99.2727;865268
FR0000120073;13/07/17;99.3182;100.00;98.8636;98.9091;794519
FR0000120073;14/07/17;99.0909;99.7727;98.6818;99.4545;550698
FR0000120073;17/07/17;99.4545;100.00;99.0909;99.6364;579345
FR0000120073;18/07/17;99.5455;99.6818;98.1364;98.6364;711352
FR0000120073;19/07/17;99.1364;99.3636;98.6818;99.3182;636790
FR0000120073;20/07/17;99.7727;100.5909;98.0909;98.5909;734265
FR0000120073;21/07/17;98.2727;98.9545;95.8636;96.4091;1342036
FR0000120073;24/07/17;96.9545;97.2273;96.0455;96.7273;830016
FR0000120073;25/07/17;96.5455;97.6818;96.5455;96.8182;794693
FR0000120073;26/07/17;97.0455;98.1364;96.5909;97.5455;676337
FR0000120073;27/07/17;96.9545;98.4091;96.6364;97.0909;974487
FR0000120073;28/07/17;95.9091;95.9546;94.6364;95.4545;1193522
FR0000120073;31/07/17;95.9091;95.9091;94.0455;94.2727;1113601
FR0000120172;03/07/17;22.305;22.37;22.215;22.365;2283144
FR0000120172;04/07/17;22.385;22.62;22.325;22.45;2467993
FR0000120172;05/07/17;22.49;22.535;22.36;22.425;2569981
FR0000120172;06/07/17;22.43;22.43;22.055;22.31;2311034
FR0000120172;07/07/17;21.90;21.925;21.12;21.28;7602758
FR0000120172;10/07/17;21.36;21.41;20.95;21.19;3368896
FR0000120172;11/07/17;21.20;21.39;21.105;21.23;2168243
FR0000120172;12/07/17;21.22;21.54;21.175;21.46;2222323
FR0000120172;13/07/17;21.51;21.80;21.47;21.625;2575490
FR0000120172;14/07/17;21.70;21.845;21.625;21.765;1434061
FR0000120172;17/07/17;21.78;21.975;21.78;21.89;1672087
FR0000120172;18/07/17;21.87;21.885;21.585;21.66;2190541
FR0000120172;19/07/17;21.66;21.725;21.01;21.22;4416521
FR0000120172;20/07/17;21.33;21.44;21.16;21.31;2397503
FR0000120172;21/07/17;21.315;21.405;20.95;20.99;2774206
FR0000120172;24/07/17;21.105;21.115;20.70;20.735;2570472
FR0000120172;25/07/17;20.75;20.91;20.54;20.575;3518302
FR0000120172;26/07/17;20.60;20.88;20.52;20.705;2468168
FR0000120172;27/07/17;20.77;20.83;20.605;20.76;1706047
FR0000120172;28/07/17;20.695;20.775;20.49;20.675;2226732
FR0000120172;31/07/17;20.42;20.425;20.175;20.305;4520133
FR0000120271;03/07/17;43.635;44.295;43.595;44.155;5162997
FR0000120271;04/07/17;44.125;44.27;43.96;43.98;3164643
FR0000120271;05/07/17;43.97;43.97;43.135;43.325;7921282
FR0000120271;06/07/17;43.35;43.40;42.775;43.10;6063988
FR0000120271;07/07/17;42.925;42.925;42.26;42.46;7008938
FR0000120271;10/07/17;42.75;42.97;42.575;42.765;4267823
FR0000120271;11/07/17;42.695;42.89;42.38;42.67;4088706
FR0000120271;12/07/17;42.945;43.40;42.825;43.075;6670326
FR0000120271;13/07/17;43.10;43.21;42.855;43.11;5025471
FR0000120271;14/07/17;43.27;43.60;43.095;43.335;5075580
FR0000120271;17/07/17;43.36;43.56;43.13;43.27;3396250
FR0000120271;18/07/17;43.15;43.38;42.875;42.915;4811911
FR0000120271;19/07/17;43.00;43.50;42.875;43.385;4074548
FR0000120271;20/07/17;43.575;43.99;43.14;43.345;5390043
FR0000120271;21/07/17;43.40;44.015;42.385;42.715;9239057
FR0000120271;24/07/17;42.70;42.995;42.225;42.655;5157172
FR0000120271;25/07/17;42.655;43.275;42.56;42.97;5433895
FR0000120271;26/07/17;43.065;43.52;43.00;43.22;5631824
FR0000120271;27/07/17;43.22;43.90;42.83;43.00;5404497
FR0000120271;28/07/17;42.88;43.05;42.50;42.99;6375988
FR0000120271;31/07/17;43.08;43.36;42.865;42.96;5544211
FR0000120321;03/07/17;183.20;183.40;182.00;182.95;467542
FR0000120321;04/07/17;182.15;182.15;181.35;181.35;393742
FR0000120321;05/07/17;181.05;181.95;180.50;181.50;517119
FR0000120321;06/07/17;181.35;181.45;177.70;178.55;987687
FR0000120321;07/07/17;179.05;179.55;178.10;179.35;433384
FR0000120321;10/07/17;179.85;180.95;178.30;180.05;319678
FR0000120321;11/07/17;179.85;180.00;178.80;179.10;412126
FR0000120321;12/07/17;180.00;183.30;179.45;182.00;639003
FR0000120321;13/07/17;182.00;183.95;181.05;183.10;445968
FR0000120321;14/07/17;183.70;184.85;182.80;184.15;365448
FR0000120321;17/07/17;184.00;185.05;183.90;184.25;413817
FR0000120321;18/07/17;184.20;185.60;183.50;183.50;652437
FR0000120321;19/07/17;184.55;185.25;183.95;185.25;360681
FR0000120321;20/07/17;185.70;186.25;183.70;184.60;623991
FR0000120321;21/07/17;184.40;185.50;179.85;180.90;788264
FR0000120321;24/07/17;181.90;182.05;179.20;179.70;526798
FR0000120321;25/07/17;179.15;181.90;179.00;180.20;533187
FR0000120321;26/07/17;180.05;182.30;180.00;180.80;460782
FR0000120321;27/07/17;180.15;182.40;180.00;181.05;605504
FR0000120321;28/07/17;178.00;178.00;174.10;176.05;1302350
FR0000120321;31/07/17;175.80;176.45;174.90;175.10;689795
FR0000120404;03/07/17;41.335;41.335;40.855;40.885;818854
FR0000120404;04/07/17;40.81;41.03;40.71;40.78;504836
FR0000120404;05/07/17;40.795;40.925;40.535;40.68;682278
FR0000120404;06/07/17;40.71;40.71;39.70;40.47;1024953
FR0000120404;07/07/17;40.445;40.465;39.91;40.24;803242
FR0000120404;10/07/17;40.25;40.685;40.21;40.54;675836
FR0000120404;11/07/17;40.60;40.89;40.545;40.60;726242
FR0000120404;12/07/17;40.665;41.705;40.665;41.59;927765
FR0000120404;13/07/17;41.605;41.90;41.485;41.90;874436
FR0000120404;14/07/17;41.99;42.115;41.735;41.895;575853
FR0000120404;17/07/17;41.895;42.22;41.675;42.145;464960
FR0000120404;18/07/17;42.105;42.22;41.885;42.00;1503929
FR0000120404;19/07/17;42.12;42.12;41.765;42.00;711719
FR0000120404;20/07/17;42.16;42.20;41.225;41.395;1325448
FR0000120404;21/07/17;41.27;41.435;40.39;40.755;996106
FR0000120404;24/07/17;40.895;40.965;40.43;40.60;615568
FR0000120404;25/07/17;40.95;41.555;40.95;41.395;1103162
FR0000120404;26/07/17;41.595;41.98;41.33;41.33;862415
FR0000120404;27/07/17;41.85;42.07;39.955;40.005;1974050
FR0000120404;28/07/17;39.90;40.165;39.225;39.55;1386832
FR0000120404;31/07/17;39.675;40.045;39.175;39.26;1349632
FR0000120503;03/07/17;37.155;37.285;36.97;37.17;771851
FR0000120503;04/07/17;37.015;37.095;36.70;36.72;642986
FR0000120503;05/07/17;36.70;37.065;36.695;36.895;748288
FR0000120503;06/07/17;37.09;37.09;36.16;36.615;1043103
FR0000120503;07/07/17;36.765;36.765;36.455;36.69;612281
FR0000120503;10/07/17;36.90;37.175;36.745;37.025;699436
FR0000120503;11/07/17;37.08;37.24;36.545;36.65;536727
FR0000120503;12/07/17;36.76;37.78;36.76;37.535;1010154
FR0000120503;13/07/17;37.53;38.155;37.395;38.01;892409
FR0000120503;14/07/17;38.07;38.18;37.77;37.945;565721
FR0000120503;17/07/17;37.91;38.015;37.68;37.805;481677
FR0000120503;18/07/17;37.60;37.605;37.12;37.295;1066111
FR0000120503;19/07/17;37.44;37.845;37.29;37.84;549478
FR0000120503;20/07/17;37.965;38.225;37.11;37.17;917576
FR0000120503;21/07/17;37.17;37.39;36.26;36.60;1154314
FR0000120503;24/07/17;36.725;36.845;36.23;36.405;603055
FR0000120503;25/07/17;36.37;36.985;36.37;36.64;657090
FR0000120503;26/07/17;36.095;36.91;36.07;36.75;857056
FR0000120503;27/07/17;36.715;37.19;36.51;36.705;948049
FR0000120503;28/07/17;36.515;36.515;36.065;36.345;926132
FR0000120503;31/07/17;36.30;36.61;36.16;36.245;988187
FR0000120578;03/07/17;83.48;84.61;83.35;84.20;1784125
FR0000120578;04/07/17;83.81;84.37;83.65;83.86;1275305
FR0000120578;05/07/17;83.65;84.66;83.17;84.22;2249604
FR0000120578;06/07/17;84.32;84.43;82.50;82.97;3216161
FR0000120578;07/07/17;82.84;83.83;82.83;83.66;1895465
FR0000120578;10/07/17;83.89;84.41;83.72;83.90;1359697
FR0000120578;11/07/17;83.68;84.26;83.33;83.36;1421183
FR0000120578;12/07/17;83.63;86.29;83.55;85.96;2672450
FR0000120578;13/07/17;85.96;86.47;85.22;85.22;2243470
FR0000120578;14/07/17;85.18;85.27;84.30;84.58;1760085
FR0000120578;17/07/17;84.40;84.56;83.63;83.80;1465345
FR0000120578;18/07/17;83.83;84.41;82.59;82.59;1895914
FR0000120578;19/07/17;82.54;82.77;82.17;82.24;2181072
FR0000120578;20/07/17;82.00;83.32;81.77;82.77;2530317
FR0000120578;21/07/17;82.75;83.30;81.28;81.52;2988091
FR0000120578;24/07/17;81.72;82.29;81.32;81.91;1944540
FR0000120578;25/07/17;82.10;83.75;82.10;82.67;2398290
FR0000120578;26/07/17;82.68;83.29;82.16;82.33;2078436
FR0000120578;27/07/17;81.85;82.43;81.59;82.21;2582102
FR0000120578;28/07/17;81.69;81.73;80.53;81.59;2739458
FR0000120578;31/07/17;82.75;83.40;80.72;80.72;3024192
FR0000120628;03/07/17;24.13;24.59;24.08;24.565;6195289
FR0000120628;04/07/17;24.355;24.77;24.315;24.525;4499746
FR0000120628;05/07/17;24.525;24.84;24.465;24.63;6940201
FR0000120628;06/07/17;24.63;24.865;24.43;24.81;6922996
FR0000120628;07/07/17;24.90;25.00;24.805;25.00;6039072
FR0000120628;10/07/17;25.06;25.30;25.03;25.175;4974162
FR0000120628;11/07/17;25.20;25.345;24.96;25.03;5406829
FR0000120628;12/07/17;25.13;25.215;25.04;25.125;5315051
FR0000120628;13/07/17;25.175;25.45;25.13;25.33;4977487
FR0000120628;14/07/17;25.39;25.455;25.02;25.215;4632889
FR0000120628;17/07/17;25.19;25.245;24.995;25.15;2944280
FR0000120628;18/07/17;25.07;25.135;24.58;24.79;5610492
FR0000120628;19/07/17;24.90;25.03;24.745;24.965;4160155
FR0000120628;20/07/17;25.05;25.12;24.68;24.885;6158441
FR0000120628;21/07/17;24.785;24.95;24.33;24.56;7674435
FR0000120628;24/07/17;24.63;24.805;24.39;24.635;5666420
FR0000120628;25/07/17;24.70;25.25;24.70;24.995;6265694
FR0000120628;26/07/17;25.00;25.18;24.855;25.15;4660819
FR0000120628;27/07/17;24.995;25.40;24.94;25.28;6398220
FR0000120628;28/07/17;25.035;25.145;24.76;25.145;6184776
FR0000120628;31/07/17;25.075;25.225;24.925;24.96;5459981
FR0000120644;03/07/17;66.00;66.85;65.97;66.68;1408040
FR0000120644;04/07/17;66.30;66.77;66.05;66.41;1054662
FR0000120644;05/07/17;66.30;66.79;66.00;66.43;1619754
FR0000120644;06/07/17;66.33;66.49;64.82;65.43;2370138
FR0000120644;07/07/17;65.40;65.70;65.21;65.58;1047270
FR0000120644;10/07/17;65.84;65.93;64.97;65.75;1077824
FR0000120644;11/07/17;65.68;65.81;64.60;64.60;1490080
FR0000120644;12/07/17;64.74;66.04;64.65;65.68;1708071
FR0000120644;13/07/17;65.79;66.35;65.41;66.08;1289311
FR0000120644;14/07/17;66.24;66.36;65.63;65.94;991014
FR0000120644;17/07/17;66.01;66.11;65.70;65.83;808010
FR0000120644;18/07/17;65.89;66.06;65.18;65.30;1296129
FR0000120644;19/07/17;65.66;66.04;65.53;65.97;1030134
FR0000120644;20/07/17;66.29;66.43;65.54;65.93;1274599
FR0000120644;21/07/17;65.67;65.96;64.47;64.65;2863847
FR0000120644;24/07/17;64.80;64.83;63.84;64.05;1598445
FR0000120644;25/07/17;64.25;64.81;64.24;64.35;1676292
FR0000120644;26/07/17;64.42;64.98;64.27;64.40;1340392
FR0000120644;27/07/17;64.20;66.12;63.91;64.75;2474089
FR0000120644;28/07/17;63.90;64.05;62.86;63.65;2483369
FR0000120644;31/07/17;63.35;63.72;63.02;63.09;1557499
FR0000120693;03/07/17;117.65;118.20;117.25;118.00;296101
FR0000120693;04/07/17;117.20;118.15;117.20;117.90;212234
FR0000120693;05/07/17;116.70;117.35;116.40;117.00;293592
FR0000120693;06/07/17;116.95;117.35;114.75;116.10;463189
FR0000120693;07/07/17;116.60;116.60;114.85;115.85;372705
FR0000120693;10/07/17;116.00;116.75;115.40;116.00;273204
FR0000120693;11/07/17;115.55;115.60;114.90;115.15;244849
FR0000120693;12/07/17;115.15;116.80;115.15;116.55;333872
FR0000120693;13/07/17;116.80;117.00;116.40;116.55;234936
FR0000120693;14/07/17;117.00;117.65;116.35;117.65;286500
FR0000120693;17/07/17;117.75;117.95;117.25;117.70;247239
FR0000120693;18/07/17;117.70;118.15;116.60;116.85;295986
FR0000120693;19/07/17;117.65;117.65;116.55;117.50;263800
FR0000120693;20/07/17;118.60;118.70;116.25;116.85;416197
FR0000120693;21/07/17;116.80;117.15;115.20;115.55;432699
FR0000120693;24/07/17;115.95;115.95;114.55;114.70;314380
FR0000120693;25/07/17;114.60;116.80;114.40;116.10;486705
FR0000120693;26/07/17;116.15;118.40;116.00;118.00;413053
FR0000120693;27/07/17;118.35;120.00;117.75;118.15;540263
FR0000120693;28/07/17;117.95;117.95;116.55;117.90;563152
FR0000120693;31/07/17;117.60;118.40;117.05;117.25;398556
FR0000121014;03/07/17;219.50;221.15;219.05;220.95;593691
FR0000121014;04/07/17;220.00;221.40;219.50;220.05;377646
FR0000121014;05/07/17;221.05;223.80;220.15;221.80;616626
FR0000121014;06/07/17;222.85;222.85;217.05;219.20;920426
FR0000121014;07/07/17;218.30;218.85;216.25;216.40;948434
FR0000121014;10/07/17;216.85;217.80;215.40;216.80;586793
FR0000121014;11/07/17;217.20;217.95;213.95;214.50;596346
FR0000121014;12/07/17;216.00;217.05;214.80;216.35;859978
FR0000121014;13/07/17;217.30;218.55;216.15;216.40;844343
FR0000121014;14/07/17;217.05;219.90;216.55;219.75;766188
FR0000121014;17/07/17;220.00;223.10;219.55;222.35;705749
FR0000121014;18/07/17;222.10;223.15;218.75;219.00;702904
FR0000121014;19/07/17;221.00;222.40;220.45;222.25;593539
FR0000121014;20/07/17;223.80;224.85;220.35;222.30;638848
FR0000121014;21/07/17;221.75;223.95;218.80;219.25;1017035
FR0000121014;24/07/17;220.55;221.35;217.05;219.15;756515
FR0000121014;25/07/17;220.10;221.70;218.85;218.85;786258
FR0000121014;26/07/17;221.00;221.00;217.30;218.00;753050
FR0000121014;27/07/17;218.00;218.65;212.50;216.05;1451503
FR0000121014;28/07/17;215.45;215.45;212.25;213.15;969176
FR0000121014;31/07/17;212.45;214.60;211.90;212.70;776783
FR0000121220;03/07/17;113.80;114.40;113.45;113.55;211683
FR0000121220;04/07/17;113.25;114.20;112.80;113.45;163214
FR0000121220;05/07/17;113.45;114.00;112.70;113.60;174839
FR0000121220;06/07/17;109.40;109.90;106.10;106.75;752635
FR0000121220;07/07/17;106.50;106.85;102.70;104.05;618114
FR0000121220;10/07/17;104.30;104.80;102.95;102.95;374309
FR0000121220;11/07/17;103.00;103.70;101.30;101.45;341494
FR0000121220;12/07/17;102.00;103.75;101.60;103.45;367517
FR0000121220;13/07/17;103.25;103.45;101.70;101.75;379877
FR0000121220;14/07/17;102.00;102.20;100.85;101.40;232903
FR0000121220;17/07/17;101.50;102.65;101.50;101.90;190109
FR0000121220;18/07/17;101.30;101.65;100.40;100.50;285152
FR0000121220;19/07/17;101.00;102.15;100.15;102.15;289503
FR0000121220;20/07/17;103.00;103.15;101.40;101.80;397003
FR0000121220;21/07/17;101.75;102.50;100.15;100.40;367957
FR0000121220;24/07/17;100.55;100.95;100.05;100.75;320939
FR0000121220;25/07/17;101.05;101.10;99.17;100.25;636547
FR0000121220;26/07/17;100.15;102.40;100.15;101.95;484414
FR0000121220;27/07/17;101.70;102.45;100.30;101.20;481786
FR0000121220;28/07/17;100.95;100.95;99.83;100.35;285260
FR0000121220;31/07/17;100.00;100.60;99.56;99.83;297288
FR0000121261;03/07/17;117.05;119.05;116.90;118.55;421816
FR0000121261;04/07/17;117.70;118.70;117.00;117.25;283501
FR0000121261;05/07/17;117.30;118.00;116.85;117.90;342540
FR0000121261;06/07/17;118.15;118.75;117.55;118.45;402708
FR0000121261;07/07/17;118.25;119.00;117.90;119.00;290781
FR0000121261;10/07/17;119.30;119.70;118.50;119.25;274637
FR0000121261;11/07/17;119.35;119.80;118.90;119.15;259824
FR0000121261;12/07/17;119.85;121.45;119.30;121.20;467734
FR0000121261;13/07/17;121.10;123.00;120.90;122.30;422299
FR0000121261;14/07/17;122.75;123.65;122.15;122.65;275081
FR0000121261;17/07/17;122.95;123.85;122.65;122.70;262141
FR0000121261;18/07/17;122.60;122.60;119.65;119.80;745055
FR0000121261;19/07/17;120.65;121.15;120.00;121.15;353992
FR0000121261;20/07/17;121.00;121.55;118.90;119.00;602378
FR0000121261;21/07/17;119.05;119.45;116.35;117.35;738182
FR0000121261;24/07/17;117.25;117.45;115.35;116.50;659100
FR0000121261;25/07/17;116.75;117.20;116.20;116.40;403883
FR0000121261;26/07/17;114.90;117.05;113.95;115.95;626661
FR0000121261;27/07/17;116.10;116.30;114.95;115.50;720683
FR0000121261;28/07/17;115.20;115.35;113.45;114.80;895587
FR0000121261;31/07/17;114.95;116.05;114.10;114.35;607053
FR0000121485;03/07/17;299.05;301.20;299.05;301.20;137792
FR0000121485;04/07/17;299.85;302.70;299.10;302.00;117091
FR0000121485;05/07/17;301.75;304.60;300.90;303.50;148736
FR0000121485;06/07/17;304.35;305.20;299.05;300.95;228334
FR0000121485;07/07/17;300.50;301.00;298.65;300.25;163855
FR0000121485;10/07/17;302.00;302.05;299.05;302.00;149655
FR0000121485;11/07/17;301.80;302.75;296.65;297.30;191743
FR0000121485;12/07/17;298.75;304.85;298.70;304.35;166978
FR0000121485;13/07/17;304.05;305.70;303.55;303.75;149680
FR0000121485;14/07/17;303.55;306.10;303.55;306.10;102471
FR0000121485;17/07/17;306.50;310.25;305.60;309.35;146044
FR0000121485;18/07/17;308.55;309.40;302.65;304.90;178548
FR0000121485;19/07/17;307.00;310.55;306.20;310.55;192822
FR0000121485;20/07/17;312.50;314.50;309.10;311.40;196248
FR0000121485;21/07/17;311.80;313.10;305.70;306.60;163733
FR0000121485;24/07/17;308.00;308.75;305.45;307.65;155119
FR0000121485;25/07/17;308.40;309.60;305.95;306.35;190103
FR0000121485;26/07/17;305.90;311.40;305.55;308.35;251584
FR0000121485;27/07/17;308.85;311.80;301.40;305.10;310694
FR0000121485;28/07/17;308.00;310.00;292.50;293.45;587130
FR0000121485;31/07/17;292.85;296.85;292.25;295.50;324325
FR0000121501;03/07/17;17.62;18.14;17.595;18.035;3659148
FR0000121501;04/07/17;17.98;18.315;17.925;18.13;2152621
FR0000121501;05/07/17;18.175;18.345;17.82;17.895;3507120
FR0000121501;06/07/17;17.92;18.40;17.815;18.40;4502709
FR0000121501;07/07/17;18.385;18.485;18.155;18.38;1831868
FR0000121501;10/07/17;18.445;18.545;18.32;18.47;1683527
FR0000121501;11/07/17;18.54;18.795;18.51;18.69;2516906
FR0000121501;12/07/17;18.805;19.205;18.735;19.015;3833359
FR0000121501;13/07/17;18.905;19.12;18.86;18.95;2802153
FR0000121501;14/07/17;19.00;19.135;18.865;19.06;1625103
FR0000121501;17/07/17;19.13;19.25;19.035;19.045;1722142
FR0000121501;18/07/17;19.01;19.12;18.775;18.97;2458159
FR0000121501;19/07/17;18.995;19.10;18.80;19.05;1697540
FR0000121501;20/07/17;19.20;19.345;18.98;19.05;2450596
FR0000121501;21/07/17;19.05;19.18;18.285;18.40;4696982
FR0000121501;24/07/17;18.10;18.20;17.815;18.16;4206310
FR0000121501;25/07/17;18.195;18.385;18.085;18.085;2576522
FR0000121501;26/07/17;18.70;19.18;18.48;18.66;7364332
FR0000121501;27/07/17;18.975;18.975;18.39;18.725;4501696
FR0000121501;28/07/17;18.625;18.68;18.185;18.325;4492304
FR0000121501;31/07/17;18.335;18.485;18.145;18.185;2603999
FR0000121667;03/07/17;111.95;113.10;111.15;112.90;489558
FR0000121667;04/07/17;112.65;112.90;112.10;112.20;330144
FR0000121667;05/07/17;112.05;113.50;111.60;113.30;480709
FR0000121667;06/07/17;113.35;113.40;111.50;112.05;564397
FR0000121667;07/07/17;111.90;112.40;111.55;112.40;285507
FR0000121667;10/07/17;112.60;112.80;112.00;112.00;255575
FR0000121667;11/07/17;112.30;112.70;111.40;111.40;366297
FR0000121667;12/07/17;111.55;113.80;111.40;113.45;389281
FR0000121667;13/07/17;113.30;114.10;112.75;113.80;361477
FR0000121667;14/07/17;114.00;114.95;113.55;114.70;322904
FR0000121667;17/07/17;114.55;115.00;113.80;114.10;273275
FR0000121667;18/07/17;114.00;114.40;112.70;112.90;356904
FR0000121667;19/07/17;113.50;114.35;113.15;114.20;312526
FR0000121667;20/07/17;114.80;115.55;114.40;115.00;556020
FR0000121667;21/07/17;115.25;116.30;113.70;114.10;840320
FR0000121667;24/07/17;114.50;114.75;114.10;114.35;500907
FR0000121667;25/07/17;115.00;117.25;115.00;116.20;753329
FR0000121667;26/07/17;116.35;117.05;115.85;116.25;533920
FR0000121667;27/07/17;115.50;117.00;115.05;116.40;792887
FR0000121667;28/07/17;112.50;112.95;110.15;111.60;1562981
FR0000121667;31/07/17;111.45;111.50;107.10;107.10;1298767
FR0000121972;03/07/17;67.70;68.33;67.52;68.16;906205
FR0000121972;04/07/17;67.82;67.99;67.51;67.51;731659
FR0000121972;05/07/17;67.50;68.34;67.29;67.92;1035825
FR0000121972;06/07/17;67.89;67.98;66.56;67.38;1320502
FR0000121972;07/07/17;67.28;67.48;66.68;67.40;936707
FR0000121972;10/07/17;67.48;67.73;67.05;67.64;699975
FR0000121972;11/07/17;68.36;68.73;67.64;67.79;1028842
FR0000121972;12/07/17;68.02;69.29;67.72;69.03;1272831
FR0000121972;13/07/17;69.25;69.82;68.92;69.23;1058856
FR0000121972;14/07/17;69.37;69.37;68.33;68.68;858783
FR0000121972;17/07/17;68.80;68.88;67.91;68.22;845279
FR0000121972;18/07/17;68.16;68.44;67.52;68.03;1090854
FR0000121972;19/07/17;68.39;68.62;67.76;68.44;1034073
FR0000121972;20/07/17;68.81;69.11;67.39;67.58;1524915
FR0000121972;21/07/17;67.32;67.58;64.88;65.49;2393451
FR0000121972;24/07/17;65.75;65.85;65.20;65.40;1550486
FR0000121972;25/07/17;65.30;66.28;65.28;65.66;1523291
FR0000121972;26/07/17;65.50;66.31;65.16;66.10;1566146
FR0000121972;27/07/17;68.15;69.71;68.00;68.60;2835205
FR0000121972;28/07/17;68.07;68.29;66.78;66.96;2028806
FR0000121972;31/07/17;66.89;67.04;66.35;66.35;1562409
FR0000124141;03/07/17;18.595;18.795;18.565;18.74;1957319
FR0000124141;04/07/17;18.705;18.89;18.68;18.68;1418354
FR0000124141;05/07/17;18.68;18.76;18.51;18.58;1522041
FR0000124141;06/07/17;18.58;18.735;18.37;18.59;2095072
FR0000124141;07/07/17;18.675;18.93;18.67;18.905;1830561
FR0000124141;10/07/17;18.95;19.32;18.945;19.175;2128110
FR0000124141;11/07/17;19.215;19.27;18.96;19.02;1539595
FR0000124141;12/07/17;19.08;19.515;19.055;19.36;1837945
FR0000124141;13/07/17;19.345;19.455;19.29;19.40;1447973
FR0000124141;14/07/17;19.465;19.55;19.27;19.40;1225220
FR0000124141;17/07/17;19.40;19.485;19.25;19.26;1198253
FR0000124141;18/07/17;19.215;19.37;19.065;19.12;1629414
FR0000124141;19/07/17;19.205;19.275;19.11;19.23;1151423
FR0000124141;20/07/17;19.30;19.46;19.17;19.23;1253350
FR0000124141;21/07/17;19.23;19.35;19.06;19.12;1543633
FR0000124141;24/07/17;19.16;19.205;19.03;19.10;1419419
FR0000124141;25/07/17;19.075;19.29;19.045;19.08;1598259
FR0000124141;26/07/17;19.10;19.33;19.07;19.125;1318836
FR0000124141;27/07/17;19.10;19.10;18.775;18.805;3028422
FR0000124141;28/07/17;18.73;18.805;18.545;18.675;2764794
FR0000124141;31/07/17;18.585;19.335;18.515;19.055;2817634
FR0000124711;03/07/17;221.30;222.10;218.50;218.55;320913
FR0000124711;04/07/17;214.20;216.10;212.90;215.85;331584
FR0000124711;05/07/17;216.10;216.10;211.50;214.30;389444
FR0000124711;06/07/17;213.95;215.40;210.50;212.50;518053
FR0000124711;07/07/17;212.60;213.55;211.30;213.55;295393
FR0000124711;10/07/17;214.15;215.55;213.40;213.55;290483
FR0000124711;11/07/17;214.50;214.50;210.00;210.75;418907
FR0000124711;12/07/17;212.05;215.95;209.90;213.45;560356
FR0000124711;13/07/17;212.60;214.55;212.00;213.70;386049
FR0000124711;14/07/17;214.00;215.40;213.10;215.30;233116
FR0000124711;17/07/17;215.50;216.30;213.95;214.45;219140
FR0000124711;18/07/17;214.45;217.50;214.45;215.75;415029
FR0000124711;19/07/17;217.05;217.80;214.50;217.80;367598
FR0000124711;20/07/17;218.50;219.75;217.65;218.15;352990
FR0000124711;21/07/17;218.45;219.20;214.90;215.35;419040
FR0000124711;24/07/17;215.75;217.50;214.80;215.25;215172
FR0000124711;25/07/17;219.00;219.60;215.25;215.65;397812
FR0000124711;26/07/17;215.25;217.65;214.70;216.75;326971
FR0000124711;27/07/17;216.15;218.25;215.80;217.00;315771
FR0000124711;28/07/17;216.20;216.55;211.65;213.45;464924
FR0000124711;31/07/17;213.00;213.75;211.35;211.35;346605
FR0000125007;03/07/17;47.17;47.50;47.155;47.43;1429012
FR0000125007;04/07/17;47.13;47.49;47.08;47.205;1065969
FR0000125007;05/07/17;47.175;47.73;47.125;47.655;1710430
FR0000125007;06/07/17;47.70;47.77;46.78;47.195;2140760
FR0000125007;07/07/17;47.385;47.395;46.77;47.115;1443761
FR0000125007;10/07/17;47.11;47.51;46.955;47.33;1306113
FR0000125007;11/07/17;47.48;47.61;46.725;46.795;1043012
FR0000125007;12/07/17;47.00;48.055;46.88;47.95;1992634
FR0000125007;13/07/17;47.61;48.25;47.50;48.03;1537087
FR0000125007;14/07/17;48.06;48.075;47.60;47.75;1042276
FR0000125007;17/07/17;47.88;47.975;47.325;47.435;998944
FR0000125007;18/07/17;47.40;47.55;47.095;47.405;1621358
FR0000125007;19/07/17;47.545;47.655;47.02;47.415;1140015
FR0000125007;20/07/17;47.77;48.47;47.30;47.56;1684389
FR0000125007;21/07/17;47.495;47.545;46.00;46.625;2669389
FR0000125007;24/07/17;47.15;47.32;46.67;47.00;1809129
FR0000125007;25/07/17;47.00;47.26;46.56;46.715;2102241
FR0000125007;26/07/17;46.70;47.395;46.46;47.395;1596329
FR0000125007;27/07/17;47.29;47.77;46.485;46.735;2112371
FR0000125007;28/07/17;46.75;47.71;46.67;47.41;3288723
FR0000125007;31/07/17;47.38;47.47;46.79;46.89;2037557
FR0000125338;03/07/17;91.00;91.25;90.30;90.43;538435
FR0000125338;04/07/17;90.36;90.69;89.80;89.91;611466
FR0000125338;05/07/17;89.81;90.61;89.14;90.48;597756
FR0000125338;06/07/17;90.60;90.80;89.15;90.16;452513
FR0000125338;07/07/17;90.36;90.71;89.54;90.67;373281
FR0000125338;10/07/17;91.00;92.56;90.84;92.26;548293
FR0000125338;11/07/17;92.40;92.40;91.42;91.87;418342
FR0000125338;12/07/17;92.07;93.15;91.82;93.03;410691
FR0000125338;13/07/17;93.37;93.93;93.18;93.54;341011
FR0000125338;14/07/17;93.58;93.58;92.36;93.16;329239
FR0000125338;17/07/17;93.40;93.54;92.41;93.05;391751
FR0000125338;18/07/17;92.95;93.56;92.37;93.31;528496
FR0000125338;19/07/17;93.79;94.19;92.86;93.47;511806
FR0000125338;20/07/17;94.19;94.87;93.71;94.09;415109
FR0000125338;21/07/17;93.95;94.27;91.98;92.61;446077
FR0000125338;24/07/17;92.88;93.44;92.01;93.17;339494
FR0000125338;25/07/17;93.22;94.07;92.94;93.19;422153
FR0000125338;26/07/17;94.20;95.00;93.74;95.00;526305
FR0000125338;27/07/17;95.19;97.49;94.32;94.98;777941
FR0000125338;28/07/17;94.74;94.74;92.45;92.52;844459
FR0000125338;31/07/17;93.15;93.66;92.00;92.00;508931
FR0000125486;03/07/17;74.99;75.24;74.75;75.05;980106
FR0000125486;04/07/17;74.81;75.28;74.52;74.79;1019180
FR0000125486;05/07/17;74.91;75.66;74.55;75.34;1440966
FR0000125486;06/07/17;74.55;74.84;72.77;73.45;1828103
FR0000125486;07/07/17;73.29;73.92;73.25;73.89;1005934
FR0000125486;10/07/17;74.01;75.06;73.69;74.85;1067756
FR0000125486;11/07/17;75.34;75.85;74.99;75.12;1376979
FR0000125486;12/07/17;75.62;77.41;75.27;77.07;1655819
FR0000125486;13/07/17;77.18;78.53;77.12;77.96;1574138
FR0000125486;14/07/17;78.00;78.07;77.51;77.89;1020715
FR0000125486;17/07/17;77.96;78.35;77.59;77.76;799294
FR0000125486;18/07/17;77.52;78.08;77.06;77.15;1276247
FR0000125486;19/07/17;77.50;78.38;77.02;78.38;1164188
FR0000125486;20/07/17;79.05;79.61;77.64;77.95;1318384
FR0000125486;21/07/17;77.58;77.88;75.78;76.12;1839351
FR0000125486;24/07/17;76.40;77.33;76.10;76.79;1168633
FR0000125486;25/07/17;76.74;78.20;76.74;77.14;1204374
FR0000125486;26/07/17;77.12;77.99;76.90;77.20;950358
FR0000125486;27/07/17;76.88;77.86;76.53;77.26;1172666
FR0000125486;28/07/17;76.05;76.46;74.58;75.33;2055570
FR0000125486;31/07/17;75.30;76.34;75.17;75.74;1357197
FR0000127771;03/07/17;19.58;19.885;19.565;19.72;2949934
FR0000127771;04/07/17;19.625;19.77;19.515;19.57;2190924
FR0000127771;05/07/17;19.525;19.635;19.395;19.615;2766486
FR0000127771;06/07/17;19.535;19.58;19.295;19.46;3492441
FR0000127771;07/07/17;19.52;19.67;19.36;19.55;2931637
FR0000127771;10/07/17;19.61;19.895;19.585;19.76;3646996
FR0000127771;11/07/17;19.745;19.905;19.64;19.835;2993072
FR0000127771;12/07/17;19.80;20.28;19.745;20.055;3695393
FR0000127771;13/07/17;20.00;20.05;19.66;19.705;3486039
FR0000127771;14/07/17;19.77;19.92;19.72;19.815;2620896
FR0000127771;17/07/17;19.815;19.91;19.505;19.605;3026622
FR0000127771;18/07/17;19.585;19.61;19.25;19.42;3313604
FR0000127771;19/07/17;19.465;19.875;19.42;19.80;3011582
FR0000127771;20/07/17;19.85;20.155;19.785;19.88;3290459
FR0000127771;21/07/17;19.815;19.85;19.47;19.585;4684430
FR0000127771;24/07/17;19.62;19.765;19.56;19.75;2433760
FR0000127771;25/07/17;19.70;20.11;19.70;20.00;3811947
FR0000127771;26/07/17;19.95;20.09;19.93;20.025;2242841
FR0000127771;27/07/17;19.895;20.135;19.86;20.105;2913584
FR0000127771;28/07/17;19.97;20.02;19.73;19.83;3389950
FR0000127771;31/07/17;19.735;19.815;19.49;19.57;4771127
FR0000130577;03/07/17;65.74;65.85;65.11;65.25;431048
FR0000130577;04/07/17;65.10;65.71;64.84;65.31;630222
FR0000130577;05/07/17;65.35;65.48;64.96;65.23;542228
FR0000130577;06/07/17;65.14;66.58;64.77;66.40;1181862
FR0000130577;07/07/17;65.49;65.69;63.30;63.46;1542567
FR0000130577;10/07/17;63.46;63.54;62.08;63.00;858907
FR0000130577;11/07/17;62.96;63.15;62.36;62.53;406502
FR0000130577;12/07/17;62.69;62.99;62.54;62.87;658649
FR0000130577;13/07/17;62.79;63.20;62.71;62.82;643962
FR0000130577;14/07/17;62.89;63.01;62.53;63.00;332341
FR0000130577;17/07/17;63.53;64.21;63.36;63.43;793647
FR0000130577;18/07/17;63.53;63.69;63.15;63.30;678982
FR0000130577;19/07/17;63.64;63.89;62.67;63.89;588289
FR0000130577;20/07/17;66.00;67.00;64.63;66.83;1935211
FR0000130577;21/07/17;66.67;66.79;64.84;65.02;1370584
FR0000130577;24/07/17;65.86;66.18;64.99;65.95;884428
FR0000130577;25/07/17;66.00;66.87;64.88;65.15;1111420
FR0000130577;26/07/17;65.26;65.35;64.82;64.94;499551
FR0000130577;27/07/17;64.97;65.41;64.64;65.19;518348
FR0000130577;28/07/17;64.55;64.81;64.18;64.59;669554
FR0000130577;31/07/17;64.50;64.59;63.74;63.91;663787
FR0000130809;03/07/17;47.53;48.475;47.53;48.365;5059419
FR0000130809;04/07/17;48.01;48.955;48.01;48.575;3175814
FR0000130809;05/07/17;48.745;49.31;48.655;49.00;4862522
FR0000130809;06/07/17;49.095;49.925;48.69;49.855;4872610
FR0000130809;07/07/17;49.90;50.08;49.24;49.425;3355465
FR0000130809;10/07/17;49.775;49.845;49.01;49.185;2257705
FR0000130809;11/07/17;49.325;49.645;48.66;48.775;2131944
FR0000130809;12/07/17;48.985;49.665;48.83;49.13;3323065
FR0000130809;13/07/17;49.20;49.835;49.11;49.60;2939107
FR0000130809;14/07/17;49.745;49.78;48.56;48.98;2968323
FR0000130809;17/07/17;49.16;49.16;48.43;48.75;1947983
FR0000130809;18/07/17;48.71;48.715;47.58;47.95;3410190
FR0000130809;19/07/17;48.17;48.43;47.505;48.13;3226860
FR0000130809;20/07/17;48.24;48.595;47.93;48.095;2766543
FR0000130809;21/07/17;47.955;48.12;47.31;47.60;3895586
FR0000130809;24/07/17;47.77;48.40;47.365;48.165;2756549
FR0000130809;25/07/17;48.175;49.54;48.16;49.415;4237145
FR0000130809;26/07/17;49.325;50.07;49.29;50.00;3127687
FR0000130809;27/07/17;49.565;50.30;49.435;50.29;3144333
FR0000130809;28/07/17;49.83;50.08;49.32;49.955;3675470
FR0000130809;31/07/17;49.855;50.12;49.55;49.60;3040443
FR0000131104;03/07/17;63.49;64.94;63.40;64.94;4643571
FR0000131104;04/07/17;64.55;65.30;64.52;64.68;2708977
FR0000131104;05/07/17;64.90;65.19;64.26;64.47;3638074
FR0000131104;06/07/17;64.55;65.66;64.06;65.34;4822785
FR0000131104;07/07/17;65.95;66.19;65.18;65.52;3635307
FR0000131104;10/07/17;65.95;66.05;65.09;65.56;2444378
FR0000131104;11/07/17;65.88;66.03;65.04;65.26;2590408
FR0000131104;12/07/17;65.63;66.47;65.27;65.99;3665306
FR0000131104;13/07/17;66.08;67.12;65.96;66.92;3212170
FR0000131104;14/07/17;67.02;67.04;65.71;66.30;3192918
FR0000131104;17/07/17;66.47;66.49;65.53;65.86;2519843
FR0000131104;18/07/17;65.60;65.88;64.38;64.76;4170565
FR0000131104;19/07/17;65.15;65.15;64.00;64.84;4175125
FR0000131104;20/07/17;65.00;65.04;63.98;64.29;3971838
FR0000131104;21/07/17;64.18;64.52;63.31;63.64;4642756
FR0000131104;24/07/17;63.77;64.71;63.25;64.23;3163575
FR0000131104;25/07/17;64.14;65.80;64.11;65.17;4083693
FR0000131104;26/07/17;65.20;65.90;65.12;65.90;3087146
FR0000131104;27/07/17;65.14;66.03;65.01;66.00;3221333
FR0000131104;28/07/17;65.39;66.43;65.05;66.10;4158297
FR0000131104;31/07/17;65.95;66.40;65.57;65.57;3582205
FR0000131906;03/07/17;79.60;81.22;79.17;80.75;1004016
FR0000131906;04/07/17;80.56;81.96;80.21;80.46;627115
FR0000131906;05/07/17;80.84;81.40;79.81;79.84;970816
FR0000131906;06/07/17;80.50;81.37;80.17;81.11;1165986
FR0000131906;07/07/17;81.11;81.61;80.47;81.25;597119
FR0000131906;10/07/17;81.44;81.48;80.10;80.95;740859
FR0000131906;11/07/17;81.13;82.15;81.13;81.47;782490
FR0000131906;12/07/17;82.01;83.39;81.91;82.80;812880
FR0000131906;13/07/17;82.58;83.77;82.35;83.08;683115
FR0000131906;14/07/17;83.30;83.96;82.96;83.41;674521
FR0000131906;17/07/17;83.70;85.20;83.53;84.41;945475
FR0000131906;18/07/17;84.23;84.29;82.52;83.12;929973
FR0000131906;19/07/17;83.45;83.79;82.64;83.09;529752
FR0000131906;20/07/17;83.80;84.05;82.73;83.37;700385
FR0000131906;21/07/17;83.40;83.66;80.44;81.08;1262647
FR0000131906;24/07/17;80.15;80.83;79.29;80.83;1028257
FR0000131906;25/07/17;81.15;81.49;80.16;80.67;880686
FR0000131906;26/07/17;80.98;82.61;80.79;81.36;1094512
FR0000131906;27/07/17;81.75;81.75;80.25;81.04;929596
FR0000131906;28/07/17;78.30;78.60;75.20;76.92;3251219
FR0000131906;31/07/17;77.07;77.47;75.91;76.16;1534214
FR0000133308;03/07/17;14.00;14.105;13.95;14.08;5079865
FR0000133308;04/07/17;14.05;14.085;13.94;14.065;4937414
FR0000133308;05/07/17;14.065;14.155;14.03;14.08;7428915
FR0000133308;06/07/17;14.075;14.13;13.96;14.03;6074896
FR0000133308;07/07/17;14.00;14.065;13.905;14.005;4485172
FR0000133308;10/07/17;14.05;14.09;13.945;14.045;3696030
FR0000133308;11/07/17;14.10;14.13;13.90;13.925;4404468
FR0000133308;12/07/17;13.955;14.245;13.93;14.13;6818943
FR0000133308;13/07/17;14.18;14.485;14.14;14.36;7751018
FR0000133308;14/07/17;14.415;14.44;14.22;14.295;4317532
FR0000133308;17/07/17;14.335;14.41;14.275;14.375;5023668
FR0000133308;18/07/17;14.365;14.485;14.24;14.25;4706896
FR0000133308;19/07/17;14.295;14.40;14.245;14.35;3290422
FR0000133308;20/07/17;14.44;14.50;14.29;14.375;4592638
FR0000133308;21/07/17;14.44;14.535;14.13;14.225;7515341
FR0000133308;24/07/17;14.27;14.275;14.09;14.19;4971335
FR0000133308;25/07/17;14.205;14.415;14.18;14.23;5069564
FR0000133308;26/07/17;14.23;14.435;14.175;14.33;4445254
FR0000133308;27/07/17;14.765;14.785;14.395;14.48;12548225
FR0000133308;28/07/17;14.48;14.48;14.265;14.325;8612389
FR0000133308;31/07/17;14.31;14.375;14.21;14.22;6178475
FR0010208488;03/07/17;13.315;13.49;13.315;13.44;4696425
FR0010208488;04/07/17;13.40;13.43;13.35;13.355;2765125
FR0010208488;05/07/17;13.34;13.39;13.20;13.285;4818579
FR0010208488;06/07/17;13.24;13.265;12.96;13.10;6504763
FR0010208488;07/07/17;13.13;13.225;13.06;13.095;3303368
FR0010208488;10/07/17;13.15;13.315;13.13;13.16;4454696
FR0010208488;11/07/17;13.21;13.30;13.00;13.045;4786978
FR0010208488;12/07/17;13.115;13.40;13.045;13.325;4781966
FR0010208488;13/07/17;13.34;13.47;13.285;13.33;3128918
FR0010208488;14/07/17;13.38;13.40;13.26;13.315;2440878
FR0010208488;17/07/17;13.345;13.40;13.21;13.285;3058509
FR0010208488;18/07/17;13.29;13.37;13.25;13.29;4424988
FR0010208488;19/07/17;13.38;13.645;13.38;13.60;5947970
FR0010208488;20/07/17;13.62;13.685;13.32;13.45;5323118
FR0010208488;21/07/17;13.46;13.59;13.455;13.57;10348067
FR0010208488;24/07/17;13.61;13.635;13.485;13.52;4525953
FR0010208488;25/07/17;13.51;13.705;13.51;13.625;4791012
FR0010208488;26/07/17;13.625;13.83;13.615;13.70;4691752
FR0010208488;27/07/17;13.675;13.845;13.655;13.745;4395974
FR0010208488;28/07/17;13.835;13.945;13.515;13.64;5106327
FR0010208488;31/07/17;13.60;13.78;13.58;13.605;6352632
FR0010307819;03/07/17;61.66;62.29;61.27;62.18;549000
FR0010307819;04/07/17;62.05;62.05;61.39;61.39;430545
FR0010307819;05/07/17;61.70;61.97;61.16;61.85;618653
FR0010307819;06/07/17;61.80;61.83;60.79;61.11;622792
FR0010307819;07/07/17;60.91;61.27;60.70;61.27;504959
FR0010307819;10/07/17;61.53;61.53;61.10;61.35;508611
FR0010307819;11/07/17;61.53;61.66;61.05;61.13;368873
FR0010307819;12/07/17;61.23;62.44;61.10;62.26;592485
FR0010307819;13/07/17;62.20;62.38;61.93;62.15;448401
FR0010307819;14/07/17;62.17;62.44;61.95;62.24;513278
FR0010307819;17/07/17;62.25;62.64;61.82;62.09;334959
FR0010307819;18/07/17;61.98;62.13;61.19;61.25;495855
FR0010307819;19/07/17;61.54;61.64;61.11;61.51;524808
FR0010307819;20/07/17;61.83;62.15;60.89;61.00;647012
FR0010307819;21/07/17;61.01;61.18;59.86;60.30;603515
FR0010307819;24/07/17;60.56;60.80;59.91;59.91;581121
FR0010307819;25/07/17;59.75;60.88;59.75;60.50;542737
FR0010307819;26/07/17;60.52;60.97;60.27;60.80;468086
FR0010307819;27/07/17;60.70;61.66;60.70;61.04;596053
FR0010307819;28/07/17;60.69;61.14;60.38;61.14;676563
FR0010307819;31/07/17;60.50;60.69;58.20;58.40;1609566
FR0013176526;03/07/17;59.30;60.17;59.29;59.91;609129
FR0013176526;04/07/17;59.74;60.38;59.51;59.56;384462
FR0013176526;05/07/17;59.56;60.02;59.21;59.51;530260
FR0013176526;06/07/17;59.56;60.63;59.36;60.63;878583
FR0013176526;07/07/17;60.27;60.75;59.58;60.75;602892
FR0013176526;10/07/17;61.00;61.85;60.90;61.84;654039
FR0013176526;11/07/17;61.85;62.78;61.81;62.40;732595
FR0013176526;12/07/17;63.47;64.38;62.93;64.35;1127444
FR0013176526;13/07/17;64.30;64.58;63.79;64.06;560189
FR0013176526;14/07/17;64.19;64.41;63.60;64.41;443678
FR0013176526;17/07/17;64.69;64.77;64.21;64.58;607494
FR0013176526;18/07/17;64.43;64.47;63.53;64.14;501802
FR0013176526;19/07/17;64.60;64.60;63.57;64.37;601789
FR0013176526;20/07/17;64.94;64.95;63.48;64.02;639601
FR0013176526;21/07/17;60.77;62.15;59.51;59.58;2231390
FR0013176526;24/07/17;60.19;60.36;58.86;59.77;1165827
FR0013176526;25/07/17;59.88;60.59;59.81;60.35;1241766
FR0013176526;26/07/17;60.40;60.84;59.93;60.70;1081066
FR0013176526;27/07/17;60.76;61.08;59.81;59.90;815171
FR0013176526;28/07/17;59.77;59.77;58.63;59.40;895594
FR0013176526;31/07/17;59.33;59.46;58.54;58.54;827927
GB00BDSFG982;03/07/17;23.935;24.695;23.84;24.625;2070718
GB00BDSFG982;04/07/17;24.565;24.80;24.49;24.69;835553
GB00BDSFG982;05/07/17;24.605;24.725;23.91;23.98;2151668
GB00BDSFG982;06/07/17;24.245;24.42;23.79;23.925;1747798
GB00BDSFG982;07/07/17;23.89;23.89;23.14;23.28;1745506
GB00BDSFG982;10/07/17;23.32;23.72;23.11;23.69;1309604
GB00BDSFG982;11/07/17;23.805;24.46;23.685;24.235;1998274
GB00BDSFG982;12/07/17;24.15;24.66;23.945;24.22;2079535
GB00BDSFG982;13/07/17;23.98;24.01;23.51;23.745;2343159
GB00BDSFG982;14/07/17;23.95;24.75;23.87;24.40;2493797
GB00BDSFG982;17/07/17;24.40;24.63;24.195;24.395;1006615
GB00BDSFG982;18/07/17;24.35;24.505;24.07;24.085;1197424
GB00BDSFG982;19/07/17;24.115;24.49;23.875;24.44;1161522
GB00BDSFG982;20/07/17;24.80;25.10;24.32;24.375;1688075
GB00BDSFG982;21/07/17;24.50;24.635;23.935;24.07;1395250
GB00BDSFG982;24/07/17;24.015;24.15;23.735;24.04;1387330
GB00BDSFG982;25/07/17;23.55;23.72;21.67;23.60;7629748
GB00BDSFG982;26/07/17;23.84;24.145;23.66;24.09;1720705
GB00BDSFG982;27/07/17;24.50;24.795;23.665;23.805;1937602
GB00BDSFG982;28/07/17;24.50;24.84;24.01;24.725;2057860
GB00BDSFG982;31/07/17;24.70;24.725;24.065;24.135;1238672
LU1598757687;03/07/17;20.10;20.65;20.06;20.61;8834056
LU1598757687;04/07/17;20.34;20.795;20.23;20.73;6114716
LU1598757687;05/07/17;20.83;21.005;20.275;20.49;9937773
LU1598757687;06/07/17;20.39;20.605;20.205;20.38;8302430
LU1598757687;07/07/17;20.21;20.48;19.855;20.08;8044042
LU1598757687;10/07/17;20.36;20.60;19.99;20.55;7087123
LU1598757687;11/07/17;20.74;21.075;20.705;20.90;9157073
LU1598757687;12/07/17;21.10;21.45;20.955;21.23;9110281
LU1598757687;13/07/17;21.70;21.93;21.355;21.715;11981477
LU1598757687;14/07/17;22.05;22.145;21.875;21.945;8354240
LU1598757687;17/07/17;22.00;22.235;21.985;22.23;7384265
LU1598757687;18/07/17;22.265;22.305;21.78;21.975;7460871
LU1598757687;19/07/17;22.21;22.65;22.14;22.535;9513703
LU1598757687;20/07/17;22.695;22.775;21.97;22.09;10556188
LU1598757687;21/07/17;22.00;22.32;21.555;21.59;7991889
LU1598757687;24/07/17;21.60;21.86;21.42;21.775;5744909
LU1598757687;25/07/17;21.95;22.485;21.95;22.485;8973580
LU1598757687;26/07/17;22.50;22.61;22.00;22.05;9746100
LU1598757687;27/07/17;21.90;22.465;21.53;22.365;10567863
LU1598757687;28/07/17;22.07;22.145;21.85;22.025;8343860
LU1598757687;31/07/17;22.15;22.475;22.10;22.195;8727181
NL0000226223;03/07/17;12.805;12.82;12.57;12.675;2056036
NL0000226223;04/07/17;12.60;12.62;12.45;12.51;1777149
NL0000226223;05/07/17;12.525;12.95;12.47;12.875;2875270
NL0000226223;06/07/17;12.94;13.11;12.73;12.99;3381954
NL0000226223;07/07/17;13.02;13.28;12.89;13.155;2772181
NL0000226223;10/07/17;13.26;13.445;13.26;13.425;2163132
NL0000226223;11/07/17;13.72;13.80;13.385;13.39;4806296
NL0000226223;12/07/17;13.54;13.845;13.515;13.82;3006018
NL0000226223;13/07/17;13.92;14.00;13.725;13.84;2890842
NL0000226223;14/07/17;13.85;13.92;13.685;13.86;1865946
NL0000226223;17/07/17;13.945;14.18;13.84;13.865;3303324
NL0000226223;18/07/17;13.845;13.92;13.565;13.67;3084844
NL0000226223;19/07/17;13.77;14.115;13.77;14.01;3378774
NL0000226223;20/07/17;14.155;14.35;13.94;14.165;3401793
NL0000226223;21/07/17;14.065;14.345;13.93;14.065;2942581
NL0000226223;24/07/17;14.07;14.335;14.00;14.25;2501566
NL0000226223;25/07/17;14.335;14.525;14.245;14.34;4259013
NL0000226223;26/07/17;14.86;14.90;14.43;14.625;3415926
NL0000226223;27/07/17;14.555;14.715;14.405;14.615;2045882
NL0000226223;28/07/17;14.225;14.395;14.05;14.24;3164131
NL0000226223;31/07/17;14.255;14.535;14.22;14.43;3057467
NL0000235190;03/07/17;72.72;73.32;72.45;73.10;1203565
NL0000235190;04/07/17;72.66;73.45;72.58;73.10;928386
NL0000235190;05/07/17;72.98;73.97;72.92;73.91;1634111
NL0000235190;06/07/17;74.00;74.22;73.71;74.13;2021366
NL0000235190;07/07/17;74.10;74.72;73.98;74.10;1455702
NL0000235190;10/07/17;74.29;74.70;73.74;74.36;918705
NL0000235190;11/07/17;74.31;75.01;74.09;74.44;1121368
NL0000235190;12/07/17;74.68;74.87;73.95;74.64;1783606
NL0000235190;13/07/17;74.67;75.31;74.29;75.00;1193906
NL0000235190;14/07/17;74.86;74.96;73.98;74.56;1282579
NL0000235190;17/07/17;74.56;74.65;73.60;73.64;1365880
NL0000235190;18/07/17;73.39;73.53;72.25;72.46;1872482
NL0000235190;19/07/17;72.85;73.87;72.12;73.69;1678068
NL0000235190;20/07/17;74.00;74.17;72.17;72.36;1974974
NL0000235190;21/07/17;71.74;72.55;71.06;71.37;2615668
NL0000235190;24/07/17;71.01;72.18;70.50;71.63;1346583
NL0000235190;25/07/17;71.53;73.26;71.52;72.63;1647862
NL0000235190;26/07/17;72.35;74.65;72.23;74.65;2222491
NL0000235190;27/07/17;72.00;72.73;71.18;72.27;3596345
NL0000235190;28/07/17;71.92;73.09;71.79;72.38;2280881
NL0000235190;31/07/17;72.22;72.45;70.50;70.60;2298622
