BE0003470755;02/01/14;115.00;115.00;112.15;112.90;199941
BE0003470755;03/01/14;112.75;114.55;112.40;113.75;92399
BE0003470755;06/01/14;113.10;113.50;112.25;112.45;83648
BE0003470755;07/01/14;111.05;111.10;108.45;108.70;278379
BE0003470755;08/01/14;108.50;109.15;107.50;107.90;198285
BE0003470755;09/01/14;107.50;107.85;106.15;106.45;181702
BE0003470755;10/01/14;106.80;108.15;106.60;107.80;145244
BE0003470755;13/01/14;108.20;108.35;106.90;108.20;105045
BE0003470755;14/01/14;107.05;107.65;106.20;107.00;151265
BE0003470755;15/01/14;107.30;107.90;105.85;106.10;175697
BE0003470755;16/01/14;106.00;108.20;105.90;107.80;131089
BE0003470755;17/01/14;107.90;108.95;107.45;108.70;220868
BE0003470755;20/01/14;107.20;107.40;106.30;106.90;107617
BE0003470755;21/01/14;106.90;107.25;105.30;106.15;154970
BE0003470755;22/01/14;106.45;106.90;103.70;104.35;356767
BE0003470755;23/01/14;104.20;105.05;103.30;103.60;197125
BE0003470755;24/01/14;103.50;103.90;102.20;102.45;245318
BE0003470755;27/01/14;102.10;102.70;101.05;101.30;214742
BE0003470755;28/01/14;101.60;102.70;100.15;102.45;210677
BE0003470755;29/01/14;103.35;105.35;101.60;104.60;304008
BE0003470755;30/01/14;104.35;104.95;103.00;103.20;183702
BE0003470755;31/01/14;103.00;103.85;102.60;103.70;196480
FR0000045072;02/01/14;9.332;9.359;9.172;9.244;4040204
FR0000045072;03/01/14;9.24;9.26;9.143;9.168;3599622
FR0000045072;06/01/14;9.18;9.336;9.17;9.30;3797447
FR0000045072;07/01/14;9.32;9.942;9.31;9.865;14011522
FR0000045072;08/01/14;9.848;10.08;9.824;9.977;9314665
FR0000045072;09/01/14;10.00;10.15;9.85;9.907;6464109
FR0000045072;10/01/14;9.981;10.135;9.915;9.942;5706424
FR0000045072;13/01/14;10.02;10.205;9.951;10.20;5657823
FR0000045072;14/01/14;10.065;10.285;10.015;10.255;4857358
FR0000045072;15/01/14;10.30;10.60;10.28;10.60;6288383
FR0000045072;16/01/14;10.645;10.78;10.475;10.51;6812767
FR0000045072;17/01/14;10.475;10.555;10.31;10.34;6119318
FR0000045072;20/01/14;10.35;10.37;10.21;10.26;4020061
FR0000045072;21/01/14;10.30;10.445;10.12;10.195;4573444
FR0000045072;22/01/14;10.25;10.285;9.955;10.14;6385804
FR0000045072;23/01/14;10.165;10.39;10.105;10.19;6338311
FR0000045072;24/01/14;10.26;10.335;9.937;10.00;10748071
FR0000045072;27/01/14;10.00;10.055;9.782;9.977;9392181
FR0000045072;28/01/14;10.16;10.265;10.015;10.205;5379708
FR0000045072;29/01/14;10.36;10.465;9.834;10.055;10887733
FR0000045072;30/01/14;10.075;10.13;9.864;10.12;6059248
FR0000045072;31/01/14;10.10;10.115;9.724;9.987;10952678
FR0000051732;02/01/14;65.86;66.00;65.45;65.74;228613
FR0000051732;03/01/14;65.64;65.91;65.23;65.46;177793
FR0000051732;06/01/14;65.57;66.07;65.41;65.71;176814
FR0000051732;07/01/14;65.63;65.64;64.50;64.80;309892
FR0000051732;08/01/14;65.18;66.27;65.07;66.27;300397
FR0000051732;09/01/14;66.39;67.28;66.13;66.34;328094
FR0000051732;10/01/14;66.79;67.43;65.50;66.68;414054
FR0000051732;13/01/14;66.74;66.98;65.84;66.48;300402
FR0000051732;14/01/14;66.25;67.00;65.71;67.00;274889
FR0000051732;15/01/14;67.39;67.50;66.41;66.41;333461
FR0000051732;16/01/14;66.31;66.94;65.60;65.79;273423
FR0000051732;17/01/14;65.76;66.80;65.76;66.75;214228
FR0000051732;20/01/14;66.67;67.00;66.05;66.18;168926
FR0000051732;21/01/14;66.27;66.95;66.03;66.81;289101
FR0000051732;22/01/14;65.90;67.20;65.70;67.04;344340
FR0000051732;23/01/14;66.86;67.70;66.86;67.28;305165
FR0000051732;24/01/14;67.20;67.41;65.80;65.89;371733
FR0000051732;27/01/14;65.68;65.70;64.27;64.54;401416
FR0000051732;28/01/14;64.78;65.62;64.63;65.20;333330
FR0000051732;29/01/14;65.72;66.71;64.97;65.25;415653
FR0000051732;30/01/14;65.50;65.57;64.88;65.47;175720
FR0000051732;31/01/14;65.70;65.73;64.35;64.89;237194
FR0000073272;02/01/14;50.51;50.53;50.08;50.29;559379
FR0000073272;03/01/14;50.42;51.49;50.22;51.20;658774
FR0000073272;06/01/14;51.65;52.24;51.43;51.59;748410
FR0000073272;07/01/14;51.89;52.15;51.26;51.36;519405
FR0000073272;08/01/14;51.36;51.47;50.80;51.13;595787
FR0000073272;09/01/14;51.29;51.46;50.84;51.10;620059
FR0000073272;10/01/14;51.47;51.63;51.13;51.50;448725
FR0000073272;13/01/14;51.50;51.70;51.04;51.53;413770
FR0000073272;14/01/14;51.90;52.46;51.63;52.46;654475
FR0000073272;15/01/14;53.20;53.68;52.89;53.61;880278
FR0000073272;16/01/14;53.50;53.77;53.10;53.25;666141
FR0000073272;17/01/14;53.30;53.59;52.90;53.39;688457
FR0000073272;20/01/14;53.30;53.84;53.20;53.45;395171
FR0000073272;21/01/14;53.52;54.48;53.51;53.73;743730
FR0000073272;22/01/14;53.83;54.30;53.74;54.18;641881
FR0000073272;23/01/14;54.17;54.49;53.31;53.54;590078
FR0000073272;24/01/14;53.64;53.91;52.14;52.25;856752
FR0000073272;27/01/14;52.07;52.48;51.35;52.28;887190
FR0000073272;28/01/14;52.66;53.79;52.46;53.60;674883
FR0000073272;29/01/14;54.07;54.56;52.49;52.99;917176
FR0000073272;30/01/14;52.82;52.97;52.06;52.93;531045
FR0000073272;31/01/14;52.93;52.93;51.64;52.76;825863
FR0000120073;02/01/14;85.0413;85.124;83.4298;83.4298;640370
FR0000120073;03/01/14;83.595;84.2149;83.4711;83.9256;311326
FR0000120073;06/01/14;83.6777;83.843;82.1157;82.2314;935991
FR0000120073;07/01/14;81.4876;81.6281;80.7521;80.9504;1311087
FR0000120073;08/01/14;81.405;81.7273;81.0083;81.6281;905855
FR0000120073;09/01/14;81.5785;81.7769;80.7438;81.1736;742571
FR0000120073;10/01/14;81.4959;82.1157;81.2149;81.7686;767696
FR0000120073;13/01/14;81.8595;81.9422;81.1405;81.4628;518853
FR0000120073;14/01/14;80.7521;81.1901;80.2975;81.0413;950445
FR0000120073;15/01/14;81.1488;81.5785;80.5785;81.3388;809601
FR0000120073;16/01/14;81.1488;81.4876;80.9917;81.3223;704731
FR0000120073;17/01/14;81.5207;82.5207;81.2562;81.6281;1080312
FR0000120073;20/01/14;81.6529;81.9504;81.2727;81.4711;405779
FR0000120073;21/01/14;81.7108;82.1488;81.2397;81.5868;741479
FR0000120073;22/01/14;81.843;82.0083;81.2231;81.3884;500892
FR0000120073;23/01/14;81.2562;81.7355;80.3967;80.8017;788238
FR0000120073;24/01/14;80.9504;80.9917;78.2893;78.5289;1549644
FR0000120073;27/01/14;78.7355;78.9752;77.843;78.1322;1016056
FR0000120073;28/01/14;78.4298;78.562;77.595;77.8265;1142961
FR0000120073;29/01/14;78.2893;78.9835;76.6116;77.562;1341736
FR0000120073;30/01/14;77.6033;78.0909;77.0744;77.3306;867660
FR0000120073;31/01/14;77.3223;77.7521;75.8678;77.0248;1214092
FR0000120172;02/01/14;28.87;28.965;28.095;28.095;2357069
FR0000120172;03/01/14;28.19;28.53;28.02;28.465;1314792
FR0000120172;06/01/14;28.44;28.60;28.26;28.325;1304802
FR0000120172;07/01/14;28.405;28.495;28.235;28.43;1402455
FR0000120172;08/01/14;28.46;28.46;28.055;28.42;2149076
FR0000120172;09/01/14;28.265;28.385;27.89;27.95;2315286
FR0000120172;10/01/14;28.005;28.25;27.78;28.22;2718200
FR0000120172;13/01/14;28.29;28.50;28.125;28.50;1914428
FR0000120172;14/01/14;28.22;28.315;28.085;28.30;2128840
FR0000120172;15/01/14;28.34;28.38;27.985;28.30;2884601
FR0000120172;16/01/14;27.89;28.18;27.055;27.25;6707573
FR0000120172;17/01/14;27.37;27.435;27.065;27.335;3325004
FR0000120172;20/01/14;27.39;27.48;27.02;27.36;1998127
FR0000120172;21/01/14;27.365;27.50;27.215;27.255;1967535
FR0000120172;22/01/14;27.325;27.39;26.825;26.825;2490406
FR0000120172;23/01/14;26.80;26.845;26.175;26.175;4185081
FR0000120172;24/01/14;26.10;26.315;25.015;25.015;6094355
FR0000120172;27/01/14;25.00;25.70;24.91;25.515;5150164
FR0000120172;28/01/14;25.695;25.905;25.605;25.735;3696820
FR0000120172;29/01/14;25.995;26.515;25.41;25.80;5750954
FR0000120172;30/01/14;25.75;25.905;25.405;25.74;2864347
FR0000120172;31/01/14;25.70;25.84;24.845;25.555;4274254
FR0000120271;02/01/14;44.50;44.71;43.745;43.75;4721748
FR0000120271;03/01/14;43.90;44.10;43.755;43.88;2084652
FR0000120271;06/01/14;43.97;44.10;43.425;43.50;2558819
FR0000120271;07/01/14;43.555;44.025;43.395;43.97;2794669
FR0000120271;08/01/14;43.925;43.95;43.315;43.545;4347377
FR0000120271;09/01/14;43.60;43.975;43.18;43.345;3216463
FR0000120271;10/01/14;43.00;43.82;43.00;43.585;3716473
FR0000120271;13/01/14;43.61;43.665;42.97;43.055;3303305
FR0000120271;14/01/14;42.835;43.73;42.65;43.67;4415035
FR0000120271;15/01/14;43.645;43.98;43.34;43.905;4360833
FR0000120271;16/01/14;43.85;43.855;43.485;43.70;3235740
FR0000120271;17/01/14;43.87;44.40;43.705;44.105;6779977
FR0000120271;20/01/14;44.015;44.49;43.90;44.385;2511873
FR0000120271;21/01/14;44.50;44.745;44.06;44.155;3001947
FR0000120271;22/01/14;44.36;44.60;44.16;44.295;2607371
FR0000120271;23/01/14;44.35;44.63;43.695;43.92;3819065
FR0000120271;24/01/14;44.075;44.28;42.795;42.88;6362201
FR0000120271;27/01/14;42.99;43.105;42.185;42.375;5323217
FR0000120271;28/01/14;42.525;42.88;42.265;42.745;5073675
FR0000120271;29/01/14;42.975;43.055;41.79;42.36;5890611
FR0000120271;30/01/14;42.475;43.215;42.45;42.885;4659000
FR0000120271;31/01/14;42.75;42.75;41.65;42.34;6182909
FR0000120321;02/01/14;128.15;128.45;125.50;125.60;399606
FR0000120321;03/01/14;125.70;126.90;125.40;126.55;370403
FR0000120321;06/01/14;126.00;126.95;125.05;125.40;544557
FR0000120321;07/01/14;125.15;126.20;124.70;126.10;532888
FR0000120321;08/01/14;126.05;126.05;122.55;123.75;1157200
FR0000120321;09/01/14;123.75;123.80;121.80;122.15;650384
FR0000120321;10/01/14;123.70;124.30;122.90;123.45;725808
FR0000120321;13/01/14;123.65;123.85;122.00;122.85;513925
FR0000120321;14/01/14;122.05;122.75;121.20;122.45;440461
FR0000120321;15/01/14;122.65;123.05;121.60;122.60;654588
FR0000120321;16/01/14;122.40;127.25;121.85;125.75;1517854
FR0000120321;17/01/14;125.50;126.60;125.00;125.15;851537
FR0000120321;20/01/14;125.10;125.55;123.40;124.30;573064
FR0000120321;21/01/14;124.10;126.15;123.85;125.65;511211
FR0000120321;22/01/14;126.20;127.85;126.05;127.75;666415
FR0000120321;23/01/14;127.35;129.20;126.35;127.10;898231
FR0000120321;24/01/14;127.25;127.50;124.60;124.90;747439
FR0000120321;27/01/14;125.15;125.45;122.75;123.10;687695
FR0000120321;28/01/14;123.00;124.00;122.10;123.30;748007
FR0000120321;29/01/14;124.00;124.15;120.70;121.70;879837
FR0000120321;30/01/14;121.10;121.40;119.25;121.10;853435
FR0000120321;31/01/14;121.85;123.30;119.75;122.00;986599
FR0000120404;02/01/14;34.33;34.33;34.065;34.065;787449
FR0000120404;03/01/14;34.14;34.295;33.93;34.25;554382
FR0000120404;06/01/14;34.01;34.34;33.66;34.115;789902
FR0000120404;07/01/14;34.07;34.715;33.77;34.50;763548
FR0000120404;08/01/14;34.55;34.725;34.345;34.63;721577
FR0000120404;09/01/14;34.72;34.72;34.065;34.22;718508
FR0000120404;10/01/14;34.265;34.72;34.19;34.31;432042
FR0000120404;13/01/14;34.70;34.82;34.395;34.575;780608
FR0000120404;14/01/14;34.265;34.665;34.065;34.64;909913
FR0000120404;15/01/14;34.765;35.55;34.765;35.40;1287977
FR0000120404;16/01/14;35.48;35.48;35.245;35.365;704654
FR0000120404;17/01/14;35.80;36.10;34.10;35.935;1827944
FR0000120404;20/01/14;35.88;36.185;35.68;35.875;816680
FR0000120404;21/01/14;35.995;36.155;35.44;35.57;861794
FR0000120404;22/01/14;35.71;35.97;35.665;35.75;693255
FR0000120404;23/01/14;35.705;35.82;35.465;35.605;859252
FR0000120404;24/01/14;35.65;35.90;34.825;34.95;845502
FR0000120404;27/01/14;35.005;35.60;34.95;35.545;1050148
FR0000120404;28/01/14;35.67;36.03;35.63;35.90;641519
FR0000120404;29/01/14;36.075;36.10;35.22;35.745;1139007
FR0000120404;30/01/14;35.70;35.835;35.385;35.775;517409
FR0000120404;31/01/14;35.90;35.955;34.77;35.385;1245136
FR0000120503;02/01/14;27.47;27.54;27.045;27.075;722419
FR0000120503;03/01/14;27.08;27.485;27.04;27.325;470121
FR0000120503;06/01/14;27.285;27.435;27.155;27.365;574469
FR0000120503;07/01/14;27.435;28.10;27.125;27.985;1172936
FR0000120503;08/01/14;27.895;28.52;27.85;28.50;941553
FR0000120503;09/01/14;28.55;28.985;28.385;28.555;985211
FR0000120503;10/01/14;28.74;28.96;28.67;28.815;748389
FR0000120503;13/01/14;28.90;29.00;28.69;28.97;656914
FR0000120503;14/01/14;28.535;29.45;28.44;29.36;1176307
FR0000120503;15/01/14;29.505;31.75;29.495;30.925;3050833
FR0000120503;16/01/14;30.89;30.90;30.445;30.815;1261161
FR0000120503;17/01/14;30.80;31.25;30.365;31.09;948618
FR0000120503;20/01/14;31.00;31.43;30.86;31.015;801157
FR0000120503;21/01/14;29.405;29.88;28.65;29.24;2681182
FR0000120503;22/01/14;29.37;29.70;29.305;29.35;805808
FR0000120503;23/01/14;29.315;29.515;28.81;29.515;1574849
FR0000120503;24/01/14;29.51;29.605;28.47;28.605;1464184
FR0000120503;27/01/14;28.54;28.54;28.03;28.19;1061457
FR0000120503;28/01/14;28.415;28.665;28.18;28.485;899922
FR0000120503;29/01/14;28.755;29.075;27.88;28.075;1070843
FR0000120503;30/01/14;28.49;28.98;28.41;28.68;1072241
FR0000120503;31/01/14;28.625;28.625;27.87;28.39;1149020
FR0000120578;02/01/14;77.51;77.70;75.15;75.22;2670066
FR0000120578;03/01/14;75.69;76.61;75.50;76.26;1559037
FR0000120578;06/01/14;75.60;76.73;75.50;76.36;1842294
FR0000120578;07/01/14;76.20;76.27;75.53;76.27;2915414
FR0000120578;08/01/14;76.25;76.50;74.91;75.33;2932931
FR0000120578;09/01/14;75.11;75.71;74.26;74.44;2757000
FR0000120578;10/01/14;74.75;75.03;73.78;74.01;3287188
FR0000120578;13/01/14;73.35;73.67;72.69;73.20;2788869
FR0000120578;14/01/14;72.71;74.20;72.59;74.14;2298727
FR0000120578;15/01/14;74.37;75.06;73.95;74.92;2166303
FR0000120578;16/01/14;74.74;75.40;74.25;75.02;2625933
FR0000120578;17/01/14;75.43;76.10;75.22;75.52;3040847
FR0000120578;20/01/14;75.38;75.73;75.22;75.48;1216684
FR0000120578;21/01/14;75.70;75.97;75.54;75.65;1573065
FR0000120578;22/01/14;76.14;76.26;75.35;75.90;1730725
FR0000120578;23/01/14;75.91;76.24;74.80;75.18;2547826
FR0000120578;24/01/14;74.00;74.20;71.82;72.03;5019475
FR0000120578;27/01/14;72.35;72.65;71.99;72.23;2903097
FR0000120578;28/01/14;72.80;72.87;72.00;72.21;2831809
FR0000120578;29/01/14;72.55;72.96;70.57;71.40;3759937
FR0000120578;30/01/14;71.69;73.94;71.03;73.38;3629032
FR0000120578;31/01/14;74.10;74.19;71.79;72.80;3941726
FR0000120628;02/01/14;20.23;20.335;19.715;19.715;4909149
FR0000120628;03/01/14;19.725;19.83;19.625;19.79;3058615
FR0000120628;06/01/14;19.80;20.005;19.72;19.75;3435787
FR0000120628;07/01/14;19.73;20.295;19.655;20.25;5303413
FR0000120628;08/01/14;20.25;20.50;20.205;20.39;6554182
FR0000120628;09/01/14;20.425;20.455;20.07;20.18;7146980
FR0000120628;10/01/14;20.38;20.635;20.155;20.225;7358709
FR0000120628;13/01/14;20.385;20.465;20.13;20.15;3388461
FR0000120628;14/01/14;20.01;20.095;19.80;20.095;5777970
FR0000120628;15/01/14;20.12;20.54;20.03;20.50;6187361
FR0000120628;16/01/14;20.57;20.60;20.13;20.15;4763207
FR0000120628;17/01/14;20.18;20.23;19.945;20.14;5590299
FR0000120628;20/01/14;20.135;20.14;19.86;19.885;3510064
FR0000120628;21/01/14;19.95;20.11;19.84;19.93;3671325
FR0000120628;22/01/14;20.03;20.09;19.74;19.88;3680182
FR0000120628;23/01/14;19.90;20.08;19.325;19.46;6040750
FR0000120628;24/01/14;19.53;19.67;18.73;18.73;9199649
FR0000120628;27/01/14;18.825;18.97;18.54;18.72;6790618
FR0000120628;28/01/14;18.94;19.49;18.855;19.465;8338948
FR0000120628;29/01/14;19.655;19.925;18.98;19.13;12690697
FR0000120628;30/01/14;19.135;19.65;19.05;19.65;7598535
FR0000120628;31/01/14;19.585;19.635;19.055;19.50;9640827
FR0000120644;02/01/14;53.00;53.00;51.46;51.46;1590708
FR0000120644;03/01/14;51.73;51.77;51.25;51.68;1098725
FR0000120644;06/01/14;51.43;51.93;51.05;51.18;1141669
FR0000120644;07/01/14;51.39;51.96;51.30;51.82;1593988
FR0000120644;08/01/14;51.77;51.80;51.08;51.17;2058449
FR0000120644;09/01/14;51.00;51.22;50.57;50.80;1930210
FR0000120644;10/01/14;51.00;51.32;50.78;51.27;1626992
FR0000120644;13/01/14;51.27;51.50;51.08;51.32;1291426
FR0000120644;14/01/14;50.55;51.61;50.55;51.61;1845648
FR0000120644;15/01/14;50.86;51.72;50.60;51.72;2294224
FR0000120644;16/01/14;51.59;51.70;50.93;51.12;1647292
FR0000120644;17/01/14;51.25;51.42;50.45;50.69;1954525
FR0000120644;20/01/14;50.54;51.07;50.45;51.06;1204244
FR0000120644;21/01/14;51.12;52.32;51.12;52.11;1938321
FR0000120644;22/01/14;52.15;53.22;52.15;52.98;1852000
FR0000120644;23/01/14;52.88;53.31;51.94;52.22;1771453
FR0000120644;24/01/14;52.22;52.51;50.74;50.81;2769348
FR0000120644;27/01/14;51.00;51.30;50.68;50.86;1924750
FR0000120644;28/01/14;51.14;51.14;50.10;50.26;2037785
FR0000120644;29/01/14;50.49;50.72;49.03;49.66;3149553
FR0000120644;30/01/14;49.555;49.565;48.885;49.435;1830759
FR0000120644;31/01/14;49.355;49.73;48.33;49.005;3094367
FR0000120693;02/01/14;82.82;83.22;81.34;81.34;652536
FR0000120693;03/01/14;81.66;81.94;81.11;81.72;322642
FR0000120693;06/01/14;81.82;81.97;80.29;80.43;488441
FR0000120693;07/01/14;80.64;80.75;79.41;79.77;532530
FR0000120693;08/01/14;80.07;80.12;79.42;80.01;613610
FR0000120693;09/01/14;80.72;80.82;79.82;80.06;706839
FR0000120693;10/01/14;79.53;79.87;79.05;79.66;712787
FR0000120693;13/01/14;79.72;82.08;79.48;81.51;1254261
FR0000120693;14/01/14;81.08;81.78;80.57;81.12;592560
FR0000120693;15/01/14;81.14;81.23;80.10;80.76;550548
FR0000120693;16/01/14;82.03;82.73;81.58;82.54;793761
FR0000120693;17/01/14;82.51;82.70;81.47;82.20;778091
FR0000120693;20/01/14;80.50;81.46;80.26;81.28;670086
FR0000120693;21/01/14;80.59;84.30;79.22;84.25;1249308
FR0000120693;22/01/14;84.41;84.94;83.46;84.56;656468
FR0000120693;23/01/14;84.18;84.99;84.18;84.45;672729
FR0000120693;24/01/14;84.47;84.82;84.05;84.50;1216352
FR0000120693;27/01/14;84.45;84.74;82.74;82.84;911806
FR0000120693;28/01/14;83.01;83.01;81.88;82.20;692842
FR0000120693;29/01/14;82.46;83.49;81.64;82.94;1201798
FR0000120693;30/01/14;81.91;82.06;79.35;79.50;1359019
FR0000120693;31/01/14;80.54;81.68;79.01;79.64;1312919
FR0000121014;02/01/14;132.90;133.20;130.90;131.25;613517
FR0000121014;03/01/14;131.70;131.85;130.85;131.00;404278
FR0000121014;06/01/14;131.25;131.35;128.30;128.55;850262
FR0000121014;07/01/14;128.55;128.70;127.15;127.65;962317
FR0000121014;08/01/14;127.95;127.95;125.50;125.80;1065676
FR0000121014;09/01/14;125.80;126.10;122.15;122.95;1876738
FR0000121014;10/01/14;124.40;125.90;123.90;125.80;1639552
FR0000121014;13/01/14;126.70;126.75;125.50;126.35;732394
FR0000121014;14/01/14;125.20;127.00;124.50;126.25;836765
FR0000121014;15/01/14;128.00;129.20;127.55;128.70;1219649
FR0000121014;16/01/14;128.20;128.50;126.40;126.65;1070081
FR0000121014;17/01/14;126.70;127.75;126.10;126.70;899246
FR0000121014;20/01/14;126.50;128.10;126.45;127.50;593474
FR0000121014;21/01/14;127.50;129.90;126.60;129.00;1010069
FR0000121014;22/01/14;129.30;129.60;127.55;127.95;990214
FR0000121014;23/01/14;127.60;128.60;124.95;125.45;938082
FR0000121014;24/01/14;125.75;125.85;123.70;124.20;1174556
FR0000121014;27/01/14;123.65;124.15;123.00;123.25;1082873
FR0000121014;28/01/14;123.50;124.65;123.15;124.10;1060800
FR0000121014;29/01/14;125.05;126.20;122.20;123.35;1614465
FR0000121014;30/01/14;123.20;123.35;121.00;122.50;1355877
FR0000121014;31/01/14;130.90;132.15;128.20;132.15;3602950
FR0000121220;02/01/14;73.94;74.50;73.53;73.60;193819
FR0000121220;03/01/14;73.77;74.08;73.24;73.94;120114
FR0000121220;06/01/14;73.77;74.19;73.42;73.63;160756
FR0000121220;07/01/14;74.89;74.90;71.35;73.92;303434
FR0000121220;08/01/14;74.55;75.36;74.17;75.29;382818
FR0000121220;09/01/14;74.86;75.80;73.97;74.12;288567
FR0000121220;10/01/14;74.12;75.90;74.12;75.51;212614
FR0000121220;13/01/14;74.17;76.24;74.17;75.26;209777
FR0000121220;14/01/14;74.59;75.33;74.30;75.33;251868
FR0000121220;15/01/14;75.38;77.71;75.27;76.58;262782
FR0000121220;16/01/14;76.44;76.87;75.87;76.71;181277
FR0000121220;17/01/14;76.54;77.20;75.60;76.23;280406
FR0000121220;20/01/14;76.02;76.70;76.02;76.68;152297
FR0000121220;21/01/14;76.65;77.24;76.23;76.49;193081
FR0000121220;22/01/14;76.84;77.44;76.55;77.15;216629
FR0000121220;23/01/14;76.78;77.72;76.73;76.96;178704
FR0000121220;24/01/14;77.00;77.11;75.21;76.18;232518
FR0000121220;27/01/14;75.84;76.41;74.83;75.15;219918
FR0000121220;28/01/14;75.63;76.36;75.35;75.68;158402
FR0000121220;29/01/14;76.13;76.22;74.55;75.58;216069
FR0000121220;30/01/14;73.99;74.12;73.43;73.82;158175
FR0000121220;31/01/14;73.88;74.09;72.78;73.09;721922
FR0000121261;02/01/14;77.49;77.50;75.96;76.08;459957
FR0000121261;03/01/14;76.33;76.65;75.99;76.02;244532
FR0000121261;06/01/14;76.19;76.46;75.30;75.54;437222
FR0000121261;07/01/14;75.78;75.80;75.28;75.50;903370
FR0000121261;08/01/14;75.60;76.90;75.39;76.90;878537
FR0000121261;09/01/14;77.23;78.45;77.10;77.50;884393
FR0000121261;10/01/14;78.15;78.45;77.59;77.85;677707
FR0000121261;13/01/14;78.40;79.07;78.02;78.77;537559
FR0000121261;14/01/14;78.00;79.58;77.69;79.13;537328
FR0000121261;15/01/14;79.60;80.58;79.49;80.17;558122
FR0000121261;16/01/14;80.54;80.54;79.22;80.11;517515
FR0000121261;17/01/14;80.39;81.70;80.30;81.20;686980
FR0000121261;20/01/14;81.00;81.43;80.60;80.89;470398
FR0000121261;21/01/14;80.90;81.74;80.90;81.44;525097
FR0000121261;22/01/14;81.77;81.77;80.05;80.18;584287
FR0000121261;23/01/14;79.89;80.30;78.84;79.20;505289
FR0000121261;24/01/14;79.83;80.85;77.27;77.62;992644
FR0000121261;27/01/14;77.35;78.45;76.90;77.50;591272
FR0000121261;28/01/14;77.86;78.91;77.63;78.70;672375
FR0000121261;29/01/14;79.21;79.70;76.83;78.70;1022913
FR0000121261;30/01/14;78.42;79.20;77.73;78.83;516851
FR0000121261;31/01/14;78.67;78.83;77.36;78.32;882065
FR0000121485;02/01/14;154.75;154.80;153.60;153.85;216236
FR0000121485;03/01/14;154.65;154.65;152.70;153.20;137373
FR0000121485;06/01/14;153.40;154.00;151.30;151.50;137328
FR0000121485;07/01/14;151.55;152.00;150.50;151.00;182887
FR0000121485;08/01/14;151.05;151.65;148.85;149.20;274916
FR0000121485;09/01/14;148.00;148.15;143.00;143.25;538424
FR0000121485;10/01/14;144.50;145.80;143.35;145.60;332092
FR0000121485;13/01/14;145.70;146.00;144.35;145.35;275881
FR0000121485;14/01/14;144.70;146.15;143.55;146.15;335358
FR0000121485;15/01/14;147.35;150.05;147.15;150.05;387850
FR0000121485;16/01/14;150.00;151.55;149.25;151.30;304610
FR0000121485;17/01/14;151.35;152.60;151.20;152.20;188702
FR0000121485;20/01/14;152.05;152.35;151.25;152.35;163386
FR0000121485;21/01/14;151.40;153.15;150.70;152.55;233198
FR0000121485;22/01/14;152.55;154.10;152.55;153.25;191638
FR0000121485;23/01/14;153.00;153.95;151.15;151.20;250145
FR0000121485;24/01/14;151.10;151.60;148.95;149.00;358072
FR0000121485;27/01/14;148.80;149.45;145.35;145.35;342449
FR0000121485;28/01/14;145.55;146.75;144.55;146.55;192561
FR0000121485;29/01/14;147.05;147.70;145.30;146.65;304415
FR0000121485;30/01/14;146.40;146.40;143.80;144.85;202665
FR0000121485;31/01/14;150.00;150.40;144.95;148.05;381927
FR0000121501;02/01/14;7.328;7.578;7.26;7.478;3699172
FR0000121501;03/01/14;7.492;7.704;7.44;7.56;2496323
FR0000121501;06/01/14;7.60;7.71;7.332;7.398;2930016
FR0000121501;07/01/14;7.453;7.798;7.342;7.798;3901560
FR0000121501;08/01/14;7.85;7.93;7.655;7.723;2803720
FR0000121501;09/01/14;7.744;7.87;7.659;7.815;3032398
FR0000121501;10/01/14;7.825;7.93;7.68;7.81;1942954
FR0000121501;13/01/14;8.185;8.69;8.10;8.595;6238112
FR0000121501;14/01/14;8.485;8.765;8.27;8.765;3451942
FR0000121501;15/01/14;8.84;9.32;8.84;9.17;5196326
FR0000121501;16/01/14;9.295;9.30;8.80;9.025;3926946
FR0000121501;17/01/14;9.075;9.60;8.82;9.28;7849277
FR0000121501;20/01/14;8.74;8.94;7.95;8.005;12628959
FR0000121501;21/01/14;7.90;8.44;7.86;8.21;5302134
FR0000121501;22/01/14;8.26;9.05;8.255;8.81;6239530
FR0000121501;23/01/14;8.82;9.34;8.80;9.28;4976316
FR0000121501;24/01/14;9.30;9.335;8.83;9.035;3476437
FR0000121501;27/01/14;8.95;9.18;8.815;9.06;2641526
FR0000121501;28/01/14;9.175;9.495;9.08;9.275;3422416
FR0000121501;29/01/14;9.48;9.54;8.97;9.165;3676656
FR0000121501;30/01/14;9.155;9.40;8.885;9.305;3011118
FR0000121501;31/01/14;9.33;9.33;9.005;9.195;2224981
FR0000121667;02/01/14;77.66;77.91;76.12;76.33;512865
FR0000121667;03/01/14;76.30;77.09;76.01;76.87;317190
FR0000121667;06/01/14;76.77;77.89;76.65;77.63;461237
FR0000121667;07/01/14;77.52;78.14;77.01;78.10;569022
FR0000121667;08/01/14;79.85;81.29;79.45;81.27;1168203
FR0000121667;09/01/14;82.00;83.75;81.75;82.29;1129124
FR0000121667;10/01/14;82.77;83.00;81.63;82.46;521692
FR0000121667;13/01/14;82.30;82.30;81.23;81.40;436354
FR0000121667;14/01/14;80.89;81.44;80.36;81.28;375474
FR0000121667;15/01/14;81.60;82.21;81.22;81.95;463697
FR0000121667;16/01/14;81.88;82.00;81.23;81.29;450715
FR0000121667;17/01/14;78.00;79.90;77.00;79.38;1585918
FR0000121667;20/01/14;79.38;79.79;78.89;79.28;314318
FR0000121667;21/01/14;79.06;80.38;79.06;80.21;353043
FR0000121667;22/01/14;80.56;80.94;80.16;80.51;311911
FR0000121667;23/01/14;80.20;80.79;79.14;79.63;541766
FR0000121667;24/01/14;79.94;80.18;77.61;77.61;716699
FR0000121667;27/01/14;77.68;78.19;76.71;76.71;647616
FR0000121667;28/01/14;76.79;77.28;76.16;77.11;571996
FR0000121667;29/01/14;77.46;78.14;75.68;76.34;675176
FR0000121667;30/01/14;76.45;76.45;75.10;75.44;590751
FR0000121667;31/01/14;75.29;75.66;73.93;74.53;758076
FR0000121972;02/01/14;63.60;63.86;62.20;62.26;1254901
FR0000121972;03/01/14;62.23;62.96;62.23;62.31;890291
FR0000121972;06/01/14;62.56;63.18;62.19;62.59;1210760
FR0000121972;07/01/14;62.49;62.60;61.60;61.90;1543459
FR0000121972;08/01/14;61.93;62.03;61.34;61.57;1422309
FR0000121972;09/01/14;61.33;62.01;61.33;61.71;1614589
FR0000121972;10/01/14;62.35;62.89;62.00;62.89;1514207
FR0000121972;13/01/14;63.24;63.37;62.82;63.25;1260799
FR0000121972;14/01/14;62.74;63.13;62.41;63.13;1657854
FR0000121972;15/01/14;63.58;64.36;63.37;64.04;2514999
FR0000121972;16/01/14;64.05;65.14;64.03;65.00;1606339
FR0000121972;17/01/14;65.26;65.88;64.99;65.35;2370712
FR0000121972;20/01/14;65.74;65.74;64.98;65.61;993653
FR0000121972;21/01/14;65.88;65.92;65.12;65.21;1713971
FR0000121972;22/01/14;65.11;65.23;64.06;64.12;1490844
FR0000121972;23/01/14;63.72;64.00;62.25;62.60;1703755
FR0000121972;24/01/14;62.90;63.13;60.59;60.71;2488814
FR0000121972;27/01/14;61.05;61.06;60.17;60.17;1973799
FR0000121972;28/01/14;60.52;61.23;60.23;60.80;1892503
FR0000121972;29/01/14;61.52;62.02;59.51;60.25;2662191
FR0000121972;30/01/14;60.28;60.37;59.15;60.16;1429647
FR0000121972;31/01/14;60.10;60.21;58.68;59.89;2066985
FR0000124141;02/01/14;11.91;11.91;11.55;11.56;1834423
FR0000124141;03/01/14;11.60;11.745;11.57;11.625;1471485
FR0000124141;06/01/14;11.65;11.785;11.60;11.70;1569335
FR0000124141;07/01/14;11.70;11.935;11.65;11.835;1848607
FR0000124141;08/01/14;11.87;11.91;11.785;11.89;1623790
FR0000124141;09/01/14;11.945;11.965;11.77;11.795;1990293
FR0000124141;10/01/14;11.865;11.995;11.82;11.905;2088129
FR0000124141;13/01/14;12.00;12.30;11.965;12.285;2481434
FR0000124141;14/01/14;12.05;12.45;11.995;12.415;3173346
FR0000124141;15/01/14;12.45;12.58;12.375;12.415;2310650
FR0000124141;16/01/14;12.45;12.495;12.185;12.19;2588110
FR0000124141;17/01/14;12.22;12.355;12.16;12.19;1414849
FR0000124141;20/01/14;12.205;12.28;12.10;12.16;1078721
FR0000124141;21/01/14;12.195;12.25;12.105;12.13;1263185
FR0000124141;22/01/14;12.21;12.38;12.13;12.365;1832624
FR0000124141;23/01/14;12.385;12.60;12.235;12.305;2087281
FR0000124141;24/01/14;12.32;12.36;11.925;12.00;2778598
FR0000124141;27/01/14;11.965;12.01;11.73;11.775;2227558
FR0000124141;28/01/14;11.855;11.88;11.615;11.79;1991714
FR0000124141;29/01/14;11.925;12.04;11.49;11.685;3116282
FR0000124141;30/01/14;11.72;11.97;11.64;11.86;1720810
FR0000124141;31/01/14;11.86;11.915;11.565;11.66;2512386
FR0000124711;02/01/14;187.40;187.65;181.95;182.15;389324
FR0000124711;03/01/14;182.50;185.40;182.25;184.40;212921
FR0000124711;06/01/14;183.85;186.30;183.85;184.45;190595
FR0000124711;07/01/14;184.50;186.40;184.20;185.70;207663
FR0000124711;08/01/14;185.30;186.00;183.50;184.45;247816
FR0000124711;09/01/14;184.95;186.85;184.20;184.70;252294
FR0000124711;10/01/14;186.10;187.60;185.05;186.25;192677
FR0000124711;13/01/14;186.35;187.85;186.35;187.10;181530
FR0000124711;14/01/14;185.00;186.30;184.40;186.15;264938
FR0000124711;15/01/14;187.10;187.80;185.90;186.80;288132
FR0000124711;16/01/14;186.00;187.35;185.55;187.05;223725
FR0000124711;17/01/14;186.95;189.85;186.85;189.55;459492
FR0000124711;20/01/14;189.55;189.95;188.25;188.45;191060
FR0000124711;21/01/14;188.40;188.80;185.75;185.90;242539
FR0000124711;22/01/14;186.70;187.45;184.90;185.75;239224
FR0000124711;23/01/14;185.65;187.05;184.90;184.90;308127
FR0000124711;24/01/14;182.00;182.45;178.50;178.70;540631
FR0000124711;27/01/14;180.55;181.50;177.95;179.00;388790
FR0000124711;28/01/14;180.40;180.40;176.50;178.50;343359
FR0000124711;29/01/14;181.00;182.00;176.30;177.40;401734
FR0000124711;30/01/14;177.90;180.00;176.25;178.45;367122
FR0000124711;31/01/14;178.85;178.90;175.90;178.70;491361
FR0000125007;02/01/14;40.14;40.195;38.905;38.94;1491693
FR0000125007;03/01/14;39.055;39.46;38.665;39.13;1054471
FR0000125007;06/01/14;39.05;39.425;38.765;38.945;1350413
FR0000125007;07/01/14;39.12;39.395;38.785;39.14;1638411
FR0000125007;08/01/14;39.155;39.245;38.78;39.08;1347405
FR0000125007;09/01/14;39.10;39.73;39.09;39.165;2194403
FR0000125007;10/01/14;39.47;40.575;39.415;40.365;2515946
FR0000125007;13/01/14;40.425;41.26;39.98;41.13;2021710
FR0000125007;14/01/14;40.57;41.12;40.405;41.07;1753127
FR0000125007;15/01/14;41.04;41.50;40.77;41.50;1513929
FR0000125007;16/01/14;41.655;41.67;40.985;41.12;1271719
FR0000125007;17/01/14;41.095;41.29;40.80;41.02;1680475
FR0000125007;20/01/14;40.90;41.59;40.77;40.895;980379
FR0000125007;21/01/14;40.935;41.055;40.655;40.77;916486
FR0000125007;22/01/14;40.885;40.935;40.315;40.565;1120139
FR0000125007;23/01/14;40.38;40.785;39.875;40.00;1147774
FR0000125007;24/01/14;40.145;40.445;38.96;39.09;2196654
FR0000125007;27/01/14;39.25;39.45;38.62;38.805;1355547
FR0000125007;28/01/14;39.135;39.555;38.995;39.38;1487500
FR0000125007;29/01/14;39.585;40.00;38.24;38.895;2308063
FR0000125007;30/01/14;38.935;39.17;38.305;38.87;1502601
FR0000125007;31/01/14;38.725;39.025;37.705;38.965;2511193
FR0000125338;02/01/14;49.26;49.35;48.62;48.62;586676
FR0000125338;03/01/14;48.69;49.30;48.435;49.105;299433
FR0000125338;06/01/14;49.10;50.28;49.085;49.85;675585
FR0000125338;07/01/14;49.895;49.955;49.435;49.785;507286
FR0000125338;08/01/14;49.865;50.80;49.785;50.74;642617
FR0000125338;09/01/14;50.73;51.04;49.685;49.80;711233
FR0000125338;10/01/14;50.27;51.25;50.15;50.91;1050929
FR0000125338;13/01/14;51.16;51.63;50.89;51.55;601879
FR0000125338;14/01/14;51.29;51.55;50.90;51.49;593143
FR0000125338;15/01/14;51.51;51.80;51.45;51.71;590699
FR0000125338;16/01/14;51.70;51.75;50.67;50.78;593911
FR0000125338;17/01/14;50.87;52.00;50.86;51.77;732225
FR0000125338;20/01/14;51.79;51.95;51.37;51.50;321370
FR0000125338;21/01/14;51.49;53.07;51.22;52.10;1031314
FR0000125338;22/01/14;53.55;53.72;52.85;53.10;911096
FR0000125338;23/01/14;53.10;53.74;52.28;52.62;826450
FR0000125338;24/01/14;52.54;52.67;50.85;51.08;918375
FR0000125338;27/01/14;50.95;51.26;50.66;51.04;568010
FR0000125338;28/01/14;51.34;51.43;50.89;51.30;500554
FR0000125338;29/01/14;51.56;51.94;50.68;51.30;745995
FR0000125338;30/01/14;51.44;51.68;50.84;51.36;618763
FR0000125338;31/01/14;51.30;51.45;50.45;50.57;762038
FR0000125486;02/01/14;47.72;47.895;47.375;47.375;1697755
FR0000125486;03/01/14;47.41;47.89;47.375;47.67;896728
FR0000125486;06/01/14;47.485;48.145;47.32;47.745;1287180
FR0000125486;07/01/14;47.825;48.295;47.58;48.20;1181061
FR0000125486;08/01/14;48.30;48.735;47.95;48.735;1960950
FR0000125486;09/01/14;48.685;48.79;47.84;47.965;1421933
FR0000125486;10/01/14;48.275;48.44;47.985;48.055;1508876
FR0000125486;13/01/14;48.08;48.425;47.715;48.20;1004821
FR0000125486;14/01/14;47.655;47.80;47.265;47.605;1732213
FR0000125486;15/01/14;47.91;48.955;47.645;48.81;1773282
FR0000125486;16/01/14;48.945;49.25;48.57;49.125;1453401
FR0000125486;17/01/14;49.26;49.26;48.545;48.745;1862267
FR0000125486;20/01/14;48.70;49.235;48.62;49.005;955512
FR0000125486;21/01/14;49.02;49.09;48.57;48.71;1137481
FR0000125486;22/01/14;48.86;49.11;48.535;48.71;1022485
FR0000125486;23/01/14;48.525;48.925;48.13;48.405;1084217
FR0000125486;24/01/14;48.615;49.05;47.55;47.775;2738090
FR0000125486;27/01/14;47.92;48.565;47.795;48.20;2128708
FR0000125486;28/01/14;48.495;49.50;48.075;49.355;2508611
FR0000125486;29/01/14;49.735;49.96;48.045;48.76;2342947
FR0000125486;30/01/14;48.885;49.185;48.29;48.955;1164370
FR0000125486;31/01/14;48.855;48.885;47.65;48.565;1977686
FR0000127771;02/01/14;19.055;19.125;18.655;18.70;3828186
FR0000127771;03/01/14;18.74;18.91;18.695;18.765;2476769
FR0000127771;06/01/14;18.715;18.765;18.525;18.59;2909418
FR0000127771;07/01/14;18.595;18.69;18.47;18.635;4655598
FR0000127771;08/01/14;18.57;18.65;18.44;18.505;4241098
FR0000127771;09/01/14;18.54;18.71;18.445;18.49;4051495
FR0000127771;10/01/14;18.645;18.945;18.555;18.85;5506194
FR0000127771;13/01/14;18.88;19.06;18.86;19.02;3642313
FR0000127771;14/01/14;18.87;19.07;18.75;19.07;3496664
FR0000127771;15/01/14;19.075;19.385;19.025;19.365;4878176
FR0000127771;16/01/14;19.34;19.375;19.16;19.28;4266225
FR0000127771;17/01/14;19.275;19.53;19.235;19.505;6052511
FR0000127771;20/01/14;19.55;19.72;19.46;19.57;5524186
FR0000127771;21/01/14;19.655;19.795;19.445;19.505;4393933
FR0000127771;22/01/14;19.59;19.685;19.44;19.665;4342753
FR0000127771;23/01/14;19.655;19.885;19.615;19.755;5956972
FR0000127771;24/01/14;19.835;20.04;19.33;19.37;8068398
FR0000127771;27/01/14;19.43;19.555;19.055;19.31;4830951
FR0000127771;28/01/14;19.39;19.465;19.14;19.23;5998715
FR0000127771;29/01/14;19.31;19.63;19.055;19.37;7504236
FR0000127771;30/01/14;19.59;20.10;19.43;20.06;7953809
FR0000127771;31/01/14;20.025;20.035;19.605;19.94;7187353
FR0000130577;02/01/14;66.60;67.72;65.47;67.12;1002855
FR0000130577;03/01/14;66.86;67.22;66.21;66.60;423923
FR0000130577;06/01/14;65.79;65.99;65.05;65.15;767053
FR0000130577;07/01/14;65.35;65.94;65.25;65.56;606853
FR0000130577;08/01/14;65.56;65.56;64.14;65.02;634020
FR0000130577;09/01/14;64.88;66.23;64.88;65.86;1107457
FR0000130577;10/01/14;66.01;66.96;65.93;66.16;911503
FR0000130577;13/01/14;66.26;66.40;64.90;65.13;653691
FR0000130577;14/01/14;64.56;65.77;64.35;65.75;802344
FR0000130577;15/01/14;66.39;67.99;66.20;67.69;932015
FR0000130577;16/01/14;67.79;67.91;67.14;67.49;899600
FR0000130577;17/01/14;67.49;67.68;66.76;67.55;561401
FR0000130577;20/01/14;67.43;67.63;66.83;67.09;369085
FR0000130577;21/01/14;67.16;68.18;67.05;67.44;604650
FR0000130577;22/01/14;67.51;68.23;66.60;67.00;601951
FR0000130577;23/01/14;66.83;67.24;65.78;66.10;651522
FR0000130577;24/01/14;66.28;66.52;64.65;64.81;627890
FR0000130577;27/01/14;64.36;65.08;63.86;64.41;686537
FR0000130577;28/01/14;64.70;66.63;64.54;65.67;965239
FR0000130577;29/01/14;66.24;67.38;65.11;65.41;951405
FR0000130577;30/01/14;65.15;66.41;65.00;66.29;741720
FR0000130577;31/01/14;66.55;66.83;64.90;65.78;1000291
FR0000130809;02/01/14;42.25;42.40;41.45;41.52;3300033
FR0000130809;03/01/14;41.575;41.85;41.28;41.325;2878635
FR0000130809;06/01/14;41.32;42.03;41.245;41.71;2753889
FR0000130809;07/01/14;41.915;43.66;41.63;43.39;5724320
FR0000130809;08/01/14;43.535;44.815;43.475;44.68;6983308
FR0000130809;09/01/14;44.70;45.735;44.37;44.57;7099258
FR0000130809;10/01/14;44.87;45.16;43.74;44.00;4196308
FR0000130809;13/01/14;44.41;45.20;44.40;44.945;3127012
FR0000130809;14/01/14;44.35;44.72;44.02;44.61;4497397
FR0000130809;15/01/14;44.78;46.23;44.78;46.23;5343564
FR0000130809;16/01/14;46.35;46.385;45.075;45.19;4790222
FR0000130809;17/01/14;45.165;45.57;44.47;44.85;4793530
FR0000130809;20/01/14;44.65;44.90;44.125;44.40;3463521
FR0000130809;21/01/14;44.875;45.07;44.385;44.55;3032271
FR0000130809;22/01/14;44.815;45.075;44.135;44.63;2814371
FR0000130809;23/01/14;44.795;45.40;44.145;44.48;4031012
FR0000130809;24/01/14;44.58;44.805;42.495;42.80;7895548
FR0000130809;27/01/14;42.80;43.555;42.395;42.815;4942540
FR0000130809;28/01/14;43.34;43.935;43.12;43.425;4166369
FR0000130809;29/01/14;44.145;44.665;42.195;43.235;5952582
FR0000130809;30/01/14;43.28;43.355;42.40;42.93;5464473
FR0000130809;31/01/14;42.925;42.935;41.38;42.08;6503427
FR0000131104;02/01/14;56.70;56.91;55.35;55.54;3165521
FR0000131104;03/01/14;55.58;55.99;55.29;55.68;2100448
FR0000131104;06/01/14;55.56;56.23;55.53;55.77;1851427
FR0000131104;07/01/14;55.88;57.62;55.79;57.37;3703971
FR0000131104;08/01/14;57.79;59.21;57.75;58.19;4874408
FR0000131104;09/01/14;58.22;58.83;57.06;57.22;5341345
FR0000131104;10/01/14;57.77;57.95;56.80;57.36;3617392
FR0000131104;13/01/14;57.77;58.16;57.43;57.95;2678995
FR0000131104;14/01/14;57.42;58.00;57.00;57.74;3332188
FR0000131104;15/01/14;57.92;59.56;57.92;59.56;4443293
FR0000131104;16/01/14;59.75;59.90;58.37;58.50;4282375
FR0000131104;17/01/14;58.44;58.83;57.14;57.72;5165093
FR0000131104;20/01/14;57.53;57.92;56.85;57.61;2462891
FR0000131104;21/01/14;58.20;59.50;58.06;58.70;3979196
FR0000131104;22/01/14;59.03;59.33;58.30;58.78;3311535
FR0000131104;23/01/14;58.73;59.37;58.03;58.48;3805453
FR0000131104;24/01/14;58.69;59.02;56.54;56.67;6525579
FR0000131104;27/01/14;56.80;57.79;56.50;57.00;4622972
FR0000131104;28/01/14;57.86;58.59;57.42;58.22;4945242
FR0000131104;29/01/14;59.05;59.52;56.53;58.00;5232213
FR0000131104;30/01/14;58.00;58.41;56.90;58.28;3940239
FR0000131104;31/01/14;58.00;58.00;56.49;57.45;5097672
FR0000131906;02/01/14;59.00;59.00;58.18;58.18;836526
FR0000131906;03/01/14;58.60;59.24;58.39;58.50;636081
FR0000131906;06/01/14;58.32;58.75;57.80;57.88;678465
FR0000131906;07/01/14;57.91;61.18;57.69;60.68;1604384
FR0000131906;08/01/14;60.99;62.08;60.58;61.40;1257970
FR0000131906;09/01/14;61.51;62.20;60.54;60.77;844826
FR0000131906;10/01/14;61.38;63.35;61.01;62.94;1495810
FR0000131906;13/01/14;64.30;64.90;64.22;64.77;1197114
FR0000131906;14/01/14;63.83;65.25;63.35;65.20;1062212
FR0000131906;15/01/14;65.89;66.83;65.10;65.43;1304248
FR0000131906;16/01/14;65.99;66.62;65.51;66.36;1032432
FR0000131906;17/01/14;66.55;68.40;66.48;68.25;1627510
FR0000131906;20/01/14;67.94;68.56;67.54;68.00;933673
FR0000131906;21/01/14;68.02;68.92;67.73;67.89;992903
FR0000131906;22/01/14;68.25;69.53;67.76;68.16;1138193
FR0000131906;23/01/14;68.14;69.00;66.86;67.06;1113256
FR0000131906;24/01/14;68.08;68.43;63.38;63.78;2426644
FR0000131906;27/01/14;63.75;64.24;62.75;63.17;1568673
FR0000131906;28/01/14;63.67;65.63;63.17;65.33;1333889
FR0000131906;29/01/14;66.30;67.20;63.30;65.09;1998519
FR0000131906;30/01/14;65.16;65.38;63.00;65.25;1144890
FR0000131906;31/01/14;65.27;65.30;62.80;64.76;1275229
FR0000133308;02/01/14;9.023;9.043;8.723;8.727;7836524
FR0000133308;03/01/14;8.73;8.887;8.702;8.839;5790732
FR0000133308;06/01/14;8.838;8.933;8.806;8.874;5539520
FR0000133308;07/01/14;8.90;9.13;8.861;9.124;10106039
FR0000133308;08/01/14;9.15;9.15;9.067;9.14;6425266
FR0000133308;09/01/14;9.06;9.214;9.014;9.183;12096135
FR0000133308;10/01/14;9.37;9.482;9.249;9.469;14901911
FR0000133308;13/01/14;9.473;9.542;9.466;9.526;9910989
FR0000133308;14/01/14;9.436;9.554;9.403;9.533;7330487
FR0000133308;15/01/14;9.532;9.685;9.471;9.685;12445876
FR0000133308;16/01/14;9.652;9.74;9.596;9.625;8123539
FR0000133308;17/01/14;9.625;9.693;9.56;9.671;8630191
FR0000133308;20/01/14;9.678;9.715;9.621;9.696;4478561
FR0000133308;21/01/14;9.714;9.728;9.441;9.481;11347823
FR0000133308;22/01/14;9.517;9.54;9.331;9.361;9416268
FR0000133308;23/01/14;9.326;9.565;9.326;9.42;11018459
FR0000133308;24/01/14;9.47;9.533;9.176;9.178;12148682
FR0000133308;27/01/14;9.154;9.199;9.026;9.07;9623464
FR0000133308;28/01/14;9.104;9.12;8.904;9.035;11509795
FR0000133308;29/01/14;9.10;9.207;8.913;9.037;11317824
FR0000133308;30/01/14;9.052;9.19;8.983;9.173;8282008
FR0000133308;31/01/14;9.173;9.199;8.978;9.176;11668445
FR0010208488;02/01/14;17.18;17.26;16.705;16.715;4666263
FR0010208488;03/01/14;16.805;16.855;16.705;16.745;2483869
FR0010208488;06/01/14;16.755;16.79;16.515;16.545;4220517
FR0010208488;07/01/14;16.62;16.785;16.505;16.75;4100478
FR0010208488;08/01/14;16.77;16.85;16.57;16.85;5628273
FR0010208488;09/01/14;16.86;16.97;16.65;16.72;3874123
FR0010208488;10/01/14;16.86;16.895;16.63;16.775;4886514
FR0010208488;13/01/14;16.835;16.875;16.735;16.77;2763732
FR0010208488;14/01/14;16.675;16.915;16.63;16.885;4545422
FR0010208488;15/01/14;16.91;17.17;16.845;17.15;5352071
FR0010208488;16/01/14;17.19;17.19;16.995;17.01;4038976
FR0010208488;17/01/14;17.19;17.55;17.15;17.345;11011839
FR0010208488;20/01/14;17.40;17.455;17.34;17.435;2876545
FR0010208488;21/01/14;17.315;17.33;16.905;17.055;7363842
FR0010208488;22/01/14;17.10;17.18;16.93;17.00;3989297
FR0010208488;23/01/14;17.00;17.125;16.895;16.95;4536826
FR0010208488;24/01/14;17.035;17.095;16.515;16.575;7479889
FR0010208488;27/01/14;16.60;16.635;16.28;16.38;6278493
FR0010208488;28/01/14;16.485;16.485;16.155;16.375;7052139
FR0010208488;29/01/14;16.485;16.535;16.015;16.255;7480976
FR0010208488;30/01/14;16.315;16.565;16.205;16.515;5443352
FR0010208488;31/01/14;16.48;16.54;16.13;16.385;5759780
FR0010307819;02/01/14;40.38;40.38;39.76;39.76;484151
FR0010307819;03/01/14;39.84;39.955;39.49;39.64;452950
FR0010307819;06/01/14;39.68;39.785;39.395;39.475;514407
FR0010307819;07/01/14;39.47;39.485;38.72;38.91;753271
FR0010307819;08/01/14;38.90;38.94;38.535;38.935;641464
FR0010307819;09/01/14;38.995;39.04;38.79;38.90;723023
FR0010307819;10/01/14;38.40;38.735;38.14;38.445;776988
FR0010307819;13/01/14;38.64;38.64;38.35;38.55;333081
FR0010307819;14/01/14;38.305;38.45;38.17;38.32;540482
FR0010307819;15/01/14;38.52;39.05;38.385;39.025;963295
FR0010307819;16/01/14;40.00;41.32;39.43;40.91;1402935
FR0010307819;17/01/14;40.95;41.45;40.74;41.15;618780
FR0010307819;20/01/14;41.13;41.465;41.02;41.15;478934
FR0010307819;21/01/14;41.00;41.19;40.60;40.60;459394
FR0010307819;22/01/14;40.52;40.595;39.99;39.99;576980
FR0010307819;23/01/14;39.98;40.09;39.33;39.465;743061
FR0010307819;24/01/14;40.15;40.505;39.605;39.605;1350756
FR0010307819;27/01/14;39.60;39.77;38.965;39.465;542447
FR0010307819;28/01/14;39.535;39.85;39.40;39.585;424851
FR0010307819;29/01/14;39.805;40.145;38.71;39.34;901724
FR0010307819;30/01/14;39.385;39.46;38.84;39.375;523665
FR0010307819;31/01/14;39.26;39.445;38.69;39.385;826581
FR0013176526;02/01/14;27.00;27.1467;26.6667;26.7933;1061499
FR0013176526;03/01/14;26.7567;26.98;26.5867;26.6267;638877
FR0013176526;06/01/14;26.60;26.73;26.2233;26.4267;806661
FR0013176526;07/01/14;26.45;27.0467;26.3933;27.0033;939798
FR0013176526;08/01/14;27.0533;27.2967;27.01;27.28;1017210
FR0013176526;09/01/14;27.3167;27.4833;27.0533;27.16;956100
FR0013176526;10/01/14;27.3933;27.7667;27.1133;27.59;1140660
FR0013176526;13/01/14;27.7533;28.3667;27.73;28.3333;797877
FR0013176526;14/01/14;28.60;28.9467;27.9167;28.4233;1669587
FR0013176526;15/01/14;28.5833;28.7433;28.5167;28.61;998148
FR0013176526;16/01/14;28.6667;28.71;28.3233;28.6133;899715
FR0013176526;17/01/14;28.6667;29.01;28.6333;29.01;909912
FR0013176526;20/01/14;29.00;29.00;28.5267;28.7033;512205
FR0013176526;21/01/14;28.72;28.90;28.3867;28.4433;718974
FR0013176526;22/01/14;28.52;28.8267;28.0167;28.17;921072
FR0013176526;23/01/14;28.0467;28.5433;27.87;27.9233;923373
FR0013176526;24/01/14;28.20;28.3767;26.9267;27.1367;1118148
FR0013176526;27/01/14;27.0133;27.0967;26.4633;26.7033;1001016
FR0013176526;28/01/14;26.8467;27.33;26.7367;27.1667;1142877
FR0013176526;29/01/14;27.4333;27.6633;26.3567;27.1633;1287051
FR0013176526;30/01/14;27.20;27.70;26.7433;27.6833;631704
FR0013176526;31/01/14;27.71;27.74;26.85;27.63;906156
GB00BDSFG982;02/01/14;35.00;35.01;34.125;34.375;889924
GB00BDSFG982;03/01/14;34.55;34.715;34.26;34.40;588578
GB00BDSFG982;06/01/14;34.50;34.91;34.50;34.585;805440
GB00BDSFG982;07/01/14;34.72;35.065;34.665;34.92;863956
GB00BDSFG982;08/01/14;35.075;35.075;34.01;34.20;1029946
GB00BDSFG982;09/01/14;34.40;34.62;34.32;34.43;825730
GB00BDSFG982;10/01/14;34.565;34.715;34.135;34.355;941006
GB00BDSFG982;13/01/14;34.50;34.74;34.415;34.58;745968
GB00BDSFG982;14/01/14;34.25;34.345;33.75;33.80;1597272
GB00BDSFG982;15/01/14;34.005;34.05;33.35;33.50;1395654
GB00BDSFG982;16/01/14;33.595;33.68;33.375;33.56;762952
GB00BDSFG982;17/01/14;33.645;33.665;33.175;33.465;946456
GB00BDSFG982;20/01/14;33.47;33.50;32.98;33.05;888898
GB00BDSFG982;21/01/14;33.19;33.445;33.00;33.27;1399896
GB00BDSFG982;22/01/14;33.435;33.55;33.125;33.175;651354
GB00BDSFG982;23/01/14;33.165;33.40;32.775;32.85;1102530
GB00BDSFG982;24/01/14;32.895;32.99;32.35;32.41;997840
GB00BDSFG982;27/01/14;32.275;32.67;32.065;32.235;801090
GB00BDSFG982;28/01/14;32.495;32.495;31.525;31.925;1229552
GB00BDSFG982;29/01/14;32.25;32.375;31.825;32.04;1299184
GB00BDSFG982;30/01/14;32.145;32.31;31.855;31.915;774040
GB00BDSFG982;31/01/14;31.875;32.01;31.40;31.625;1209700
LU1598757687;02/01/14;39.15;39.375;38.40;38.415;2537420
LU1598757687;03/01/14;38.535;38.85;38.295;38.685;1982322
LU1598757687;06/01/14;38.685;38.82;37.935;38.04;2384932
LU1598757687;07/01/14;38.22;38.415;37.665;38.22;2249039
LU1598757687;08/01/14;38.16;38.40;37.965;38.355;1942760
LU1598757687;09/01/14;38.34;38.355;37.23;37.275;3773109
LU1598757687;10/01/14;37.305;37.71;36.84;36.87;3333391
LU1598757687;13/01/14;37.11;38.175;37.02;38.10;2998377
LU1598757687;14/01/14;37.32;37.92;37.215;37.65;2621659
LU1598757687;15/01/14;37.905;38.295;37.71;38.295;2040048
LU1598757687;16/01/14;38.34;39.15;38.31;38.97;4007926
LU1598757687;17/01/14;38.88;40.20;38.88;39.06;4512412
LU1598757687;20/01/14;38.73;39.00;38.46;38.55;2230754
LU1598757687;21/01/14;38.76;38.865;37.83;37.965;2466361
LU1598757687;22/01/14;37.845;38.565;37.56;38.115;3281612
LU1598757687;23/01/14;37.98;38.31;37.56;37.695;2934883
LU1598757687;24/01/14;37.50;37.80;36.03;36.165;5120556
LU1598757687;27/01/14;35.955;36.435;35.295;35.64;4201126
LU1598757687;28/01/14;36.03;37.14;36.00;36.885;4441730
LU1598757687;29/01/14;37.35;37.86;35.97;37.11;3912136
LU1598757687;30/01/14;36.81;37.035;36.375;36.78;2291454
LU1598757687;31/01/14;36.915;36.96;36.225;36.96;2788932
NL0000226223;02/01/14;5.844;5.844;5.702;5.74;3375174
NL0000226223;03/01/14;5.749;5.819;5.717;5.786;1298828
NL0000226223;06/01/14;5.771;5.831;5.752;5.758;2145105
NL0000226223;07/01/14;5.67;5.704;5.588;5.672;2896314
NL0000226223;08/01/14;5.708;5.71;5.58;5.594;3464434
NL0000226223;09/01/14;5.50;5.537;5.443;5.443;3763576
NL0000226223;10/01/14;5.462;5.585;5.458;5.585;3135255
NL0000226223;13/01/14;5.599;5.763;5.584;5.763;3264562
NL0000226223;14/01/14;5.704;5.902;5.657;5.827;3667986
NL0000226223;15/01/14;5.856;6.01;5.856;5.93;3561937
NL0000226223;16/01/14;5.971;5.98;5.862;5.896;2249095
NL0000226223;17/01/14;5.77;5.812;5.701;5.732;4459130
NL0000226223;20/01/14;5.722;5.795;5.722;5.767;1419301
NL0000226223;21/01/14;5.796;5.82;5.754;5.76;1666476
NL0000226223;22/01/14;5.771;5.924;5.771;5.871;2676541
NL0000226223;23/01/14;5.851;5.974;5.74;5.767;3097383
NL0000226223;24/01/14;5.76;5.812;5.61;5.633;2139944
NL0000226223;27/01/14;5.613;5.669;5.575;5.651;3304703
NL0000226223;28/01/14;5.539;5.85;5.501;5.812;5812765
NL0000226223;29/01/14;5.86;5.94;5.718;5.855;5440909
NL0000226223;30/01/14;5.929;6.105;5.85;6.105;5802509
NL0000226223;31/01/14;6.104;6.119;5.99;6.087;3498850
NL0000235190;02/01/14;56.04;56.85;55.68;56.55;1875512
NL0000235190;03/01/14;56.79;56.90;56.29;56.40;1332941
NL0000235190;06/01/14;56.55;56.55;55.40;55.43;1664844
NL0000235190;07/01/14;55.90;55.96;55.02;55.91;1950728
NL0000235190;08/01/14;56.00;56.10;54.92;55.35;1837218
NL0000235190;09/01/14;55.25;55.75;54.56;54.71;1891736
NL0000235190;10/01/14;55.13;55.40;54.89;55.28;1546833
NL0000235190;13/01/14;55.52;55.95;55.52;55.78;1376794
NL0000235190;14/01/14;55.35;56.10;55.01;56.10;1783292
NL0000235190;15/01/14;56.23;56.64;56.00;56.64;2071765
NL0000235190;16/01/14;56.40;57.01;56.23;56.99;3706175
NL0000235190;17/01/14;57.00;57.12;56.83;57.03;2265980
NL0000235190;20/01/14;57.00;57.26;56.88;57.01;1191117
NL0000235190;21/01/14;57.15;57.22;56.82;57.00;1401657
NL0000235190;22/01/14;57.10;57.33;56.90;57.10;1878025
NL0000235190;23/01/14;56.74;56.89;54.37;54.90;3807263
NL0000235190;24/01/14;55.11;55.45;52.76;52.78;5389258
NL0000235190;27/01/14;52.49;52.98;51.91;52.76;4097234
NL0000235190;28/01/14;53.23;55.56;53.15;54.83;4628770
NL0000235190;29/01/14;55.50;55.55;52.84;53.56;4086681
NL0000235190;30/01/14;53.77;53.77;52.24;53.20;3424838
NL0000235190;31/01/14;53.07;53.22;51.81;52.61;2961408
