BE0003470755;01/12/16;107.70;107.95;106.10;106.50;253615
BE0003470755;02/12/16;106.15;106.70;105.00;106.30;197848
BE0003470755;05/12/16;106.15;107.80;105.70;107.55;205614
BE0003470755;06/12/16;107.90;108.30;106.75;108.25;238222
BE0003470755;07/12/16;109.00;110.95;108.55;110.55;427251
BE0003470755;08/12/16;110.70;111.30;109.80;111.10;259568
BE0003470755;09/12/16;111.00;111.70;110.75;111.10;187492
BE0003470755;12/12/16;111.10;111.60;110.20;111.20;221743
BE0003470755;13/12/16;111.20;111.70;110.75;111.60;175581
BE0003470755;14/12/16;111.35;111.80;110.80;111.55;196820
BE0003470755;15/12/16;111.45;111.95;110.85;111.40;237710
BE0003470755;16/12/16;111.20;111.95;110.75;111.80;267497
BE0003470755;19/12/16;111.50;111.60;110.90;111.40;149095
BE0003470755;20/12/16;111.45;111.90;111.30;111.75;208867
BE0003470755;21/12/16;111.50;111.95;110.85;111.45;122194
BE0003470755;22/12/16;111.00;111.50;110.70;111.50;106083
BE0003470755;23/12/16;111.60;111.70;110.60;111.25;133724
BE0003470755;27/12/16;111.25;112.10;111.15;111.70;136849
BE0003470755;28/12/16;111.70;112.30;111.55;112.30;99934
BE0003470755;29/12/16;111.80;111.90;111.05;111.75;85571
BE0003470755;30/12/16;111.60;111.75;110.75;111.35;96240
CH0012214059;01/12/16;49.99;49.99;48.86;49.415;343221
CH0012214059;02/12/16;48.94;49.125;48.38;48.895;318084
CH0012214059;05/12/16;48.75;50.20;48.75;49.295;320494
CH0012214059;06/12/16;49.615;49.88;48.605;49.18;460194
CH0012214059;07/12/16;49.91;50.48;49.675;50.11;431512
CH0012214059;08/12/16;50.80;50.85;49.32;50.10;492021
CH0012214059;09/12/16;50.41;50.50;49.79;50.40;482804
CH0012214059;12/12/16;50.57;50.72;49.435;49.565;340391
CH0012214059;13/12/16;49.86;50.15;49.25;49.89;339527
CH0012214059;14/12/16;49.275;49.71;48.37;49.08;420506
CH0012214059;15/12/16;48.55;49.73;48.445;49.55;505067
CH0012214059;16/12/16;49.65;50.00;48.74;49.555;760610
CH0012214059;19/12/16;49.795;49.94;49.235;49.705;422917
CH0012214059;20/12/16;49.895;50.30;49.575;49.575;382633
CH0012214059;21/12/16;49.875;50.30;49.58;49.85;440710
CH0012214059;22/12/16;49.78;49.945;49.40;49.595;224941
CH0012214059;23/12/16;49.735;49.85;49.45;49.65;152464
CH0012214059;27/12/16;49.765;50.16;49.635;49.985;229331
CH0012214059;28/12/16;50.08;50.66;50.08;50.30;158297
CH0012214059;29/12/16;50.10;50.50;50.05;50.40;281356
CH0012214059;30/12/16;50.54;50.54;49.89;49.915;311419
FR0000045072;01/12/16;10.64;10.805;10.62;10.75;7186506
FR0000045072;02/12/16;10.70;10.72;10.555;10.60;6482930
FR0000045072;05/12/16;10.50;10.87;10.405;10.855;9864212
FR0000045072;06/12/16;10.86;11.31;10.785;11.275;10418252
FR0000045072;07/12/16;11.40;11.52;11.275;11.38;10198522
FR0000045072;08/12/16;11.415;11.715;11.31;11.615;12996303
FR0000045072;09/12/16;11.595;11.63;11.435;11.495;8364704
FR0000045072;12/12/16;11.575;11.695;11.465;11.565;9488715
FR0000045072;13/12/16;11.57;11.68;11.475;11.52;7408857
FR0000045072;14/12/16;11.595;11.735;11.54;11.54;8238666
FR0000045072;15/12/16;11.595;11.985;11.595;11.975;13071561
FR0000045072;16/12/16;11.95;12.00;11.835;11.90;10512097
FR0000045072;19/12/16;11.90;11.90;11.695;11.735;6373207
FR0000045072;20/12/16;11.775;11.99;11.745;11.945;7218158
FR0000045072;21/12/16;11.89;11.99;11.825;11.965;6052780
FR0000045072;22/12/16;11.90;12.06;11.90;12.01;4827220
FR0000045072;23/12/16;12.035;12.07;11.875;11.905;2871037
FR0000045072;27/12/16;11.91;11.97;11.85;11.88;2272426
FR0000045072;28/12/16;11.84;11.895;11.825;11.88;2588676
FR0000045072;29/12/16;11.81;11.865;11.72;11.735;3067986
FR0000045072;30/12/16;11.73;11.845;11.71;11.78;2650882
FR0000051732;01/12/16;97.20;97.41;95.49;95.70;287891
FR0000051732;02/12/16;95.00;95.35;93.84;94.98;308170
FR0000051732;05/12/16;94.59;96.73;94.36;96.47;324104
FR0000051732;06/12/16;96.43;96.98;95.34;96.45;319958
FR0000051732;07/12/16;97.13;98.28;96.62;98.28;277940
FR0000051732;08/12/16;98.50;98.70;97.48;98.22;339081
FR0000051732;09/12/16;98.42;99.11;97.14;97.35;401760
FR0000051732;12/12/16;97.16;98.10;96.02;96.53;362542
FR0000051732;13/12/16;96.47;96.92;95.00;95.70;504309
FR0000051732;14/12/16;95.35;95.67;94.25;95.00;379665
FR0000051732;15/12/16;95.27;97.50;94.45;96.96;334311
FR0000051732;16/12/16;97.01;98.02;95.86;97.90;379039
FR0000051732;19/12/16;97.70;98.07;97.06;97.87;213319
FR0000051732;20/12/16;97.50;98.18;97.31;97.97;242451
FR0000051732;21/12/16;97.84;98.90;97.76;98.84;285551
FR0000051732;22/12/16;98.50;99.15;97.68;98.50;183857
FR0000051732;23/12/16;98.40;100.60;98.33;100.25;208585
FR0000051732;27/12/16;100.15;101.15;100.15;100.80;104848
FR0000051732;28/12/16;100.60;101.30;100.40;100.65;176045
FR0000051732;29/12/16;100.10;101.00;100.05;100.90;106990
FR0000051732;30/12/16;100.65;100.95;100.05;100.25;153779
FR0000073272;01/12/16;64.58;65.20;64.25;65.20;1145393
FR0000073272;02/12/16;64.81;65.21;64.23;64.91;1145647
FR0000073272;05/12/16;64.85;66.49;64.85;65.48;1071087
FR0000073272;06/12/16;65.60;66.18;64.90;66.10;1086521
FR0000073272;07/12/16;66.60;66.95;65.90;66.58;991317
FR0000073272;08/12/16;66.77;67.12;65.81;66.47;1412016
FR0000073272;09/12/16;66.45;66.56;65.95;66.54;751165
FR0000073272;12/12/16;66.56;67.44;66.55;67.09;1009983
FR0000073272;13/12/16;67.05;67.80;66.97;67.51;918224
FR0000073272;14/12/16;67.45;67.60;66.83;67.39;776403
FR0000073272;15/12/16;67.55;69.04;67.51;68.85;1468133
FR0000073272;16/12/16;68.80;69.89;68.40;68.61;2251516
FR0000073272;19/12/16;68.11;68.68;67.42;67.81;964171
FR0000073272;20/12/16;67.95;68.19;67.58;68.01;736067
FR0000073272;21/12/16;67.72;68.49;67.67;68.06;503328
FR0000073272;22/12/16;68.00;68.43;67.80;68.07;507935
FR0000073272;23/12/16;68.05;68.33;67.76;67.98;357338
FR0000073272;27/12/16;67.90;68.27;67.90;68.00;332254
FR0000073272;28/12/16;67.90;68.42;67.90;68.28;500902
FR0000073272;29/12/16;67.98;68.23;67.89;68.15;474215
FR0000073272;30/12/16;68.14;68.43;67.43;68.42;703309
FR0000120073;01/12/16;87.7273;87.9909;86.7636;87.2455;1087837
FR0000120073;02/12/16;86.7455;87.0727;85.6364;86.6455;797930
FR0000120073;05/12/16;86.5364;87.9818;86.3546;87.5636;939038
FR0000120073;06/12/16;87.8727;89.3818;87.6091;89.2546;1091336
FR0000120073;07/12/16;89.7364;91.8182;89.5727;91.8182;1462003
FR0000120073;08/12/16;92.2273;93.4091;91.7727;93.4091;1499006
FR0000120073;09/12/16;93.5909;94.8636;93.1818;94.5455;1500585
FR0000120073;12/12/16;94.50;94.8182;93.8636;94.3182;887205
FR0000120073;13/12/16;94.1818;94.9545;93.9545;94.5455;979383
FR0000120073;14/12/16;94.0909;94.7727;93.9091;94.4091;799850
FR0000120073;15/12/16;95.4091;95.8182;94.4545;95.8182;1739941
FR0000120073;16/12/16;95.4545;96.6364;94.7273;96.4091;2610869
FR0000120073;19/12/16;96.1364;96.4091;95.6364;96.3636;843134
FR0000120073;20/12/16;96.4091;96.5909;95.2727;95.5455;1191006
FR0000120073;21/12/16;95.4091;96.1364;95.0909;95.6818;750761
FR0000120073;22/12/16;95.4091;95.5455;95.0909;95.50;772761
FR0000120073;23/12/16;95.4091;95.9091;95.0909;95.6364;622571
FR0000120073;27/12/16;95.6364;96.00;95.1818;95.8182;452452
FR0000120073;28/12/16;96.0455;96.2273;95.5455;95.9091;484723
FR0000120073;29/12/16;95.50;95.9091;95.2727;95.9091;427950
FR0000120073;30/12/16;95.9091;96.0455;94.8636;96.0455;760971
FR0000120172;01/12/16;22.08;22.08;21.43;21.56;3944203
FR0000120172;02/12/16;21.475;21.65;21.24;21.59;2299955
FR0000120172;05/12/16;21.545;21.94;21.46;21.92;2771653
FR0000120172;06/12/16;21.97;22.10;21.815;22.035;2328859
FR0000120172;07/12/16;22.26;22.38;22.08;22.35;2992920
FR0000120172;08/12/16;22.40;22.96;22.39;22.89;3411207
FR0000120172;09/12/16;22.89;23.425;22.885;23.28;2949883
FR0000120172;12/12/16;23.345;23.425;23.145;23.225;2323378
FR0000120172;13/12/16;23.22;23.50;23.16;23.435;2284447
FR0000120172;14/12/16;23.325;23.42;23.08;23.09;2848064
FR0000120172;15/12/16;23.14;23.14;22.81;22.82;3047378
FR0000120172;16/12/16;22.795;22.88;22.575;22.77;3321232
FR0000120172;19/12/16;22.92;22.975;22.805;22.86;1594900
FR0000120172;20/12/16;22.90;23.00;22.705;22.88;1725711
FR0000120172;21/12/16;22.825;22.915;22.675;22.78;1210733
FR0000120172;22/12/16;22.815;22.895;22.655;22.735;1074753
FR0000120172;23/12/16;22.785;22.82;22.555;22.60;1103775
FR0000120172;27/12/16;22.64;22.69;22.555;22.58;717389
FR0000120172;28/12/16;22.60;22.645;22.50;22.595;1055842
FR0000120172;29/12/16;22.51;22.825;22.49;22.73;1053434
FR0000120172;30/12/16;22.78;23.025;22.62;22.89;1071249
FR0000120271;01/12/16;44.955;45.40;44.40;45.06;8809936
FR0000120271;02/12/16;44.50;45.125;44.205;44.905;6328429
FR0000120271;05/12/16;44.40;45.27;44.40;44.95;5422413
FR0000120271;06/12/16;44.345;45.12;44.11;45.085;6494859
FR0000120271;07/12/16;45.425;45.75;45.245;45.75;7567208
FR0000120271;08/12/16;45.70;46.26;45.455;45.915;7183138
FR0000120271;09/12/16;45.93;46.62;45.79;46.425;6638654
FR0000120271;12/12/16;46.865;47.49;46.865;46.99;7556730
FR0000120271;13/12/16;46.775;47.43;46.615;47.43;6194101
FR0000120271;14/12/16;47.12;47.55;46.91;47.11;7410469
FR0000120271;15/12/16;47.09;47.725;46.835;47.495;8963673
FR0000120271;16/12/16;47.625;48.48;47.54;48.21;18703046
FR0000120271;19/12/16;48.025;48.205;47.78;47.895;4520264
FR0000120271;20/12/16;47.605;48.50;47.52;48.27;5556336
FR0000120271;21/12/16;47.36;47.795;47.355;47.595;4197378
FR0000120271;22/12/16;47.56;48.19;47.455;48.19;5713589
FR0000120271;23/12/16;48.05;48.47;48.04;48.36;3456354
FR0000120271;27/12/16;48.38;48.50;48.17;48.375;1971874
FR0000120271;28/12/16;48.23;48.885;48.23;48.72;3447143
FR0000120271;29/12/16;48.485;48.86;48.35;48.635;2881821
FR0000120271;30/12/16;48.50;48.775;48.215;48.72;4671122
FR0000120321;01/12/16;160.45;160.45;157.90;158.60;790271
FR0000120321;02/12/16;158.30;159.25;156.85;158.85;466687
FR0000120321;05/12/16;158.95;161.65;158.60;159.10;478283
FR0000120321;06/12/16;159.50;161.25;158.45;160.80;532378
FR0000120321;07/12/16;162.95;163.10;161.10;162.15;680818
FR0000120321;08/12/16;163.15;163.65;161.65;162.60;588326
FR0000120321;09/12/16;162.95;168.40;162.70;167.20;901391
FR0000120321;12/12/16;166.90;167.25;165.40;166.25;612124
FR0000120321;13/12/16;166.30;168.45;165.95;168.05;659906
FR0000120321;14/12/16;167.30;169.05;165.65;168.25;533478
FR0000120321;15/12/16;168.20;169.70;165.65;167.85;802604
FR0000120321;16/12/16;167.80;170.00;167.05;169.10;1333913
FR0000120321;19/12/16;169.15;170.00;168.60;170.00;484303
FR0000120321;20/12/16;170.00;171.00;169.45;170.90;503395
FR0000120321;21/12/16;170.65;171.25;169.60;170.55;428896
FR0000120321;22/12/16;170.25;171.50;169.70;171.50;331059
FR0000120321;23/12/16;171.70;173.10;171.30;172.55;348012
FR0000120321;27/12/16;172.20;172.90;172.05;172.70;179616
FR0000120321;28/12/16;172.15;172.80;171.40;172.40;367579
FR0000120321;29/12/16;171.90;172.95;171.70;172.60;256725
FR0000120321;30/12/16;172.85;173.40;171.70;173.40;410465
FR0000120404;01/12/16;33.31;33.585;32.94;33.205;1209799
FR0000120404;02/12/16;33.015;33.165;32.64;33.075;993693
FR0000120404;05/12/16;32.925;33.71;32.915;33.54;896268
FR0000120404;06/12/16;33.50;33.915;33.295;33.79;843758
FR0000120404;07/12/16;34.05;35.10;34.01;35.035;1499053
FR0000120404;08/12/16;35.195;35.625;34.645;34.84;1252552
FR0000120404;09/12/16;34.92;35.165;34.435;34.785;1196147
FR0000120404;12/12/16;34.785;34.84;34.445;34.65;912230
FR0000120404;13/12/16;34.59;34.86;34.40;34.745;1189344
FR0000120404;14/12/16;35.00;35.68;34.86;35.51;1484322
FR0000120404;15/12/16;35.655;36.875;35.475;36.77;2809751
FR0000120404;16/12/16;36.725;36.99;36.40;36.97;2597569
FR0000120404;19/12/16;37.025;37.455;36.845;36.88;1045679
FR0000120404;20/12/16;36.80;36.81;35.925;36.32;1515455
FR0000120404;21/12/16;36.285;36.405;35.69;35.89;1244140
FR0000120404;22/12/16;35.96;36.27;35.79;35.885;952232
FR0000120404;23/12/16;35.855;36.06;35.765;36.005;470987
FR0000120404;27/12/16;36.01;36.10;35.875;35.95;243841
FR0000120404;28/12/16;36.025;36.025;35.375;35.40;945104
FR0000120404;29/12/16;35.31;35.67;35.20;35.58;438038
FR0000120404;30/12/16;35.60;35.63;35.235;35.43;412497
FR0000120503;01/12/16;31.95;32.245;31.775;32.195;707189
FR0000120503;02/12/16;32.035;32.10;31.505;31.57;720931
FR0000120503;05/12/16;31.535;32.18;31.435;31.705;835744
FR0000120503;06/12/16;31.75;32.215;31.49;32.205;708747
FR0000120503;07/12/16;32.34;32.905;32.34;32.905;1255303
FR0000120503;08/12/16;32.95;33.275;32.805;33.27;1241617
FR0000120503;09/12/16;33.255;33.50;33.00;33.465;986243
FR0000120503;12/12/16;33.49;33.515;33.22;33.46;771113
FR0000120503;13/12/16;33.36;33.495;33.00;33.275;1103859
FR0000120503;14/12/16;33.20;33.44;33.07;33.39;1068043
FR0000120503;15/12/16;33.39;34.015;33.335;34.015;1004204
FR0000120503;16/12/16;33.90;34.09;33.695;33.85;1587015
FR0000120503;19/12/16;33.845;34.18;33.655;34.10;759965
FR0000120503;20/12/16;34.175;34.435;34.075;34.075;733487
FR0000120503;21/12/16;34.00;34.295;33.88;34.195;608307
FR0000120503;22/12/16;34.145;34.40;34.09;34.14;526953
FR0000120503;23/12/16;34.13;34.53;34.095;34.53;466800
FR0000120503;27/12/16;34.495;34.57;34.26;34.32;290872
FR0000120503;28/12/16;34.30;34.335;33.99;34.00;502889
FR0000120503;29/12/16;33.95;34.15;33.565;34.10;436021
FR0000120503;30/12/16;34.04;34.155;33.95;34.045;286700
FR0000120578;01/12/16;75.91;75.92;74.70;75.16;2938944
FR0000120578;02/12/16;74.64;75.65;73.72;75.30;2626619
FR0000120578;05/12/16;74.98;76.98;74.98;76.06;2647317
FR0000120578;06/12/16;75.55;75.67;74.25;75.55;3449990
FR0000120578;07/12/16;76.14;76.75;74.43;75.10;4789365
FR0000120578;08/12/16;75.18;75.43;74.32;75.08;4148690
FR0000120578;09/12/16;75.32;76.95;75.28;76.33;3045702
FR0000120578;12/12/16;75.95;76.42;75.65;76.40;2651155
FR0000120578;13/12/16;76.41;77.78;76.27;77.47;2962360
FR0000120578;14/12/16;76.24;76.43;75.18;75.45;4709259
FR0000120578;15/12/16;75.77;76.47;75.71;76.00;4088269
FR0000120578;16/12/16;75.69;75.75;73.81;74.39;9900036
FR0000120578;19/12/16;73.90;75.33;73.82;74.86;3064950
FR0000120578;20/12/16;74.96;76.32;74.71;75.67;2708361
FR0000120578;21/12/16;75.20;75.92;75.02;75.20;2208850
FR0000120578;22/12/16;76.00;76.74;75.84;76.08;2228230
FR0000120578;23/12/16;75.91;76.11;75.40;75.86;1658643
FR0000120578;27/12/16;76.06;76.71;75.96;76.22;1176798
FR0000120578;28/12/16;76.22;76.33;75.83;76.15;1367964
FR0000120578;29/12/16;75.73;76.59;75.59;76.21;1052896
FR0000120578;30/12/16;75.96;76.94;75.66;76.90;1986463
FR0000120628;01/12/16;22.22;22.545;22.10;22.41;8334047
FR0000120628;02/12/16;22.27;22.335;21.79;22.22;8300001
FR0000120628;05/12/16;21.94;22.84;21.815;22.775;9873205
FR0000120628;06/12/16;22.875;23.645;22.80;23.44;12140186
FR0000120628;07/12/16;23.80;24.39;23.71;24.38;13631344
FR0000120628;08/12/16;24.10;24.745;23.88;24.365;12381990
FR0000120628;09/12/16;24.36;24.46;23.845;23.945;8708789
FR0000120628;12/12/16;23.985;24.14;23.84;23.99;5891830
FR0000120628;13/12/16;23.90;24.05;23.75;23.95;8319570
FR0000120628;14/12/16;23.84;24.07;23.60;23.67;7595168
FR0000120628;15/12/16;23.72;24.235;23.68;23.98;10568333
FR0000120628;16/12/16;24.07;24.34;23.825;23.99;14355100
FR0000120628;19/12/16;24.00;24.065;23.685;23.75;6083515
FR0000120628;20/12/16;23.74;24.145;23.575;24.07;6203038
FR0000120628;21/12/16;24.02;24.19;23.725;23.995;4627921
FR0000120628;22/12/16;23.92;24.195;23.92;24.065;3974742
FR0000120628;23/12/16;24.185;24.31;23.975;24.05;2740770
FR0000120628;27/12/16;24.045;24.255;24.04;24.165;2249712
FR0000120628;28/12/16;24.115;24.18;23.85;23.995;3993794
FR0000120628;29/12/16;23.815;23.965;23.675;23.82;3185483
FR0000120628;30/12/16;23.805;24.065;23.655;23.985;4432627
FR0000120644;01/12/16;59.20;59.28;58.25;58.50;2099229
FR0000120644;02/12/16;58.25;58.64;57.99;58.39;1789296
FR0000120644;05/12/16;58.33;59.50;58.32;58.61;1644961
FR0000120644;06/12/16;58.74;59.09;58.31;58.75;1459000
FR0000120644;07/12/16;59.00;59.13;58.37;58.90;1471991
FR0000120644;08/12/16;59.19;60.15;59.00;59.99;2436410
FR0000120644;09/12/16;60.13;61.74;60.05;61.32;2508521
FR0000120644;12/12/16;61.39;61.43;60.86;61.02;1355852
FR0000120644;13/12/16;61.00;61.99;61.00;61.83;1548546
FR0000120644;14/12/16;61.66;61.78;61.04;61.58;1344920
FR0000120644;15/12/16;61.31;61.97;60.67;61.31;2338928
FR0000120644;16/12/16;61.18;61.77;61.12;61.24;3916524
FR0000120644;19/12/16;59.50;60.51;59.35;60.40;2980258
FR0000120644;20/12/16;60.17;60.17;59.25;59.71;2206812
FR0000120644;21/12/16;59.43;59.82;59.00;59.00;1849217
FR0000120644;22/12/16;59.00;59.39;58.70;59.08;1365134
FR0000120644;23/12/16;58.92;59.28;58.83;58.87;1059893
FR0000120644;27/12/16;59.01;59.43;58.92;59.31;889600
FR0000120644;28/12/16;59.25;59.33;59.01;59.25;851699
FR0000120644;29/12/16;59.01;59.69;59.01;59.53;612206
FR0000120644;30/12/16;59.69;60.23;59.45;60.20;1249040
FR0000120693;01/12/16;98.48;98.61;95.84;96.56;1018900
FR0000120693;02/12/16;96.00;97.42;95.73;97.20;809348
FR0000120693;05/12/16;97.12;99.00;97.12;97.32;753750
FR0000120693;06/12/16;97.57;98.29;96.63;97.62;569615
FR0000120693;07/12/16;98.16;98.28;97.02;97.92;616695
FR0000120693;08/12/16;98.30;98.67;97.09;98.39;647018
FR0000120693;09/12/16;98.60;101.50;98.59;100.95;756394
FR0000120693;12/12/16;101.15;102.35;100.40;101.55;691302
FR0000120693;13/12/16;101.65;102.25;100.55;101.55;552356
FR0000120693;14/12/16;101.15;101.40;100.30;101.10;446086
FR0000120693;15/12/16;101.25;102.20;100.50;101.35;713826
FR0000120693;16/12/16;101.05;102.55;101.05;102.55;699099
FR0000120693;19/12/16;102.35;103.25;102.15;103.00;591452
FR0000120693;20/12/16;103.20;103.50;102.80;103.15;363801
FR0000120693;21/12/16;102.85;103.05;102.05;102.45;344586
FR0000120693;22/12/16;102.60;102.80;101.95;102.25;282562
FR0000120693;23/12/16;102.30;102.90;101.80;102.05;317034
FR0000120693;27/12/16;102.35;102.80;102.30;102.55;148533
FR0000120693;28/12/16;102.55;102.70;102.05;102.35;197423
FR0000120693;29/12/16;102.00;103.10;102.00;102.70;189613
FR0000120693;30/12/16;102.80;103.45;102.60;102.95;187100
FR0000121014;01/12/16;170.95;172.30;169.55;170.55;893748
FR0000121014;02/12/16;169.35;170.10;168.00;169.15;697129
FR0000121014;05/12/16;169.95;174.40;169.50;171.10;977559
FR0000121014;06/12/16;171.50;173.75;170.60;173.10;826509
FR0000121014;07/12/16;174.65;175.70;173.50;175.70;755390
FR0000121014;08/12/16;176.35;177.70;175.20;176.55;969682
FR0000121014;09/12/16;176.35;177.20;176.00;176.10;642022
FR0000121014;12/12/16;176.10;176.50;174.40;176.15;601333
FR0000121014;13/12/16;178.00;179.00;177.45;177.90;756504
FR0000121014;14/12/16;177.05;178.35;176.25;176.50;605746
FR0000121014;15/12/16;176.60;178.70;175.75;177.75;790036
FR0000121014;16/12/16;177.50;180.20;176.65;179.20;1825151
FR0000121014;19/12/16;179.15;179.55;177.70;179.20;634867
FR0000121014;20/12/16;179.20;180.20;178.20;179.00;554163
FR0000121014;21/12/16;178.80;180.30;178.10;179.60;579824
FR0000121014;22/12/16;179.10;180.20;178.80;179.75;459784
FR0000121014;23/12/16;179.70;180.00;178.80;179.30;310079
FR0000121014;27/12/16;179.70;180.15;178.90;179.95;241836
FR0000121014;28/12/16;180.00;180.95;179.25;180.85;318186
FR0000121014;29/12/16;180.00;180.85;179.05;179.40;396818
FR0000121014;30/12/16;179.50;181.40;178.75;181.40;529540
FR0000121220;01/12/16;102.70;102.95;102.35;102.60;342587
FR0000121220;02/12/16;102.30;102.50;101.60;101.60;491929
FR0000121220;05/12/16;101.05;103.25;101.05;102.90;272378
FR0000121220;06/12/16;102.80;103.10;101.60;102.10;270439
FR0000121220;07/12/16;102.70;103.65;102.25;103.50;205441
FR0000121220;08/12/16;103.90;104.30;103.20;103.30;291065
FR0000121220;09/12/16;103.15;106.30;103.15;106.05;307478
FR0000121220;12/12/16;106.10;106.10;104.95;105.25;191926
FR0000121220;13/12/16;104.90;106.35;104.90;105.80;213662
FR0000121220;14/12/16;105.60;106.45;105.60;105.90;188640
FR0000121220;15/12/16;106.00;106.85;105.40;106.70;252870
FR0000121220;16/12/16;106.35;106.80;105.85;106.05;445926
FR0000121220;19/12/16;106.15;107.55;106.15;107.20;243403
FR0000121220;20/12/16;107.40;107.45;106.25;107.00;188608
FR0000121220;21/12/16;106.95;107.85;106.75;107.45;181021
FR0000121220;22/12/16;107.25;108.05;107.00;108.00;165843
FR0000121220;23/12/16;108.00;108.55;107.75;108.15;101255
FR0000121220;27/12/16;108.10;109.00;108.10;108.80;72898
FR0000121220;28/12/16;109.00;109.00;107.95;108.75;87472
FR0000121220;29/12/16;108.20;109.15;108.20;109.05;94471
FR0000121220;30/12/16;109.20;109.45;108.65;109.20;96893
FR0000121261;01/12/16;100.45;101.20;99.72;100.80;474887
FR0000121261;02/12/16;100.15;101.55;99.61;101.00;424448
FR0000121261;05/12/16;100.45;103.20;100.15;101.25;582102
FR0000121261;06/12/16;101.35;101.95;100.80;101.75;382140
FR0000121261;07/12/16;102.40;104.95;102.40;104.80;626065
FR0000121261;08/12/16;105.20;106.30;104.65;104.85;817283
FR0000121261;09/12/16;104.85;105.85;104.80;105.55;554669
FR0000121261;12/12/16;105.15;105.80;104.40;104.85;446876
FR0000121261;13/12/16;104.15;105.30;103.30;103.60;691987
FR0000121261;14/12/16;103.00;105.05;102.85;104.80;661922
FR0000121261;15/12/16;104.50;105.35;104.20;105.10;513047
FR0000121261;16/12/16;104.90;105.75;104.55;105.10;717272
FR0000121261;19/12/16;104.75;104.90;104.35;104.70;351154
FR0000121261;20/12/16;105.00;106.55;104.70;106.25;490420
FR0000121261;21/12/16;105.95;106.50;105.25;106.05;300725
FR0000121261;22/12/16;105.85;106.45;105.30;105.85;224436
FR0000121261;23/12/16;105.70;106.60;105.70;106.45;149124
FR0000121261;27/12/16;106.35;106.80;105.90;106.25;154392
FR0000121261;28/12/16;106.25;106.40;105.90;106.35;161566
FR0000121261;29/12/16;105.70;105.95;104.80;105.40;207778
FR0000121261;30/12/16;105.25;105.85;104.95;105.70;190865
FR0000121485;01/12/16;204.40;204.40;201.30;202.10;201693
FR0000121485;02/12/16;201.30;202.25;200.55;201.95;155783
FR0000121485;05/12/16;201.75;207.10;201.50;204.80;168249
FR0000121485;06/12/16;205.00;205.45;203.15;204.80;174984
FR0000121485;07/12/16;206.40;208.95;206.20;208.60;186242
FR0000121485;08/12/16;209.80;213.20;209.75;212.95;280504
FR0000121485;09/12/16;213.15;214.80;212.25;212.55;236076
FR0000121485;12/12/16;212.55;212.80;210.40;211.95;250026
FR0000121485;13/12/16;211.55;214.20;210.95;211.40;223051
FR0000121485;14/12/16;210.40;211.65;207.90;208.35;199623
FR0000121485;15/12/16;208.15;210.75;207.60;209.00;203658
FR0000121485;16/12/16;207.05;212.85;206.90;211.90;371562
FR0000121485;19/12/16;211.45;213.10;210.85;212.90;140164
FR0000121485;20/12/16;212.75;214.25;210.75;211.50;159558
FR0000121485;21/12/16;211.30;212.85;211.15;211.90;129714
FR0000121485;22/12/16;211.25;213.70;211.00;213.10;102061
FR0000121485;23/12/16;213.00;213.10;211.30;212.05;54980
FR0000121485;27/12/16;212.50;213.65;212.30;213.15;41576
FR0000121485;28/12/16;212.85;214.50;212.85;214.35;89223
FR0000121485;29/12/16;213.05;214.90;213.00;213.45;58316
FR0000121485;30/12/16;213.05;214.00;212.20;213.30;81651
FR0000121501;01/12/16;13.855;14.085;13.83;14.07;2882811
FR0000121501;02/12/16;13.935;14.055;13.725;13.94;3061464
FR0000121501;05/12/16;13.835;14.37;13.80;14.29;3717558
FR0000121501;06/12/16;14.345;14.555;14.225;14.52;2828092
FR0000121501;07/12/16;14.66;15.175;14.615;15.135;5956330
FR0000121501;08/12/16;15.175;15.75;15.17;15.68;6330181
FR0000121501;09/12/16;15.65;15.71;15.37;15.465;3346739
FR0000121501;12/12/16;15.40;15.585;15.17;15.26;3949320
FR0000121501;13/12/16;15.235;15.425;15.20;15.40;3452844
FR0000121501;14/12/16;15.33;15.81;15.31;15.505;3539676
FR0000121501;15/12/16;15.475;15.81;15.465;15.765;3636014
FR0000121501;16/12/16;15.70;15.99;15.625;15.695;4940707
FR0000121501;19/12/16;15.65;15.87;15.555;15.67;3009453
FR0000121501;20/12/16;15.695;15.87;15.625;15.83;2457149
FR0000121501;21/12/16;15.80;15.94;15.71;15.72;2238828
FR0000121501;22/12/16;15.70;15.87;15.655;15.675;1785819
FR0000121501;23/12/16;15.71;15.89;15.71;15.755;1270835
FR0000121501;27/12/16;15.745;15.87;15.715;15.80;776566
FR0000121501;28/12/16;15.765;15.89;15.73;15.74;1300234
FR0000121501;29/12/16;15.63;15.71;15.485;15.545;1173127
FR0000121501;30/12/16;15.465;15.585;15.37;15.495;1915676
FR0000121667;01/12/16;99.94;100.20;98.59;98.98;807425
FR0000121667;02/12/16;98.50;98.51;97.00;97.97;667806
FR0000121667;05/12/16;97.48;99.56;97.48;99.00;616905
FR0000121667;06/12/16;99.73;100.15;99.18;100.15;596424
FR0000121667;07/12/16;100.65;100.70;99.67;100.35;715513
FR0000121667;08/12/16;100.55;100.70;99.30;100.45;784737
FR0000121667;09/12/16;100.90;104.10;100.90;103.70;804459
FR0000121667;12/12/16;103.75;103.90;101.90;103.15;540329
FR0000121667;13/12/16;103.25;104.75;102.95;104.60;617100
FR0000121667;14/12/16;104.05;104.25;102.95;103.50;507088
FR0000121667;15/12/16;103.90;103.90;102.80;103.55;858688
FR0000121667;16/12/16;103.30;105.55;103.30;105.25;1692041
FR0000121667;19/12/16;105.25;105.75;104.35;105.05;564382
FR0000121667;20/12/16;105.55;106.10;105.15;105.65;374517
FR0000121667;21/12/16;105.55;105.55;104.65;105.35;314728
FR0000121667;22/12/16;105.05;105.35;104.60;105.10;370546
FR0000121667;23/12/16;104.95;105.70;104.75;105.45;276257
FR0000121667;27/12/16;105.95;106.15;105.15;105.85;154795
FR0000121667;28/12/16;105.60;105.95;105.20;105.85;185935
FR0000121667;29/12/16;105.75;106.35;105.50;106.15;231237
FR0000121667;30/12/16;106.35;107.35;106.00;107.35;439158
FR0000121972;01/12/16;62.66;63.01;62.34;62.76;1613080
FR0000121972;02/12/16;62.53;62.73;61.53;62.56;1360726
FR0000121972;05/12/16;62.23;63.85;61.99;63.65;1625721
FR0000121972;06/12/16;64.08;64.17;63.54;64.08;1499655
FR0000121972;07/12/16;64.65;65.13;64.37;64.76;2097753
FR0000121972;08/12/16;65.00;65.12;64.15;64.93;1436015
FR0000121972;09/12/16;65.08;65.17;64.53;65.06;1044030
FR0000121972;12/12/16;64.90;65.27;64.76;64.79;1240558
FR0000121972;13/12/16;64.90;65.34;64.56;65.00;1519430
FR0000121972;14/12/16;64.92;65.46;64.84;64.87;1615168
FR0000121972;15/12/16;65.03;66.05;64.78;65.26;1637196
FR0000121972;16/12/16;65.26;66.63;65.11;65.72;2859284
FR0000121972;19/12/16;65.72;65.93;65.36;65.45;1192790
FR0000121972;20/12/16;65.51;65.61;65.14;65.56;1180366
FR0000121972;21/12/16;65.47;65.84;65.23;65.46;747568
FR0000121972;22/12/16;65.40;65.56;65.01;65.22;729678
FR0000121972;23/12/16;65.39;65.60;65.08;65.15;536412
FR0000121972;27/12/16;65.17;65.49;65.08;65.42;407508
FR0000121972;28/12/16;65.29;65.71;65.28;65.61;522243
FR0000121972;29/12/16;65.37;65.45;65.07;65.30;455671
FR0000121972;30/12/16;65.38;66.13;65.09;66.11;1096533
FR0000124141;01/12/16;16.23;16.235;15.635;15.735;4639105
FR0000124141;02/12/16;15.74;15.74;15.545;15.625;3504306
FR0000124141;05/12/16;15.62;15.805;15.45;15.47;3201333
FR0000124141;06/12/16;15.525;15.845;15.525;15.825;2734352
FR0000124141;07/12/16;15.675;15.755;15.395;15.565;4921605
FR0000124141;08/12/16;15.625;15.78;15.425;15.65;4234167
FR0000124141;09/12/16;15.68;16.01;15.635;15.885;3868323
FR0000124141;12/12/16;15.90;15.98;15.74;15.98;2911423
FR0000124141;13/12/16;15.925;16.05;15.875;16.04;3327551
FR0000124141;14/12/16;15.925;15.965;15.45;15.60;5326653
FR0000124141;15/12/16;15.59;15.73;15.215;15.67;4813007
FR0000124141;16/12/16;15.63;15.69;15.52;15.605;4753575
FR0000124141;19/12/16;15.615;15.79;15.585;15.74;2793410
FR0000124141;20/12/16;15.835;16.125;15.80;16.075;4084325
FR0000124141;21/12/16;16.095;16.095;15.955;16.045;2197092
FR0000124141;22/12/16;16.00;16.015;15.805;15.905;2121955
FR0000124141;23/12/16;15.835;15.945;15.79;15.945;1975583
FR0000124141;27/12/16;15.965;16.19;15.92;16.075;1469969
FR0000124141;28/12/16;16.105;16.155;15.965;16.02;1259720
FR0000124141;29/12/16;16.005;16.095;15.91;16.095;979755
FR0000124141;30/12/16;16.12;16.20;16.015;16.175;1606142
FR0000124711;01/12/16;207.00;207.45;203.50;203.70;407736
FR0000124711;02/12/16;205.00;209.05;203.10;205.50;546997
FR0000124711;05/12/16;204.25;208.60;203.40;204.85;371768
FR0000124711;06/12/16;206.45;208.00;205.60;207.40;384250
FR0000124711;07/12/16;208.25;211.50;208.25;209.70;404597
FR0000124711;08/12/16;210.55;212.20;207.85;210.15;517993
FR0000124711;09/12/16;210.50;217.55;210.50;216.45;484353
FR0000124711;12/12/16;215.70;216.05;209.55;211.70;390256
FR0000124711;13/12/16;212.00;216.50;212.00;216.40;376826
FR0000124711;14/12/16;215.15;216.75;214.25;215.50;355485
FR0000124711;15/12/16;214.50;215.00;211.55;213.75;463910
FR0000124711;16/12/16;213.00;217.65;212.95;216.80;809254
FR0000124711;19/12/16;218.30;221.45;217.65;220.50;335496
FR0000124711;20/12/16;220.50;222.70;219.85;221.85;297217
FR0000124711;21/12/16;221.30;222.00;219.70;222.00;210816
FR0000124711;22/12/16;221.95;222.45;220.30;221.50;226533
FR0000124711;23/12/16;221.25;222.90;220.75;221.55;143313
FR0000124711;27/12/16;222.55;223.25;221.20;222.90;93615
FR0000124711;28/12/16;223.35;223.35;219.70;220.20;153578
FR0000124711;29/12/16;219.85;223.30;219.35;223.20;194808
FR0000124711;30/12/16;223.85;226.75;222.75;226.75;261076
FR0000125007;01/12/16;40.785;40.90;40.29;40.68;1374780
FR0000125007;02/12/16;40.505;40.505;39.815;40.23;1255567
FR0000125007;05/12/16;40.005;40.925;39.865;40.79;1200525
FR0000125007;06/12/16;40.805;41.435;40.23;41.325;1450894
FR0000125007;07/12/16;41.995;42.48;41.745;42.48;2129445
FR0000125007;08/12/16;42.50;43.135;42.335;42.835;2198164
FR0000125007;09/12/16;42.895;43.07;42.59;42.695;1450429
FR0000125007;12/12/16;42.625;42.75;42.30;42.49;1440240
FR0000125007;13/12/16;42.465;43.035;42.325;42.985;1636019
FR0000125007;14/12/16;43.33;43.875;43.255;43.345;2412267
FR0000125007;15/12/16;43.495;43.875;43.195;43.695;1920810
FR0000125007;16/12/16;43.59;44.00;43.24;43.425;3577161
FR0000125007;19/12/16;43.49;43.83;43.28;43.50;1299558
FR0000125007;20/12/16;43.655;43.66;43.205;43.63;1667002
FR0000125007;21/12/16;43.50;43.745;43.37;43.645;889622
FR0000125007;22/12/16;43.73;43.835;43.505;43.64;1133954
FR0000125007;23/12/16;43.63;43.715;43.415;43.695;580440
FR0000125007;27/12/16;43.62;43.91;43.47;43.705;672298
FR0000125007;28/12/16;43.765;43.875;43.635;43.795;711021
FR0000125007;29/12/16;43.585;43.965;43.55;43.965;663071
FR0000125007;30/12/16;43.925;44.255;43.74;44.255;1180280
FR0000125338;01/12/16;74.10;74.36;72.63;72.98;914085
FR0000125338;02/12/16;72.40;73.08;71.45;72.65;764144
FR0000125338;05/12/16;73.07;74.00;72.64;73.44;483080
FR0000125338;06/12/16;73.72;73.72;72.69;73.58;679766
FR0000125338;07/12/16;74.13;75.43;73.96;75.43;931639
FR0000125338;08/12/16;76.38;77.00;75.75;76.09;1060666
FR0000125338;09/12/16;76.23;77.11;76.18;76.80;888135
FR0000125338;12/12/16;77.06;77.30;76.29;76.53;803262
FR0000125338;13/12/16;76.31;76.58;75.64;76.39;799084
FR0000125338;14/12/16;75.91;76.67;75.68;76.50;887791
FR0000125338;15/12/16;76.78;78.50;76.69;78.01;1023255
FR0000125338;16/12/16;77.95;78.90;77.82;78.61;958102
FR0000125338;19/12/16;78.50;79.63;78.50;79.22;627153
FR0000125338;20/12/16;79.20;79.89;79.09;79.54;547906
FR0000125338;21/12/16;79.50;80.46;79.11;79.67;826893
FR0000125338;22/12/16;79.47;79.51;78.55;78.98;577733
FR0000125338;23/12/16;79.09;80.54;79.09;80.36;449939
FR0000125338;27/12/16;80.22;80.81;80.07;80.45;232056
FR0000125338;28/12/16;80.50;80.60;80.01;80.08;320689
FR0000125338;29/12/16;79.84;80.79;79.77;80.71;267513
FR0000125338;30/12/16;80.65;80.71;80.15;80.15;286157
FR0000125486;01/12/16;61.08;61.25;60.26;60.57;1693725
FR0000125486;02/12/16;60.51;60.55;59.76;60.34;1240931
FR0000125486;05/12/16;60.14;61.29;60.10;60.52;1308363
FR0000125486;06/12/16;60.79;61.57;60.32;61.51;1299681
FR0000125486;07/12/16;62.05;62.25;61.42;61.85;1411844
FR0000125486;08/12/16;62.26;62.68;61.74;62.33;1916467
FR0000125486;09/12/16;62.43;62.98;62.26;62.38;1506587
FR0000125486;12/12/16;62.72;62.98;62.01;62.96;1691427
FR0000125486;13/12/16;63.00;64.11;62.85;64.04;2070441
FR0000125486;14/12/16;63.66;63.66;62.77;63.34;1701022
FR0000125486;15/12/16;63.50;63.84;63.07;63.80;2011045
FR0000125486;16/12/16;63.95;64.95;63.84;64.27;3461423
FR0000125486;19/12/16;64.27;64.66;64.02;64.56;1219364
FR0000125486;20/12/16;64.57;64.57;64.08;64.32;1254873
FR0000125486;21/12/16;64.27;64.60;64.06;64.22;973473
FR0000125486;22/12/16;64.72;64.72;64.13;64.28;1139451
FR0000125486;23/12/16;64.21;64.64;64.21;64.48;668989
FR0000125486;27/12/16;64.62;64.79;64.38;64.53;438164
FR0000125486;28/12/16;64.46;64.57;64.15;64.19;762233
FR0000125486;29/12/16;64.07;64.52;64.00;64.39;540175
FR0000125486;30/12/16;64.56;64.70;64.03;64.70;963937
FR0000127771;01/12/16;17.96;18.09;17.82;17.99;3203216
FR0000127771;02/12/16;17.855;17.86;17.47;17.62;3910465
FR0000127771;05/12/16;17.565;17.885;17.47;17.66;2927692
FR0000127771;06/12/16;17.74;17.90;17.605;17.90;3369504
FR0000127771;07/12/16;18.025;18.045;17.77;17.835;3230792
FR0000127771;08/12/16;17.75;17.89;17.655;17.735;4262069
FR0000127771;09/12/16;17.85;18.96;17.85;18.885;8665852
FR0000127771;12/12/16;18.80;18.85;18.415;18.495;3812708
FR0000127771;13/12/16;18.10;18.65;17.965;18.55;5183796
FR0000127771;14/12/16;18.485;18.55;18.08;18.08;5007128
FR0000127771;15/12/16;18.075;18.30;18.04;18.20;4241939
FR0000127771;16/12/16;18.14;18.295;18.085;18.18;13552785
FR0000127771;19/12/16;18.075;18.315;18.04;18.245;2579351
FR0000127771;20/12/16;18.225;18.515;18.07;18.375;3622953
FR0000127771;21/12/16;18.415;18.58;18.32;18.325;2201742
FR0000127771;22/12/16;18.27;18.35;17.855;17.855;3560591
FR0000127771;23/12/16;17.94;18.03;17.73;17.73;2012634
FR0000127771;27/12/16;17.70;17.855;17.65;17.855;1411372
FR0000127771;28/12/16;17.86;17.915;17.80;17.905;1844651
FR0000127771;29/12/16;17.87;18.035;17.82;18.00;1610928
FR0000127771;30/12/16;17.95;18.07;17.81;18.055;2243150
FR0000130577;01/12/16;61.01;61.45;60.56;60.69;596901
FR0000130577;02/12/16;60.46;60.83;60.00;60.25;657225
FR0000130577;05/12/16;60.12;61.25;60.00;60.69;444888
FR0000130577;06/12/16;60.86;61.62;60.51;61.61;493052
FR0000130577;07/12/16;60.93;60.93;59.96;60.24;1029538
FR0000130577;08/12/16;60.41;61.36;60.41;61.08;932563
FR0000130577;09/12/16;61.24;63.74;61.24;63.74;983213
FR0000130577;12/12/16;63.59;63.72;63.10;63.39;665560
FR0000130577;13/12/16;63.44;64.57;63.23;64.50;706601
FR0000130577;14/12/16;64.25;65.10;64.25;64.51;766549
FR0000130577;15/12/16;64.44;64.97;64.17;64.80;616350
FR0000130577;16/12/16;64.56;64.99;64.00;64.23;915306
FR0000130577;19/12/16;63.82;64.07;63.23;64.07;773548
FR0000130577;20/12/16;64.25;64.88;64.25;64.77;597100
FR0000130577;21/12/16;64.51;65.51;64.50;65.48;434306
FR0000130577;22/12/16;65.50;65.50;64.83;65.13;342217
FR0000130577;23/12/16;65.30;65.85;65.12;65.46;219763
FR0000130577;27/12/16;65.70;65.86;65.41;65.71;125942
FR0000130577;28/12/16;65.58;65.76;65.35;65.57;256764
FR0000130577;29/12/16;65.25;65.91;65.25;65.73;198678
FR0000130577;30/12/16;65.64;65.81;65.30;65.55;206983
FR0000130809;01/12/16;40.52;41.175;40.295;40.97;4217716
FR0000130809;02/12/16;40.72;40.97;39.95;40.21;4495429
FR0000130809;05/12/16;39.685;41.295;39.50;40.90;4558333
FR0000130809;06/12/16;41.30;43.665;41.30;43.255;8681160
FR0000130809;07/12/16;44.06;44.865;43.85;44.865;7152200
FR0000130809;08/12/16;44.965;46.98;44.645;46.86;9270024
FR0000130809;09/12/16;46.70;46.975;46.03;46.36;6171352
FR0000130809;12/12/16;46.385;47.18;46.055;46.055;4740387
FR0000130809;13/12/16;45.78;46.945;45.385;46.55;5115321
FR0000130809;14/12/16;46.60;47.24;45.84;45.93;4137170
FR0000130809;15/12/16;46.55;47.79;46.385;47.50;6664654
FR0000130809;16/12/16;47.235;47.90;46.885;46.955;7743713
FR0000130809;19/12/16;46.79;47.02;46.335;46.43;2705644
FR0000130809;20/12/16;46.50;47.14;46.27;46.985;3150044
FR0000130809;21/12/16;46.93;47.365;46.495;46.84;2675458
FR0000130809;22/12/16;46.75;47.16;46.605;46.885;2093429
FR0000130809;23/12/16;47.14;47.31;46.64;46.81;1733250
FR0000130809;27/12/16;46.72;47.08;46.50;46.81;898558
FR0000130809;28/12/16;46.90;47.05;46.565;46.74;1573064
FR0000130809;29/12/16;46.33;46.58;46.25;46.355;1329287
FR0000130809;30/12/16;46.305;46.88;46.16;46.745;1916736
FR0000131104;01/12/16;54.68;55.90;54.57;55.90;4231297
FR0000131104;02/12/16;55.50;55.66;54.31;54.59;3954371
FR0000131104;05/12/16;54.08;55.75;53.78;55.30;5112389
FR0000131104;06/12/16;54.92;58.49;54.87;58.15;7167999
FR0000131104;07/12/16;59.21;60.23;58.67;59.46;6624205
FR0000131104;08/12/16;59.45;61.66;58.92;60.61;7038460
FR0000131104;09/12/16;60.60;60.88;59.65;60.00;4746014
FR0000131104;12/12/16;60.00;60.57;59.09;59.21;4261340
FR0000131104;13/12/16;58.79;60.30;58.00;59.73;4297010
FR0000131104;14/12/16;59.32;60.29;58.58;58.59;4813554
FR0000131104;15/12/16;58.99;62.00;58.90;61.70;6876754
FR0000131104;16/12/16;61.50;62.00;60.96;60.96;7851503
FR0000131104;19/12/16;60.78;61.00;60.19;60.50;2991202
FR0000131104;20/12/16;60.57;61.47;60.31;61.47;2986537
FR0000131104;21/12/16;61.44;61.89;60.69;61.21;2459596
FR0000131104;22/12/16;60.93;61.92;60.93;61.58;2029868
FR0000131104;23/12/16;61.70;62.00;60.89;61.17;1820720
FR0000131104;27/12/16;60.60;60.95;60.51;60.68;1269821
FR0000131104;28/12/16;60.67;60.90;60.26;60.65;1464169
FR0000131104;29/12/16;60.23;60.46;59.64;59.85;1523556
FR0000131104;30/12/16;59.81;60.64;59.56;60.55;2143675
FR0000131906;01/12/16;75.29;76.40;75.10;75.61;1108466
FR0000131906;02/12/16;74.98;74.98;73.69;74.28;661457
FR0000131906;05/12/16;73.86;76.98;73.67;76.29;1035999
FR0000131906;06/12/16;76.30;78.76;76.30;78.06;1311442
FR0000131906;07/12/16;78.79;80.11;78.23;80.10;1286816
FR0000131906;08/12/16;80.30;82.61;80.30;82.31;1383125
FR0000131906;09/12/16;82.15;82.81;81.13;81.43;796082
FR0000131906;12/12/16;81.38;81.86;80.44;80.93;723552
FR0000131906;13/12/16;80.81;82.81;80.81;82.14;847637
FR0000131906;14/12/16;81.98;83.75;81.77;82.93;1037464
FR0000131906;15/12/16;83.20;84.51;83.06;84.07;1310568
FR0000131906;16/12/16;84.13;85.68;84.02;85.25;1193984
FR0000131906;19/12/16;85.00;85.94;84.70;85.06;690414
FR0000131906;20/12/16;85.20;86.52;85.05;85.95;669211
FR0000131906;21/12/16;85.81;86.58;85.63;85.80;513686
FR0000131906;22/12/16;85.77;86.15;85.16;85.35;499481
FR0000131906;23/12/16;85.17;86.10;85.06;85.29;317646
FR0000131906;27/12/16;85.07;85.90;85.02;85.34;236319
FR0000131906;28/12/16;85.29;85.64;85.02;85.13;226969
FR0000131906;29/12/16;84.74;84.89;84.04;84.34;329911
FR0000131906;30/12/16;84.06;84.78;83.84;84.51;273386
FR0000133308;01/12/16;13.70;13.765;13.58;13.63;6247595
FR0000133308;02/12/16;13.495;13.495;13.325;13.40;8884062
FR0000133308;05/12/16;13.135;13.51;13.09;13.24;8605337
FR0000133308;06/12/16;13.17;13.475;13.17;13.425;6930457
FR0000133308;07/12/16;13.53;13.55;13.335;13.49;8822865
FR0000133308;08/12/16;13.55;13.89;13.525;13.735;9894792
FR0000133308;09/12/16;13.735;13.78;13.47;13.50;12002990
FR0000133308;12/12/16;13.525;13.56;13.445;13.515;5216369
FR0000133308;13/12/16;13.52;13.78;13.515;13.77;8123219
FR0000133308;14/12/16;13.70;13.875;13.655;13.86;7272858
FR0000133308;15/12/16;13.81;13.865;13.675;13.715;9884458
FR0000133308;16/12/16;13.77;14.075;13.75;14.00;23130362
FR0000133308;19/12/16;14.00;14.24;13.965;14.21;7573084
FR0000133308;20/12/16;14.25;14.41;14.175;14.215;5482833
FR0000133308;21/12/16;14.20;14.29;14.12;14.19;4412254
FR0000133308;22/12/16;14.19;14.245;14.095;14.135;4762652
FR0000133308;23/12/16;14.21;14.345;14.165;14.29;3104952
FR0000133308;27/12/16;14.305;14.365;14.20;14.275;2094445
FR0000133308;28/12/16;14.25;14.265;14.175;14.22;2698314
FR0000133308;29/12/16;14.175;14.445;14.16;14.375;3132063
FR0000133308;30/12/16;14.40;14.445;14.30;14.435;3594089
FR0010208488;01/12/16;11.605;11.62;11.49;11.585;7037118
FR0010208488;02/12/16;11.58;11.62;11.46;11.535;6250665
FR0010208488;05/12/16;11.52;11.70;11.475;11.52;5570599
FR0010208488;06/12/16;11.75;11.95;11.705;11.855;8460633
FR0010208488;07/12/16;11.945;11.95;11.76;11.92;6690752
FR0010208488;08/12/16;11.95;12.005;11.81;11.945;6696887
FR0010208488;09/12/16;11.95;11.98;11.865;11.935;5661525
FR0010208488;12/12/16;11.985;11.995;11.905;11.975;5379737
FR0010208488;13/12/16;11.91;12.215;11.74;12.20;8888997
FR0010208488;14/12/16;12.10;12.10;11.955;12.03;8066621
FR0010208488;15/12/16;11.93;12.03;11.715;11.99;9767307
FR0010208488;16/12/16;11.97;12.125;11.885;12.125;17958749
FR0010208488;19/12/16;12.125;12.25;12.11;12.245;3920367
FR0010208488;20/12/16;12.295;12.35;12.205;12.335;4805598
FR0010208488;21/12/16;12.335;12.335;12.185;12.26;3362254
FR0010208488;22/12/16;12.175;12.20;12.065;12.135;4210204
FR0010208488;23/12/16;12.10;12.15;11.985;12.045;4557573
FR0010208488;27/12/16;12.045;12.095;11.99;12.07;2677993
FR0010208488;28/12/16;12.08;12.15;12.035;12.11;3123917
FR0010208488;29/12/16;12.055;12.15;11.985;12.14;2618846
FR0010208488;30/12/16;12.145;12.17;12.035;12.12;4028956
FR0010307819;01/12/16;52.64;52.65;51.87;52.42;592923
FR0010307819;02/12/16;52.24;52.24;51.35;52.03;670498
FR0010307819;05/12/16;51.58;52.61;51.53;52.20;764411
FR0010307819;06/12/16;52.45;52.63;51.92;52.07;682530
FR0010307819;07/12/16;52.56;52.98;52.02;52.65;884264
FR0010307819;08/12/16;52.99;53.00;52.17;52.30;820956
FR0010307819;09/12/16;52.20;52.38;51.94;52.29;851784
FR0010307819;12/12/16;52.41;53.27;52.16;52.90;872308
FR0010307819;13/12/16;53.08;53.71;52.91;53.36;534669
FR0010307819;14/12/16;53.33;53.47;53.01;53.27;644627
FR0010307819;15/12/16;53.44;53.61;52.84;53.15;534508
FR0010307819;16/12/16;53.10;53.47;52.88;53.20;834606
FR0010307819;19/12/16;53.22;53.37;53.01;53.16;377230
FR0010307819;20/12/16;53.37;53.84;53.11;53.77;624677
FR0010307819;21/12/16;53.67;53.86;53.15;53.63;454305
FR0010307819;22/12/16;53.68;54.03;53.55;53.89;370530
FR0010307819;23/12/16;53.97;54.22;53.87;54.02;385292
FR0010307819;27/12/16;54.00;54.30;53.94;54.12;324758
FR0010307819;28/12/16;54.01;54.17;53.96;54.00;340324
FR0010307819;29/12/16;53.75;54.00;53.75;53.95;192021
FR0010307819;30/12/16;53.98;54.06;53.77;53.95;193889
FR0013176526;01/12/16;52.25;52.65;51.78;52.55;789452
FR0013176526;02/12/16;52.02;52.47;51.30;52.20;746103
FR0013176526;05/12/16;51.92;53.25;51.73;52.99;783323
FR0013176526;06/12/16;52.67;52.84;51.83;52.70;1014549
FR0013176526;07/12/16;53.02;54.91;53.02;54.63;1156018
FR0013176526;08/12/16;54.82;56.27;54.70;56.24;1186825
FR0013176526;09/12/16;56.21;56.47;55.67;55.76;756162
FR0013176526;12/12/16;55.65;55.81;54.85;54.95;712532
FR0013176526;13/12/16;54.84;55.58;54.84;55.05;642337
FR0013176526;14/12/16;54.76;55.39;54.61;54.82;597578
FR0013176526;15/12/16;54.82;55.51;54.79;54.94;837817
FR0013176526;16/12/16;54.91;55.64;54.70;55.52;973226
FR0013176526;19/12/16;55.52;55.61;54.42;54.82;617501
FR0013176526;20/12/16;55.01;55.25;54.45;54.72;564821
FR0013176526;21/12/16;54.53;55.20;54.27;54.75;502458
FR0013176526;22/12/16;54.92;55.22;54.54;54.91;501918
FR0013176526;23/12/16;54.86;55.07;54.44;54.95;351342
FR0013176526;27/12/16;54.91;55.17;54.91;55.01;164305
FR0013176526;28/12/16;54.92;55.09;54.77;54.89;271063
FR0013176526;29/12/16;54.50;54.67;54.05;54.09;359378
FR0013176526;30/12/16;54.01;54.79;53.85;54.61;333995
GB00BDSFG982;01/12/16;32.825;33.445;32.19;33.125;2630604
GB00BDSFG982;02/12/16;32.56;33.50;32.43;33.455;2541836
GB00BDSFG982;05/12/16;33.20;34.02;33.125;33.985;1549226
GB00BDSFG982;06/12/16;33.865;33.865;33.40;33.63;2087070
GB00BDSFG982;07/12/16;33.75;33.825;33.22;33.55;2053158
GB00BDSFG982;08/12/16;33.40;33.525;33.055;33.46;2118630
GB00BDSFG982;09/12/16;33.575;33.97;33.145;33.525;1850864
GB00BDSFG982;12/12/16;33.945;34.725;33.875;34.35;2165544
GB00BDSFG982;13/12/16;34.25;34.25;33.42;33.45;1689214
GB00BDSFG982;14/12/16;33.44;33.685;33.17;33.33;1676016
GB00BDSFG982;15/12/16;33.275;33.805;32.525;33.455;2202626
GB00BDSFG982;16/12/16;33.665;33.845;33.28;33.29;2346780
GB00BDSFG982;19/12/16;33.30;33.415;33.065;33.065;1050774
GB00BDSFG982;20/12/16;33.125;33.87;33.055;33.82;1080632
GB00BDSFG982;21/12/16;33.515;33.83;33.215;33.445;1123696
GB00BDSFG982;22/12/16;33.25;34.025;33.03;34.025;1166460
GB00BDSFG982;23/12/16;33.93;33.975;33.465;33.925;690084
GB00BDSFG982;27/12/16;33.925;34.14;33.705;34.10;697002
GB00BDSFG982;28/12/16;34.00;34.695;33.955;34.365;809202
GB00BDSFG982;29/12/16;34.005;34.305;33.81;33.94;673060
GB00BDSFG982;30/12/16;34.00;34.145;33.765;33.905;450094
LU1598757687;01/12/16;21.69;21.927;21.45;21.786;7229456
LU1598757687;02/12/16;21.531;21.789;21.261;21.513;5898431
LU1598757687;05/12/16;21.804;22.635;21.762;22.569;7752042
LU1598757687;06/12/16;22.773;22.818;22.245;22.527;6529394
LU1598757687;07/12/16;23.07;23.73;22.95;23.649;9418818
LU1598757687;08/12/16;24.00;24.78;23.865;24.426;11612799
LU1598757687;09/12/16;24.24;24.312;23.043;23.043;8460168
LU1598757687;12/12/16;23.163;23.769;23.106;23.127;6701010
LU1598757687;13/12/16;23.10;23.106;22.197;22.35;7302777
LU1598757687;14/12/16;22.50;22.854;22.089;22.74;5997701
LU1598757687;15/12/16;22.776;22.878;21.924;22.371;8762277
LU1598757687;16/12/16;22.68;22.725;22.191;22.371;7886043
LU1598757687;19/12/16;21.81;21.909;21.204;21.33;9001998
LU1598757687;20/12/16;21.123;21.852;20.88;21.786;6006692
LU1598757687;21/12/16;21.96;22.182;21.636;21.927;4281093
LU1598757687;22/12/16;21.801;21.816;21.30;21.402;3800206
LU1598757687;23/12/16;21.387;21.387;21.057;21.258;3105234
LU1598757687;27/12/16;21.057;21.216;20.868;21.201;2906329
LU1598757687;28/12/16;21.246;21.81;21.186;21.591;4734599
LU1598757687;29/12/16;21.435;21.486;20.967;21.138;4409327
LU1598757687;30/12/16;21.105;21.345;20.97;21.048;2800475
NL0000226223;01/12/16;9.65;9.70;9.326;9.391;2824652
NL0000226223;02/12/16;9.236;9.358;9.095;9.299;2190561
NL0000226223;05/12/16;9.299;9.613;9.242;9.564;2100122
NL0000226223;06/12/16;9.588;9.729;9.498;9.671;1922249
NL0000226223;07/12/16;9.761;9.84;9.579;9.671;2266079
NL0000226223;08/12/16;9.748;10.13;9.61;10.13;3520997
NL0000226223;09/12/16;10.125;10.325;9.969;9.981;3353306
NL0000226223;12/12/16;9.98;10.06;9.848;9.871;1625796
NL0000226223;13/12/16;9.845;10.12;9.836;10.095;1708004
NL0000226223;14/12/16;10.055;10.185;9.999;10.07;3183540
NL0000226223;15/12/16;10.09;10.325;10.005;10.215;2367146
NL0000226223;16/12/16;10.265;10.525;10.235;10.43;4329694
NL0000226223;19/12/16;10.35;10.59;10.32;10.475;2596160
NL0000226223;20/12/16;10.52;10.69;10.505;10.645;2175576
NL0000226223;21/12/16;10.635;10.745;10.555;10.72;1355336
NL0000226223;22/12/16;10.74;10.805;10.54;10.615;1620974
NL0000226223;23/12/16;10.62;10.745;10.59;10.745;761645
NL0000226223;27/12/16;10.785;10.84;10.70;10.84;531310
NL0000226223;28/12/16;10.87;10.90;10.74;10.795;1105813
NL0000226223;29/12/16;10.77;10.80;10.65;10.70;988400
NL0000226223;30/12/16;10.70;10.875;10.695;10.775;846332
NL0000235190;01/12/16;60.26;60.45;59.75;60.05;2137738
NL0000235190;02/12/16;59.74;59.94;58.73;58.99;2624607
NL0000235190;05/12/16;58.80;60.60;58.80;59.88;1911000
NL0000235190;06/12/16;60.20;60.20;58.96;59.40;2135187
NL0000235190;07/12/16;60.08;60.26;58.17;58.58;2950648
NL0000235190;08/12/16;59.32;59.72;58.09;59.32;2590346
NL0000235190;09/12/16;59.29;59.63;58.73;59.58;1926839
NL0000235190;12/12/16;59.70;60.61;59.46;60.45;2140698
NL0000235190;13/12/16;60.50;62.90;60.33;62.85;3806669
NL0000235190;14/12/16;62.47;62.72;61.99;62.40;2011188
NL0000235190;15/12/16;62.75;64.29;62.75;64.10;3946033
NL0000235190;16/12/16;63.88;64.98;63.53;64.18;5086102
NL0000235190;19/12/16;64.17;64.29;62.98;63.25;1977850
NL0000235190;20/12/16;63.20;63.99;62.57;63.84;2101962
NL0000235190;21/12/16;63.56;64.14;62.72;63.00;1695783
NL0000235190;22/12/16;62.45;62.88;61.94;62.72;1758530
NL0000235190;23/12/16;62.84;63.03;62.44;62.90;775843
NL0000235190;27/12/16;62.90;63.05;62.32;62.92;500179
NL0000235190;28/12/16;62.69;63.03;62.45;62.72;881555
NL0000235190;29/12/16;62.55;62.56;62.01;62.36;803596
NL0000235190;30/12/16;62.43;62.84;61.73;62.84;1215943
