BE0003470755;01/03/18;113.00;113.55;111.05;111.50;397113
BE0003470755;02/03/18;111.20;111.40;108.95;109.55;412716
BE0003470755;05/03/18;109.25;111.60;109.25;111.60;319281
CH0012214059;01/03/18;48.56;48.56;47.33;47.82;236273
CH0012214059;02/03/18;46.14;46.35;43.68;44.06;638332
CH0012214059;05/03/18;44.29;45.65;44.06;45.47;318440
FR0000045072;01/03/18;14.10;14.13;13.90;14.035;4884982
FR0000045072;02/03/18;13.915;13.935;13.58;13.70;8938087
FR0000045072;05/03/18;13.645;13.775;13.50;13.55;6372830
FR0000051732;01/03/18;108.55;109.25;106.90;107.05;382544
FR0000051732;02/03/18;106.05;106.40;103.65;104.40;756556
FR0000051732;05/03/18;104.60;107.45;104.40;107.25;424544
FR0000073272;01/03/18;90.68;90.70;88.84;88.96;1091220
FR0000073272;02/03/18;88.12;88.14;84.36;84.84;1605520
FR0000073272;05/03/18;84.76;86.14;84.76;85.34;1103752
FR0000120073;01/03/18;102.80;103.30;101.40;101.65;1412714
FR0000120073;02/03/18;100.80;101.35;99.36;99.62;1338427
FR0000120073;05/03/18;99.44;101.05;99.38;100.75;1084128
FR0000120172;01/03/18;18.12;18.30;17.35;17.81;11741814
FR0000120172;02/03/18;17.615;17.755;17.28;17.395;4701894
FR0000120172;05/03/18;17.43;17.695;17.375;17.48;3228937
FR0000120271;01/03/18;46.63;46.83;46.115;46.41;6723051
FR0000120271;02/03/18;46.15;46.275;45.26;45.50;7026769
FR0000120271;05/03/18;45.445;46.16;45.40;45.95;5349417
FR0000120321;01/03/18;176.55;176.95;172.75;173.30;773820
FR0000120321;02/03/18;172.80;173.55;170.70;171.10;737027
FR0000120321;05/03/18;171.20;175.40;170.50;174.95;574030
FR0000120404;01/03/18;47.00;47.16;45.84;46.06;2063815
FR0000120404;02/03/18;45.77;45.90;45.21;45.43;1142069
FR0000120404;05/03/18;45.40;45.95;45.21;45.54;970447
FR0000120503;01/03/18;41.53;41.66;40.93;40.99;744258
FR0000120503;02/03/18;40.73;40.76;40.11;40.20;896032
FR0000120503;05/03/18;40.20;40.64;40.17;40.53;663799
FR0000120578;01/03/18;64.94;65.26;64.32;64.65;2974078
FR0000120578;02/03/18;64.08;64.24;63.28;63.40;2617608
FR0000120578;05/03/18;63.26;64.68;63.13;64.50;3261975
FR0000120628;01/03/18;25.795;25.945;25.46;25.79;8940154
FR0000120628;02/03/18;25.60;25.66;24.875;25.05;9520060
FR0000120628;05/03/18;23.55;23.875;22.55;22.62;37544898
FR0000120644;01/03/18;65.56;65.93;64.80;65.24;1777490
FR0000120644;02/03/18;64.99;65.30;63.51;63.77;2353702
FR0000120644;05/03/18;63.89;64.89;63.74;64.86;1670043
FR0000120693;01/03/18;134.65;135.30;132.40;133.15;552484
FR0000120693;02/03/18;132.50;133.25;130.00;130.45;619369
FR0000120693;05/03/18;130.45;131.35;130.00;131.10;457928
FR0000121014;01/03/18;246.00;246.45;241.65;244.10;649330
FR0000121014;02/03/18;241.75;242.40;238.00;238.75;807006
FR0000121014;05/03/18;238.45;241.75;237.55;240.75;519966
FR0000121220;01/03/18;100.60;101.20;99.16;99.96;400438
FR0000121220;02/03/18;99.52;99.60;98.90;99.28;455908
FR0000121220;05/03/18;99.14;100.40;99.00;100.20;260544
FR0000121261;01/03/18;126.70;127.55;124.10;124.25;625618
FR0000121261;02/03/18;123.50;124.10;121.60;122.05;589185
FR0000121261;05/03/18;121.40;123.95;120.40;122.65;782799
FR0000121485;01/03/18;389.80;391.90;383.80;384.50;211438
FR0000121485;02/03/18;381.30;382.80;373.20;375.20;246505
FR0000121485;05/03/18;375.10;383.60;374.70;382.70;158630
FR0000121501;01/03/18;19.45;20.15;19.08;19.45;10170693
FR0000121501;02/03/18;19.465;19.555;18.87;19.06;5873241
FR0000121501;05/03/18;18.92;19.49;18.88;19.19;4930657
FR0000121667;01/03/18;110.85;115.65;107.80;113.10;1878577
FR0000121667;02/03/18;113.40;114.10;112.15;112.50;1016661
FR0000121667;05/03/18;112.70;113.45;112.00;113.15;656893
FR0000121972;01/03/18;71.38;71.52;70.44;70.68;1805007
FR0000121972;02/03/18;70.20;70.26;68.24;68.44;2014987
FR0000121972;05/03/18;68.24;70.22;68.18;69.90;1779701
FR0000124141;01/03/18;19.965;20.01;19.66;19.66;2638680
FR0000124141;02/03/18;19.545;19.62;18.94;19.015;2687076
FR0000124141;05/03/18;18.985;19.195;18.905;19.075;2157424
FR0000124711;01/03/18;191.10;192.30;188.95;190.35;404469
FR0000124711;02/03/18;189.40;190.85;186.80;187.40;394747
FR0000124711;05/03/18;187.45;190.70;187.25;190.65;293411
FR0000125007;01/03/18;46.525;46.91;46.18;46.37;3438869
FR0000125007;02/03/18;45.80;45.985;44.755;44.845;3022858
FR0000125007;05/03/18;44.875;45.285;44.545;45.00;2410843
FR0000125338;01/03/18;102.85;103.00;101.05;101.35;593539
FR0000125338;02/03/18;100.40;100.50;98.72;99.30;562742
FR0000125338;05/03/18;99.54;101.30;99.16;100.95;378687
FR0000125486;01/03/18;81.00;81.68;79.94;79.98;1634512
FR0000125486;02/03/18;79.42;79.54;78.54;78.86;1955518
FR0000125486;05/03/18;78.76;80.04;78.72;80.00;1205915
FR0000127771;01/03/18;21.21;21.28;20.70;20.71;4582747
FR0000127771;02/03/18;20.57;20.67;20.31;20.35;5428773
FR0000127771;05/03/18;20.31;20.59;20.30;20.53;3451445
FR0000130577;01/03/18;60.90;60.90;58.26;59.92;1970251
FR0000130577;02/03/18;59.72;60.10;58.64;58.80;762202
FR0000130577;05/03/18;58.86;59.28;58.64;58.96;563905
FR0000130809;01/03/18;46.83;47.00;46.11;46.58;3931493
FR0000130809;02/03/18;46.135;46.225;44.775;45.19;5430466
FR0000130809;05/03/18;44.885;45.64;44.785;45.09;3243319
FR0000131104;01/03/18;65.11;65.20;64.05;64.71;3389069
FR0000131104;02/03/18;64.05;64.26;62.62;62.88;5513707
FR0000131104;05/03/18;62.94;63.33;61.63;62.06;5340815
FR0000131906;01/03/18;89.20;90.54;89.00;90.00;1564612
FR0000131906;02/03/18;89.01;89.55;87.78;88.54;1538873
FR0000131906;05/03/18;87.80;89.17;87.03;88.11;1418306
FR0000133308;01/03/18;13.88;13.99;13.805;13.935;7588935
FR0000133308;02/03/18;13.87;13.945;13.685;13.74;7631730
FR0000133308;05/03/18;13.715;13.93;13.675;13.885;7046677
FR0010208488;01/03/18;12.845;12.94;12.65;12.74;9239767
FR0010208488;02/03/18;12.685;12.70;12.165;12.27;11919883
FR0010208488;05/03/18;12.25;12.60;12.185;12.60;11977737
FR0010307819;01/03/18;64.30;64.48;63.16;63.44;755873
FR0010307819;02/03/18;63.00;63.04;61.42;61.76;634113
FR0010307819;05/03/18;61.70;62.90;61.56;62.74;633456
FR0013176526;01/03/18;53.26;53.34;52.50;52.50;1536364
FR0013176526;02/03/18;52.56;52.80;52.00;52.68;1614365
FR0013176526;05/03/18;52.44;53.18;52.12;53.18;1130896
GB00BDSFG982;01/03/18;23.93;23.93;23.53;23.74;1623464
GB00BDSFG982;02/03/18;23.64;23.69;22.90;23.04;1884630
GB00BDSFG982;05/03/18;23.12;23.96;23.10;23.86;1325038
LU1598757687;01/03/18;28.11;28.33;27.625;27.715;6589998
LU1598757687;02/03/18;27.20;27.385;26.255;26.69;10361033
LU1598757687;05/03/18;26.50;26.95;26.145;26.48;5669131
NL0000226223;01/03/18;18.74;18.78;17.915;18.10;2362484
NL0000226223;02/03/18;17.895;17.915;17.475;17.69;2758931
NL0000226223;05/03/18;17.63;18.27;17.54;18.225;1866350
NL0000235190;01/03/18;98.17;98.79;96.14;97.10;1760776
NL0000235190;02/03/18;95.80;95.88;93.57;93.95;2642941
NL0000235190;05/03/18;93.48;95.99;93.34;95.75;1883059
