BE0003470755;01/09/14;120.00;120.00;116.40;117.00;200118
BE0003470755;02/09/14;117.30;118.10;116.90;117.25;129897
BE0003470755;03/09/14;117.40;119.15;117.40;117.95;152908
BE0003470755;04/09/14;117.90;120.10;117.45;120.05;178001
BE0003470755;05/09/14;119.60;119.75;118.75;119.15;97052
BE0003470755;08/09/14;119.05;120.05;118.85;119.15;82136
BE0003470755;09/09/14;118.80;120.15;118.80;118.90;98480
BE0003470755;10/09/14;118.80;119.40;118.05;118.45;129969
BE0003470755;11/09/14;118.50;118.75;117.35;117.60;107591
BE0003470755;12/09/14;117.80;118.85;117.45;118.10;102578
BE0003470755;15/09/14;117.40;119.05;117.40;118.50;110206
BE0003470755;16/09/14;118.50;119.20;118.25;119.00;135547
BE0003470755;17/09/14;119.50;122.30;119.40;121.05;277422
BE0003470755;18/09/14;121.05;122.85;121.05;122.60;140303
BE0003470755;19/09/14;123.00;123.75;122.50;122.60;245152
BE0003470755;22/09/14;122.10;122.35;121.50;121.95;106903
BE0003470755;23/09/14;121.70;122.00;120.25;120.35;149446
BE0003470755;24/09/14;120.35;120.95;119.65;120.75;181552
BE0003470755;25/09/14;120.65;121.30;118.75;119.45;178268
BE0003470755;26/09/14;119.50;119.50;118.45;119.00;147012
BE0003470755;29/09/14;119.00;119.55;118.15;119.45;166168
BE0003470755;30/09/14;119.60;122.15;119.60;121.90;209947
FR0000045072;01/09/14;11.285;11.31;11.05;11.205;3421280
FR0000045072;02/09/14;11.22;11.375;11.20;11.295;4389954
FR0000045072;03/09/14;11.33;11.535;11.315;11.48;5739039
FR0000045072;04/09/14;11.45;11.89;11.405;11.75;10334775
FR0000045072;05/09/14;11.80;11.995;11.75;11.96;7774617
FR0000045072;08/09/14;11.90;11.985;11.835;11.93;4391472
FR0000045072;09/09/14;11.88;11.99;11.855;11.935;6900050
FR0000045072;10/09/14;11.87;11.995;11.755;11.995;5135002
FR0000045072;11/09/14;11.995;12.005;11.84;11.905;6544899
FR0000045072;12/09/14;11.93;11.98;11.84;11.945;4291637
FR0000045072;15/09/14;11.84;11.925;11.795;11.835;4534378
FR0000045072;16/09/14;11.80;11.82;11.645;11.81;3445126
FR0000045072;17/09/14;11.895;12.025;11.815;11.975;6345232
FR0000045072;18/09/14;12.05;12.20;12.015;12.125;8449855
FR0000045072;19/09/14;12.20;12.215;11.945;12.005;10123239
FR0000045072;22/09/14;11.965;12.00;11.865;11.94;4878518
FR0000045072;23/09/14;11.90;11.92;11.715;11.765;3824649
FR0000045072;24/09/14;11.74;11.88;11.615;11.875;4927960
FR0000045072;25/09/14;11.845;11.995;11.72;11.76;5815744
FR0000045072;26/09/14;11.77;11.95;11.74;11.895;4449823
FR0000045072;29/09/14;11.87;11.935;11.685;11.76;4645259
FR0000045072;30/09/14;11.82;11.98;11.80;11.945;5489284
FR0000051732;01/09/14;58.20;58.42;57.96;58.14;149535
FR0000051732;02/09/14;58.36;58.71;57.89;58.49;224886
FR0000051732;03/09/14;58.75;59.22;58.39;59.22;243265
FR0000051732;04/09/14;59.06;59.25;58.35;58.78;297504
FR0000051732;05/09/14;58.81;59.24;58.62;59.24;168355
FR0000051732;08/09/14;59.35;59.58;58.91;59.55;125830
FR0000051732;09/09/14;59.49;59.89;58.95;59.05;188757
FR0000051732;10/09/14;59.07;59.29;58.73;59.13;131456
FR0000051732;11/09/14;59.34;59.91;59.15;59.30;251698
FR0000051732;12/09/14;59.26;59.83;58.77;59.78;221467
FR0000051732;15/09/14;59.51;60.29;59.49;59.93;144254
FR0000051732;16/09/14;59.91;60.17;59.30;59.77;208814
FR0000051732;17/09/14;60.06;60.79;59.89;60.35;264356
FR0000051732;18/09/14;60.44;60.95;60.14;60.84;268098
FR0000051732;19/09/14;61.01;61.10;60.33;60.56;306245
FR0000051732;22/09/14;60.46;60.75;60.15;60.18;168905
FR0000051732;23/09/14;60.26;60.34;58.63;58.63;237736
FR0000051732;24/09/14;58.60;58.74;57.69;58.16;255641
FR0000051732;25/09/14;58.10;58.52;56.86;57.00;296121
FR0000051732;26/09/14;57.17;57.43;56.36;56.91;216262
FR0000051732;29/09/14;56.78;57.34;56.65;57.04;134622
FR0000051732;30/09/14;57.19;57.61;57.17;57.37;187488
FR0000073272;01/09/14;50.01;50.55;49.75;49.875;557783
FR0000073272;02/09/14;49.875;50.06;49.81;49.82;692456
FR0000073272;03/09/14;49.835;50.12;49.80;49.98;725379
FR0000073272;04/09/14;49.80;50.87;49.765;50.85;792364
FR0000073272;05/09/14;50.90;51.95;50.79;51.70;1519146
FR0000073272;08/09/14;51.65;51.71;51.13;51.20;674700
FR0000073272;09/09/14;51.26;51.62;51.12;51.17;686748
FR0000073272;10/09/14;51.12;51.36;50.68;51.22;502714
FR0000073272;11/09/14;51.32;51.54;50.77;51.11;404688
FR0000073272;12/09/14;51.15;51.50;50.81;51.50;542578
FR0000073272;15/09/14;51.45;51.94;51.31;51.80;623820
FR0000073272;16/09/14;51.69;51.70;50.77;50.92;801356
FR0000073272;17/09/14;51.15;51.19;50.74;51.04;623260
FR0000073272;18/09/14;51.03;51.74;51.00;51.46;766710
FR0000073272;19/09/14;51.70;51.75;50.78;50.87;1865627
FR0000073272;22/09/14;50.85;50.98;50.54;50.65;708579
FR0000073272;23/09/14;50.71;50.92;50.00;50.00;964167
FR0000073272;24/09/14;50.07;50.07;49.37;49.955;841166
FR0000073272;25/09/14;49.83;50.64;49.68;49.72;740028
FR0000073272;26/09/14;49.66;50.66;49.165;50.52;773094
FR0000073272;29/09/14;50.49;50.66;49.91;50.25;528010
FR0000073272;30/09/14;50.41;51.65;50.17;51.38;988005
FR0000120073;01/09/14;88.3091;88.5818;87.9273;88.2636;365659
FR0000120073;02/09/14;88.3546;88.6182;87.7273;88.1182;532363
FR0000120073;03/09/14;88.2909;89.5273;88.1364;88.9909;828009
FR0000120073;04/09/14;88.6364;90.7182;88.3909;90.3727;1295750
FR0000120073;05/09/14;90.00;90.1818;89.2091;89.6909;719288
FR0000120073;08/09/14;89.5182;89.7273;89.10;89.6182;490990
FR0000120073;09/09/14;89.3546;89.6273;88.9091;89.2727;493255
FR0000120073;10/09/14;88.7636;89.1546;88.4727;88.5909;762139
FR0000120073;11/09/14;88.7364;89.0455;87.7273;88.7636;852834
FR0000120073;12/09/14;89.2091;89.4455;88.4909;88.9818;641080
FR0000120073;15/09/14;88.7545;89.2091;88.4091;88.9909;487074
FR0000120073;16/09/14;88.9091;88.9455;87.9364;88.1546;621541
FR0000120073;17/09/14;88.2636;88.90;88.00;88.5546;653351
FR0000120073;18/09/14;88.5546;90.0455;88.4546;90.0455;715930
FR0000120073;19/09/14;90.4545;90.7091;89.6546;90.0727;1361654
FR0000120073;22/09/14;89.7909;90.1364;89.2727;89.8455;617350
FR0000120073;23/09/14;89.80;89.8091;87.9727;88.0818;983720
FR0000120073;24/09/14;88.1727;89.2273;87.9273;89.0727;860668
FR0000120073;25/09/14;89.5364;89.6182;86.8364;87.0091;1145973
FR0000120073;26/09/14;86.9455;87.4364;86.5364;86.9545;1013536
FR0000120073;29/09/14;86.8636;87.2636;86.0182;86.60;1007773
FR0000120073;30/09/14;87.0364;88.1455;86.8273;87.7909;1098862
FR0000120172;01/09/14;26.385;26.40;26.10;26.305;944823
FR0000120172;02/09/14;26.31;26.335;26.12;26.265;1284909
FR0000120172;03/09/14;26.30;26.745;26.235;26.305;2124242
FR0000120172;04/09/14;26.30;26.80;26.16;26.695;2777755
FR0000120172;05/09/14;26.70;26.70;26.075;26.18;2734342
FR0000120172;08/09/14;26.20;26.27;26.00;26.165;1548572
FR0000120172;09/09/14;26.10;26.275;26.10;26.105;1289195
FR0000120172;10/09/14;26.20;26.22;25.885;26.15;1928737
FR0000120172;11/09/14;26.20;26.26;25.835;25.92;2373611
FR0000120172;12/09/14;25.995;26.00;25.615;25.78;1960347
FR0000120172;15/09/14;25.775;25.80;25.44;25.465;2169367
FR0000120172;16/09/14;25.49;25.49;25.12;25.365;1759168
FR0000120172;17/09/14;25.48;25.76;25.455;25.665;2422934
FR0000120172;18/09/14;25.70;25.82;25.53;25.82;1859032
FR0000120172;19/09/14;25.96;25.96;25.605;25.81;4043175
FR0000120172;22/09/14;25.745;25.915;25.50;25.705;1596579
FR0000120172;23/09/14;25.70;25.705;25.08;25.15;2514150
FR0000120172;24/09/14;25.20;25.32;24.975;25.295;2097464
FR0000120172;25/09/14;25.30;25.42;24.515;24.54;3819138
FR0000120172;26/09/14;24.63;24.735;24.39;24.555;2971311
FR0000120172;29/09/14;24.595;24.695;24.20;24.32;2227920
FR0000120172;30/09/14;24.40;24.645;24.36;24.46;2435639
FR0000120271;01/09/14;50.28;50.62;50.18;50.54;2816187
FR0000120271;02/09/14;50.54;50.71;49.69;49.87;3891874
FR0000120271;03/09/14;49.995;50.68;49.815;50.45;4281965
FR0000120271;04/09/14;50.35;52.09;49.975;51.77;7509657
FR0000120271;05/09/14;51.84;51.84;51.03;51.41;4011045
FR0000120271;08/09/14;51.35;51.43;50.71;50.84;3133449
FR0000120271;09/09/14;51.00;51.10;50.39;50.50;3432644
FR0000120271;10/09/14;50.51;50.79;50.21;50.29;3412195
FR0000120271;11/09/14;50.50;50.60;49.63;50.17;4183112
FR0000120271;12/09/14;50.24;50.31;49.69;50.03;2547469
FR0000120271;15/09/14;49.41;49.65;49.085;49.445;4519539
FR0000120271;16/09/14;49.55;49.955;49.275;49.865;4438724
FR0000120271;17/09/14;50.24;50.31;49.865;49.945;3700135
FR0000120271;18/09/14;49.96;50.10;49.61;49.995;4724526
FR0000120271;19/09/14;49.975;50.27;49.545;50.04;9344813
FR0000120271;22/09/14;49.865;50.88;49.50;50.13;5083322
FR0000120271;23/09/14;49.62;49.645;48.47;48.76;6386108
FR0000120271;24/09/14;48.905;50.27;48.82;50.17;5259232
FR0000120271;25/09/14;50.20;50.26;49.25;49.57;5999679
FR0000120271;26/09/14;49.75;50.99;49.51;50.73;5944238
FR0000120271;29/09/14;50.77;50.89;50.04;50.31;3842237
FR0000120271;30/09/14;50.78;51.74;50.62;51.45;7119676
FR0000120321;01/09/14;126.15;127.55;125.90;126.80;555661
FR0000120321;02/09/14;127.30;128.80;126.85;128.05;553322
FR0000120321;03/09/14;128.60;129.80;127.80;127.85;801617
FR0000120321;04/09/14;127.65;130.25;127.45;130.00;958451
FR0000120321;05/09/14;130.10;130.25;127.95;128.50;743924
FR0000120321;08/09/14;128.30;128.45;125.95;127.20;637194
FR0000120321;09/09/14;124.60;126.10;123.75;125.50;1197069
FR0000120321;10/09/14;125.20;126.10;125.00;125.90;512828
FR0000120321;11/09/14;126.05;126.35;124.10;125.05;622181
FR0000120321;12/09/14;125.55;126.15;124.50;125.75;413681
FR0000120321;15/09/14;125.65;126.25;124.80;125.40;444120
FR0000120321;16/09/14;125.30;125.95;124.75;124.90;448448
FR0000120321;17/09/14;125.65;126.00;125.00;125.00;585641
FR0000120321;18/09/14;125.50;125.50;124.35;124.95;749020
FR0000120321;19/09/14;125.95;126.90;125.60;125.65;1480193
FR0000120321;22/09/14;125.70;126.25;125.20;126.05;578278
FR0000120321;23/09/14;126.25;126.25;123.55;123.90;685438
FR0000120321;24/09/14;124.25;126.05;123.70;125.75;666950
FR0000120321;25/09/14;126.00;126.00;123.55;123.90;641360
FR0000120321;26/09/14;124.20;125.40;123.50;124.85;579799
FR0000120321;29/09/14;124.90;125.15;123.30;124.40;667288
FR0000120321;30/09/14;125.00;126.00;124.55;125.70;835333
FR0000120404;01/09/14;37.00;37.00;36.665;36.85;355881
FR0000120404;02/09/14;36.915;36.99;36.225;36.27;801117
FR0000120404;03/09/14;36.30;37.01;36.20;36.625;801720
FR0000120404;04/09/14;36.595;37.665;36.285;37.585;781602
FR0000120404;05/09/14;37.48;38.17;37.15;37.215;899522
FR0000120404;08/09/14;37.33;37.35;36.715;36.795;456392
FR0000120404;09/09/14;36.55;36.685;36.11;36.345;804895
FR0000120404;10/09/14;36.145;36.435;36.025;36.055;759806
FR0000120404;11/09/14;36.205;36.315;35.46;36.00;896707
FR0000120404;12/09/14;36.02;36.165;35.805;35.915;568748
FR0000120404;15/09/14;35.80;36.20;35.75;36.045;713437
FR0000120404;16/09/14;36.085;36.085;35.575;35.885;521947
FR0000120404;17/09/14;36.085;36.22;35.99;36.13;518577
FR0000120404;18/09/14;36.16;36.66;36.15;36.655;708154
FR0000120404;19/09/14;36.935;36.995;36.42;36.51;1064939
FR0000120404;22/09/14;36.335;36.355;35.87;36.10;921785
FR0000120404;23/09/14;36.095;36.145;35.685;35.895;862834
FR0000120404;24/09/14;35.86;35.86;35.335;35.645;718323
FR0000120404;25/09/14;35.625;35.985;35.06;35.10;1008319
FR0000120404;26/09/14;35.05;35.235;34.72;35.06;1003569
FR0000120404;29/09/14;35.00;35.155;34.72;34.90;463673
FR0000120404;30/09/14;34.96;35.265;34.695;35.115;826453
FR0000120503;01/09/14;27.82;27.915;27.45;27.695;1083371
FR0000120503;02/09/14;27.745;27.815;27.525;27.595;711419
FR0000120503;03/09/14;27.665;27.785;27.40;27.575;938764
FR0000120503;04/09/14;27.425;27.85;27.365;27.745;1085902
FR0000120503;05/09/14;27.695;28.065;27.65;28.055;1204040
FR0000120503;08/09/14;28.04;28.29;27.98;28.18;964237
FR0000120503;09/09/14;28.18;28.47;27.975;28.005;837388
FR0000120503;10/09/14;28.04;28.16;27.825;27.94;740459
FR0000120503;11/09/14;28.015;28.10;27.655;27.79;807253
FR0000120503;12/09/14;27.85;27.90;27.595;27.70;646401
FR0000120503;15/09/14;27.565;27.735;27.365;27.435;818970
FR0000120503;16/09/14;27.42;27.435;26.93;27.14;1063494
FR0000120503;17/09/14;27.245;27.41;27.20;27.23;815820
FR0000120503;18/09/14;27.27;27.38;26.69;26.75;1685144
FR0000120503;19/09/14;26.955;27.04;26.62;26.79;1187600
FR0000120503;22/09/14;26.785;26.885;26.555;26.70;680777
FR0000120503;23/09/14;26.64;26.68;26.025;26.085;1120889
FR0000120503;24/09/14;26.055;26.17;25.94;26.00;1181345
FR0000120503;25/09/14;26.185;26.32;25.69;25.705;1260289
FR0000120503;26/09/14;25.695;25.895;25.54;25.665;992415
FR0000120503;29/09/14;25.59;25.70;25.12;25.24;1559422
FR0000120503;30/09/14;25.285;25.73;25.12;25.665;1379369
FR0000120578;01/09/14;83.34;84.00;82.88;83.54;1820253
FR0000120578;02/09/14;83.51;84.19;83.25;83.76;2473872
FR0000120578;03/09/14;84.20;84.96;83.71;84.86;3451618
FR0000120578;04/09/14;84.87;86.48;84.48;85.75;4743303
FR0000120578;05/09/14;85.46;85.64;84.71;85.43;2251746
FR0000120578;08/09/14;85.37;86.08;85.16;85.77;2044586
FR0000120578;09/09/14;85.41;86.10;85.34;86.10;2548830
FR0000120578;10/09/14;85.76;86.40;85.50;86.40;2013373
FR0000120578;11/09/14;86.10;86.35;85.22;85.99;2630324
FR0000120578;12/09/14;86.02;86.89;85.92;86.89;1917944
FR0000120578;15/09/14;86.60;87.71;86.60;87.18;2630454
FR0000120578;16/09/14;86.85;87.08;86.04;86.50;2326694
FR0000120578;17/09/14;87.00;87.58;86.80;87.53;2872509
FR0000120578;18/09/14;87.70;88.80;87.58;88.46;3638388
FR0000120578;19/09/14;88.81;88.85;87.97;88.76;5495625
FR0000120578;22/09/14;88.25;89.48;88.25;88.87;2342787
FR0000120578;23/09/14;88.56;88.57;87.25;87.41;3154195
FR0000120578;24/09/14;87.64;88.92;87.41;88.92;2913317
FR0000120578;25/09/14;88.83;89.49;87.05;87.09;3366183
FR0000120578;26/09/14;87.50;88.84;87.13;88.41;2527571
FR0000120578;29/09/14;88.28;88.81;87.11;87.61;2244677
FR0000120578;30/09/14;88.08;89.95;88.06;89.56;4086621
FR0000120628;01/09/14;18.885;18.90;18.625;18.83;3144977
FR0000120628;02/09/14;18.935;19.045;18.84;18.865;4368802
FR0000120628;03/09/14;18.99;19.245;18.905;19.165;8162600
FR0000120628;04/09/14;19.145;19.73;19.08;19.545;14478951
FR0000120628;05/09/14;19.645;19.71;19.29;19.425;8344896
FR0000120628;08/09/14;19.425;19.47;19.295;19.325;4468828
FR0000120628;09/09/14;19.31;19.40;19.17;19.20;4893648
FR0000120628;10/09/14;19.125;19.37;19.08;19.33;5746882
FR0000120628;11/09/14;19.48;19.49;19.275;19.36;6564320
FR0000120628;12/09/14;19.425;19.50;19.31;19.495;5225489
FR0000120628;15/09/14;19.44;19.675;19.37;19.615;6399364
FR0000120628;16/09/14;19.58;19.595;19.315;19.47;6574886
FR0000120628;17/09/14;19.60;19.725;19.485;19.615;7608787
FR0000120628;18/09/14;19.68;19.915;19.655;19.86;8139134
FR0000120628;19/09/14;20.00;20.005;19.785;19.895;13392893
FR0000120628;22/09/14;19.80;20.025;19.745;19.98;7850894
FR0000120628;23/09/14;19.92;19.955;19.63;19.70;8508962
FR0000120628;24/09/14;19.67;19.82;19.51;19.80;6393226
FR0000120628;25/09/14;19.795;19.99;19.535;19.595;7032951
FR0000120628;26/09/14;19.565;19.88;19.505;19.815;9772994
FR0000120628;29/09/14;19.79;19.87;19.285;19.425;8723801
FR0000120628;30/09/14;19.495;19.63;19.345;19.51;8508353
FR0000120644;01/09/14;53.30;53.57;53.15;53.55;909162
FR0000120644;02/09/14;53.64;54.05;53.58;53.73;1023980
FR0000120644;03/09/14;54.32;54.99;54.12;54.21;2225396
FR0000120644;04/09/14;54.00;55.46;53.80;55.31;2780622
FR0000120644;05/09/14;55.45;55.46;54.75;54.95;1286485
FR0000120644;08/09/14;54.81;54.88;54.37;54.76;838106
FR0000120644;09/09/14;54.70;54.83;54.34;54.50;980257
FR0000120644;10/09/14;54.29;54.51;54.05;54.37;996334
FR0000120644;11/09/14;54.59;54.60;53.96;54.49;1030374
FR0000120644;12/09/14;54.68;54.70;53.95;54.17;895255
FR0000120644;15/09/14;54.00;54.50;53.71;53.99;1336869
FR0000120644;16/09/14;54.04;54.15;53.40;53.63;1609668
FR0000120644;17/09/14;53.99;54.46;53.30;53.47;1805108
FR0000120644;18/09/14;53.32;53.69;52.92;53.67;1471482
FR0000120644;19/09/14;54.21;54.21;53.43;53.62;2804826
FR0000120644;22/09/14;53.01;53.47;52.84;53.42;1454730
FR0000120644;23/09/14;53.58;53.64;52.73;52.77;1837637
FR0000120644;24/09/14;52.72;53.61;52.56;53.52;1492061
FR0000120644;25/09/14;52.89;53.03;52.03;52.03;3737937
FR0000120644;26/09/14;52.03;52.60;51.57;52.28;1306676
FR0000120644;29/09/14;52.25;52.51;51.88;52.20;1286232
FR0000120644;30/09/14;52.49;53.24;52.24;53.00;1863969
FR0000120693;01/09/14;89.74;90.07;89.05;89.55;311235
FR0000120693;02/09/14;89.80;89.81;89.15;89.70;432760
FR0000120693;03/09/14;89.64;90.76;89.59;90.00;458442
FR0000120693;04/09/14;89.73;91.12;89.58;91.12;657567
FR0000120693;05/09/14;90.65;91.00;89.98;90.06;496714
FR0000120693;08/09/14;89.76;90.73;89.64;90.42;432667
FR0000120693;09/09/14;91.01;92.48;90.98;91.72;746674
FR0000120693;10/09/14;91.55;92.45;91.55;92.09;597578
FR0000120693;11/09/14;92.23;92.25;90.87;91.06;640052
FR0000120693;12/09/14;91.09;91.33;90.30;90.49;399304
FR0000120693;15/09/14;90.25;91.13;90.25;90.94;476717
FR0000120693;16/09/14;90.77;90.98;89.89;90.28;377176
FR0000120693;17/09/14;90.49;91.62;90.36;91.21;559892
FR0000120693;18/09/14;91.00;91.44;90.80;90.97;419480
FR0000120693;19/09/14;91.40;91.81;90.80;91.12;852174
FR0000120693;22/09/14;90.97;91.20;90.48;90.87;399772
FR0000120693;23/09/14;91.09;91.20;88.95;89.28;591648
FR0000120693;24/09/14;89.19;89.62;88.85;89.51;384723
FR0000120693;25/09/14;89.37;90.24;88.01;88.17;444362
FR0000120693;26/09/14;88.22;89.42;87.55;89.18;419712
FR0000120693;29/09/14;89.29;89.37;87.80;88.23;403705
FR0000120693;30/09/14;88.45;89.96;88.44;89.64;540450
FR0000121014;01/09/14;132.15;133.50;131.95;132.90;368654
FR0000121014;02/09/14;133.85;134.15;132.45;133.05;389262
FR0000121014;03/09/14;134.95;138.20;134.95;136.90;1523323
FR0000121014;04/09/14;136.55;137.90;135.25;137.60;1163425
FR0000121014;05/09/14;136.95;137.35;135.90;136.65;678711
FR0000121014;08/09/14;137.00;137.00;134.85;136.25;604750
FR0000121014;09/09/14;135.75;137.00;135.55;135.95;536721
FR0000121014;10/09/14;135.30;136.20;135.00;135.90;533305
FR0000121014;11/09/14;136.90;137.15;134.85;136.80;725018
FR0000121014;12/09/14;137.20;137.20;135.05;136.20;512729
FR0000121014;15/09/14;136.10;137.90;136.10;136.80;553515
FR0000121014;16/09/14;136.50;136.50;135.35;135.65;632157
FR0000121014;17/09/14;135.05;135.60;134.10;134.65;812595
FR0000121014;18/09/14;135.00;135.85;134.45;135.65;563992
FR0000121014;19/09/14;135.40;136.40;134.25;134.45;1374937
FR0000121014;22/09/14;134.50;134.70;132.05;132.45;1012926
FR0000121014;23/09/14;132.35;132.55;130.15;130.75;932205
FR0000121014;24/09/14;131.05;132.85;130.55;132.70;668941
FR0000121014;25/09/14;132.60;133.15;130.60;130.80;1019414
FR0000121014;26/09/14;130.85;131.55;129.80;130.85;699453
FR0000121014;29/09/14;130.40;130.50;127.95;128.85;900227
FR0000121014;30/09/14;129.25;129.90;128.65;128.70;1394998
FR0000121220;01/09/14;75.03;75.36;74.55;75.36;90910
FR0000121220;02/09/14;75.56;75.91;75.35;75.77;214489
FR0000121220;03/09/14;76.04;76.88;76.04;76.20;154108
FR0000121220;04/09/14;76.05;76.90;75.57;76.80;208819
FR0000121220;05/09/14;76.79;76.98;76.58;76.73;147167
FR0000121220;08/09/14;76.79;76.79;76.25;76.28;124755
FR0000121220;09/09/14;76.35;76.60;75.94;76.40;84933
FR0000121220;10/09/14;76.26;76.28;75.81;75.95;75877
FR0000121220;11/09/14;76.62;77.14;76.00;76.87;229940
FR0000121220;12/09/14;76.99;77.15;76.59;76.83;138648
FR0000121220;15/09/14;76.80;76.95;76.49;76.56;116909
FR0000121220;16/09/14;77.98;78.19;76.39;76.59;475299
FR0000121220;17/09/14;76.69;77.41;76.69;77.02;200967
FR0000121220;18/09/14;77.07;78.20;77.07;78.00;208332
FR0000121220;19/09/14;78.49;78.82;77.54;77.54;341204
FR0000121220;22/09/14;77.44;78.96;76.95;78.82;259810
FR0000121220;23/09/14;78.67;78.69;77.37;78.02;230142
FR0000121220;24/09/14;78.18;78.18;77.07;77.84;147309
FR0000121220;25/09/14;78.07;78.48;76.94;77.04;204464
FR0000121220;26/09/14;77.06;77.15;76.11;76.94;170736
FR0000121220;29/09/14;76.94;77.26;76.62;76.88;167291
FR0000121220;30/09/14;76.99;77.72;76.74;77.48;192945
FR0000121261;01/09/14;84.34;84.34;83.01;83.59;307508
FR0000121261;02/09/14;83.65;83.89;83.28;83.52;493694
FR0000121261;03/09/14;83.78;85.10;83.63;84.75;443491
FR0000121261;04/09/14;84.74;85.74;84.14;85.08;465485
FR0000121261;05/09/14;85.01;85.19;84.28;84.87;525297
FR0000121261;08/09/14;85.01;85.32;84.04;84.17;435901
FR0000121261;09/09/14;83.98;84.86;83.41;83.67;504450
FR0000121261;10/09/14;83.49;83.66;82.45;83.22;534839
FR0000121261;11/09/14;83.22;83.47;80.40;80.90;1092239
FR0000121261;12/09/14;80.24;80.26;79.02;79.38;946936
FR0000121261;15/09/14;79.30;79.32;78.45;78.66;465229
FR0000121261;16/09/14;78.89;79.46;78.35;78.76;487622
FR0000121261;17/09/14;79.40;79.54;78.63;78.95;608395
FR0000121261;18/09/14;79.01;80.23;78.84;79.62;658176
FR0000121261;19/09/14;80.65;81.25;79.60;79.73;869646
FR0000121261;22/09/14;79.59;79.65;77.62;77.84;785110
FR0000121261;23/09/14;76.96;77.25;74.83;75.06;1946309
FR0000121261;24/09/14;75.21;75.77;74.42;75.77;868350
FR0000121261;25/09/14;75.91;76.16;74.12;74.33;835919
FR0000121261;26/09/14;74.41;75.11;73.94;74.59;574077
FR0000121261;29/09/14;74.64;75.76;74.22;74.73;628867
FR0000121261;30/09/14;74.33;74.93;73.95;74.68;870482
FR0000121485;01/09/14;161.45;162.45;160.70;162.45;100596
FR0000121485;02/09/14;162.30;162.90;161.05;161.95;118831
FR0000121485;03/09/14;162.15;163.85;161.65;162.75;228354
FR0000121485;04/09/14;162.00;165.80;161.35;165.40;188707
FR0000121485;05/09/14;165.20;166.40;164.65;165.00;229642
FR0000121485;08/09/14;164.35;164.85;162.75;163.20;148973
FR0000121485;09/09/14;162.75;165.55;162.60;165.20;199432
FR0000121485;10/09/14;164.50;165.00;163.30;164.30;191914
FR0000121485;11/09/14;164.50;164.60;162.05;162.70;185784
FR0000121485;12/09/14;162.80;163.40;161.95;163.40;155792
FR0000121485;15/09/14;162.60;167.65;162.60;167.40;224488
FR0000121485;16/09/14;166.80;167.70;165.65;167.10;158804
FR0000121485;17/09/14;166.50;166.70;164.55;164.80;196035
FR0000121485;18/09/14;164.95;166.85;164.55;165.50;122733
FR0000121485;19/09/14;166.00;166.20;162.45;163.30;434915
FR0000121485;22/09/14;162.45;162.95;160.10;160.35;257129
FR0000121485;23/09/14;159.95;160.30;158.05;158.20;177150
FR0000121485;24/09/14;158.20;160.45;158.00;160.45;180005
FR0000121485;25/09/14;160.15;160.65;157.30;158.05;268134
FR0000121485;26/09/14;159.65;160.80;158.80;160.35;228507
FR0000121485;29/09/14;159.70;160.55;159.30;160.05;301098
FR0000121485;30/09/14;160.40;161.05;158.25;159.65;287573
FR0000121501;01/09/14;10.70;10.73;10.405;10.465;2438549
FR0000121501;02/09/14;10.54;10.695;10.52;10.54;2715310
FR0000121501;03/09/14;10.60;10.955;10.55;10.83;4642684
FR0000121501;04/09/14;10.78;11.185;10.72;11.02;5151882
FR0000121501;05/09/14;11.00;11.26;10.975;11.15;2920222
FR0000121501;08/09/14;11.175;11.245;11.035;11.055;2773736
FR0000121501;09/09/14;11.03;11.165;10.895;10.965;2742546
FR0000121501;10/09/14;10.91;10.985;10.825;10.865;2344930
FR0000121501;11/09/14;10.955;11.06;10.81;10.935;2525561
FR0000121501;12/09/14;10.96;11.035;10.905;10.925;1729449
FR0000121501;15/09/14;10.90;10.94;10.77;10.795;2100442
FR0000121501;16/09/14;10.87;10.87;10.435;10.485;4419841
FR0000121501;17/09/14;10.60;10.645;10.54;10.57;2178495
FR0000121501;18/09/14;10.60;10.62;10.455;10.47;3201098
FR0000121501;19/09/14;10.59;10.625;10.395;10.395;5149168
FR0000121501;22/09/14;10.36;10.46;10.17;10.20;3363182
FR0000121501;23/09/14;10.155;10.175;9.902;10.055;4581780
FR0000121501;24/09/14;10.08;10.34;9.876;10.25;5081924
FR0000121501;25/09/14;10.265;10.55;10.065;10.105;5730564
FR0000121501;26/09/14;10.11;10.38;10.05;10.285;3531056
FR0000121501;29/09/14;10.28;10.52;10.195;10.265;3356186
FR0000121501;30/09/14;10.16;10.205;9.901;10.155;5025654
FR0000121667;01/09/14;80.75;81.97;80.60;81.91;729178
FR0000121667;02/09/14;81.79;82.09;81.00;81.10;672824
FR0000121667;03/09/14;81.53;82.04;80.97;80.99;654209
FR0000121667;04/09/14;80.87;83.12;80.72;82.99;980362
FR0000121667;05/09/14;83.00;83.22;82.46;83.09;537378
FR0000121667;08/09/14;83.08;84.17;82.94;83.97;602916
FR0000121667;09/09/14;83.63;83.83;82.74;82.91;511683
FR0000121667;10/09/14;82.68;82.95;81.86;82.14;507738
FR0000121667;11/09/14;82.25;83.71;82.02;83.71;698344
FR0000121667;12/09/14;83.80;84.08;83.36;84.01;447700
FR0000121667;15/09/14;83.53;85.05;83.43;85.00;675754
FR0000121667;16/09/14;84.59;84.82;83.89;84.58;626655
FR0000121667;17/09/14;84.94;85.03;84.60;84.76;689037
FR0000121667;18/09/14;84.89;86.50;84.53;86.26;731270
FR0000121667;19/09/14;86.72;87.30;86.51;87.27;1281323
FR0000121667;22/09/14;86.98;87.89;86.76;87.46;588857
FR0000121667;23/09/14;87.35;87.66;86.40;86.72;691997
FR0000121667;24/09/14;86.80;87.90;86.60;87.48;674948
FR0000121667;25/09/14;87.27;87.50;86.27;86.55;699180
FR0000121667;26/09/14;86.60;86.98;85.45;85.99;662587
FR0000121667;29/09/14;85.93;86.34;84.58;85.40;562675
FR0000121667;30/09/14;85.84;87.36;85.65;86.94;740484
FR0000121972;01/09/14;64.17;64.25;63.37;63.73;1336131
FR0000121972;02/09/14;64.08;64.73;63.87;64.21;1270917
FR0000121972;03/09/14;64.35;64.88;63.90;64.58;1591452
FR0000121972;04/09/14;64.00;65.73;63.57;65.50;2229178
FR0000121972;05/09/14;65.09;66.00;65.06;65.67;1194363
FR0000121972;08/09/14;65.50;65.96;65.15;65.75;1132982
FR0000121972;09/09/14;65.63;65.98;64.86;65.02;1035216
FR0000121972;10/09/14;64.63;65.01;64.18;64.50;1071067
FR0000121972;11/09/14;64.89;64.98;63.87;64.34;939641
FR0000121972;12/09/14;64.45;64.59;63.98;64.26;849824
FR0000121972;15/09/14;64.16;64.36;63.84;63.94;933944
FR0000121972;16/09/14;63.85;63.92;62.75;62.96;1529877
FR0000121972;17/09/14;63.16;63.61;62.88;62.93;1429710
FR0000121972;18/09/14;62.80;63.51;62.55;63.10;1621170
FR0000121972;19/09/14;63.66;63.72;62.66;62.82;2225837
FR0000121972;22/09/14;62.25;62.53;61.93;62.11;1323349
FR0000121972;23/09/14;62.04;62.05;60.87;60.87;1769025
FR0000121972;24/09/14;60.90;61.66;60.66;61.51;1999151
FR0000121972;25/09/14;61.58;61.66;60.30;60.42;1910932
FR0000121972;26/09/14;59.93;60.95;59.92;60.68;1811051
FR0000121972;29/09/14;60.23;60.63;59.56;59.90;1632169
FR0000121972;30/09/14;60.00;61.04;59.68;60.80;2537369
FR0000124141;01/09/14;14.00;14.08;13.905;14.06;1679160
FR0000124141;02/09/14;14.10;14.19;14.04;14.105;1669580
FR0000124141;03/09/14;14.075;14.315;14.075;14.23;1883824
FR0000124141;04/09/14;14.225;14.34;14.05;14.285;2202436
FR0000124141;05/09/14;14.245;14.485;14.24;14.425;1608317
FR0000124141;08/09/14;14.40;14.495;14.345;14.36;1111433
FR0000124141;09/09/14;14.28;14.39;14.16;14.21;1274785
FR0000124141;10/09/14;14.185;14.275;14.135;14.22;987097
FR0000124141;11/09/14;14.18;14.285;14.12;14.22;1208297
FR0000124141;12/09/14;14.26;14.40;14.21;14.24;1152899
FR0000124141;15/09/14;14.175;14.27;14.14;14.18;875258
FR0000124141;16/09/14;14.18;14.18;13.89;13.965;1683519
FR0000124141;17/09/14;14.02;14.115;13.96;13.96;1354884
FR0000124141;18/09/14;13.96;14.065;13.81;13.87;1580266
FR0000124141;19/09/14;13.995;14.295;13.96;14.185;3589573
FR0000124141;22/09/14;14.18;14.27;14.055;14.105;1362184
FR0000124141;23/09/14;14.125;14.125;13.685;13.74;2560434
FR0000124141;24/09/14;13.735;13.78;13.51;13.75;1704614
FR0000124141;25/09/14;13.74;13.93;13.525;13.575;1522073
FR0000124141;26/09/14;13.485;13.715;13.315;13.585;2326914
FR0000124141;29/09/14;13.59;13.69;13.505;13.625;1338912
FR0000124141;30/09/14;13.72;14.01;13.72;13.98;3191023
FR0000124711;01/09/14;204.80;204.95;202.95;204.05;115222
FR0000124711;02/09/14;204.10;204.55;202.45;203.20;159809
FR0000124711;03/09/14;204.10;204.60;202.55;203.90;275383
FR0000124711;04/09/14;204.15;206.40;202.75;205.55;408795
FR0000124711;05/09/14;204.55;206.30;203.30;206.20;209231
FR0000124711;08/09/14;207.15;208.75;206.55;207.95;254679
FR0000124711;09/09/14;208.00;208.30;205.75;206.80;220375
FR0000124711;10/09/14;206.45;207.65;205.95;207.40;289014
FR0000124711;11/09/14;208.10;208.35;206.65;207.60;231788
FR0000124711;12/09/14;207.85;208.20;206.30;207.10;206828
FR0000124711;15/09/14;206.95;207.15;205.35;205.80;205572
FR0000124711;16/09/14;206.15;206.15;203.05;203.75;190237
FR0000124711;17/09/14;204.05;205.35;203.85;205.05;237669
FR0000124711;18/09/14;204.45;205.55;203.70;205.00;251337
FR0000124711;19/09/14;206.70;206.90;204.30;204.30;636679
FR0000124711;22/09/14;204.30;204.80;203.35;204.50;166513
FR0000124711;23/09/14;204.65;204.65;201.50;202.25;287537
FR0000124711;24/09/14;203.10;204.25;201.90;204.25;302572
FR0000124711;25/09/14;203.55;204.30;199.95;200.10;322252
FR0000124711;26/09/14;200.80;203.55;198.85;202.25;323868
FR0000124711;29/09/14;202.15;203.00;200.15;200.95;218789
FR0000124711;30/09/14;202.15;204.35;201.30;203.70;392441
FR0000125007;01/09/14;38.76;38.915;38.26;38.41;960134
FR0000125007;02/09/14;38.585;38.855;38.43;38.54;1011995
FR0000125007;03/09/14;38.50;38.915;38.245;38.52;1886499
FR0000125007;04/09/14;38.185;39.535;37.98;39.38;2750666
FR0000125007;05/09/14;39.275;39.49;38.85;38.99;2182095
FR0000125007;08/09/14;39.015;39.21;38.845;38.93;1094366
FR0000125007;09/09/14;38.82;39.05;38.45;38.465;1035929
FR0000125007;10/09/14;38.395;38.51;38.13;38.30;1121019
FR0000125007;11/09/14;38.435;38.50;37.26;37.52;1987460
FR0000125007;12/09/14;37.71;37.715;37.125;37.365;1251750
FR0000125007;15/09/14;37.33;37.33;36.875;36.925;1507924
FR0000125007;16/09/14;36.985;36.985;36.60;36.75;1175772
FR0000125007;17/09/14;37.06;37.52;37.06;37.24;1957660
FR0000125007;18/09/14;37.225;37.79;37.125;37.635;1622456
FR0000125007;19/09/14;38.095;38.365;37.46;37.545;3383091
FR0000125007;22/09/14;37.385;37.50;36.94;37.01;1292434
FR0000125007;23/09/14;37.00;37.05;35.82;35.865;2601423
FR0000125007;24/09/14;35.82;36.59;35.68;36.50;1787801
FR0000125007;25/09/14;36.42;36.49;35.46;35.585;2230712
FR0000125007;26/09/14;35.60;36.205;35.39;36.00;1643957
FR0000125007;29/09/14;35.96;36.23;35.655;35.835;1269884
FR0000125007;30/09/14;35.96;36.445;35.75;36.235;2292663
FR0000125338;01/09/14;54.31;54.37;53.76;54.32;319795
FR0000125338;02/09/14;54.40;54.40;53.75;54.17;309330
FR0000125338;03/09/14;54.25;55.14;54.11;55.07;570713
FR0000125338;04/09/14;54.98;55.67;54.76;55.47;495843
FR0000125338;05/09/14;55.40;55.88;55.20;55.84;493901
FR0000125338;08/09/14;55.76;55.83;55.41;55.45;359415
FR0000125338;09/09/14;55.10;55.59;55.08;55.14;319774
FR0000125338;10/09/14;55.04;55.39;54.79;55.35;382453
FR0000125338;11/09/14;55.45;55.87;55.30;55.52;456783
FR0000125338;12/09/14;55.61;57.36;55.61;57.32;896521
FR0000125338;15/09/14;57.00;58.90;56.97;58.02;1195678
FR0000125338;16/09/14;58.01;58.03;56.56;56.94;775318
FR0000125338;17/09/14;57.39;58.96;57.30;57.87;743413
FR0000125338;18/09/14;57.91;58.96;57.87;58.50;643094
FR0000125338;19/09/14;58.71;58.80;57.47;57.94;1009750
FR0000125338;22/09/14;57.81;58.16;57.43;58.06;513461
FR0000125338;23/09/14;57.99;58.01;56.12;56.18;1032103
FR0000125338;24/09/14;56.38;56.44;54.94;55.43;1175202
FR0000125338;25/09/14;55.60;56.22;55.13;55.46;786371
FR0000125338;26/09/14;55.50;56.30;54.77;56.08;639319
FR0000125338;29/09/14;56.20;56.61;55.96;56.27;527146
FR0000125338;30/09/14;56.50;57.05;56.25;56.83;623788
FR0000125486;01/09/14;49.885;49.95;49.155;49.36;1193799
FR0000125486;02/09/14;49.45;49.50;48.91;49.03;1804966
FR0000125486;03/09/14;49.275;49.99;49.15;49.675;1839424
FR0000125486;04/09/14;49.15;49.18;48.32;48.79;3704295
FR0000125486;05/09/14;48.755;48.895;47.82;47.88;2950048
FR0000125486;08/09/14;48.00;48.05;47.45;47.58;2013059
FR0000125486;09/09/14;47.60;47.75;47.085;47.22;1455701
FR0000125486;10/09/14;47.085;47.17;46.875;47.03;1477930
FR0000125486;11/09/14;46.57;46.72;45.845;46.255;2268352
FR0000125486;12/09/14;46.31;46.35;45.61;45.87;1729267
FR0000125486;15/09/14;45.82;45.85;45.15;45.15;1747713
FR0000125486;16/09/14;45.12;45.14;44.785;45.04;1694214
FR0000125486;17/09/14;45.57;46.18;45.38;46.06;2092257
FR0000125486;18/09/14;46.22;46.65;45.71;46.195;2501802
FR0000125486;19/09/14;46.80;46.94;45.945;46.135;2617541
FR0000125486;22/09/14;46.13;46.67;45.87;46.435;1613148
FR0000125486;23/09/14;46.265;46.32;45.42;45.53;1903617
FR0000125486;24/09/14;45.50;46.47;45.22;46.37;2018539
FR0000125486;25/09/14;46.475;46.73;45.59;45.81;2067101
FR0000125486;26/09/14;46.005;46.62;45.865;46.39;1811608
FR0000125486;29/09/14;46.285;46.46;45.22;45.39;1781100
FR0000125486;30/09/14;45.395;46.265;45.20;46.005;2722187
FR0000127771;01/09/14;19.795;19.925;19.705;19.925;3569378
FR0000127771;02/09/14;19.94;20.02;19.895;19.91;3858383
FR0000127771;03/09/14;19.93;19.97;19.63;19.655;6106002
FR0000127771;04/09/14;19.62;19.865;19.46;19.705;8305435
FR0000127771;05/09/14;19.665;19.71;19.565;19.61;3522221
FR0000127771;08/09/14;19.485;19.72;19.46;19.59;3928394
FR0000127771;09/09/14;19.485;19.655;19.365;19.41;4273903
FR0000127771;10/09/14;19.33;19.515;19.23;19.46;3853580
FR0000127771;11/09/14;19.46;19.525;19.30;19.43;3746362
FR0000127771;12/09/14;19.435;19.455;19.245;19.33;3961723
FR0000127771;15/09/14;19.29;19.38;19.24;19.33;2380920
FR0000127771;16/09/14;19.355;19.37;19.14;19.33;3170249
FR0000127771;17/09/14;19.43;19.49;19.295;19.375;3085418
FR0000127771;18/09/14;19.46;19.59;19.39;19.47;2980589
FR0000127771;19/09/14;19.655;19.695;19.45;19.45;6366976
FR0000127771;22/09/14;19.435;19.605;19.37;19.455;2677729
FR0000127771;23/09/14;19.475;19.475;19.17;19.215;3797164
FR0000127771;24/09/14;19.285;19.43;19.18;19.37;4121437
FR0000127771;25/09/14;19.33;19.385;18.99;19.03;5208067
FR0000127771;26/09/14;19.055;19.22;18.98;19.14;4516273
FR0000127771;29/09/14;19.165;19.28;18.945;19.04;3618300
FR0000127771;30/09/14;19.13;19.24;18.98;19.12;4373950
FR0000130577;01/09/14;56.76;57.22;56.67;57.22;292033
FR0000130577;02/09/14;57.21;57.48;57.01;57.32;398658
FR0000130577;03/09/14;57.36;57.92;57.11;57.37;368340
FR0000130577;04/09/14;57.17;58.37;56.98;58.31;607638
FR0000130577;05/09/14;58.09;58.53;58.03;58.10;484386
FR0000130577;08/09/14;58.10;58.24;57.23;57.55;434055
FR0000130577;09/09/14;57.28;58.02;57.27;57.60;451285
FR0000130577;10/09/14;57.42;57.85;57.25;57.50;424029
FR0000130577;11/09/14;57.63;57.80;56.85;57.04;444132
FR0000130577;12/09/14;57.04;57.04;56.63;56.80;377725
FR0000130577;15/09/14;56.60;56.65;56.32;56.39;236610
FR0000130577;16/09/14;56.79;57.30;56.43;56.62;738242
FR0000130577;17/09/14;56.91;57.05;56.77;56.91;394711
FR0000130577;18/09/14;56.96;57.72;56.89;57.71;459389
FR0000130577;19/09/14;57.90;57.90;56.90;56.95;1023603
FR0000130577;22/09/14;56.59;56.61;54.86;55.00;1098385
FR0000130577;23/09/14;54.94;55.04;53.88;54.00;812346
FR0000130577;24/09/14;53.96;53.97;53.02;53.70;748673
FR0000130577;25/09/14;53.70;54.79;53.58;53.92;979189
FR0000130577;26/09/14;54.00;54.37;53.56;53.95;513437
FR0000130577;29/09/14;53.95;54.40;53.55;54.01;690755
FR0000130577;30/09/14;53.99;54.48;53.72;54.37;794169
FR0000130809;01/09/14;38.44;38.56;37.70;38.315;3291846
FR0000130809;02/09/14;38.36;38.86;38.20;38.375;2991542
FR0000130809;03/09/14;38.67;39.645;38.54;39.365;7167754
FR0000130809;04/09/14;39.22;41.545;39.18;41.00;10004676
FR0000130809;05/09/14;41.065;41.865;40.82;41.41;7236886
FR0000130809;08/09/14;41.495;41.825;41.115;41.495;3875292
FR0000130809;09/09/14;41.26;41.725;41.03;41.05;3489592
FR0000130809;10/09/14;41.00;41.60;40.83;41.30;3767934
FR0000130809;11/09/14;41.605;41.67;40.985;41.575;3672483
FR0000130809;12/09/14;41.765;41.775;41.40;41.655;2145175
FR0000130809;15/09/14;41.58;41.62;41.035;41.295;3004102
FR0000130809;16/09/14;41.235;41.235;40.27;40.80;4040195
FR0000130809;17/09/14;41.065;41.235;40.785;40.965;3857912
FR0000130809;18/09/14;41.20;42.065;41.12;41.54;4984570
FR0000130809;19/09/14;42.00;42.10;41.30;41.39;6151927
FR0000130809;22/09/14;41.295;41.46;40.695;40.855;3145221
FR0000130809;23/09/14;40.755;40.795;39.88;40.19;4785598
FR0000130809;24/09/14;40.285;40.98;39.775;40.93;4513867
FR0000130809;25/09/14;41.26;41.495;40.215;40.485;5213375
FR0000130809;26/09/14;40.545;41.025;40.30;40.675;4130085
FR0000130809;29/09/14;40.65;40.745;39.53;40.00;3844055
FR0000130809;30/09/14;40.20;40.605;39.965;40.42;5432719
FR0000131104;01/09/14;51.48;51.60;50.55;51.38;2328514
FR0000131104;02/09/14;51.76;52.30;51.52;51.67;3326995
FR0000131104;03/09/14;52.10;53.00;51.96;52.78;5107376
FR0000131104;04/09/14;52.63;54.93;52.47;54.30;8399922
FR0000131104;05/09/14;54.39;54.88;53.92;54.07;5262896
FR0000131104;08/09/14;54.00;54.39;53.58;54.00;2509689
FR0000131104;09/09/14;53.68;54.13;53.12;53.33;2890921
FR0000131104;10/09/14;53.27;53.89;52.98;53.85;2955697
FR0000131104;11/09/14;54.14;54.26;53.29;53.71;2612938
FR0000131104;12/09/14;53.94;54.14;53.65;53.97;2068230
FR0000131104;15/09/14;53.82;54.00;53.32;53.54;2329848
FR0000131104;16/09/14;53.49;53.68;52.89;53.37;2402302
FR0000131104;17/09/14;53.83;54.10;53.45;53.82;2756144
FR0000131104;18/09/14;54.11;54.61;53.95;54.30;4473764
FR0000131104;19/09/14;54.85;54.90;54.00;54.00;8212375
FR0000131104;22/09/14;54.00;54.22;53.44;53.65;3922260
FR0000131104;23/09/14;53.47;53.49;52.51;52.71;4759214
FR0000131104;24/09/14;52.76;53.28;52.27;53.25;3455968
FR0000131104;25/09/14;53.23;53.62;52.45;52.66;4084998
FR0000131104;26/09/14;52.65;53.31;52.30;52.83;3664356
FR0000131104;29/09/14;52.72;52.82;51.53;52.08;3185803
FR0000131104;30/09/14;52.22;52.86;52.17;52.52;4350943
FR0000131906;01/09/14;59.71;59.80;57.44;57.76;1845531
FR0000131906;02/09/14;58.08;58.99;57.85;58.80;1544584
FR0000131906;03/09/14;59.24;61.54;59.00;60.03;2171802
FR0000131906;04/09/14;59.80;61.77;59.59;61.06;1713650
FR0000131906;05/09/14;61.19;62.97;61.15;62.67;1943595
FR0000131906;08/09/14;62.83;63.38;62.05;62.22;828362
FR0000131906;09/09/14;62.00;63.04;60.12;60.48;1702276
FR0000131906;10/09/14;60.15;60.54;59.43;60.04;1200337
FR0000131906;11/09/14;60.38;60.46;59.04;60.14;1082507
FR0000131906;12/09/14;60.15;60.42;59.49;59.60;707566
FR0000131906;15/09/14;59.53;59.54;58.52;59.00;995426
FR0000131906;16/09/14;59.01;59.10;58.02;58.50;1246316
FR0000131906;17/09/14;59.45;59.70;58.56;58.65;1260611
FR0000131906;18/09/14;59.34;60.38;59.32;59.61;1071669
FR0000131906;19/09/14;60.43;60.77;59.44;59.44;1197966
FR0000131906;22/09/14;59.43;60.02;58.93;59.13;957413
FR0000131906;23/09/14;58.84;58.99;57.33;58.06;1797553
FR0000131906;24/09/14;58.37;58.76;57.47;58.62;1254473
FR0000131906;25/09/14;58.87;60.69;58.47;58.81;1794475
FR0000131906;26/09/14;58.76;59.47;58.01;58.94;949919
FR0000131906;29/09/14;58.70;59.73;58.25;58.91;1052614
FR0000131906;30/09/14;58.00;58.00;56.65;57.35;2599627
FR0000133308;01/09/14;11.52;11.55;11.07;11.215;11220886
FR0000133308;02/09/14;11.21;11.22;10.99;11.09;10342908
FR0000133308;03/09/14;11.11;11.14;10.99;11.095;10438887
FR0000133308;04/09/14;11.04;11.33;11.00;11.21;9728866
FR0000133308;05/09/14;11.265;11.40;11.215;11.355;8792544
FR0000133308;08/09/14;11.355;11.51;11.34;11.46;5681538
FR0000133308;09/09/14;11.42;11.605;11.39;11.415;5671262
FR0000133308;10/09/14;11.395;11.495;11.385;11.465;4025056
FR0000133308;11/09/14;11.675;11.835;11.63;11.715;11460638
FR0000133308;12/09/14;11.775;11.79;11.60;11.67;5223359
FR0000133308;15/09/14;11.655;11.695;11.37;11.445;8685812
FR0000133308;16/09/14;11.30;11.38;11.15;11.29;9695980
FR0000133308;17/09/14;11.345;11.50;11.34;11.415;7430211
FR0000133308;18/09/14;11.495;11.545;11.46;11.515;5677886
FR0000133308;19/09/14;11.70;11.715;11.49;11.60;9912751
FR0000133308;22/09/14;11.595;11.645;11.54;11.565;4831492
FR0000133308;23/09/14;11.56;11.625;11.405;11.425;5813976
FR0000133308;24/09/14;11.44;11.63;11.375;11.62;5732007
FR0000133308;25/09/14;11.58;11.785;11.475;11.52;6134332
FR0000133308;26/09/14;11.51;11.605;11.46;11.56;5856027
FR0000133308;29/09/14;11.615;11.685;11.475;11.585;5613391
FR0000133308;30/09/14;11.70;11.945;11.65;11.905;10563670
FR0010208488;01/09/14;18.755;19.07;18.75;18.965;4840123
FR0010208488;02/09/14;19.03;19.08;18.86;18.94;3813082
FR0010208488;03/09/14;19.045;19.105;18.90;18.95;6427104
FR0010208488;04/09/14;18.91;19.41;18.905;19.27;7123354
FR0010208488;05/09/14;19.345;19.765;19.31;19.67;7621145
FR0010208488;08/09/14;19.645;19.725;19.505;19.57;4073719
FR0010208488;09/09/14;19.56;19.635;19.345;19.395;4406420
FR0010208488;10/09/14;19.40;19.50;19.32;19.42;2879542
FR0010208488;11/09/14;19.47;19.475;19.22;19.40;3808987
FR0010208488;12/09/14;19.475;19.51;19.25;19.365;4233079
FR0010208488;15/09/14;19.34;19.525;19.325;19.505;3506039
FR0010208488;16/09/14;19.535;19.55;19.325;19.505;3607316
FR0010208488;17/09/14;19.565;19.585;19.44;19.52;4836963
FR0010208488;18/09/14;19.525;19.65;19.52;19.625;4964189
FR0010208488;19/09/14;19.68;19.97;19.61;19.795;10365310
FR0010208488;22/09/14;19.80;19.93;19.67;19.71;3947586
FR0010208488;23/09/14;19.69;19.69;19.18;19.215;6419471
FR0010208488;24/09/14;19.225;19.44;19.16;19.43;4821105
FR0010208488;25/09/14;19.455;19.685;19.28;19.305;5282412
FR0010208488;26/09/14;19.32;19.675;19.26;19.54;4777269
FR0010208488;29/09/14;19.525;19.59;19.30;19.445;3832927
FR0010208488;30/09/14;19.505;19.95;19.50;19.86;6839447
FR0010307819;01/09/14;42.00;42.20;41.81;42.09;375143
FR0010307819;02/09/14;42.55;44.135;42.42;43.645;1510456
FR0010307819;03/09/14;43.84;44.235;43.53;43.62;466233
FR0010307819;04/09/14;43.40;44.375;43.185;44.375;653841
FR0010307819;05/09/14;44.47;44.47;44.02;44.37;365991
FR0010307819;08/09/14;44.30;44.355;44.015;44.15;371401
FR0010307819;09/09/14;44.07;44.355;43.845;43.865;373365
FR0010307819;10/09/14;43.59;43.625;43.275;43.415;511327
FR0010307819;11/09/14;43.50;43.88;43.355;43.74;406509
FR0010307819;12/09/14;43.765;44.23;43.51;44.065;533099
FR0010307819;15/09/14;43.905;44.41;43.61;44.04;388755
FR0010307819;16/09/14;44.00;44.00;43.31;43.55;426706
FR0010307819;17/09/14;43.775;44.275;43.765;43.775;438926
FR0010307819;18/09/14;43.915;44.045;43.59;43.805;263697
FR0010307819;19/09/14;44.11;44.395;43.40;43.58;1004677
FR0010307819;22/09/14;43.315;43.66;43.12;43.325;364932
FR0010307819;23/09/14;43.255;43.365;42.08;42.125;566369
FR0010307819;24/09/14;42.085;42.485;41.675;42.485;651225
FR0010307819;25/09/14;42.21;42.265;40.505;40.66;1068916
FR0010307819;26/09/14;40.62;41.335;40.10;41.12;669563
FR0010307819;29/09/14;41.00;41.19;40.60;40.805;428351
FR0010307819;30/09/14;40.955;41.24;40.635;41.195;831931
FR0013176526;01/09/14;30.7467;30.8067;30.2667;30.5433;376038
FR0013176526;02/09/14;30.10;30.5667;29.9933;30.02;1352232
FR0013176526;03/09/14;30.1633;30.7067;29.9633;30.6233;1248060
FR0013176526;04/09/14;30.56;31.48;30.46;31.3367;1048521
FR0013176526;05/09/14;31.2733;31.7133;31.1533;31.6467;799185
FR0013176526;08/09/14;31.60;31.8933;31.3133;31.44;657984
FR0013176526;09/09/14;31.5267;32.4033;31.36;31.59;1230210
FR0013176526;10/09/14;31.4433;31.55;31.20;31.42;795390
FR0013176526;11/09/14;31.5833;31.8167;31.14;31.6467;984183
FR0013176526;12/09/14;31.6867;31.7067;31.3267;31.4367;575694
FR0013176526;15/09/14;31.3367;31.55;31.1233;31.25;483135
FR0013176526;16/09/14;31.3067;31.3067;30.6567;30.8167;810582
FR0013176526;17/09/14;31.0667;31.15;30.73;30.7333;841404
FR0013176526;18/09/14;31.1333;31.6367;31.04;31.4867;1056171
FR0013176526;19/09/14;31.6667;31.91;31.4633;31.4633;1175877
FR0013176526;22/09/14;31.3333;31.6033;30.94;30.98;1013652
FR0013176526;23/09/14;30.9167;30.9733;29.6033;29.67;2019441
FR0013176526;24/09/14;29.6267;29.7367;29.1533;29.7167;1222224
FR0013176526;25/09/14;29.79;30.4167;29.3967;29.7733;1416636
FR0013176526;26/09/14;29.7733;30.1433;29.3967;29.9733;839772
FR0013176526;29/09/14;30.0267;30.3267;29.6867;29.8867;1048797
FR0013176526;30/09/14;29.8333;29.87;29.1967;29.37;1530237
GB00BDSFG982;01/09/14;34.955;35.21;34.66;34.98;701822
GB00BDSFG982;02/09/14;35.01;35.345;34.72;34.74;685682
GB00BDSFG982;03/09/14;34.80;34.895;34.60;34.675;751052
GB00BDSFG982;04/09/14;34.75;35.105;34.675;35.02;841474
GB00BDSFG982;05/09/14;35.025;35.125;34.73;34.83;715544
GB00BDSFG982;08/09/14;34.80;34.80;33.92;34.155;842598
GB00BDSFG982;09/09/14;34.33;34.425;33.95;34.18;804362
GB00BDSFG982;10/09/14;34.365;34.395;34.10;34.165;643124
GB00BDSFG982;11/09/14;34.325;34.495;33.515;33.59;994816
GB00BDSFG982;12/09/14;33.605;33.70;33.005;33.055;976630
GB00BDSFG982;15/09/14;32.96;32.96;31.93;32.735;1639618
GB00BDSFG982;16/09/14;32.78;32.92;32.375;32.90;1015994
GB00BDSFG982;17/09/14;33.105;33.145;32.605;32.77;946492
GB00BDSFG982;18/09/14;32.785;33.165;32.635;32.975;865402
GB00BDSFG982;19/09/14;33.20;33.215;32.77;32.86;1175998
GB00BDSFG982;22/09/14;32.775;32.795;32.29;32.35;876204
GB00BDSFG982;23/09/14;32.35;32.36;31.71;31.95;1003488
GB00BDSFG982;24/09/14;32.055;32.99;31.955;32.84;1508010
GB00BDSFG982;25/09/14;32.995;33.09;32.345;32.50;1206360
GB00BDSFG982;26/09/14;32.56;32.68;32.25;32.515;602532
GB00BDSFG982;29/09/14;32.56;32.82;32.375;32.56;686822
GB00BDSFG982;30/09/14;32.665;33.71;32.665;33.305;1359674
LU1598757687;01/09/14;33.24;33.45;33.015;33.09;1571703
LU1598757687;02/09/14;33.195;33.36;32.79;32.82;2419627
LU1598757687;03/09/14;32.82;33.72;32.535;33.495;4431894
LU1598757687;04/09/14;33.48;33.90;33.21;33.765;3546318
LU1598757687;05/09/14;33.495;33.765;33.375;33.57;2829420
LU1598757687;08/09/14;33.90;34.41;33.75;34.17;4007674
LU1598757687;09/09/14;34.53;34.845;34.095;34.155;4260510
LU1598757687;10/09/14;34.35;34.365;33.615;33.765;4301514
LU1598757687;11/09/14;33.75;33.795;33.30;33.60;2543392
LU1598757687;12/09/14;33.615;33.75;33.06;33.165;2637924
LU1598757687;15/09/14;33.00;33.15;32.79;33.105;2278993
LU1598757687;16/09/14;33.12;33.30;32.805;33.255;1982431
LU1598757687;17/09/14;33.69;34.485;33.585;34.275;5285048
LU1598757687;18/09/14;34.95;35.175;34.68;34.92;5195542
LU1598757687;19/09/14;35.25;35.25;34.53;34.785;3859462
LU1598757687;22/09/14;34.29;34.365;33.795;33.915;3898858
LU1598757687;23/09/14;33.90;34.08;33.645;33.735;2910894
LU1598757687;24/09/14;33.675;33.81;33.255;33.57;2789104
LU1598757687;25/09/14;33.435;33.705;32.88;33.00;3967456
LU1598757687;26/09/14;32.97;33.255;32.73;32.985;2347147
LU1598757687;29/09/14;32.985;33.06;32.52;32.685;2635474
LU1598757687;30/09/14;32.805;32.895;32.385;32.70;2998608
NL0000226223;01/09/14;6.415;6.46;6.369;6.447;1567986
NL0000226223;02/09/14;6.46;6.529;6.45;6.474;1308747
NL0000226223;03/09/14;6.483;6.536;6.371;6.471;2158992
NL0000226223;04/09/14;6.455;6.59;6.423;6.562;2246337
NL0000226223;05/09/14;6.551;6.645;6.525;6.525;1858830
NL0000226223;08/09/14;6.547;6.622;6.547;6.585;1542319
NL0000226223;09/09/14;6.55;6.609;6.356;6.379;2853762
NL0000226223;10/09/14;6.35;6.365;6.243;6.27;2334139
NL0000226223;11/09/14;6.275;6.32;6.209;6.25;1796469
NL0000226223;12/09/14;6.251;6.40;6.244;6.36;2806644
NL0000226223;15/09/14;6.319;6.328;6.179;6.179;1590913
NL0000226223;16/09/14;6.184;6.187;6.088;6.149;1588680
NL0000226223;17/09/14;6.169;6.238;6.14;6.23;2110286
NL0000226223;18/09/14;6.247;6.435;6.247;6.421;3626053
NL0000226223;19/09/14;6.423;6.446;6.114;6.153;5237103
NL0000226223;22/09/14;6.079;6.10;5.90;5.905;5449951
NL0000226223;23/09/14;5.91;5.96;5.832;5.912;2472343
NL0000226223;24/09/14;5.911;5.971;5.881;5.944;2113187
NL0000226223;25/09/14;5.944;6.012;5.876;5.896;1604528
NL0000226223;26/09/14;5.921;6.004;5.891;5.972;1669343
NL0000226223;29/09/14;5.995;6.073;5.977;5.999;2081251
NL0000226223;30/09/14;6.028;6.144;6.023;6.12;4494059
NL0000235190;01/09/14;46.965;47.10;46.635;46.80;1428266
NL0000235190;02/09/14;46.875;47.17;46.72;47.00;1608293
NL0000235190;03/09/14;47.25;47.675;47.10;47.335;2293339
NL0000235190;04/09/14;47.115;48.875;46.78;48.875;4081483
NL0000235190;05/09/14;49.07;49.80;49.00;49.19;3297196
NL0000235190;08/09/14;49.245;49.495;48.37;48.89;2039253
NL0000235190;09/09/14;48.935;49.095;48.525;48.59;1823914
NL0000235190;10/09/14;48.54;48.72;48.28;48.40;1680707
NL0000235190;11/09/14;48.41;48.635;47.865;48.205;1816204
NL0000235190;12/09/14;48.435;48.515;47.975;48.50;2341948
NL0000235190;15/09/14;48.45;49.02;48.35;48.92;1450698
NL0000235190;16/09/14;49.015;49.26;48.465;49.07;2135634
NL0000235190;17/09/14;49.155;49.19;48.63;48.80;1709545
NL0000235190;18/09/14;48.85;49.765;48.475;49.55;1968423
NL0000235190;19/09/14;49.85;50.15;49.18;49.38;3278037
NL0000235190;22/09/14;49.075;49.455;48.945;49.165;1612406
NL0000235190;23/09/14;49.13;49.13;47.285;47.50;3100667
NL0000235190;24/09/14;47.49;47.56;46.62;47.54;2714549
NL0000235190;25/09/14;47.64;49.42;47.64;48.58;4115710
NL0000235190;26/09/14;48.64;49.475;48.345;49.34;2427716
NL0000235190;29/09/14;49.35;49.465;48.355;48.555;2161374
NL0000235190;30/09/14;48.645;50.17;48.62;49.82;3481996
