BE0003470755;03/04/17;114.55;115.75;114.55;114.85;192475
BE0003470755;04/04/17;114.85;115.25;113.85;114.10;190330
BE0003470755;05/04/17;114.10;115.15;113.85;114.55;265989
BE0003470755;06/04/17;113.75;114.50;113.50;114.20;143869
BE0003470755;07/04/17;113.60;114.55;113.50;114.55;159823
BE0003470755;10/04/17;114.35;115.30;114.30;114.60;195406
BE0003470755;11/04/17;114.50;115.20;113.75;114.40;185848
BE0003470755;12/04/17;114.75;115.25;113.90;114.20;203003
BE0003470755;13/04/17;113.75;114.70;113.70;114.45;195485
BE0003470755;18/04/17;114.65;114.95;113.00;113.00;236624
BE0003470755;19/04/17;113.00;114.05;112.95;113.10;185386
BE0003470755;20/04/17;112.40;112.55;111.15;112.50;374611
BE0003470755;21/04/17;112.85;113.20;111.65;111.80;270697
BE0003470755;24/04/17;114.20;116.90;114.20;116.75;403814
BE0003470755;25/04/17;116.00;116.85;115.75;115.85;218218
BE0003470755;26/04/17;115.15;116.50;115.15;116.30;202349
BE0003470755;27/04/17;115.75;116.40;115.25;116.10;207379
BE0003470755;28/04/17;115.65;116.95;115.65;116.75;219552
CH0012214059;03/04/17;55.53;55.92;55.26;55.37;277113
CH0012214059;04/04/17;55.46;55.67;54.98;55.67;315472
CH0012214059;05/04/17;55.50;55.82;55.19;55.41;222634
CH0012214059;06/04/17;55.00;55.43;54.68;54.95;270420
CH0012214059;07/04/17;54.53;55.21;54.40;55.04;256782
CH0012214059;10/04/17;55.00;55.30;54.82;55.04;221810
CH0012214059;11/04/17;54.62;55.71;54.59;55.16;317211
CH0012214059;12/04/17;55.24;55.55;54.60;54.88;242987
CH0012214059;13/04/17;54.76;54.76;53.94;54.33;420609
CH0012214059;18/04/17;54.71;54.71;52.93;53.09;400460
CH0012214059;19/04/17;53.24;53.71;53.00;53.44;264751
CH0012214059;20/04/17;53.35;54.86;52.59;54.69;590006
CH0012214059;21/04/17;54.73;54.85;53.96;54.24;437437
CH0012214059;24/04/17;54.30;54.46;52.99;53.34;965661
CH0012214059;25/04/17;53.46;53.54;52.99;53.18;439430
CH0012214059;26/04/17;53.18;53.18;52.66;52.84;346321
CH0012214059;27/04/17;52.85;52.87;52.10;52.69;343053
CH0012214059;28/04/17;52.67;52.67;52.02;52.12;327413
FR0000045072;03/04/17;12.70;12.70;12.45;12.49;4781511
FR0000045072;04/04/17;12.53;12.56;12.31;12.445;5966920
FR0000045072;05/04/17;12.495;12.71;12.49;12.555;5892563
FR0000045072;06/04/17;12.45;12.555;12.31;12.52;6472208
FR0000045072;07/04/17;12.46;12.67;12.42;12.57;4814265
FR0000045072;10/04/17;12.665;12.68;12.37;12.385;5619489
FR0000045072;11/04/17;12.31;12.49;12.16;12.24;8721078
FR0000045072;12/04/17;12.285;12.36;12.05;12.11;7009348
FR0000045072;13/04/17;12.09;12.095;11.805;11.905;8537414
FR0000045072;18/04/17;11.855;11.89;11.595;11.685;9981075
FR0000045072;19/04/17;11.71;12.045;11.695;11.995;8536586
FR0000045072;20/04/17;11.95;12.38;11.91;12.285;11432574
FR0000045072;21/04/17;12.29;12.49;12.13;12.43;11811567
FR0000045072;24/04/17;13.67;13.78;13.25;13.78;29895086
FR0000045072;25/04/17;13.70;13.90;13.60;13.80;10471333
FR0000045072;26/04/17;13.82;13.86;13.675;13.76;9684934
FR0000045072;27/04/17;13.71;13.74;13.54;13.575;7569978
FR0000045072;28/04/17;13.51;13.80;13.435;13.65;7554721
FR0000051732;03/04/17;116.50;116.65;115.05;115.35;199413
FR0000051732;04/04/17;115.55;116.05;114.60;115.05;194180
FR0000051732;05/04/17;114.70;115.65;114.25;115.50;240255
FR0000051732;06/04/17;115.55;115.60;114.70;115.55;216647
FR0000051732;07/04/17;115.10;115.80;114.70;115.70;176960
FR0000051732;10/04/17;115.70;116.20;114.85;115.20;188286
FR0000051732;11/04/17;114.50;115.45;113.50;114.40;266628
FR0000051732;12/04/17;114.40;114.90;113.65;114.20;231193
FR0000051732;13/04/17;114.00;114.75;113.25;114.75;241911
FR0000051732;18/04/17;114.75;115.85;113.25;113.25;338639
FR0000051732;19/04/17;113.20;114.10;112.95;113.55;331667
FR0000051732;20/04/17;113.65;117.00;113.40;116.60;330388
FR0000051732;21/04/17;116.50;116.50;114.05;114.05;327038
FR0000051732;24/04/17;118.00;119.75;116.45;118.15;406512
FR0000051732;25/04/17;115.70;118.75;114.25;117.70;549868
FR0000051732;26/04/17;117.70;119.00;116.60;119.00;352613
FR0000051732;27/04/17;118.95;120.35;117.85;120.35;275120
FR0000051732;28/04/17;120.65;120.90;119.80;120.30;314417
FR0000073272;03/04/17;69.95;71.46;69.81;70.69;1217023
FR0000073272;04/04/17;70.67;71.18;70.06;70.56;716160
FR0000073272;05/04/17;70.58;71.06;70.50;70.82;833234
FR0000073272;06/04/17;70.60;72.00;70.48;71.93;1199934
FR0000073272;07/04/17;71.75;72.83;71.27;72.83;1201384
FR0000073272;10/04/17;72.80;73.31;72.47;72.85;1050741
FR0000073272;11/04/17;72.50;73.13;72.03;73.07;860349
FR0000073272;12/04/17;73.23;73.74;72.92;73.07;702779
FR0000073272;13/04/17;73.10;73.31;72.67;72.80;817667
FR0000073272;18/04/17;72.76;73.75;72.44;72.73;1158698
FR0000073272;19/04/17;72.72;72.93;72.57;72.65;859463
FR0000073272;20/04/17;72.62;73.93;72.57;73.66;1011488
FR0000073272;21/04/17;73.60;74.16;72.95;73.73;1351792
FR0000073272;24/04/17;75.53;77.12;75.32;75.84;2190150
FR0000073272;25/04/17;75.95;75.95;75.11;75.77;1029410
FR0000073272;26/04/17;75.99;76.49;75.53;76.00;1411114
FR0000073272;27/04/17;76.01;76.91;75.78;76.75;987587
FR0000073272;28/04/17;76.71;76.72;75.53;76.02;1277081
FR0000120073;03/04/17;97.5455;98.0455;97.00;97.2273;822991
FR0000120073;04/04/17;97.3182;97.7273;96.5455;97.1818;793445
FR0000120073;05/04/17;97.2727;97.6364;97.0909;97.3636;744685
FR0000120073;06/04/17;97.1364;98.4546;96.50;98.1364;902372
FR0000120073;07/04/17;97.8636;99.3182;97.5909;99.3182;1006780
FR0000120073;10/04/17;99.0909;99.1818;98.50;98.5455;768452
FR0000120073;11/04/17;98.1818;98.7273;96.7727;97.3182;979386
FR0000120073;12/04/17;97.50;98.4546;97.4091;97.6818;701825
FR0000120073;13/04/17;97.6818;98.3182;97.4091;97.7273;1017292
FR0000120073;18/04/17;97.7273;98.3182;96.5909;97.0455;1026494
FR0000120073;19/04/17;96.9091;97.3636;96.2727;96.3636;820072
FR0000120073;20/04/17;96.0909;97.50;95.8636;97.2273;984416
FR0000120073;21/04/17;96.8182;97.3182;96.1364;96.1364;1751223
FR0000120073;24/04/17;99.0909;101.7727;98.4546;100.6818;2521695
FR0000120073;25/04/17;100.7727;101.0455;100.3636;100.8636;1032661
FR0000120073;26/04/17;101.0455;102.5909;100.9546;102.00;1370750
FR0000120073;27/04/17;101.3182;101.5909;99.9545;100.9091;1387318
FR0000120073;28/04/17;100.4545;100.9546;99.8182;100.5455;989143
FR0000120172;03/04/17;22.20;22.365;22.055;22.055;2385591
FR0000120172;04/04/17;22.035;22.06;21.77;21.85;2549079
FR0000120172;05/04/17;21.85;21.85;21.585;21.62;2226012
FR0000120172;06/04/17;21.63;21.725;21.45;21.64;2436905
FR0000120172;07/04/17;21.25;21.35;20.975;21.035;7108357
FR0000120172;10/04/17;21.035;21.19;20.92;21.13;2677376
FR0000120172;11/04/17;20.92;21.25;20.90;21.225;2541954
FR0000120172;12/04/17;21.24;21.435;21.15;21.26;2796898
FR0000120172;13/04/17;21.43;21.43;21.03;21.19;3329125
FR0000120172;18/04/17;21.355;21.36;20.30;20.30;7087552
FR0000120172;19/04/17;20.335;20.555;20.08;20.545;4276993
FR0000120172;20/04/17;20.565;21.115;20.54;20.90;5098931
FR0000120172;21/04/17;20.90;20.905;20.67;20.82;3067920
FR0000120172;24/04/17;21.86;21.91;21.33;21.395;5485368
FR0000120172;25/04/17;21.46;21.645;21.375;21.54;2398608
FR0000120172;26/04/17;21.55;21.62;21.38;21.485;2171028
FR0000120172;27/04/17;21.485;21.56;21.205;21.535;2445201
FR0000120172;28/04/17;21.515;21.90;21.51;21.625;3020626
FR0000120271;03/04/17;47.45;47.655;46.965;46.965;4938414
FR0000120271;04/04/17;47.12;47.75;47.12;47.75;5165283
FR0000120271;05/04/17;47.95;48.695;47.855;48.00;7045883
FR0000120271;06/04/17;47.78;48.69;47.615;48.53;5862628
FR0000120271;07/04/17;48.84;49.00;48.385;49.00;6282439
FR0000120271;10/04/17;49.00;49.00;48.49;48.63;4025918
FR0000120271;11/04/17;48.23;48.85;48.135;48.73;4802317
FR0000120271;12/04/17;48.805;49.075;48.535;48.64;4641557
FR0000120271;13/04/17;48.41;48.515;47.965;48.03;6073831
FR0000120271;18/04/17;47.67;47.865;47.08;47.115;6557281
FR0000120271;19/04/17;46.88;47.175;46.635;46.855;5935992
FR0000120271;20/04/17;46.59;47.305;46.435;47.07;7429833
FR0000120271;21/04/17;46.75;47.00;46.325;46.48;13081961
FR0000120271;24/04/17;48.20;48.395;47.625;47.825;12098175
FR0000120271;25/04/17;48.00;48.03;47.605;47.825;5475580
FR0000120271;26/04/17;47.55;48.12;47.465;47.845;5554663
FR0000120271;27/04/17;47.70;47.90;46.93;47.285;5968220
FR0000120271;28/04/17;47.475;47.625;47.17;47.17;6777333
FR0000120321;03/04/17;180.00;180.70;179.20;179.50;410484
FR0000120321;04/04/17;179.80;180.75;179.50;180.30;394484
FR0000120321;05/04/17;179.95;180.00;178.65;178.85;475263
FR0000120321;06/04/17;178.15;179.75;177.80;179.35;460965
FR0000120321;07/04/17;179.25;180.70;178.45;180.70;478166
FR0000120321;10/04/17;179.55;181.15;178.90;180.90;464870
FR0000120321;11/04/17;180.40;181.45;180.05;181.00;541314
FR0000120321;12/04/17;181.10;182.00;180.85;181.95;442256
FR0000120321;13/04/17;182.10;182.10;180.75;181.05;623284
FR0000120321;18/04/17;182.00;182.25;180.05;180.10;774787
FR0000120321;19/04/17;180.10;181.95;179.95;181.40;928554
FR0000120321;20/04/17;180.70;183.00;180.65;181.75;749589
FR0000120321;21/04/17;181.15;181.55;179.30;180.80;923412
FR0000120321;24/04/17;185.00;185.85;183.60;185.55;1302253
FR0000120321;25/04/17;185.90;186.20;184.55;184.65;615645
FR0000120321;26/04/17;184.25;185.80;183.55;185.35;644013
FR0000120321;27/04/17;185.00;186.40;184.25;185.80;720889
FR0000120321;28/04/17;183.00;183.85;182.40;182.85;848406
FR0000120404;03/04/17;39.05;39.26;38.855;38.895;808286
FR0000120404;04/04/17;39.39;39.76;38.94;39.215;1260720
FR0000120404;05/04/17;39.16;39.66;39.05;39.575;854993
FR0000120404;06/04/17;39.41;40.12;39.275;39.67;1023047
FR0000120404;07/04/17;39.42;40.06;39.155;39.96;1093003
FR0000120404;10/04/17;40.00;40.09;39.41;39.415;699331
FR0000120404;11/04/17;39.275;39.70;39.17;39.50;748886
FR0000120404;12/04/17;39.495;39.64;39.13;39.265;906674
FR0000120404;13/04/17;39.10;39.40;38.95;39.335;769892
FR0000120404;18/04/17;39.395;39.49;38.56;38.73;1095915
FR0000120404;19/04/17;38.72;39.23;38.72;39.23;1092557
FR0000120404;20/04/17;38.915;39.81;38.90;39.55;1431281
FR0000120404;21/04/17;38.80;40.29;38.80;40.14;2019923
FR0000120404;24/04/17;41.895;42.125;41.34;41.77;2802235
FR0000120404;25/04/17;41.70;41.87;41.39;41.53;1105864
FR0000120404;26/04/17;41.515;41.55;41.32;41.405;898574
FR0000120404;27/04/17;41.27;41.63;41.16;41.63;800860
FR0000120404;28/04/17;41.655;42.105;41.41;41.845;1293683
FR0000120503;03/04/17;38.225;38.59;38.14;38.40;1050861
FR0000120503;04/04/17;38.415;38.60;38.235;38.235;863501
FR0000120503;05/04/17;38.30;38.42;38.09;38.23;1000886
FR0000120503;06/04/17;38.00;38.40;37.85;38.275;782591
FR0000120503;07/04/17;38.125;38.40;38.045;38.395;597775
FR0000120503;10/04/17;38.345;38.40;38.045;38.045;668867
FR0000120503;11/04/17;38.00;38.42;37.875;38.05;981834
FR0000120503;12/04/17;38.10;38.22;37.135;37.135;1161099
FR0000120503;13/04/17;37.14;37.43;37.01;37.365;780257
FR0000120503;18/04/17;37.37;37.525;36.37;36.37;1239084
FR0000120503;19/04/17;36.435;36.77;36.29;36.705;874453
FR0000120503;20/04/17;36.69;37.41;36.535;37.35;954684
FR0000120503;21/04/17;37.295;37.545;37.185;37.305;1033942
FR0000120503;24/04/17;38.61;39.38;38.51;39.00;2261304
FR0000120503;25/04/17;39.00;39.435;38.98;39.175;1134303
FR0000120503;26/04/17;39.20;39.28;38.87;38.87;895176
FR0000120503;27/04/17;38.80;38.905;38.63;38.78;746508
FR0000120503;28/04/17;38.85;38.91;38.435;38.595;1162040
FR0000120578;03/04/17;84.80;85.11;84.10;84.48;1806452
FR0000120578;04/04/17;84.31;85.39;84.21;85.30;1888482
FR0000120578;05/04/17;85.15;85.82;84.80;85.43;1832959
FR0000120578;06/04/17;84.84;85.74;84.71;85.21;2048280
FR0000120578;07/04/17;85.00;85.00;84.23;84.65;2284015
FR0000120578;10/04/17;84.85;85.05;84.31;84.61;1350942
FR0000120578;11/04/17;84.26;85.21;83.94;84.81;2198333
FR0000120578;12/04/17;85.22;86.01;85.08;85.24;1842174
FR0000120578;13/04/17;84.81;85.55;84.66;85.33;2435006
FR0000120578;18/04/17;85.94;86.05;83.17;83.28;3636980
FR0000120578;19/04/17;83.00;83.09;82.06;82.73;2610355
FR0000120578;20/04/17;82.47;83.72;82.33;83.32;2746704
FR0000120578;21/04/17;82.92;83.09;82.29;82.36;4608635
FR0000120578;24/04/17;85.00;85.94;84.23;84.84;4752506
FR0000120578;25/04/17;84.72;85.70;84.58;85.09;2332296
FR0000120578;26/04/17;84.75;85.82;84.48;85.65;2400161
FR0000120578;27/04/17;85.83;86.15;85.01;85.97;2029464
FR0000120578;28/04/17;87.00;88.00;86.17;86.61;3398507
FR0000120628;03/04/17;24.225;24.365;23.885;23.925;7197975
FR0000120628;04/04/17;23.95;24.04;23.695;23.855;5100320
FR0000120628;05/04/17;23.795;23.96;23.65;23.70;5415174
FR0000120628;06/04/17;23.60;23.88;23.265;23.83;7093438
FR0000120628;07/04/17;23.70;23.795;23.55;23.68;6610272
FR0000120628;10/04/17;23.70;23.77;23.585;23.65;5308566
FR0000120628;11/04/17;23.525;23.715;23.355;23.63;6740438
FR0000120628;12/04/17;23.72;23.885;23.46;23.58;7141632
FR0000120628;13/04/17;23.50;23.525;23.105;23.25;10062693
FR0000120628;18/04/17;23.215;23.29;22.715;22.79;10540320
FR0000120628;19/04/17;22.845;23.07;22.775;22.845;9582439
FR0000120628;20/04/17;22.77;23.41;22.60;23.29;11587322
FR0000120628;21/04/17;23.24;23.63;23.095;23.495;13283241
FR0000120628;24/04/17;25.50;25.60;24.735;25.03;22122997
FR0000120628;25/04/17;25.145;25.18;24.92;25.00;8520506
FR0000120628;26/04/17;24.88;24.895;24.635;24.74;7661958
FR0000120628;27/04/17;24.605;24.635;24.24;24.42;8636738
FR0000120628;28/04/17;24.44;24.72;24.28;24.51;9068033
FR0000120644;03/04/17;63.91;64.02;63.44;63.50;1642270
FR0000120644;04/04/17;62.83;64.14;62.83;63.92;1634219
FR0000120644;05/04/17;63.80;64.18;63.51;63.60;1179713
FR0000120644;06/04/17;63.20;63.99;63.20;63.75;1489443
FR0000120644;07/04/17;63.15;64.17;63.11;64.17;1290676
FR0000120644;10/04/17;64.08;64.20;63.65;64.08;928292
FR0000120644;11/04/17;63.77;64.07;63.63;64.00;1198916
FR0000120644;12/04/17;63.85;64.49;63.77;64.24;1219063
FR0000120644;13/04/17;64.02;64.31;63.93;64.27;1726221
FR0000120644;18/04/17;64.40;64.46;63.83;63.86;1695744
FR0000120644;19/04/17;63.67;63.85;63.07;63.35;1693980
FR0000120644;20/04/17;62.74;64.06;62.70;63.71;1877648
FR0000120644;21/04/17;62.80;62.95;61.87;62.15;4537934
FR0000120644;24/04/17;63.86;64.04;62.91;63.65;3666143
FR0000120644;25/04/17;63.78;64.02;63.58;63.77;1850770
FR0000120644;26/04/17;63.45;63.84;63.20;63.56;1926560
FR0000120644;27/04/17;63.47;64.14;63.27;63.90;1757306
FR0000120644;28/04/17;63.82;64.21;63.56;64.18;2053421
FR0000120693;03/04/17;110.80;111.20;110.25;111.00;315652
FR0000120693;04/04/17;111.00;111.65;110.95;111.65;429646
FR0000120693;05/04/17;111.80;112.20;111.40;111.70;305802
FR0000120693;06/04/17;111.35;111.90;110.65;111.80;336380
FR0000120693;07/04/17;111.90;111.95;111.00;111.75;221354
FR0000120693;10/04/17;111.70;112.55;111.15;112.40;304063
FR0000120693;11/04/17;113.00;113.15;111.95;112.85;444774
FR0000120693;12/04/17;113.00;114.10;112.70;113.80;461998
FR0000120693;13/04/17;113.40;114.40;113.25;114.30;417774
FR0000120693;18/04/17;114.60;114.95;113.00;113.15;492616
FR0000120693;19/04/17;112.85;113.30;111.65;113.30;584227
FR0000120693;20/04/17;113.70;115.95;113.35;114.50;867902
FR0000120693;21/04/17;113.50;115.00;113.20;115.00;740429
FR0000120693;24/04/17;116.95;117.65;115.90;116.45;621932
FR0000120693;25/04/17;116.20;116.40;114.65;115.00;662285
FR0000120693;26/04/17;114.70;116.15;114.25;115.45;449754
FR0000120693;27/04/17;115.45;115.95;114.55;114.75;559043
FR0000120693;28/04/17;115.20;115.40;114.55;114.85;411049
FR0000121014;03/04/17;205.95;207.30;204.05;204.05;634209
FR0000121014;04/04/17;204.70;207.00;204.35;206.20;495445
FR0000121014;05/04/17;206.50;206.70;204.40;204.75;599855
FR0000121014;06/04/17;204.10;207.75;202.85;207.25;590482
FR0000121014;07/04/17;207.65;209.25;205.95;209.25;583511
FR0000121014;10/04/17;209.00;209.30;206.70;207.45;478866
FR0000121014;11/04/17;212.60;213.50;206.95;208.60;1009031
FR0000121014;12/04/17;210.75;211.15;208.45;208.85;533672
FR0000121014;13/04/17;209.30;210.10;207.90;208.60;612536
FR0000121014;18/04/17;210.75;211.00;206.30;206.60;656074
FR0000121014;19/04/17;204.85;206.10;203.25;204.80;573350
FR0000121014;20/04/17;204.50;208.10;204.00;207.40;761787
FR0000121014;21/04/17;205.95;208.15;204.80;206.90;1064956
FR0000121014;24/04/17;215.25;216.45;213.50;214.70;1455423
FR0000121014;25/04/17;220.00;225.20;218.95;223.15;1544019
FR0000121014;26/04/17;225.00;227.35;223.95;224.85;1108978
FR0000121014;27/04/17;225.25;226.45;223.50;225.90;624392
FR0000121014;28/04/17;226.05;227.65;224.90;226.50;731078
FR0000121220;03/04/17;110.35;110.85;109.60;110.00;216497
FR0000121220;04/04/17;110.35;110.85;109.65;110.75;158108
FR0000121220;05/04/17;110.75;111.50;110.45;111.20;172482
FR0000121220;06/04/17;110.80;111.65;110.55;111.00;176681
FR0000121220;07/04/17;110.60;111.55;110.45;111.55;182833
FR0000121220;10/04/17;111.60;112.20;111.20;111.35;172176
FR0000121220;11/04/17;111.35;111.80;110.70;111.55;197093
FR0000121220;12/04/17;111.95;113.30;111.65;112.60;230720
FR0000121220;13/04/17;110.00;113.85;110.00;113.55;379569
FR0000121220;18/04/17;113.75;114.10;112.30;112.75;297358
FR0000121220;19/04/17;112.90;113.35;111.50;111.65;275324
FR0000121220;20/04/17;111.50;113.50;111.45;113.00;359463
FR0000121220;21/04/17;112.60;113.50;112.05;112.30;336542
FR0000121220;24/04/17;113.80;116.05;113.40;116.05;420777
FR0000121220;25/04/17;116.00;116.15;114.55;114.75;242863
FR0000121220;26/04/17;114.50;115.45;113.95;114.70;344704
FR0000121220;27/04/17;114.10;115.85;114.10;115.50;255399
FR0000121220;28/04/17;115.25;116.85;115.25;116.70;323231
FR0000121261;03/04/17;114.00;114.20;112.30;112.85;581413
FR0000121261;04/04/17;112.45;113.25;111.65;113.25;531747
FR0000121261;05/04/17;113.10;113.75;112.25;112.45;442042
FR0000121261;06/04/17;111.50;113.75;111.15;112.85;523835
FR0000121261;07/04/17;112.45;112.95;112.10;112.85;344459
FR0000121261;10/04/17;112.90;112.95;111.60;111.65;478292
FR0000121261;11/04/17;111.25;112.95;110.85;112.40;479351
FR0000121261;12/04/17;113.15;113.60;111.60;111.90;420157
FR0000121261;13/04/17;112.05;112.30;111.20;111.95;490224
FR0000121261;18/04/17;112.50;112.60;110.10;110.10;794985
FR0000121261;19/04/17;110.30;111.80;110.15;111.40;493088
FR0000121261;20/04/17;111.00;113.75;110.85;113.25;557700
FR0000121261;21/04/17;114.00;116.35;113.10;116.10;1058118
FR0000121261;24/04/17;119.00;119.50;117.50;118.40;889851
FR0000121261;25/04/17;118.80;119.50;117.75;118.00;556153
FR0000121261;26/04/17;117.75;118.80;117.40;118.80;546853
FR0000121261;27/04/17;118.55;118.65;117.85;118.50;570251
FR0000121261;28/04/17;118.25;120.05;118.10;119.95;670227
FR0000121485;03/04/17;242.55;243.60;241.70;242.75;199589
FR0000121485;04/04/17;243.35;245.25;243.00;243.95;190038
FR0000121485;05/04/17;244.70;244.70;241.50;241.50;144380
FR0000121485;06/04/17;240.55;246.40;239.95;246.40;279186
FR0000121485;07/04/17;245.95;253.05;245.50;251.20;400700
FR0000121485;10/04/17;251.30;252.35;249.50;249.50;201947
FR0000121485;11/04/17;252.25;252.95;248.20;249.45;296457
FR0000121485;12/04/17;251.00;251.25;249.20;249.45;160114
FR0000121485;13/04/17;250.00;251.30;249.45;250.75;187722
FR0000121485;18/04/17;252.05;252.85;247.75;249.25;204835
FR0000121485;19/04/17;250.25;251.65;249.80;250.25;166198
FR0000121485;20/04/17;249.55;252.20;249.10;251.00;283773
FR0000121485;21/04/17;250.70;250.70;247.00;247.45;269646
FR0000121485;24/04/17;255.00;257.90;254.55;256.05;308825
FR0000121485;25/04/17;259.00;260.60;256.95;259.15;229021
FR0000121485;26/04/17;285.00;288.00;281.00;284.40;982541
FR0000121485;27/04/17;284.05;284.45;282.40;284.05;274858
FR0000121485;28/04/17;283.40;285.40;282.90;284.55;273764
FR0000121501;03/04/17;18.985;19.035;18.59;18.65;2220816
FR0000121501;04/04/17;18.68;18.68;18.14;18.47;3208803
FR0000121501;05/04/17;18.53;18.545;18.305;18.47;2491379
FR0000121501;06/04/17;18.345;18.37;18.06;18.155;3895504
FR0000121501;07/04/17;18.085;18.265;17.91;18.065;3089996
FR0000121501;10/04/17;18.09;18.12;17.935;17.995;2305880
FR0000121501;11/04/17;17.90;18.095;17.695;17.855;2896127
FR0000121501;12/04/17;18.00;18.12;17.69;17.735;2814830
FR0000121501;13/04/17;17.67;17.705;17.47;17.575;2608238
FR0000121501;18/04/17;17.43;17.48;17.11;17.365;4084239
FR0000121501;19/04/17;17.405;17.74;17.38;17.605;3195595
FR0000121501;20/04/17;17.535;18.365;17.44;18.29;4977284
FR0000121501;21/04/17;18.24;18.27;18.02;18.02;3422795
FR0000121501;24/04/17;19.00;19.325;18.755;19.175;8065734
FR0000121501;25/04/17;18.56;19.00;18.50;18.95;5000223
FR0000121501;26/04/17;18.75;19.03;18.555;19.005;5809513
FR0000121501;27/04/17;18.885;18.935;18.745;18.86;3208944
FR0000121501;28/04/17;18.675;19.37;18.655;19.235;6644155
FR0000121667;03/04/17;113.95;114.00;112.70;112.80;487953
FR0000121667;04/04/17;113.00;113.75;112.55;113.20;383996
FR0000121667;05/04/17;113.50;113.50;111.80;111.90;384848
FR0000121667;06/04/17;111.80;113.15;110.85;113.10;417032
FR0000121667;07/04/17;113.00;113.00;111.80;112.45;371412
FR0000121667;10/04/17;112.05;112.80;111.85;112.40;312038
FR0000121667;11/04/17;111.95;113.05;111.70;113.05;448155
FR0000121667;12/04/17;113.20;115.95;113.20;115.75;644251
FR0000121667;13/04/17;115.85;116.00;114.65;114.85;436336
FR0000121667;18/04/17;114.75;115.15;113.65;114.05;475878
FR0000121667;19/04/17;113.65;114.20;113.05;113.65;434096
FR0000121667;20/04/17;113.50;115.05;113.15;114.50;522494
FR0000121667;21/04/17;113.50;114.30;112.65;112.75;932173
FR0000121667;24/04/17;116.50;117.95;115.45;117.75;1290282
FR0000121667;25/04/17;118.00;119.15;117.85;118.80;701913
FR0000121667;26/04/17;118.55;119.00;117.85;118.85;714509
FR0000121667;27/04/17;118.85;119.45;118.30;119.25;478086
FR0000121667;28/04/17;118.65;118.95;118.30;118.95;780028
FR0000121972;03/04/17;69.15;69.57;68.10;68.32;1113349
FR0000121972;04/04/17;68.02;68.80;68.02;68.63;1104545
FR0000121972;05/04/17;68.55;69.00;68.36;68.49;1264579
FR0000121972;06/04/17;68.12;69.39;67.82;69.16;1280063
FR0000121972;07/04/17;68.79;69.40;68.61;69.35;827899
FR0000121972;10/04/17;69.21;69.38;68.90;68.98;938821
FR0000121972;11/04/17;68.39;69.33;68.26;68.96;1250148
FR0000121972;12/04/17;69.04;69.50;68.64;68.74;953529
FR0000121972;13/04/17;68.50;68.71;67.71;68.38;1406333
FR0000121972;18/04/17;68.68;68.83;67.54;67.54;1504896
FR0000121972;19/04/17;67.77;68.25;67.66;68.00;1299009
FR0000121972;20/04/17;70.00;70.38;68.97;70.02;2688911
FR0000121972;21/04/17;70.00;70.66;69.72;70.60;3043278
FR0000121972;24/04/17;73.33;74.45;72.35;74.20;3855062
FR0000121972;25/04/17;74.35;74.39;73.57;73.92;1465494
FR0000121972;26/04/17;73.55;74.20;73.31;73.45;1677023
FR0000121972;27/04/17;73.21;73.71;72.68;73.14;1575034
FR0000121972;28/04/17;73.14;73.33;72.50;72.50;2048037
FR0000124141;03/04/17;17.60;17.655;17.34;17.34;2555472
FR0000124141;04/04/17;17.40;17.47;17.185;17.23;2510248
FR0000124141;05/04/17;17.20;17.375;17.20;17.265;2030172
FR0000124141;06/04/17;17.205;17.42;17.19;17.365;1532401
FR0000124141;07/04/17;17.33;17.415;17.255;17.395;1335035
FR0000124141;10/04/17;17.385;17.425;17.205;17.21;1943579
FR0000124141;11/04/17;17.19;17.22;16.92;17.055;3344597
FR0000124141;12/04/17;17.055;17.215;16.98;17.15;2737314
FR0000124141;13/04/17;17.10;17.14;16.925;17.09;2293073
FR0000124141;18/04/17;17.09;17.12;16.775;17.01;2617325
FR0000124141;19/04/17;17.00;17.095;16.935;17.055;2950366
FR0000124141;20/04/17;17.17;17.255;17.04;17.155;4007680
FR0000124141;21/04/17;17.145;17.665;16.89;17.655;6449265
FR0000124141;24/04/17;17.50;17.685;17.145;17.45;6820664
FR0000124141;25/04/17;17.46;17.57;17.355;17.495;2855305
FR0000124141;26/04/17;17.485;17.535;17.40;17.445;2684646
FR0000124141;27/04/17;17.39;17.50;17.34;17.46;2278814
FR0000124141;28/04/17;17.39;17.50;17.24;17.44;2530608
FR0000124711;03/04/17;219.50;219.70;217.00;217.85;305404
FR0000124711;04/04/17;218.75;219.70;217.50;219.20;220326
FR0000124711;05/04/17;220.00;220.00;217.95;219.00;269404
FR0000124711;06/04/17;219.35;222.80;219.30;222.80;277605
FR0000124711;07/04/17;222.50;223.75;221.55;223.50;242169
FR0000124711;10/04/17;223.75;223.75;222.50;223.10;172777
FR0000124711;11/04/17;222.95;224.90;222.20;224.90;235685
FR0000124711;12/04/17;225.00;225.50;223.95;224.70;240314
FR0000124711;13/04/17;224.20;224.50;223.50;224.10;241437
FR0000124711;18/04/17;224.60;224.90;222.25;223.80;269639
FR0000124711;19/04/17;223.10;223.15;221.00;221.95;316915
FR0000124711;20/04/17;221.00;222.95;219.65;220.90;423817
FR0000124711;21/04/17;220.80;221.05;218.40;219.65;479954
FR0000124711;24/04/17;228.00;228.25;224.70;227.05;628838
FR0000124711;25/04/17;228.00;230.85;226.30;229.35;327168
FR0000124711;26/04/17;227.20;229.00;226.05;228.10;271465
FR0000124711;27/04/17;226.85;228.10;225.60;226.65;355464
FR0000124711;28/04/17;226.60;226.60;224.10;225.45;348978
FR0000125007;03/04/17;48.29;48.405;47.68;47.68;1641964
FR0000125007;04/04/17;47.62;47.935;47.28;47.55;1070968
FR0000125007;05/04/17;47.73;47.755;47.275;47.365;1157383
FR0000125007;06/04/17;47.305;47.655;46.77;47.46;1284993
FR0000125007;07/04/17;47.22;47.725;47.055;47.69;1232876
FR0000125007;10/04/17;47.60;47.60;46.97;46.97;1267730
FR0000125007;11/04/17;46.695;47.22;46.53;47.035;1653968
FR0000125007;12/04/17;47.10;47.37;46.42;46.62;1098687
FR0000125007;13/04/17;46.56;46.585;46.075;46.205;1482149
FR0000125007;18/04/17;46.41;46.535;45.345;45.39;1781417
FR0000125007;19/04/17;45.415;45.895;45.18;45.785;1316062
FR0000125007;20/04/17;45.66;46.95;45.485;46.715;2161890
FR0000125007;21/04/17;46.525;46.57;45.96;46.195;2722783
FR0000125007;24/04/17;49.50;49.75;48.41;49.295;4761610
FR0000125007;25/04/17;49.66;49.69;48.93;49.565;2583112
FR0000125007;26/04/17;49.50;50.00;49.175;49.815;2148298
FR0000125007;27/04/17;50.00;50.51;49.685;49.90;2137739
FR0000125007;28/04/17;49.66;49.845;49.365;49.55;1970918
FR0000125338;03/04/17;87.00;87.00;85.83;85.89;398621
FR0000125338;04/04/17;86.00;86.39;84.92;85.85;599995
FR0000125338;05/04/17;86.00;88.06;85.95;87.41;895786
FR0000125338;06/04/17;87.16;88.10;87.07;87.98;613798
FR0000125338;07/04/17;87.77;88.16;87.13;88.06;513225
FR0000125338;10/04/17;87.50;88.27;87.26;87.82;422897
FR0000125338;11/04/17;87.29;88.27;86.78;87.22;547759
FR0000125338;12/04/17;87.28;87.85;86.97;87.47;400413
FR0000125338;13/04/17;87.40;87.54;86.04;86.45;595980
FR0000125338;18/04/17;86.72;87.29;84.84;84.90;656298
FR0000125338;19/04/17;86.40;88.67;86.15;87.93;1024569
FR0000125338;20/04/17;87.79;88.87;87.48;88.49;851605
FR0000125338;21/04/17;88.18;88.20;87.20;87.20;831520
FR0000125338;24/04/17;89.90;91.30;89.39;90.91;1314369
FR0000125338;25/04/17;90.89;91.88;90.00;91.40;756936
FR0000125338;26/04/17;93.20;93.79;91.86;92.75;1180426
FR0000125338;27/04/17;93.12;93.20;91.53;92.95;679067
FR0000125338;28/04/17;92.61;92.79;91.77;91.90;626761
FR0000125486;03/04/17;74.40;74.72;73.92;74.46;1265564
FR0000125486;04/04/17;74.46;74.64;73.80;73.80;1440197
FR0000125486;05/04/17;74.00;74.45;73.78;73.97;1341834
FR0000125486;06/04/17;74.04;74.79;73.88;74.63;1060652
FR0000125486;07/04/17;74.29;74.65;74.11;74.54;1043240
FR0000125486;10/04/17;74.27;74.48;73.71;73.71;846668
FR0000125486;11/04/17;73.52;75.22;73.39;74.98;1801751
FR0000125486;12/04/17;74.31;74.92;73.68;73.69;1335662
FR0000125486;13/04/17;73.60;74.13;73.17;73.85;1515149
FR0000125486;18/04/17;73.67;74.11;72.33;72.56;1776780
FR0000125486;19/04/17;72.56;72.90;71.83;72.22;1986686
FR0000125486;20/04/17;72.22;74.27;71.91;73.99;2120481
FR0000125486;21/04/17;73.63;73.70;72.72;73.33;2255707
FR0000125486;24/04/17;77.67;78.68;76.75;78.50;3998482
FR0000125486;25/04/17;77.00;78.18;76.74;77.72;2335419
FR0000125486;26/04/17;77.35;77.66;76.90;77.21;1498800
FR0000125486;27/04/17;76.88;77.78;76.79;77.55;1245884
FR0000125486;28/04/17;77.55;78.25;77.41;78.10;1896695
FR0000127771;03/04/17;18.13;18.255;17.855;17.94;3880493
FR0000127771;04/04/17;17.99;18.265;17.90;18.125;4536895
FR0000127771;05/04/17;18.09;18.16;17.955;18.105;2441097
FR0000127771;06/04/17;17.965;18.275;17.82;18.075;3375487
FR0000127771;07/04/17;18.005;18.115;17.905;18.075;2160851
FR0000127771;10/04/17;18.015;18.06;17.835;17.97;2563819
FR0000127771;11/04/17;17.87;17.975;17.745;17.81;3442739
FR0000127771;12/04/17;18.195;18.305;17.965;17.985;4252170
FR0000127771;13/04/17;17.92;18.065;17.92;18.00;2658566
FR0000127771;18/04/17;18.00;18.065;17.545;17.655;4673729
FR0000127771;19/04/17;17.575;17.64;17.355;17.47;3793838
FR0000127771;20/04/17;17.42;17.875;17.42;17.865;4360024
FR0000127771;21/04/17;17.87;17.91;17.565;17.66;4887667
FR0000127771;24/04/17;18.32;18.80;18.185;18.765;8045872
FR0000127771;25/04/17;18.80;19.235;18.51;18.67;6262527
FR0000127771;26/04/17;18.85;19.16;18.75;18.915;5383244
FR0000127771;27/04/17;18.90;18.90;18.585;18.585;4208140
FR0000127771;28/04/17;18.56;18.645;18.215;18.215;6246042
FR0000130577;03/04/17;65.55;65.55;64.52;64.64;593704
FR0000130577;04/04/17;64.56;65.03;64.53;64.98;438584
FR0000130577;05/04/17;64.97;65.01;64.45;64.82;490131
FR0000130577;06/04/17;64.40;64.53;63.97;64.36;670975
FR0000130577;07/04/17;64.22;64.59;63.87;64.59;503727
FR0000130577;10/04/17;64.59;64.76;64.37;64.57;322408
FR0000130577;11/04/17;64.45;64.77;64.33;64.53;412433
FR0000130577;12/04/17;64.56;65.11;64.42;65.06;485364
FR0000130577;13/04/17;65.00;65.12;64.61;64.76;619105
FR0000130577;18/04/17;65.03;65.06;63.43;63.62;864293
FR0000130577;19/04/17;63.72;64.05;63.01;63.89;877864
FR0000130577;20/04/17;65.50;66.38;65.08;65.66;1343808
FR0000130577;21/04/17;65.53;65.55;64.63;65.00;696499
FR0000130577;24/04/17;67.00;67.04;66.06;66.64;896485
FR0000130577;25/04/17;66.73;66.73;65.90;66.61;616163
FR0000130577;26/04/17;66.41;67.23;66.35;67.20;601542
FR0000130577;27/04/17;67.08;67.10;65.87;66.88;840428
FR0000130577;28/04/17;66.99;66.99;66.16;66.27;728136
FR0000130809;03/04/17;47.58;47.63;46.05;46.315;3297301
FR0000130809;04/04/17;45.90;46.095;45.095;45.70;4682877
FR0000130809;05/04/17;45.75;46.36;45.49;45.65;3579762
FR0000130809;06/04/17;45.205;46.185;44.82;46.13;3687980
FR0000130809;07/04/17;45.765;46.62;45.66;46.52;3530499
FR0000130809;10/04/17;46.55;46.55;45.54;45.86;3841626
FR0000130809;11/04/17;45.36;45.92;45.03;45.295;3888968
FR0000130809;12/04/17;45.49;45.82;44.46;44.65;3955561
FR0000130809;13/04/17;44.50;44.535;43.21;43.505;6388069
FR0000130809;18/04/17;43.78;43.855;42.63;43.015;5166594
FR0000130809;19/04/17;43.13;44.525;43.125;44.255;5714553
FR0000130809;20/04/17;44.10;45.94;43.915;45.495;6625803
FR0000130809;21/04/17;45.885;46.575;45.37;46.285;7888960
FR0000130809;24/04/17;50.91;51.62;49.76;50.85;16473952
FR0000130809;25/04/17;50.97;51.46;50.36;50.91;6024894
FR0000130809;26/04/17;50.95;50.96;50.10;50.60;4279026
FR0000130809;27/04/17;50.50;50.75;49.78;49.78;5045779
FR0000130809;28/04/17;49.605;50.71;49.27;50.21;4252712
FR0000131104;03/04/17;62.48;62.50;60.60;61.22;3344854
FR0000131104;04/04/17;61.06;61.37;60.04;60.71;3359772
FR0000131104;05/04/17;60.98;61.40;60.10;60.10;4681167
FR0000131104;06/04/17;59.58;60.80;59.05;60.75;3907978
FR0000131104;07/04/17;60.67;61.14;60.29;60.90;2703926
FR0000131104;10/04/17;60.93;60.97;59.82;60.00;2942441
FR0000131104;11/04/17;59.50;60.23;59.01;59.39;4574423
FR0000131104;12/04/17;59.65;59.96;58.72;59.10;3248594
FR0000131104;13/04/17;59.25;59.25;57.90;58.30;4836489
FR0000131104;18/04/17;58.50;58.74;57.24;57.32;5836104
FR0000131104;19/04/17;57.47;58.72;57.30;58.34;4987203
FR0000131104;20/04/17;58.11;60.96;57.86;60.65;7687773
FR0000131104;21/04/17;60.89;62.28;60.25;62.00;9830775
FR0000131104;24/04/17;68.00;68.40;65.94;66.66;15378827
FR0000131104;25/04/17;66.87;67.44;66.45;66.95;5475011
FR0000131104;26/04/17;66.50;66.72;65.60;65.80;5537058
FR0000131104;27/04/17;65.52;65.60;64.64;64.99;4839559
FR0000131104;28/04/17;64.59;65.77;64.40;64.78;4471038
FR0000131906;03/04/17;81.59;81.92;80.95;81.28;620396
FR0000131906;04/04/17;80.75;80.85;79.47;80.10;843055
FR0000131906;05/04/17;80.01;80.01;78.43;78.48;995975
FR0000131906;06/04/17;78.14;78.72;76.75;78.41;1162387
FR0000131906;07/04/17;78.15;79.50;78.03;78.99;877889
FR0000131906;10/04/17;79.00;79.38;78.06;79.20;997595
FR0000131906;11/04/17;78.85;79.47;78.18;78.86;1056546
FR0000131906;12/04/17;79.40;80.45;78.92;79.26;998589
FR0000131906;13/04/17;79.03;79.17;77.60;77.99;895119
FR0000131906;18/04/17;78.07;78.68;76.83;78.04;1026374
FR0000131906;19/04/17;78.50;80.65;78.00;79.43;1228374
FR0000131906;20/04/17;79.22;81.11;78.87;80.96;1165017
FR0000131906;21/04/17;80.88;80.97;79.94;80.46;1062142
FR0000131906;24/04/17;84.32;85.25;82.88;83.02;1593723
FR0000131906;25/04/17;83.00;83.54;82.42;83.22;748409
FR0000131906;26/04/17;82.79;84.18;82.32;83.64;1115476
FR0000131906;27/04/17;83.50;83.64;82.52;82.56;793169
FR0000131906;28/04/17;84.20;86.59;83.63;85.61;2144499
FR0000133308;03/04/17;14.65;14.65;14.52;14.55;5437236
FR0000133308;04/04/17;14.575;14.60;14.45;14.46;5264366
FR0000133308;05/04/17;14.495;14.495;14.375;14.385;4720680
FR0000133308;06/04/17;14.365;14.405;14.29;14.355;5369804
FR0000133308;07/04/17;14.315;14.35;14.22;14.305;6083467
FR0000133308;10/04/17;14.305;14.355;14.215;14.29;4108111
FR0000133308;11/04/17;14.21;14.34;14.21;14.34;4721164
FR0000133308;12/04/17;14.38;14.44;14.295;14.36;6358811
FR0000133308;13/04/17;14.345;14.39;14.115;14.15;6664734
FR0000133308;18/04/17;14.19;14.20;13.91;13.965;8609088
FR0000133308;19/04/17;13.935;14.045;13.88;14.03;6235145
FR0000133308;20/04/17;14.015;14.095;13.92;14.05;7885165
FR0000133308;21/04/17;14.005;14.055;13.905;14.01;10402112
FR0000133308;24/04/17;14.755;14.80;14.45;14.715;16580010
FR0000133308;25/04/17;14.755;14.76;14.605;14.64;7652299
FR0000133308;26/04/17;14.65;14.835;14.60;14.725;8687310
FR0000133308;27/04/17;14.80;14.82;14.44;14.54;8601097
FR0000133308;28/04/17;14.565;14.57;14.115;14.20;11768370
FR0010208488;03/04/17;13.30;13.325;13.15;13.17;5250452
FR0010208488;04/04/17;13.25;13.27;13.10;13.145;4382835
FR0010208488;05/04/17;13.145;13.30;13.145;13.29;4809976
FR0010208488;06/04/17;13.255;13.42;13.205;13.405;4733386
FR0010208488;07/04/17;13.365;13.525;13.35;13.45;4574976
FR0010208488;10/04/17;13.475;13.48;13.305;13.315;4017968
FR0010208488;11/04/17;13.21;13.27;13.14;13.27;4911094
FR0010208488;12/04/17;13.28;13.415;13.21;13.315;4167879
FR0010208488;13/04/17;13.275;13.295;13.115;13.165;4869169
FR0010208488;18/04/17;13.21;13.22;12.81;12.81;8025764
FR0010208488;19/04/17;12.81;12.87;12.745;12.805;5089690
FR0010208488;20/04/17;12.78;12.955;12.715;12.82;6034209
FR0010208488;21/04/17;12.86;12.865;12.59;12.785;13401058
FR0010208488;24/04/17;13.345;13.595;13.28;13.425;13716814
FR0010208488;25/04/17;13.475;13.475;13.20;13.23;6490294
FR0010208488;26/04/17;13.245;13.28;13.005;13.095;6026598
FR0010208488;27/04/17;12.915;13.09;12.88;13.00;5851523
FR0010208488;28/04/17;12.94;12.965;12.885;12.95;6044905
FR0010307819;03/04/17;56.61;56.82;56.35;56.48;582781
FR0010307819;04/04/17;56.55;57.03;56.22;56.22;649744
FR0010307819;05/04/17;56.23;56.80;55.92;56.71;533611
FR0010307819;06/04/17;56.41;57.03;56.33;56.96;387349
FR0010307819;07/04/17;56.78;56.99;56.52;56.91;378151
FR0010307819;10/04/17;57.00;57.19;56.76;57.01;454273
FR0010307819;11/04/17;56.83;57.06;56.54;56.85;632040
FR0010307819;12/04/17;56.87;57.18;56.62;56.74;635487
FR0010307819;13/04/17;56.56;56.90;56.34;56.59;540039
FR0010307819;18/04/17;56.92;57.10;56.22;56.22;752300
FR0010307819;19/04/17;56.24;56.34;55.78;55.83;800401
FR0010307819;20/04/17;55.76;57.07;55.57;57.01;799576
FR0010307819;21/04/17;56.95;57.36;56.10;57.23;865979
FR0010307819;24/04/17;59.00;59.97;58.76;59.34;1259132
FR0010307819;25/04/17;59.39;59.63;58.82;59.53;662644
FR0010307819;26/04/17;59.36;59.93;59.23;59.66;564842
FR0010307819;27/04/17;59.45;59.91;59.27;59.84;594485
FR0010307819;28/04/17;59.86;60.21;59.23;59.43;799469
FR0013176526;03/04/17;62.60;62.69;61.25;61.29;747671
FR0013176526;04/04/17;61.21;62.02;60.21;62.00;906745
FR0013176526;05/04/17;61.87;61.87;61.14;61.36;769328
FR0013176526;06/04/17;60.99;61.63;60.53;61.49;557905
FR0013176526;07/04/17;61.16;61.44;60.63;61.30;638844
FR0013176526;10/04/17;60.73;61.39;60.73;61.32;571445
FR0013176526;11/04/17;61.14;61.98;60.03;60.32;828453
FR0013176526;12/04/17;61.07;61.82;60.59;60.95;716643
FR0013176526;13/04/17;60.99;61.57;60.68;61.48;864923
FR0013176526;18/04/17;61.81;62.03;59.67;59.67;1292250
FR0013176526;19/04/17;59.84;61.18;59.67;61.13;907212
FR0013176526;20/04/17;61.56;63.11;61.26;62.82;1050813
FR0013176526;21/04/17;62.59;63.21;62.15;63.03;1010531
FR0013176526;24/04/17;65.38;65.95;64.74;65.90;1245163
FR0013176526;25/04/17;65.44;65.81;64.88;65.20;752752
FR0013176526;26/04/17;65.05;65.75;64.21;65.68;730982
FR0013176526;27/04/17;67.00;67.20;65.07;65.66;1203433
FR0013176526;28/04/17;65.38;66.49;65.35;66.00;1053119
GB00BDSFG982;03/04/17;30.72;30.895;30.23;30.26;970267
GB00BDSFG982;04/04/17;30.30;30.73;30.11;30.685;867177
GB00BDSFG982;05/04/17;30.59;31.665;30.54;31.305;1818059
GB00BDSFG982;06/04/17;30.63;31.965;30.605;31.805;2059850
GB00BDSFG982;07/04/17;31.75;32.175;31.60;31.835;1060381
GB00BDSFG982;10/04/17;31.72;31.885;31.22;31.70;850531
GB00BDSFG982;11/04/17;31.48;31.85;31.275;31.445;827598
GB00BDSFG982;12/04/17;31.56;31.89;31.54;31.635;738281
GB00BDSFG982;13/04/17;31.435;31.44;30.93;31.015;1092677
GB00BDSFG982;18/04/17;31.00;31.03;30.22;30.305;976551
GB00BDSFG982;19/04/17;30.30;30.395;30.16;30.27;832298
GB00BDSFG982;20/04/17;29.95;30.30;29.785;30.11;1295409
GB00BDSFG982;21/04/17;30.155;30.24;29.475;29.475;1645518
GB00BDSFG982;24/04/17;30.295;30.895;29.655;29.75;1959164
GB00BDSFG982;25/04/17;29.36;29.755;29.21;29.35;1694089
GB00BDSFG982;26/04/17;29.38;29.885;29.285;29.78;1921843
GB00BDSFG982;27/04/17;29.30;29.475;26.37;28.045;5752469
GB00BDSFG982;28/04/17;27.75;27.92;27.28;27.60;2733639
LU1598757687;03/04/17;23.796;23.916;23.235;23.319;5455564
LU1598757687;04/04/17;23.274;23.574;22.953;23.574;5945443
LU1598757687;05/04/17;23.79;24.093;23.553;23.553;6347383
LU1598757687;06/04/17;23.181;23.691;23.067;23.37;6346881
LU1598757687;07/04/17;23.10;23.202;22.836;23.202;5729616
LU1598757687;10/04/17;23.37;23.424;22.956;22.956;4122974
LU1598757687;11/04/17;22.851;23.037;22.137;22.497;7131970
LU1598757687;12/04/17;22.443;22.50;21.345;21.42;10783455
LU1598757687;13/04/17;21.21;21.597;21.135;21.393;5252924
LU1598757687;18/04/17;20.88;21.078;19.89;20.07;13517506
LU1598757687;19/04/17;20.19;20.904;20.145;20.814;9702186
LU1598757687;20/04/17;20.58;21.327;20.55;21.234;8653082
LU1598757687;21/04/17;21.75;21.93;21.336;21.42;9894343
LU1598757687;24/04/17;22.47;22.47;21.93;22.065;7834000
LU1598757687;25/04/17;22.197;22.569;21.84;22.167;7344585
LU1598757687;26/04/17;21.75;22.182;21.399;22.095;9671322
LU1598757687;27/04/17;21.894;21.918;21.135;21.297;7145723
LU1598757687;28/04/17;21.384;22.023;21.381;21.729;7498851
NL0000226223;03/04/17;14.465;14.53;14.26;14.29;1637350
NL0000226223;04/04/17;14.25;14.335;14.085;14.215;1286654
NL0000226223;05/04/17;14.22;14.63;14.14;14.345;2803677
NL0000226223;06/04/17;14.275;14.445;14.155;14.295;1975824
NL0000226223;07/04/17;14.44;14.69;14.345;14.675;2029189
NL0000226223;10/04/17;14.67;14.72;14.455;14.575;1472436
NL0000226223;11/04/17;14.46;14.525;13.955;14.045;3077209
NL0000226223;12/04/17;14.14;14.29;13.91;13.93;1546760
NL0000226223;13/04/17;13.805;13.95;13.625;13.865;1890129
NL0000226223;18/04/17;13.90;13.93;13.325;13.50;2177266
NL0000226223;19/04/17;13.50;13.735;13.21;13.625;2473702
NL0000226223;20/04/17;13.575;13.87;13.545;13.725;1445880
NL0000226223;21/04/17;13.77;13.995;13.62;13.65;1948119
NL0000226223;24/04/17;14.07;14.19;13.85;14.105;2294509
NL0000226223;25/04/17;14.185;14.755;14.185;14.755;3082592
NL0000226223;26/04/17;14.745;14.78;14.48;14.505;2091340
NL0000226223;27/04/17;14.56;15.03;14.14;14.32;5251098
NL0000226223;28/04/17;14.35;14.85;14.345;14.85;3213114
NL0000235190;03/04/17;71.40;71.82;71.30;71.36;1272288
NL0000235190;04/04/17;71.19;71.84;70.90;71.82;1165031
NL0000235190;05/04/17;71.82;72.12;71.52;71.57;1311847
NL0000235190;06/04/17;71.12;72.60;70.96;72.52;1382952
NL0000235190;07/04/17;72.03;72.51;71.65;72.50;1424663
NL0000235190;10/04/17;72.25;72.25;71.09;71.09;1920441
NL0000235190;11/04/17;70.54;71.34;70.45;71.30;1967151
NL0000235190;12/04/17;71.33;72.35;71.16;71.93;1625849
NL0000235190;13/04/17;71.62;71.99;71.29;71.33;1754341
NL0000235190;18/04/17;70.50;71.02;69.23;69.53;2099125
NL0000235190;19/04/17;69.50;70.12;69.45;69.94;1324250
NL0000235190;20/04/17;69.53;72.34;69.44;72.27;2341444
NL0000235190;21/04/17;71.97;72.36;71.40;71.57;2834463
NL0000235190;24/04/17;73.50;74.20;72.83;73.96;3392539
NL0000235190;25/04/17;73.95;74.10;73.31;74.10;2035966
NL0000235190;26/04/17;74.00;74.59;73.26;74.09;2711216
NL0000235190;27/04/17;72.60;75.78;72.60;75.00;2791834
NL0000235190;28/04/17;74.75;74.87;73.75;74.23;2041707
