BE0003470755;04/01/16;98.39;98.39;95.41;95.99;432193
BE0003470755;05/01/16;97.30;97.61;94.78;95.86;357119
BE0003470755;06/01/16;96.05;96.13;92.01;93.01;624295
BE0003470755;07/01/16;91.52;91.56;87.59;90.31;760687
BE0003470755;08/01/16;89.00;89.49;86.57;86.63;918178
BE0003470755;11/01/16;86.34;87.71;85.14;85.14;657460
BE0003470755;12/01/16;85.23;88.15;84.78;87.16;700601
BE0003470755;13/01/16;88.08;88.58;85.18;85.52;561507
BE0003470755;14/01/16;84.60;85.32;82.44;85.02;558440
BE0003470755;15/01/16;84.90;85.30;80.45;81.06;720803
BE0003470755;18/01/16;80.07;80.38;77.54;79.06;735274
BE0003470755;19/01/16;78.50;79.67;77.38;77.80;637259
BE0003470755;20/01/16;76.30;76.40;73.84;74.71;833259
BE0003470755;21/01/16;74.99;77.46;74.83;76.93;723034
BE0003470755;22/01/16;78.72;80.08;78.24;78.46;523608
BE0003470755;25/01/16;79.09;79.09;76.28;76.89;465724
BE0003470755;26/01/16;76.04;77.95;75.14;77.86;418687
BE0003470755;27/01/16;77.07;77.23;75.04;76.07;581408
BE0003470755;28/01/16;76.13;77.07;75.17;75.59;506067
BE0003470755;29/01/16;76.77;77.01;74.93;76.09;399078
CH0012214059;04/01/16;45.79;46.28;44.41;44.885;769790
CH0012214059;05/01/16;45.27;45.285;44.03;44.73;1052798
CH0012214059;06/01/16;44.57;44.57;43.425;43.84;527366
CH0012214059;07/01/16;42.345;43.635;42.06;42.96;833976
CH0012214059;08/01/16;43.025;43.455;42.34;42.52;589962
CH0012214059;11/01/16;42.26;42.36;41.195;41.225;956609
CH0012214059;12/01/16;41.08;42.07;40.95;41.285;335537
CH0012214059;13/01/16;41.595;42.195;41.195;41.46;348905
CH0012214059;14/01/16;40.835;40.98;39.46;40.075;831318
CH0012214059;15/01/16;40.09;40.535;38.33;38.655;522194
CH0012214059;18/01/16;38.71;39.425;38.55;38.66;197365
CH0012214059;19/01/16;39.43;39.665;38.735;38.88;305492
CH0012214059;20/01/16;38.075;38.235;37.06;37.315;707502
CH0012214059;21/01/16;37.56;38.55;37.21;38.01;571372
CH0012214059;22/01/16;39.00;40.60;38.90;40.175;461072
CH0012214059;25/01/16;40.525;40.525;38.05;38.25;373959
CH0012214059;26/01/16;37.705;38.61;36.95;38.57;575298
CH0012214059;27/01/16;38.525;39.065;38.055;39.065;196479
CH0012214059;28/01/16;39.00;39.615;38.40;38.49;473541
CH0012214059;29/01/16;39.08;39.52;38.495;38.96;410836
FR0000045072;04/01/16;10.75;10.75;10.55;10.62;8538667
FR0000045072;05/01/16;10.71;10.75;10.50;10.665;4590411
FR0000045072;06/01/16;10.63;10.63;10.275;10.41;5474730
FR0000045072;07/01/16;10.155;10.235;9.989;10.155;8473803
FR0000045072;08/01/16;10.155;10.305;10.015;10.015;7900870
FR0000045072;11/01/16;10.06;10.24;10.03;10.055;5699996
FR0000045072;12/01/16;10.075;10.38;10.015;10.17;5673909
FR0000045072;13/01/16;10.28;10.38;10.095;10.175;5600660
FR0000045072;14/01/16;10.00;10.155;9.874;10.045;11818609
FR0000045072;15/01/16;10.01;10.025;9.626;9.70;10722019
FR0000045072;18/01/16;9.661;9.717;8.874;9.059;19526024
FR0000045072;19/01/16;9.44;9.65;9.26;9.282;14929527
FR0000045072;20/01/16;9.10;9.118;8.782;8.836;13188410
FR0000045072;21/01/16;8.814;9.171;8.688;9.043;11301081
FR0000045072;22/01/16;9.269;9.413;9.145;9.28;8897468
FR0000045072;25/01/16;9.376;9.403;8.972;9.041;8021247
FR0000045072;26/01/16;8.827;9.279;8.77;9.263;6614345
FR0000045072;27/01/16;9.26;9.273;9.039;9.186;6028689
FR0000045072;28/01/16;9.098;9.27;8.80;8.928;9558216
FR0000045072;29/01/16;9.053;9.202;8.979;9.196;8382102
FR0000051732;04/01/16;76.92;76.92;74.86;75.30;347408
FR0000051732;05/01/16;74.50;76.26;74.14;76.17;404982
FR0000051732;06/01/16;76.46;76.98;74.94;75.89;220408
FR0000051732;07/01/16;74.38;74.65;73.57;74.23;415674
FR0000051732;08/01/16;73.60;74.14;72.10;72.31;622192
FR0000051732;11/01/16;72.15;73.27;72.15;72.27;419561
FR0000051732;12/01/16;72.69;73.57;72.01;73.31;372720
FR0000051732;13/01/16;73.97;74.19;73.00;73.17;312831
FR0000051732;14/01/16;72.42;72.58;71.25;71.80;498011
FR0000051732;15/01/16;72.34;72.41;69.43;69.95;549903
FR0000051732;18/01/16;69.75;70.63;68.98;69.29;353668
FR0000051732;19/01/16;70.18;71.06;69.92;71.06;292155
FR0000051732;20/01/16;70.00;70.15;68.60;69.35;679353
FR0000051732;21/01/16;69.91;71.00;69.07;70.55;426868
FR0000051732;22/01/16;71.99;72.72;71.62;72.50;522113
FR0000051732;25/01/16;72.96;73.20;71.71;72.29;396646
FR0000051732;26/01/16;71.17;72.20;70.68;72.09;295277
FR0000051732;27/01/16;72.52;72.70;71.49;72.52;347370
FR0000051732;28/01/16;72.40;72.61;70.74;70.90;358367
FR0000051732;29/01/16;71.80;72.75;71.17;72.75;382819
FR0000073272;04/01/16;63.35;63.62;61.72;62.27;1440784
FR0000073272;05/01/16;62.89;63.15;60.85;61.94;1422022
FR0000073272;06/01/16;62.09;62.20;60.17;61.50;1506254
FR0000073272;07/01/16;60.00;60.77;59.61;60.30;1632825
FR0000073272;08/01/16;60.31;61.11;59.59;59.61;1624822
FR0000073272;11/01/16;58.69;59.64;58.52;58.61;1415103
FR0000073272;12/01/16;58.80;60.02;58.40;59.33;1120034
FR0000073272;13/01/16;59.98;60.36;59.56;59.62;1091176
FR0000073272;14/01/16;59.00;59.13;57.35;57.96;1523258
FR0000073272;15/01/16;57.20;57.38;54.33;55.38;2940836
FR0000073272;18/01/16;55.14;55.81;54.69;55.29;1448512
FR0000073272;19/01/16;56.46;56.63;55.75;56.23;1112012
FR0000073272;20/01/16;55.01;55.20;54.00;54.33;1727186
FR0000073272;21/01/16;54.93;56.37;54.67;56.33;2367410
FR0000073272;22/01/16;58.00;59.40;57.68;58.64;1983054
FR0000073272;25/01/16;59.22;59.63;58.40;59.26;1201579
FR0000073272;26/01/16;58.28;59.24;58.04;58.94;1194378
FR0000073272;27/01/16;58.90;59.21;57.50;58.00;1397960
FR0000073272;28/01/16;57.87;58.47;56.79;57.35;1138319
FR0000073272;29/01/16;58.20;59.66;57.69;59.66;1244301
FR0000120073;04/01/16;93.50;93.5909;90.9546;91.6818;1495169
FR0000120073;05/01/16;92.4545;92.5455;90.0273;91.1364;1586528
FR0000120073;06/01/16;91.3182;91.3182;89.2273;89.8636;1535683
FR0000120073;07/01/16;87.6364;88.9273;86.9455;87.7909;2099729
FR0000120073;08/01/16;87.8273;88.6273;86.4545;86.4545;2142538
FR0000120073;11/01/16;85.9909;87.0818;85.4182;85.4182;2006161
FR0000120073;12/01/16;85.4273;88.5182;85.2273;87.8273;1759699
FR0000120073;13/01/16;89.0364;89.6818;87.8546;88.2455;1336275
FR0000120073;14/01/16;87.3909;87.8273;85.3273;87.1636;2087163
FR0000120073;15/01/16;88.1364;88.4818;85.2182;85.7546;2884182
FR0000120073;18/01/16;85.7455;86.6727;84.8818;85.0182;1279260
FR0000120073;19/01/16;86.6727;86.7727;85.0364;85.1545;1344982
FR0000120073;20/01/16;84.0636;84.5182;82.5182;84.1273;2157263
FR0000120073;21/01/16;84.0091;86.1091;84.00;85.3182;2126924
FR0000120073;22/01/16;87.1546;88.7182;86.7727;87.6182;2338343
FR0000120073;25/01/16;88.2636;88.5636;86.5091;86.90;929463
FR0000120073;26/01/16;85.3909;87.6091;85.1273;87.0182;1232154
FR0000120073;27/01/16;86.30;86.5909;85.2091;86.4364;1310350
FR0000120073;28/01/16;86.1636;86.9727;85.2091;86.0273;1570650
FR0000120073;29/01/16;87.30;87.4909;85.2364;86.5636;1672674
FR0000120172;04/01/16;26.345;26.505;25.80;26.015;3387817
FR0000120172;05/01/16;26.06;26.22;25.625;26.02;2248796
FR0000120172;06/01/16;25.965;25.985;25.30;25.57;3053546
FR0000120172;07/01/16;24.95;25.475;24.72;25.32;3847685
FR0000120172;08/01/16;25.32;25.705;25.02;25.15;3122365
FR0000120172;11/01/16;25.145;25.365;24.815;24.815;2543977
FR0000120172;12/01/16;24.845;25.355;24.815;25.095;2502444
FR0000120172;13/01/16;25.36;25.955;25.165;25.30;2974239
FR0000120172;14/01/16;25.225;25.225;24.41;24.96;5494106
FR0000120172;15/01/16;25.045;25.21;24.33;24.615;5873802
FR0000120172;18/01/16;24.56;25.025;24.055;24.105;4076400
FR0000120172;19/01/16;24.525;24.64;24.17;24.26;2479098
FR0000120172;20/01/16;23.805;23.805;23.165;23.40;4421195
FR0000120172;21/01/16;23.43;23.91;23.235;23.80;4313865
FR0000120172;22/01/16;24.26;25.325;24.195;25.30;6536605
FR0000120172;25/01/16;25.44;25.45;24.85;25.01;3341916
FR0000120172;26/01/16;24.64;25.19;24.375;25.00;3042372
FR0000120172;27/01/16;24.97;25.275;24.795;25.275;1857991
FR0000120172;28/01/16;25.22;25.42;24.875;25.30;3726157
FR0000120172;29/01/16;25.56;26.23;25.44;26.23;5674968
FR0000120271;04/01/16;41.06;41.33;40.135;40.525;8369499
FR0000120271;05/01/16;41.00;41.18;39.965;40.155;7198967
FR0000120271;06/01/16;40.15;40.165;39.62;39.77;9221030
FR0000120271;07/01/16;38.35;39.165;37.755;38.805;11331090
FR0000120271;08/01/16;38.865;38.95;37.35;37.35;9186486
FR0000120271;11/01/16;37.455;38.445;37.30;37.35;7845716
FR0000120271;12/01/16;37.40;38.45;36.85;37.25;8704361
FR0000120271;13/01/16;37.925;38.785;37.43;37.85;8230920
FR0000120271;14/01/16;37.515;39.495;37.02;38.83;11959710
FR0000120271;15/01/16;38.85;38.89;37.31;37.655;12602658
FR0000120271;18/01/16;37.40;38.865;37.195;38.08;8048056
FR0000120271;19/01/16;38.855;39.475;38.285;38.62;8137189
FR0000120271;20/01/16;37.47;37.615;36.28;36.52;11617538
FR0000120271;21/01/16;36.485;37.83;36.155;37.61;10149115
FR0000120271;22/01/16;39.345;39.89;38.70;39.26;12644938
FR0000120271;25/01/16;39.385;39.47;38.10;38.525;7116335
FR0000120271;26/01/16;37.575;39.70;37.325;39.65;8040343
FR0000120271;27/01/16;39.47;40.15;38.825;40.15;6606120
FR0000120271;28/01/16;40.22;41.245;39.60;40.215;11307193
FR0000120271;29/01/16;41.025;41.35;40.165;40.92;9861663
FR0000120321;04/01/16;152.55;153.55;149.75;150.90;886496
FR0000120321;05/01/16;152.40;152.65;148.55;151.50;685509
FR0000120321;06/01/16;151.05;151.85;149.50;151.30;737208
FR0000120321;07/01/16;148.00;151.60;147.60;150.85;1180024
FR0000120321;08/01/16;150.60;151.60;149.60;149.60;1114553
FR0000120321;11/01/16;149.50;152.00;148.40;148.50;710053
FR0000120321;12/01/16;148.35;151.65;147.90;150.20;779277
FR0000120321;13/01/16;153.00;153.30;150.45;151.00;673162
FR0000120321;14/01/16;149.15;149.25;146.25;147.85;825400
FR0000120321;15/01/16;146.85;147.35;144.45;145.80;1256949
FR0000120321;18/01/16;145.30;147.05;144.55;146.30;540070
FR0000120321;19/01/16;149.10;150.35;148.15;149.20;630259
FR0000120321;20/01/16;146.30;146.50;142.65;144.30;1161940
FR0000120321;21/01/16;144.35;147.45;144.15;146.15;1088100
FR0000120321;22/01/16;148.45;151.25;147.55;150.50;900380
FR0000120321;25/01/16;151.45;152.70;151.00;152.10;677029
FR0000120321;26/01/16;149.70;152.90;148.80;152.55;557573
FR0000120321;27/01/16;151.80;154.25;151.30;154.25;465928
FR0000120321;28/01/16;153.40;154.10;150.65;152.80;655111
FR0000120321;29/01/16;155.05;157.55;154.00;157.55;757534
FR0000120404;04/01/16;39.525;39.55;38.685;38.96;1085279
FR0000120404;05/01/16;39.56;39.78;38.54;38.60;974010
FR0000120404;06/01/16;38.635;39.095;36.555;36.68;2254184
FR0000120404;07/01/16;35.735;36.51;35.50;36.225;2843507
FR0000120404;08/01/16;36.25;37.55;36.175;37.025;2109403
FR0000120404;11/01/16;37.00;37.53;36.885;37.075;1365653
FR0000120404;12/01/16;37.155;38.225;37.11;37.455;1504094
FR0000120404;13/01/16;37.74;38.025;37.05;37.225;1595536
FR0000120404;14/01/16;36.64;36.64;34.76;35.15;2363040
FR0000120404;15/01/16;35.435;35.78;33.785;34.365;1811009
FR0000120404;18/01/16;34.34;35.10;34.14;34.27;839313
FR0000120404;19/01/16;34.845;35.17;34.40;34.745;820158
FR0000120404;20/01/16;33.93;34.10;32.53;32.975;1976948
FR0000120404;21/01/16;32.30;32.89;31.205;32.235;3164673
FR0000120404;22/01/16;33.00;33.505;32.78;33.155;1900684
FR0000120404;25/01/16;33.36;33.89;32.715;32.965;2382798
FR0000120404;26/01/16;32.515;33.75;32.12;33.75;3105169
FR0000120404;27/01/16;35.00;35.00;33.76;33.97;2740099
FR0000120404;28/01/16;34.00;35.01;33.895;34.65;3145443
FR0000120404;29/01/16;34.97;35.475;34.245;35.00;2937330
FR0000120503;04/01/16;37.10;37.49;36.43;37.155;1658218
FR0000120503;05/01/16;37.405;38.595;36.97;37.30;1632934
FR0000120503;06/01/16;37.20;37.29;36.38;36.68;1009282
FR0000120503;07/01/16;35.875;36.255;35.325;36.13;1283722
FR0000120503;08/01/16;36.08;36.405;35.70;35.715;684012
FR0000120503;11/01/16;35.71;36.145;35.235;35.475;900300
FR0000120503;12/01/16;35.45;36.225;35.26;35.835;764128
FR0000120503;13/01/16;36.06;36.36;35.80;35.97;596272
FR0000120503;14/01/16;35.575;35.665;34.98;35.505;875031
FR0000120503;15/01/16;35.445;35.58;34.585;35.11;1594794
FR0000120503;18/01/16;35.015;35.46;34.61;34.64;591395
FR0000120503;19/01/16;35.005;35.255;34.855;35.255;775744
FR0000120503;20/01/16;34.68;34.68;33.935;34.195;1112007
FR0000120503;21/01/16;34.60;34.775;34.08;34.72;1169949
FR0000120503;22/01/16;35.24;35.84;35.09;35.69;820448
FR0000120503;25/01/16;35.91;35.975;35.265;35.40;869735
FR0000120503;26/01/16;35.00;35.64;34.405;35.39;812479
FR0000120503;27/01/16;35.39;36.175;35.22;36.05;1602091
FR0000120503;28/01/16;35.875;36.475;35.47;35.67;978722
FR0000120503;29/01/16;36.07;36.265;35.76;36.065;1072555
FR0000120578;04/01/16;77.93;78.08;76.35;77.57;3368352
FR0000120578;05/01/16;79.07;79.13;77.04;78.49;2387761
FR0000120578;06/01/16;78.02;78.70;76.80;77.43;2173166
FR0000120578;07/01/16;75.16;77.27;74.99;76.59;3777580
FR0000120578;08/01/16;76.59;76.87;74.66;74.67;3394892
FR0000120578;11/01/16;74.33;75.52;73.65;73.65;3094715
FR0000120578;12/01/16;73.55;75.22;73.30;74.35;3239441
FR0000120578;13/01/16;75.30;75.77;74.27;74.68;2656567
FR0000120578;14/01/16;73.58;73.87;71.53;73.30;3885968
FR0000120578;15/01/16;73.11;73.64;71.01;71.50;5784765
FR0000120578;18/01/16;70.99;72.77;70.94;72.27;3244731
FR0000120578;19/01/16;73.70;75.44;73.44;74.79;4357476
FR0000120578;20/01/16;72.80;73.66;72.01;73.19;5152193
FR0000120578;21/01/16;73.32;75.65;73.26;74.45;5035951
FR0000120578;22/01/16;75.38;76.63;74.83;76.20;4362204
FR0000120578;25/01/16;76.60;76.69;75.69;76.39;3317611
FR0000120578;26/01/16;75.11;77.29;75.11;76.88;3436597
FR0000120578;27/01/16;76.73;77.51;76.48;77.16;3426853
FR0000120578;28/01/16;76.81;77.07;74.18;75.03;3500958
FR0000120578;29/01/16;75.90;76.55;75.02;76.55;4020556
FR0000120628;04/01/16;24.805;24.82;24.11;24.335;7245076
FR0000120628;05/01/16;24.66;24.665;24.01;24.345;4125617
FR0000120628;06/01/16;24.245;24.47;23.97;24.255;6395411
FR0000120628;07/01/16;23.50;23.84;23.28;23.69;9580818
FR0000120628;08/01/16;23.64;23.94;23.245;23.245;8706279
FR0000120628;11/01/16;23.20;23.785;23.17;23.365;7640621
FR0000120628;12/01/16;23.37;23.93;23.28;23.69;6473038
FR0000120628;13/01/16;24.00;24.445;23.785;23.925;7197991
FR0000120628;14/01/16;23.60;23.67;23.07;23.395;8492152
FR0000120628;15/01/16;23.27;23.485;22.565;22.77;11355209
FR0000120628;18/01/16;22.665;23.02;22.275;22.39;6655529
FR0000120628;19/01/16;22.80;23.10;22.72;22.90;6640858
FR0000120628;20/01/16;22.355;22.42;21.535;21.795;11389480
FR0000120628;21/01/16;21.785;22.465;21.64;22.065;10551799
FR0000120628;22/01/16;22.63;22.70;22.265;22.45;10079829
FR0000120628;25/01/16;22.65;22.68;22.23;22.45;6718427
FR0000120628;26/01/16;22.045;22.56;21.965;22.445;9530778
FR0000120628;27/01/16;22.495;22.54;22.215;22.53;6922142
FR0000120628;28/01/16;22.43;22.625;21.90;22.155;7175281
FR0000120628;29/01/16;22.495;22.77;22.335;22.77;10211536
FR0000120644;04/01/16;61.34;61.64;60.25;60.81;1726371
FR0000120644;05/01/16;61.58;61.59;60.37;61.19;1805845
FR0000120644;06/01/16;61.80;61.82;60.25;60.70;1347397
FR0000120644;07/01/16;59.15;59.90;58.70;59.75;1866401
FR0000120644;08/01/16;59.65;60.46;59.45;59.73;2046098
FR0000120644;11/01/16;59.73;60.03;58.70;58.74;1529267
FR0000120644;12/01/16;59.20;60.74;58.65;60.27;2019422
FR0000120644;13/01/16;60.74;61.13;60.39;60.96;1753625
FR0000120644;14/01/16;60.29;60.37;59.01;59.57;2120212
FR0000120644;15/01/16;59.27;59.54;58.43;58.96;3134445
FR0000120644;18/01/16;58.79;59.50;58.52;58.68;1052292
FR0000120644;19/01/16;59.61;60.10;59.35;59.71;1144606
FR0000120644;20/01/16;58.55;58.95;57.49;58.17;2420492
FR0000120644;21/01/16;57.92;59.06;57.64;58.44;2727070
FR0000120644;22/01/16;59.19;59.97;58.90;59.61;1905180
FR0000120644;25/01/16;60.00;60.49;59.75;60.18;1268978
FR0000120644;26/01/16;59.58;60.57;59.18;60.39;1095002
FR0000120644;27/01/16;60.16;61.44;60.00;61.44;1342728
FR0000120644;28/01/16;61.14;61.45;60.71;61.28;2302814
FR0000120644;29/01/16;62.15;63.45;61.90;63.45;2258984
FR0000120693;04/01/16;103.60;103.60;101.05;102.00;410801
FR0000120693;05/01/16;103.35;103.35;100.80;102.00;361669
FR0000120693;06/01/16;102.10;102.50;100.10;101.50;400535
FR0000120693;07/01/16;98.98;100.65;98.25;99.98;614031
FR0000120693;08/01/16;99.98;100.75;99.16;99.16;551923
FR0000120693;11/01/16;99.51;100.70;98.99;99.21;418861
FR0000120693;12/01/16;99.17;100.45;98.00;100.15;463878
FR0000120693;13/01/16;100.95;101.25;100.10;100.55;370485
FR0000120693;14/01/16;99.41;99.59;98.00;98.64;598998
FR0000120693;15/01/16;98.03;98.63;96.79;97.09;753855
FR0000120693;18/01/16;97.01;97.32;95.97;96.51;492948
FR0000120693;19/01/16;98.40;98.92;97.91;98.73;444206
FR0000120693;20/01/16;96.80;97.45;95.94;96.95;1006764
FR0000120693;21/01/16;97.00;100.90;97.00;100.25;1062679
FR0000120693;22/01/16;101.80;103.85;101.15;103.20;697612
FR0000120693;25/01/16;103.90;103.90;102.00;102.70;438636
FR0000120693;26/01/16;101.65;103.90;101.10;103.80;422961
FR0000120693;27/01/16;103.70;104.25;103.20;104.00;481221
FR0000120693;28/01/16;103.20;104.55;102.90;103.65;423987
FR0000120693;29/01/16;104.70;107.95;104.20;107.95;763319
FR0000121014;04/01/16;142.75;142.85;137.75;139.20;1505085
FR0000121014;05/01/16;141.55;141.60;137.55;139.45;866709
FR0000121014;06/01/16;138.75;138.75;135.15;136.70;1246279
FR0000121014;07/01/16;131.55;137.15;130.75;136.60;1658654
FR0000121014;08/01/16;137.30;139.15;134.85;135.35;1080132
FR0000121014;11/01/16;135.85;137.75;135.20;135.20;937845
FR0000121014;12/01/16;136.00;141.60;135.35;139.45;1027758
FR0000121014;13/01/16;141.15;141.15;137.05;137.75;894161
FR0000121014;14/01/16;138.30;139.55;135.45;137.00;1816270
FR0000121014;15/01/16;136.70;137.40;134.25;137.40;1781539
FR0000121014;18/01/16;138.40;140.00;136.60;136.75;905155
FR0000121014;19/01/16;140.00;142.05;139.10;140.00;1197197
FR0000121014;20/01/16;136.05;136.40;132.65;134.65;1590811
FR0000121014;21/01/16;134.25;139.75;134.05;139.20;1691618
FR0000121014;22/01/16;142.55;145.25;141.55;143.15;1236442
FR0000121014;25/01/16;144.40;145.40;142.15;143.90;846746
FR0000121014;26/01/16;141.45;145.45;140.20;144.90;788706
FR0000121014;27/01/16;144.20;146.10;143.20;146.10;664356
FR0000121014;28/01/16;145.50;147.00;142.05;143.70;882850
FR0000121014;29/01/16;146.50;148.20;143.55;148.20;1165816
FR0000121220;04/01/16;89.03;89.26;87.36;88.39;295269
FR0000121220;05/01/16;89.62;90.09;87.84;89.82;329037
FR0000121220;06/01/16;89.83;89.91;88.57;89.66;260766
FR0000121220;07/01/16;87.46;88.53;87.33;88.09;440482
FR0000121220;08/01/16;88.31;89.16;87.37;87.61;226607
FR0000121220;11/01/16;87.35;88.64;87.35;88.11;306908
FR0000121220;12/01/16;88.62;88.99;87.97;88.82;281686
FR0000121220;13/01/16;89.97;91.34;89.33;91.22;386857
FR0000121220;14/01/16;88.00;88.29;86.42;86.60;799723
FR0000121220;15/01/16;86.52;87.29;84.11;85.59;644498
FR0000121220;18/01/16;85.32;86.66;84.91;86.23;469858
FR0000121220;19/01/16;87.01;88.76;86.96;87.27;522492
FR0000121220;20/01/16;85.78;86.04;83.64;84.04;571318
FR0000121220;21/01/16;84.02;85.25;83.54;84.53;364794
FR0000121220;22/01/16;86.15;88.59;85.66;87.79;322630
FR0000121220;25/01/16;88.26;89.03;87.49;87.84;288113
FR0000121220;26/01/16;86.85;88.40;86.40;88.09;181006
FR0000121220;27/01/16;87.58;89.00;87.45;89.00;250209
FR0000121220;28/01/16;89.10;89.15;87.73;88.62;260186
FR0000121220;29/01/16;89.52;90.16;88.97;90.16;322706
FR0000121261;04/01/16;87.00;87.00;85.03;85.59;455563
FR0000121261;05/01/16;86.67;86.69;84.43;84.96;591706
FR0000121261;06/01/16;84.55;84.70;82.12;82.68;577926
FR0000121261;07/01/16;80.79;82.14;80.28;81.64;873526
FR0000121261;08/01/16;81.73;83.43;81.36;81.44;619142
FR0000121261;11/01/16;81.09;82.95;81.00;81.26;549837
FR0000121261;12/01/16;81.36;83.76;81.27;82.84;517376
FR0000121261;13/01/16;83.88;84.05;82.00;82.92;593916
FR0000121261;14/01/16;82.00;82.18;80.01;81.59;1020243
FR0000121261;15/01/16;81.10;81.77;77.73;79.04;1051989
FR0000121261;18/01/16;79.04;80.43;78.88;79.80;525092
FR0000121261;19/01/16;80.80;81.28;79.96;80.73;590325
FR0000121261;20/01/16;79.15;79.31;77.40;78.31;816944
FR0000121261;21/01/16;78.50;80.19;77.95;80.02;693763
FR0000121261;22/01/16;81.30;82.73;80.96;81.77;544062
FR0000121261;25/01/16;82.30;82.40;80.77;81.08;345837
FR0000121261;26/01/16;80.30;84.87;80.22;84.62;794196
FR0000121261;27/01/16;84.54;85.27;83.87;85.25;494007
FR0000121261;28/01/16;84.71;86.03;83.42;83.48;452295
FR0000121261;29/01/16;84.54;84.70;83.24;84.06;562395
FR0000121485;04/01/16;156.50;156.50;150.70;151.80;324806
FR0000121485;05/01/16;154.45;154.45;149.95;150.90;232182
FR0000121485;06/01/16;150.25;150.90;148.80;150.25;274739
FR0000121485;07/01/16;145.25;146.05;143.60;144.95;566178
FR0000121485;08/01/16;145.10;147.05;142.90;142.95;305806
FR0000121485;11/01/16;142.95;144.30;141.75;142.35;177056
FR0000121485;12/01/16;142.55;146.75;142.00;144.80;255485
FR0000121485;13/01/16;146.45;146.85;142.80;143.45;189635
FR0000121485;14/01/16;143.00;143.45;139.45;141.50;317232
FR0000121485;15/01/16;141.15;142.25;138.65;141.15;371700
FR0000121485;18/01/16;141.70;143.50;140.40;142.45;244998
FR0000121485;19/01/16;146.75;152.40;146.05;150.50;518406
FR0000121485;20/01/16;147.20;147.95;143.55;146.00;445347
FR0000121485;21/01/16;144.45;148.55;144.25;147.00;584276
FR0000121485;22/01/16;149.80;154.85;149.30;153.20;441239
FR0000121485;25/01/16;154.10;154.70;151.10;151.55;248130
FR0000121485;26/01/16;149.05;153.40;148.45;152.90;173510
FR0000121485;27/01/16;152.90;154.25;151.70;153.90;161497
FR0000121485;28/01/16;153.00;154.95;150.10;151.35;274824
FR0000121485;29/01/16;153.70;155.05;151.20;155.05;205767
FR0000121501;04/01/16;15.95;15.98;15.375;15.47;4211159
FR0000121501;05/01/16;15.635;15.845;15.30;15.61;5252831
FR0000121501;06/01/16;15.535;15.535;14.685;14.79;5314640
FR0000121501;07/01/16;14.20;14.385;13.88;14.385;6089166
FR0000121501;08/01/16;14.575;14.82;14.19;14.22;4032604
FR0000121501;11/01/16;14.19;14.605;14.015;14.295;3730594
FR0000121501;12/01/16;14.31;15.22;14.235;14.975;5075018
FR0000121501;13/01/16;15.23;15.405;14.68;14.75;3599298
FR0000121501;14/01/16;14.525;14.55;13.33;14.005;12003035
FR0000121501;15/01/16;13.995;14.115;13.46;13.645;5533596
FR0000121501;18/01/16;13.69;14.025;13.46;13.575;3941127
FR0000121501;19/01/16;13.89;14.065;13.695;13.85;4363593
FR0000121501;20/01/16;13.40;13.485;13.045;13.195;4874874
FR0000121501;21/01/16;13.21;13.915;13.145;13.895;6195943
FR0000121501;22/01/16;14.24;14.265;13.835;13.85;5282923
FR0000121501;25/01/16;13.95;13.955;13.63;13.695;4284608
FR0000121501;26/01/16;13.45;14.27;13.38;14.16;4176495
FR0000121501;27/01/16;14.185;14.21;13.92;14.135;3069863
FR0000121501;28/01/16;14.145;14.435;13.75;13.80;4933615
FR0000121501;29/01/16;14.02;14.035;13.395;13.66;4963170
FR0000121667;04/01/16;113.30;113.35;110.95;111.80;565925
FR0000121667;05/01/16;112.60;113.00;110.20;112.85;499654
FR0000121667;06/01/16;112.35;112.75;110.25;112.15;478270
FR0000121667;07/01/16;111.25;112.35;108.90;111.85;828741
FR0000121667;08/01/16;111.65;112.30;110.70;110.95;759016
FR0000121667;11/01/16;110.70;110.95;108.35;108.35;598648
FR0000121667;12/01/16;108.25;112.10;107.25;111.80;729294
FR0000121667;13/01/16;112.75;113.35;111.45;112.00;459329
FR0000121667;14/01/16;110.40;110.40;108.45;109.50;631038
FR0000121667;15/01/16;109.30;109.80;106.70;107.75;868930
FR0000121667;18/01/16;107.10;109.80;107.10;109.45;542100
FR0000121667;19/01/16;111.15;111.90;110.50;111.15;433476
FR0000121667;20/01/16;108.85;109.05;106.20;107.30;679851
FR0000121667;21/01/16;107.55;110.30;107.45;108.50;694436
FR0000121667;22/01/16;110.10;112.35;109.75;111.25;645499
FR0000121667;25/01/16;112.05;113.00;111.40;112.80;471376
FR0000121667;26/01/16;110.70;112.70;110.00;112.45;438731
FR0000121667;27/01/16;112.00;113.85;112.00;113.85;357983
FR0000121667;28/01/16;113.00;113.40;110.35;111.25;469644
FR0000121667;29/01/16;113.00;114.35;112.05;114.35;543205
FR0000121972;04/01/16;51.95;51.95;50.57;51.20;2437271
FR0000121972;05/01/16;51.12;51.76;50.33;51.43;1548844
FR0000121972;06/01/16;51.21;51.27;49.785;50.52;1499497
FR0000121972;07/01/16;49.00;49.605;48.51;49.48;2567905
FR0000121972;08/01/16;49.545;51.27;49.17;49.655;3637908
FR0000121972;11/01/16;49.455;50.24;48.705;48.705;2596301
FR0000121972;12/01/16;48.685;49.425;48.195;49.01;3249863
FR0000121972;13/01/16;49.525;50.31;48.845;49.085;2455662
FR0000121972;14/01/16;48.53;48.64;47.32;48.06;2966844
FR0000121972;15/01/16;47.875;48.10;46.165;46.38;3820181
FR0000121972;18/01/16;46.40;47.215;45.985;46.205;1620790
FR0000121972;19/01/16;47.125;48.075;47.125;47.85;3395720
FR0000121972;20/01/16;46.59;46.82;45.57;45.93;2876487
FR0000121972;21/01/16;45.94;47.68;45.81;47.595;3548816
FR0000121972;22/01/16;48.59;49.83;48.34;49.175;3847787
FR0000121972;25/01/16;49.46;49.46;46.90;47.09;3777328
FR0000121972;26/01/16;46.30;48.86;45.94;48.525;2778440
FR0000121972;27/01/16;48.48;49.165;48.15;48.94;1713113
FR0000121972;28/01/16;48.745;49.445;48.10;48.385;2870467
FR0000121972;29/01/16;49.155;49.45;48.305;49.11;2911983
FR0000124141;04/01/16;21.565;21.715;21.21;21.56;2099674
FR0000124141;05/01/16;21.555;21.78;21.11;21.515;2200281
FR0000124141;06/01/16;21.565;21.695;21.22;21.41;1578213
FR0000124141;07/01/16;20.95;21.30;20.82;21.22;2530595
FR0000124141;08/01/16;21.225;21.55;21.155;21.155;2563178
FR0000124141;11/01/16;21.12;21.62;20.93;21.31;2126103
FR0000124141;12/01/16;21.37;21.76;21.22;21.65;2948881
FR0000124141;13/01/16;21.79;22.01;21.695;21.735;1942897
FR0000124141;14/01/16;21.50;21.56;20.935;21.085;3065089
FR0000124141;15/01/16;21.07;21.17;20.445;20.59;2452103
FR0000124141;18/01/16;20.53;20.70;20.335;20.525;1576217
FR0000124141;19/01/16;20.795;21.055;20.665;21.02;2022118
FR0000124141;20/01/16;20.635;20.94;20.435;20.60;2410989
FR0000124141;21/01/16;20.585;20.785;20.33;20.76;3393112
FR0000124141;22/01/16;21.00;21.295;20.94;21.25;2041902
FR0000124141;25/01/16;21.32;21.49;21.20;21.37;1621789
FR0000124141;26/01/16;21.135;21.54;20.935;21.505;2532201
FR0000124141;27/01/16;21.505;21.77;21.405;21.77;1496050
FR0000124141;28/01/16;21.655;21.90;21.465;21.595;1579279
FR0000124141;29/01/16;21.855;22.195;21.795;22.195;1798887
FR0000124711;04/01/16;230.75;231.30;226.10;229.70;446406
FR0000124711;05/01/16;227.95;232.45;227.75;232.45;323170
FR0000124711;06/01/16;232.00;232.80;228.00;231.10;283275
FR0000124711;07/01/16;224.95;227.95;224.60;226.10;396064
FR0000124711;08/01/16;227.10;227.10;222.70;223.10;415703
FR0000124711;11/01/16;223.40;227.50;222.25;224.50;372052
FR0000124711;12/01/16;225.30;229.55;224.45;226.40;297818
FR0000124711;13/01/16;228.95;230.60;226.55;227.95;285176
FR0000124711;14/01/16;225.45;226.00;222.40;224.00;359861
FR0000124711;15/01/16;222.55;225.05;219.05;221.15;565956
FR0000124711;18/01/16;220.60;223.90;219.30;219.60;282493
FR0000124711;19/01/16;223.15;224.95;221.70;222.05;304139
FR0000124711;20/01/16;218.50;219.30;214.20;215.75;439698
FR0000124711;21/01/16;215.50;220.60;213.85;218.60;613807
FR0000124711;22/01/16;223.85;229.55;222.75;228.65;513219
FR0000124711;25/01/16;229.90;231.25;228.25;230.35;307075
FR0000124711;26/01/16;226.85;230.35;226.25;229.70;328915
FR0000124711;27/01/16;229.50;229.50;224.45;227.15;314998
FR0000124711;28/01/16;226.85;229.90;224.75;226.40;335067
FR0000124711;29/01/16;229.60;232.30;228.10;232.00;418513
FR0000125007;04/01/16;39.375;39.54;38.51;38.81;2222654
FR0000125007;05/01/16;38.935;39.10;38.215;38.835;1391223
FR0000125007;06/01/16;38.84;38.925;37.685;38.095;1471625
FR0000125007;07/01/16;36.50;36.815;35.74;36.455;4158406
FR0000125007;08/01/16;36.555;36.935;36.03;36.12;2186089
FR0000125007;11/01/16;36.66;36.92;36.145;36.145;1973052
FR0000125007;12/01/16;36.11;37.155;35.95;36.76;2345038
FR0000125007;13/01/16;37.125;37.495;36.545;36.62;2105898
FR0000125007;14/01/16;36.205;36.25;35.19;35.92;3303210
FR0000125007;15/01/16;35.735;35.955;35.07;35.46;3392801
FR0000125007;18/01/16;35.355;36.18;35.355;35.625;2306706
FR0000125007;19/01/16;36.33;37.04;36.23;36.705;3005195
FR0000125007;20/01/16;35.655;35.785;34.98;35.50;2498790
FR0000125007;21/01/16;35.47;36.405;35.315;36.09;3293437
FR0000125007;22/01/16;36.70;38.015;36.51;37.39;3483524
FR0000125007;25/01/16;37.54;37.63;36.435;36.595;2458867
FR0000125007;26/01/16;35.99;37.185;35.81;36.915;2082205
FR0000125007;27/01/16;37.15;37.34;36.72;37.32;1293549
FR0000125007;28/01/16;37.15;37.735;36.80;37.10;2172418
FR0000125007;29/01/16;37.625;37.935;37.175;37.935;1896315
FR0000125338;04/01/16;84.49;85.11;81.95;82.85;644248
FR0000125338;05/01/16;84.00;84.00;82.35;83.42;376560
FR0000125338;06/01/16;83.83;83.83;82.31;82.80;597225
FR0000125338;07/01/16;80.53;81.87;80.27;81.32;780106
FR0000125338;08/01/16;81.16;81.57;79.85;79.85;758263
FR0000125338;11/01/16;80.03;81.20;79.76;80.68;699860
FR0000125338;12/01/16;81.13;83.24;80.86;82.80;807043
FR0000125338;13/01/16;83.35;83.88;81.97;82.20;386510
FR0000125338;14/01/16;83.00;83.11;80.50;81.41;794105
FR0000125338;15/01/16;82.50;82.50;78.20;78.65;1167498
FR0000125338;18/01/16;78.48;79.76;77.91;78.33;396544
FR0000125338;19/01/16;79.90;80.38;79.24;80.28;556051
FR0000125338;20/01/16;78.78;79.04;77.62;78.51;607604
FR0000125338;21/01/16;79.33;80.91;78.85;80.76;770229
FR0000125338;22/01/16;82.16;83.37;81.76;83.04;688595
FR0000125338;25/01/16;83.75;84.49;82.92;84.35;583168
FR0000125338;26/01/16;83.34;84.55;82.96;84.49;496144
FR0000125338;27/01/16;84.62;85.39;83.22;84.08;746607
FR0000125338;28/01/16;83.61;84.26;81.01;81.23;772602
FR0000125338;29/01/16;82.44;84.08;81.89;84.08;709796
FR0000125486;04/01/16;58.76;58.76;57.23;57.73;1723329
FR0000125486;05/01/16;58.14;58.44;57.40;58.05;1176286
FR0000125486;06/01/16;57.89;57.89;56.72;57.71;1313092
FR0000125486;07/01/16;56.34;57.20;55.91;57.05;1997682
FR0000125486;08/01/16;56.98;57.54;56.69;56.86;1623185
FR0000125486;11/01/16;57.19;58.70;57.06;58.09;2348417
FR0000125486;12/01/16;58.21;59.60;57.74;59.04;1881715
FR0000125486;13/01/16;59.54;60.37;59.25;59.48;1802666
FR0000125486;14/01/16;58.66;58.72;57.00;58.09;2568151
FR0000125486;15/01/16;58.15;58.38;56.61;57.40;2808343
FR0000125486;18/01/16;57.22;58.02;56.95;57.34;1467665
FR0000125486;19/01/16;58.27;59.22;57.89;59.05;1695579
FR0000125486;20/01/16;57.90;58.04;56.46;57.21;2183990
FR0000125486;21/01/16;57.29;58.61;56.90;58.25;2698648
FR0000125486;22/01/16;59.05;60.64;58.85;60.22;2326912
FR0000125486;25/01/16;60.78;62.18;60.45;61.63;2307944
FR0000125486;26/01/16;60.59;61.71;60.38;61.37;1710896
FR0000125486;27/01/16;61.40;62.61;61.16;62.61;1980004
FR0000125486;28/01/16;62.16;62.97;61.12;61.84;2099007
FR0000125486;29/01/16;62.65;62.69;61.87;62.42;2281997
FR0000127771;04/01/16;19.665;19.665;19.025;19.18;7055043
FR0000127771;05/01/16;19.47;19.48;19.05;19.275;5655307
FR0000127771;06/01/16;19.29;19.295;18.885;19.06;4937143
FR0000127771;07/01/16;18.60;19.13;18.55;19.06;6591479
FR0000127771;08/01/16;19.065;19.24;18.75;18.75;5967466
FR0000127771;11/01/16;18.625;18.96;18.62;18.72;5063338
FR0000127771;12/01/16;18.785;19.25;18.735;19.085;5677217
FR0000127771;13/01/16;19.25;19.46;19.03;19.10;5685318
FR0000127771;14/01/16;18.90;18.94;18.485;18.83;7448088
FR0000127771;15/01/16;18.805;19.04;18.485;18.80;9485330
FR0000127771;18/01/16;18.745;18.975;18.61;18.66;4701316
FR0000127771;19/01/16;18.915;19.005;18.63;18.835;5378397
FR0000127771;20/01/16;18.515;18.585;18.095;18.245;6071519
FR0000127771;21/01/16;18.28;18.865;18.245;18.805;7826899
FR0000127771;22/01/16;19.20;19.705;19.13;19.565;7805302
FR0000127771;25/01/16;19.715;19.76;19.49;19.615;6580103
FR0000127771;26/01/16;19.365;19.83;19.31;19.745;5466612
FR0000127771;27/01/16;19.715;20.09;19.58;20.09;5982631
FR0000127771;28/01/16;20.005;20.13;19.755;20.015;6264072
FR0000127771;29/01/16;20.29;20.315;19.865;20.03;9427939
FR0000130577;04/01/16;60.84;60.84;59.21;59.55;840751
FR0000130577;05/01/16;60.37;60.46;59.24;59.74;619413
FR0000130577;06/01/16;58.21;58.47;56.28;57.14;1370041
FR0000130577;07/01/16;55.48;55.67;54.44;55.20;1488853
FR0000130577;08/01/16;55.47;56.36;55.12;55.20;1008384
FR0000130577;11/01/16;55.20;55.62;54.41;54.41;688935
FR0000130577;12/01/16;54.67;55.83;54.38;54.92;594636
FR0000130577;13/01/16;55.50;55.75;53.37;53.56;1327639
FR0000130577;14/01/16;52.94;53.05;52.03;52.49;1543559
FR0000130577;15/01/16;52.52;52.85;51.17;51.70;1421932
FR0000130577;18/01/16;51.70;52.48;51.24;51.24;751522
FR0000130577;19/01/16;52.07;52.26;51.57;51.99;698165
FR0000130577;20/01/16;51.05;51.08;49.945;50.45;1159647
FR0000130577;21/01/16;50.44;51.46;50.44;51.34;1534480
FR0000130577;22/01/16;52.45;53.26;52.26;52.80;1186844
FR0000130577;25/01/16;53.32;53.32;52.15;52.44;487309
FR0000130577;26/01/16;51.62;52.60;51.05;52.22;1447697
FR0000130577;27/01/16;52.22;53.88;52.06;53.88;842545
FR0000130577;28/01/16;53.58;54.64;53.05;54.00;966487
FR0000130577;29/01/16;54.64;55.27;54.09;55.27;827536
FR0000130809;04/01/16;41.88;41.965;40.95;41.395;4399444
FR0000130809;05/01/16;41.425;42.04;40.915;41.73;2641718
FR0000130809;06/01/16;41.835;41.845;40.43;40.925;2911496
FR0000130809;07/01/16;39.80;40.195;39.29;39.935;4198959
FR0000130809;08/01/16;39.99;40.53;38.905;38.905;4206558
FR0000130809;11/01/16;38.71;39.625;38.625;38.865;2943311
FR0000130809;12/01/16;39.03;39.90;38.79;39.245;3107381
FR0000130809;13/01/16;39.75;40.47;39.24;39.565;3721499
FR0000130809;14/01/16;38.895;38.995;37.815;38.20;6567149
FR0000130809;15/01/16;38.01;38.13;35.65;35.98;10114419
FR0000130809;18/01/16;35.85;36.16;34.585;34.905;5533469
FR0000130809;19/01/16;35.51;36.44;35.345;35.84;5019943
FR0000130809;20/01/16;34.825;34.865;33.81;34.26;5749541
FR0000130809;21/01/16;34.085;35.20;33.685;34.25;8581104
FR0000130809;22/01/16;35.07;36.20;34.79;35.885;6568134
FR0000130809;25/01/16;36.20;36.235;34.655;34.91;4728736
FR0000130809;26/01/16;34.20;35.81;33.895;35.75;5086017
FR0000130809;27/01/16;35.75;35.915;34.965;35.365;3225771
FR0000130809;28/01/16;35.14;35.765;33.905;34.19;5670746
FR0000130809;29/01/16;34.645;35.18;34.285;35.18;4574591
FR0000131104;04/01/16;51.75;51.79;50.62;51.22;4769816
FR0000131104;05/01/16;52.00;52.00;50.96;51.49;2996402
FR0000131104;06/01/16;51.38;51.38;50.12;50.50;3059199
FR0000131104;07/01/16;49.23;49.865;48.565;49.39;5433119
FR0000131104;08/01/16;49.545;49.955;48.00;48.00;5532110
FR0000131104;11/01/16;48.01;49.025;47.90;47.90;4230252
FR0000131104;12/01/16;48.42;49.44;48.11;48.945;4130594
FR0000131104;13/01/16;49.445;49.985;48.59;48.855;3796170
FR0000131104;14/01/16;48.085;48.28;46.695;47.095;7261105
FR0000131104;15/01/16;47.00;47.07;44.915;45.38;8441582
FR0000131104;18/01/16;45.155;45.745;43.955;44.33;6074651
FR0000131104;19/01/16;45.09;45.605;44.03;44.18;6042261
FR0000131104;20/01/16;43.04;43.245;42.14;42.845;8161757
FR0000131104;21/01/16;42.56;44.055;42.21;43.385;6913846
FR0000131104;22/01/16;44.43;45.21;43.90;44.45;6754157
FR0000131104;25/01/16;44.80;44.88;42.825;43.175;5605408
FR0000131104;26/01/16;42.295;44.18;42.15;44.045;5387916
FR0000131104;27/01/16;44.19;44.345;43.275;44.16;4196357
FR0000131104;28/01/16;43.985;44.73;42.555;42.915;5753882
FR0000131104;29/01/16;43.53;43.955;42.92;43.725;5034066
FR0000131906;04/01/16;91.49;91.52;88.52;89.26;1097791
FR0000131906;05/01/16;89.42;90.57;87.85;89.44;864927
FR0000131906;06/01/16;89.86;89.86;85.80;87.41;940138
FR0000131906;07/01/16;84.37;85.95;83.36;85.47;917556
FR0000131906;08/01/16;86.46;88.14;83.77;83.77;1153644
FR0000131906;11/01/16;83.60;86.50;83.11;84.76;755684
FR0000131906;12/01/16;84.90;88.10;84.90;87.22;786090
FR0000131906;13/01/16;88.47;89.53;86.17;86.66;642318
FR0000131906;14/01/16;85.30;85.42;67.00;77.75;7084347
FR0000131906;15/01/16;80.00;80.55;73.28;75.13;2284620
FR0000131906;18/01/16;75.13;76.90;71.57;74.17;1259443
FR0000131906;19/01/16;75.68;77.00;71.95;76.62;1845631
FR0000131906;20/01/16;74.90;76.36;73.21;74.50;1304015
FR0000131906;21/01/16;74.74;78.56;74.20;77.77;1578994
FR0000131906;22/01/16;80.10;80.75;78.74;79.08;1478616
FR0000131906;25/01/16;79.80;80.65;77.82;78.66;746715
FR0000131906;26/01/16;77.43;81.21;76.95;80.94;935260
FR0000131906;27/01/16;80.95;81.59;79.14;81.29;850496
FR0000131906;28/01/16;80.95;82.00;77.39;77.88;1069806
FR0000131906;29/01/16;79.57;79.88;75.87;77.93;1097072
FR0000133308;04/01/16;15.18;15.355;14.965;15.20;10727574
FR0000133308;05/01/16;15.395;15.49;15.24;15.31;9113904
FR0000133308;06/01/16;15.37;15.605;15.19;15.54;10220638
FR0000133308;07/01/16;15.10;15.565;14.98;15.495;12091556
FR0000133308;08/01/16;15.505;15.62;15.285;15.30;9053437
FR0000133308;11/01/16;15.30;15.44;15.15;15.19;6274984
FR0000133308;12/01/16;15.285;16.00;15.20;15.82;11756553
FR0000133308;13/01/16;16.06;16.095;15.71;15.755;7331596
FR0000133308;14/01/16;15.525;15.595;15.28;15.485;11216803
FR0000133308;15/01/16;15.475;15.60;15.05;15.365;13214700
FR0000133308;18/01/16;15.265;15.495;15.055;15.12;6672726
FR0000133308;19/01/16;15.355;15.405;15.23;15.405;5799453
FR0000133308;20/01/16;15.06;15.105;14.655;14.81;11617201
FR0000133308;21/01/16;15.05;15.24;14.885;15.16;11503123
FR0000133308;22/01/16;15.36;15.87;15.285;15.835;10188822
FR0000133308;25/01/16;15.925;16.00;15.685;15.80;8258631
FR0000133308;26/01/16;15.525;15.87;15.49;15.86;8228776
FR0000133308;27/01/16;16.04;16.325;16.02;16.30;12296699
FR0000133308;28/01/16;16.30;16.325;15.815;15.905;9714262
FR0000133308;29/01/16;16.12;16.33;15.995;16.33;8394767
FR0010208488;04/01/16;16.17;16.19;15.60;15.72;6897146
FR0010208488;05/01/16;15.885;15.90;15.51;15.75;4904778
FR0010208488;06/01/16;15.78;15.80;15.39;15.645;4498787
FR0010208488;07/01/16;15.255;15.51;15.095;15.44;5724162
FR0010208488;08/01/16;15.44;15.52;15.01;15.05;6713058
FR0010208488;11/01/16;15.00;15.285;14.95;15.055;5459983
FR0010208488;12/01/16;15.12;15.355;14.995;15.12;5127323
FR0010208488;13/01/16;15.255;15.55;15.185;15.27;4398413
FR0010208488;14/01/16;15.13;15.18;14.83;14.91;7790303
FR0010208488;15/01/16;14.875;14.93;14.165;14.295;13931545
FR0010208488;18/01/16;14.29;14.39;13.955;13.955;7145228
FR0010208488;19/01/16;14.125;14.385;14.06;14.265;6732874
FR0010208488;20/01/16;13.95;14.00;13.63;13.765;7748950
FR0010208488;21/01/16;13.765;14.065;13.61;13.995;7793278
FR0010208488;22/01/16;14.225;14.515;14.15;14.42;8086394
FR0010208488;25/01/16;14.43;14.43;14.035;14.175;8395537
FR0010208488;26/01/16;13.98;14.43;13.905;14.38;6231979
FR0010208488;27/01/16;14.38;14.60;14.28;14.60;4973748
FR0010208488;28/01/16;14.56;14.76;14.40;14.555;6173752
FR0010208488;29/01/16;14.775;14.775;14.425;14.695;6195734
FR0010307819;04/01/16;51.61;51.74;50.49;51.00;602910
FR0010307819;05/01/16;51.49;51.49;50.30;50.99;392669
FR0010307819;06/01/16;50.98;50.98;49.55;50.25;490656
FR0010307819;07/01/16;49.045;49.81;48.72;49.72;818589
FR0010307819;08/01/16;49.615;50.08;49.41;49.46;782142
FR0010307819;11/01/16;49.435;49.64;48.485;48.915;967487
FR0010307819;12/01/16;49.255;50.41;48.795;50.18;889473
FR0010307819;13/01/16;50.49;50.75;50.19;50.32;793682
FR0010307819;14/01/16;50.00;50.00;49.325;49.665;1097873
FR0010307819;15/01/16;49.60;49.715;48.185;48.55;1348465
FR0010307819;18/01/16;48.54;49.265;48.17;48.565;517426
FR0010307819;19/01/16;49.205;49.605;48.95;49.255;868865
FR0010307819;20/01/16;48.37;48.82;47.185;47.49;1050342
FR0010307819;21/01/16;47.50;47.725;46.505;47.27;1878749
FR0010307819;22/01/16;48.08;49.01;47.78;48.79;1124174
FR0010307819;25/01/16;49.00;49.07;48.135;48.345;854904
FR0010307819;26/01/16;47.745;48.995;47.485;48.995;1143651
FR0010307819;27/01/16;49.00;49.395;48.76;49.395;685599
FR0010307819;28/01/16;49.03;49.57;48.58;48.975;806010
FR0010307819;29/01/16;49.53;50.72;49.355;50.72;1318943
FR0013176526;04/01/16;47.0333;47.05;45.50;45.7833;924252
FR0013176526;05/01/16;46.4667;46.90;45.5167;46.1667;857499
FR0013176526;06/01/16;45.4667;45.6833;44.0333;44.6333;818187
FR0013176526;07/01/16;43.5833;43.8667;42.7167;43.40;1083270
FR0013176526;08/01/16;43.4167;44.35;42.8167;42.8167;815256
FR0013176526;11/01/16;42.70;43.7667;42.6167;42.8833;627390
FR0013176526;12/01/16;42.90;44.70;42.8167;44.0333;928857
FR0013176526;13/01/16;44.4667;44.9333;42.7167;42.7167;1362216
FR0013176526;14/01/16;42.45;42.50;39.8167;41.00;2340213
FR0013176526;15/01/16;40.95;41.20;38.85;39.3167;1645998
FR0013176526;18/01/16;39.30;40.00;38.4667;39.3833;1091547
FR0013176526;19/01/16;40.00;41.15;39.7667;40.6667;1447881
FR0013176526;20/01/16;39.8167;39.8833;38.9667;39.20;1283217
FR0013176526;21/01/16;39.3333;39.90;38.7833;39.7833;1634178
FR0013176526;22/01/16;40.7667;41.15;40.2833;40.90;1196472
FR0013176526;25/01/16;41.0833;41.30;40.4167;40.75;1070262
FR0013176526;26/01/16;40.1167;41.65;40.0333;41.3667;928221
FR0013176526;27/01/16;41.50;41.75;40.8667;41.35;825465
FR0013176526;28/01/16;41.30;42.10;40.1333;40.30;953619
FR0013176526;29/01/16;40.8667;41.20;39.3667;39.8167;1526787
GB00BDSFG982;04/01/16;22.75;22.9375;22.295;22.6975;1611610
GB00BDSFG982;05/01/16;22.0175;22.125;21.065;21.645;2340914
GB00BDSFG982;06/01/16;21.725;21.735;20.50;20.8275;2250740
GB00BDSFG982;07/01/16;20.10;20.215;19.785;20.0625;2760438
GB00BDSFG982;08/01/16;20.125;20.24;19.225;19.27;2135964
GB00BDSFG982;11/01/16;19.155;19.6525;18.9575;18.99;1683730
GB00BDSFG982;12/01/16;18.8625;20.155;18.55;19.245;3178938
GB00BDSFG982;13/01/16;19.52;20.1225;19.45;19.70;1938984
GB00BDSFG982;14/01/16;19.285;20.12;18.9475;19.89;2241634
GB00BDSFG982;15/01/16;19.8575;19.9625;19.0175;19.2125;2791206
GB00BDSFG982;18/01/16;19.075;19.6025;18.875;18.9275;1420000
GB00BDSFG982;19/01/16;19.25;19.74;19.0725;19.1475;1849320
GB00BDSFG982;20/01/16;18.50;18.50;17.825;18.0625;2781144
GB00BDSFG982;21/01/16;17.8025;19.6375;17.555;19.4825;3745550
GB00BDSFG982;22/01/16;20.1875;20.95;20.025;20.3875;3376482
GB00BDSFG982;25/01/16;20.5325;20.575;19.18;19.4725;2801078
GB00BDSFG982;26/01/16;18.9425;20.335;18.72;20.2225;3058094
GB00BDSFG982;27/01/16;20.1925;20.38;19.6725;20.3625;2166964
GB00BDSFG982;28/01/16;20.35;21.91;20.245;21.615;4277628
GB00BDSFG982;29/01/16;21.95;22.10;20.8975;21.42;3124850
LU1598757687;04/01/16;11.46;11.496;10.899;11.163;5984173
LU1598757687;05/01/16;11.331;11.871;11.139;11.844;5237337
LU1598757687;06/01/16;11.787;11.853;10.899;11.091;7691132
LU1598757687;07/01/16;10.548;10.617;10.158;10.476;7933429
LU1598757687;08/01/16;10.587;10.95;10.143;10.146;7499200
LU1598757687;11/01/16;9.795;10.509;9.78;10.008;7836944
LU1598757687;12/01/16;9.915;10.353;9.60;9.615;9586467
LU1598757687;13/01/16;9.75;10.026;9.231;9.315;9104439
LU1598757687;14/01/16;9.243;9.987;9.00;9.852;8567029
LU1598757687;15/01/16;9.735;9.864;9.09;9.159;7901774
LU1598757687;18/01/16;9.195;9.696;9.111;9.447;8675007
LU1598757687;19/01/16;9.765;10.50;9.759;9.99;10479285
LU1598757687;20/01/16;9.60;9.63;9.033;9.114;9510836
LU1598757687;21/01/16;9.249;10.149;9.051;10.056;10913849
LU1598757687;22/01/16;10.47;10.65;9.768;9.897;10424090
LU1598757687;25/01/16;10.137;10.425;9.729;10.047;8828293
LU1598757687;26/01/16;9.75;10.80;9.561;10.767;10445256
LU1598757687;27/01/16;10.719;11.016;10.383;10.791;8569025
LU1598757687;28/01/16;10.605;11.61;10.599;11.088;13293496
LU1598757687;29/01/16;11.40;11.415;10.281;10.437;12807737
NL0000226223;04/01/16;6.142;6.158;6.005;6.054;1821211
NL0000226223;05/01/16;6.164;6.164;5.986;6.065;1237901
NL0000226223;06/01/16;6.062;6.069;5.88;5.927;1932718
NL0000226223;07/01/16;5.764;5.855;5.649;5.83;1878460
NL0000226223;08/01/16;5.783;5.80;5.58;5.58;2729002
NL0000226223;11/01/16;5.604;5.825;5.57;5.73;2979218
NL0000226223;12/01/16;5.686;5.877;5.675;5.731;1560656
NL0000226223;13/01/16;5.769;5.837;5.64;5.658;1511880
NL0000226223;14/01/16;5.562;5.597;5.444;5.536;2721289
NL0000226223;15/01/16;5.50;5.536;5.223;5.255;2910805
NL0000226223;18/01/16;5.274;5.395;5.183;5.343;2345297
NL0000226223;19/01/16;5.47;5.587;5.359;5.549;2623835
NL0000226223;20/01/16;5.414;5.59;5.377;5.494;2269397
NL0000226223;21/01/16;5.55;5.674;5.454;5.632;2156494
NL0000226223;22/01/16;5.755;5.869;5.698;5.818;1743392
NL0000226223;25/01/16;5.882;5.884;5.777;5.86;1679919
NL0000226223;26/01/16;5.752;6.044;5.73;6.015;2820246
NL0000226223;27/01/16;6.48;6.50;6.124;6.276;4661983
NL0000226223;28/01/16;6.27;6.39;6.09;6.096;3519786
NL0000226223;29/01/16;6.176;6.21;5.859;6.016;4660082
NL0000235190;04/01/16;61.15;61.87;60.16;60.86;2885672
NL0000235190;05/01/16;61.88;62.31;60.61;62.09;3154541
NL0000235190;06/01/16;62.10;62.35;60.35;61.27;2196204
NL0000235190;07/01/16;59.33;60.32;58.50;60.04;2581611
NL0000235190;08/01/16;60.27;60.82;58.76;58.76;2906559
NL0000235190;11/01/16;58.58;59.34;58.10;58.11;2885702
NL0000235190;12/01/16;57.99;60.38;57.31;59.00;3976466
NL0000235190;13/01/16;60.10;60.50;59.33;59.49;3133704
NL0000235190;14/01/16;58.61;58.66;56.82;58.01;3691074
NL0000235190;15/01/16;57.51;57.70;55.36;56.15;4890291
NL0000235190;18/01/16;56.27;57.49;55.62;55.85;1963450
NL0000235190;19/01/16;56.96;57.39;56.41;56.72;2117953
NL0000235190;20/01/16;55.38;55.66;53.77;54.36;3765726
NL0000235190;21/01/16;54.57;56.01;53.85;55.53;3935676
NL0000235190;22/01/16;56.72;57.92;56.20;56.95;3188157
NL0000235190;25/01/16;57.64;57.82;56.78;57.32;2388659
NL0000235190;26/01/16;56.40;57.67;55.79;57.42;2017387
NL0000235190;27/01/16;57.48;57.52;54.54;55.46;4672140
NL0000235190;28/01/16;55.34;56.25;54.18;55.02;3459886
NL0000235190;29/01/16;55.96;57.82;55.82;57.82;3303063
