BE0003470755;01/09/17;122.35;123.55;122.15;122.90;156127
BE0003470755;04/09/17;122.05;123.00;122.00;122.85;96008
BE0003470755;05/09/17;122.60;123.65;122.40;122.60;151266
BE0003470755;06/09/17;121.75;122.35;121.45;122.25;153677
BE0003470755;07/09/17;122.80;123.60;122.70;122.75;164859
BE0003470755;08/09/17;122.45;123.80;122.10;123.80;173877
BE0003470755;11/09/17;124.10;125.95;124.05;125.75;207013
BE0003470755;12/09/17;126.00;126.60;125.85;126.05;139557
BE0003470755;13/09/17;125.50;126.15;125.30;125.30;192393
BE0003470755;14/09/17;125.00;126.55;124.80;126.30;178603
BE0003470755;15/09/17;126.30;126.90;125.45;126.50;347814
BE0003470755;18/09/17;126.95;128.75;126.75;128.65;193428
BE0003470755;19/09/17;128.65;128.80;126.25;126.90;394707
BE0003470755;20/09/17;126.65;126.65;124.00;125.50;335729
BE0003470755;21/09/17;125.65;126.65;124.35;126.45;266636
BE0003470755;22/09/17;125.80;126.30;124.80;125.65;179935
BE0003470755;25/09/17;125.00;125.25;124.00;124.20;206739
BE0003470755;26/09/17;124.15;125.55;124.00;125.05;183727
BE0003470755;27/09/17;125.05;126.10;124.75;125.90;221366
BE0003470755;28/09/17;125.55;128.05;125.55;128.05;263006
BE0003470755;29/09/17;126.75;127.05;125.15;126.40;341916
CH0012214059;01/09/17;49.24;50.17;49.24;49.875;195389
CH0012214059;04/09/17;49.50;49.885;49.50;49.825;146793
CH0012214059;05/09/17;49.685;50.15;49.38;49.38;199146
CH0012214059;06/09/17;49.17;49.345;48.74;49.17;308108
CH0012214059;07/09/17;48.73;49.43;48.73;49.025;256559
CH0012214059;08/09/17;49.225;50.10;49.225;49.58;258943
CH0012214059;11/09/17;49.895;50.41;49.78;50.13;188944
CH0012214059;12/09/17;50.20;50.68;50.12;50.31;166210
CH0012214059;13/09/17;50.28;50.47;50.13;50.18;146306
CH0012214059;14/09/17;50.00;50.80;49.87;50.61;157487
CH0012214059;15/09/17;50.72;51.00;50.60;50.82;330211
CH0012214059;18/09/17;51.08;51.14;50.80;50.80;120328
CH0012214059;19/09/17;50.59;51.08;50.57;50.93;140681
CH0012214059;20/09/17;50.77;51.56;50.77;51.45;156567
CH0012214059;21/09/17;51.50;51.84;50.86;50.86;234488
CH0012214059;22/09/17;50.49;51.20;50.49;50.87;141037
CH0012214059;25/09/17;50.85;51.09;49.015;49.125;371510
CH0012214059;26/09/17;49.20;49.33;48.67;49.115;281578
CH0012214059;27/09/17;49.27;49.325;48.94;49.10;174639
CH0012214059;28/09/17;49.14;49.335;48.645;48.955;242397
CH0012214059;29/09/17;48.90;49.545;48.845;49.395;196436
FR0000045072;01/09/17;14.90;14.965;14.80;14.885;4324889
FR0000045072;04/09/17;14.73;14.875;14.695;14.84;2426786
FR0000045072;05/09/17;14.865;14.97;14.52;14.58;5035377
FR0000045072;06/09/17;14.51;14.735;14.495;14.585;4073439
FR0000045072;07/09/17;14.69;14.775;14.46;14.505;4555591
FR0000045072;08/09/17;14.41;14.75;14.385;14.655;4958852
FR0000045072;11/09/17;14.785;15.05;14.785;15.025;5705434
FR0000045072;12/09/17;15.125;15.35;15.095;15.25;5951976
FR0000045072;13/09/17;15.245;15.37;15.17;15.34;5996254
FR0000045072;14/09/17;15.275;15.365;15.17;15.285;4579141
FR0000045072;15/09/17;15.25;15.29;15.095;15.215;7801887
FR0000045072;18/09/17;15.30;15.335;15.00;15.035;5375362
FR0000045072;19/09/17;15.05;15.09;14.87;14.91;5355484
FR0000045072;20/09/17;14.90;14.98;14.785;14.91;3965446
FR0000045072;21/09/17;15.02;15.28;15.02;15.16;5990767
FR0000045072;22/09/17;15.145;15.28;15.085;15.165;3975596
FR0000045072;25/09/17;15.135;15.135;14.865;14.96;5835772
FR0000045072;26/09/17;14.98;15.115;14.89;14.98;3352281
FR0000045072;27/09/17;15.06;15.42;15.06;15.315;5467793
FR0000045072;28/09/17;15.44;15.60;15.285;15.34;4753600
FR0000045072;29/09/17;15.385;15.405;15.17;15.38;5035083
FR0000051732;01/09/17;129.60;130.85;129.45;129.75;215204
FR0000051732;04/09/17;128.95;128.95;127.60;127.95;127899
FR0000051732;05/09/17;128.00;128.60;127.45;127.70;177864
FR0000051732;06/09/17;127.15;127.30;125.90;126.20;241595
FR0000051732;07/09/17;127.00;128.25;126.70;127.70;217315
FR0000051732;08/09/17;127.40;127.70;126.40;127.60;175290
FR0000051732;11/09/17;128.15;129.35;128.00;128.55;217229
FR0000051732;12/09/17;129.00;129.60;128.15;128.25;282722
FR0000051732;13/09/17;128.25;129.10;128.15;128.80;250312
FR0000051732;14/09/17;128.45;129.20;128.25;128.85;183195
FR0000051732;15/09/17;128.55;129.30;128.30;128.85;305344
FR0000051732;18/09/17;129.45;129.90;129.05;129.80;95434
FR0000051732;19/09/17;129.75;131.75;129.70;130.80;204930
FR0000051732;20/09/17;130.75;131.40;130.40;130.45;204791
FR0000051732;21/09/17;131.00;131.25;128.90;128.90;203085
FR0000051732;22/09/17;129.25;130.05;128.60;129.10;218814
FR0000051732;25/09/17;129.50;129.90;128.15;128.15;128418
FR0000051732;26/09/17;128.10;129.25;127.45;128.25;207221
FR0000051732;27/09/17;129.10;129.10;128.05;129.10;208330
FR0000051732;28/09/17;129.55;130.60;129.35;130.60;170989
FR0000051732;29/09/17;130.75;131.40;130.10;131.25;265751
FR0000073272;01/09/17;82.65;82.95;82.07;82.24;743594
FR0000073272;04/09/17;82.14;82.17;81.57;81.63;503548
FR0000073272;05/09/17;81.79;81.94;81.25;81.58;667113
FR0000073272;06/09/17;81.41;81.62;80.85;81.25;636264
FR0000073272;07/09/17;81.46;82.47;81.24;81.95;1047067
FR0000073272;08/09/17;81.88;81.88;80.72;81.36;763123
FR0000073272;11/09/17;81.82;83.08;81.69;83.08;901604
FR0000073272;12/09/17;83.36;83.91;83.01;83.65;717268
FR0000073272;13/09/17;83.68;84.11;83.45;83.70;815776
FR0000073272;14/09/17;83.65;85.02;83.58;85.01;1007417
FR0000073272;15/09/17;85.20;85.56;84.61;85.00;2393720
FR0000073272;18/09/17;85.00;85.74;84.85;85.70;1446409
FR0000073272;19/09/17;85.65;85.83;85.12;85.38;740067
FR0000073272;20/09/17;85.20;85.45;84.70;84.83;862968
FR0000073272;21/09/17;84.83;85.25;84.71;85.00;816448
FR0000073272;22/09/17;84.99;85.20;84.74;84.98;924805
FR0000073272;25/09/17;84.95;85.60;84.27;85.09;943205
FR0000073272;26/09/17;85.23;85.61;84.80;85.11;954986
FR0000073272;27/09/17;85.19;85.35;84.86;85.08;663047
FR0000073272;28/09/17;84.84;85.89;84.68;85.79;614398
FR0000073272;29/09/17;85.77;86.44;85.22;86.44;919105
FR0000120073;01/09/17;93.8636;94.2727;93.5455;93.5909;551818
FR0000120073;04/09/17;93.2273;93.6818;93.1364;93.3636;330114
FR0000120073;05/09/17;93.4546;93.7727;92.9545;93.0455;547423
FR0000120073;06/09/17;92.7727;94.0909;92.5455;93.6364;546484
FR0000120073;07/09/17;94.0909;94.6364;93.7727;94.2727;698661
FR0000120073;08/09/17;93.9091;94.2273;93.4091;93.9091;606785
FR0000120073;11/09/17;94.50;96.2727;94.4091;96.0909;731699
FR0000120073;12/09/17;96.3636;97.5909;96.3182;97.3636;968755
FR0000120073;13/09/17;96.8636;97.0909;96.00;96.1364;1001926
FR0000120073;14/09/17;95.8182;97.5455;95.5909;97.1818;815686
FR0000120073;15/09/17;97.2273;97.5909;96.0455;96.2727;1942259
FR0000120073;18/09/17;96.9545;97.00;96.3182;96.6818;586015
FR0000120073;19/09/17;96.6364;97.7273;96.5909;97.6364;720036
FR0000120073;20/09/17;97.7273;98.2273;97.50;98.2273;635972
FR0000120073;21/09/17;98.8182;99.3636;98.1818;99.3636;1075791
FR0000120073;22/09/17;99.0909;100.2273;99.0909;99.7727;971282
FR0000120073;25/09/17;99.7273;100.1364;99.4545;99.9091;580781
FR0000120073;26/09/17;99.7273;101.3636;99.6364;101.3636;1088391
FR0000120073;27/09/17;101.6818;102.2273;100.7273;100.7727;1020221
FR0000120073;28/09/17;100.9091;101.9545;100.50;101.4091;801967
FR0000120073;29/09/17;101.5454;102.5909;101.00;102.5909;1274900
FR0000120172;01/09/17;17.00;17.05;16.52;16.635;8462677
FR0000120172;04/09/17;16.70;16.815;16.51;16.53;4939240
FR0000120172;05/09/17;16.51;16.68;16.305;16.59;6110328
FR0000120172;06/09/17;16.60;16.975;16.525;16.81;5239141
FR0000120172;07/09/17;16.91;17.095;16.76;16.915;5171837
FR0000120172;08/09/17;16.97;16.995;16.78;16.80;3103177
FR0000120172;11/09/17;16.99;17.08;16.91;16.99;4252477
FR0000120172;12/09/17;16.84;17.07;16.77;17.04;4810085
FR0000120172;13/09/17;16.96;17.16;16.87;17.05;5918911
FR0000120172;14/09/17;17.08;17.095;16.765;16.91;5842582
FR0000120172;15/09/17;16.905;16.96;16.735;16.79;4453513
FR0000120172;18/09/17;16.80;16.84;16.565;16.76;3746413
FR0000120172;19/09/17;16.795;17.05;16.755;16.83;4134449
FR0000120172;20/09/17;16.885;16.89;16.55;16.61;4853347
FR0000120172;21/09/17;16.62;16.63;16.415;16.52;3473793
FR0000120172;22/09/17;16.55;16.70;16.44;16.545;3002182
FR0000120172;25/09/17;16.59;16.67;16.46;16.515;2038125
FR0000120172;26/09/17;16.58;17.27;16.575;17.085;9888632
FR0000120172;27/09/17;17.22;17.265;16.94;16.995;4032379
FR0000120172;28/09/17;17.01;17.01;16.85;16.955;2538843
FR0000120172;29/09/17;17.015;17.145;16.905;17.095;2616140
FR0000120271;01/09/17;43.50;43.955;43.46;43.805;4781396
FR0000120271;04/09/17;43.465;43.995;43.46;43.72;2721666
FR0000120271;05/09/17;43.735;44.115;43.60;43.89;4788103
FR0000120271;06/09/17;43.56;44.21;43.505;44.03;5007841
FR0000120271;07/09/17;44.155;44.58;44.11;44.335;5062629
FR0000120271;08/09/17;44.20;44.32;43.93;43.99;3892162
FR0000120271;11/09/17;44.05;44.395;44.05;44.37;4219950
FR0000120271;12/09/17;44.295;44.555;44.25;44.51;3570167
FR0000120271;13/09/17;44.335;44.86;44.215;44.74;5199684
FR0000120271;14/09/17;44.615;45.025;44.615;44.96;5409963
FR0000120271;15/09/17;44.90;45.20;44.74;44.925;14037756
FR0000120271;18/09/17;45.065;45.16;44.88;44.945;3253391
FR0000120271;19/09/17;44.875;45.40;44.805;45.18;4631793
FR0000120271;20/09/17;45.14;45.675;45.12;45.675;4502749
FR0000120271;21/09/17;45.855;46.05;45.665;45.885;5084860
FR0000120271;22/09/17;45.90;46.05;45.665;45.935;5282150
FR0000120271;25/09/17;45.29;45.725;44.89;45.63;6575170
FR0000120271;26/09/17;45.55;45.64;45.19;45.255;7058375
FR0000120271;27/09/17;45.455;45.49;45.08;45.11;5136164
FR0000120271;28/09/17;45.075;45.32;44.805;45.215;4312249
FR0000120271;29/09/17;45.195;45.445;45.085;45.445;6393240
FR0000120321;01/09/17;177.75;178.75;177.45;177.95;495002
FR0000120321;04/09/17;176.90;177.85;176.55;177.30;317800
FR0000120321;05/09/17;177.45;178.55;176.35;176.85;466392
FR0000120321;06/09/17;175.85;177.85;175.35;177.70;436083
FR0000120321;07/09/17;178.55;179.00;177.65;178.35;543212
FR0000120321;08/09/17;177.90;178.75;177.50;178.60;333064
FR0000120321;11/09/17;179.30;180.90;179.15;180.70;418845
FR0000120321;12/09/17;180.80;180.95;179.50;179.90;372689
FR0000120321;13/09/17;179.90;180.25;178.90;180.20;530905
FR0000120321;14/09/17;180.20;180.60;179.30;179.40;448093
FR0000120321;15/09/17;179.45;179.95;178.25;178.90;1363091
FR0000120321;18/09/17;179.10;179.60;178.25;179.00;274820
FR0000120321;19/09/17;178.15;178.60;177.15;177.50;408813
FR0000120321;20/09/17;177.65;178.45;177.10;178.30;378067
FR0000120321;21/09/17;178.70;178.75;176.15;176.60;461995
FR0000120321;22/09/17;188.00;188.50;180.75;180.95;1549467
FR0000120321;25/09/17;181.05;182.65;179.90;181.85;527792
FR0000120321;26/09/17;182.50;182.50;179.75;181.05;674121
FR0000120321;27/09/17;180.90;181.15;177.75;178.00;859908
FR0000120321;28/09/17;177.50;177.90;176.35;177.90;626713
FR0000120321;29/09/17;178.10;179.90;178.10;179.90;769942
FR0000120404;01/09/17;39.00;39.20;38.805;39.065;791963
FR0000120404;04/09/17;38.82;39.29;38.79;39.225;542944
FR0000120404;05/09/17;39.335;40.05;39.22;39.78;1129340
FR0000120404;06/09/17;39.65;39.785;39.465;39.66;841570
FR0000120404;07/09/17;39.735;40.09;39.64;39.935;857711
FR0000120404;08/09/17;39.875;40.07;39.815;40.07;823595
FR0000120404;11/09/17;40.265;40.755;40.265;40.52;782305
FR0000120404;12/09/17;40.64;40.93;40.465;40.855;772613
FR0000120404;13/09/17;40.885;40.91;40.455;40.68;786306
FR0000120404;14/09/17;40.64;40.795;40.585;40.76;626988
FR0000120404;15/09/17;40.70;40.72;40.085;40.24;1104537
FR0000120404;18/09/17;40.335;40.65;40.32;40.585;714156
FR0000120404;19/09/17;40.46;40.84;40.455;40.75;586030
FR0000120404;20/09/17;40.725;41.04;40.665;40.91;859202
FR0000120404;21/09/17;40.985;41.03;40.745;40.88;749499
FR0000120404;22/09/17;40.865;41.09;40.72;41.00;662338
FR0000120404;25/09/17;41.06;41.105;40.92;41.00;899877
FR0000120404;26/09/17;40.94;41.015;40.70;40.87;535128
FR0000120404;27/09/17;40.995;41.155;40.865;41.00;774378
FR0000120404;28/09/17;41.00;42.695;40.955;42.045;1877372
FR0000120404;29/09/17;42.105;42.155;41.54;42.035;1081327
FR0000120503;01/09/17;38.20;39.00;38.155;38.82;1074642
FR0000120503;04/09/17;38.40;38.545;38.245;38.51;585465
FR0000120503;05/09/17;39.00;39.105;38.73;38.73;1145194
FR0000120503;06/09/17;38.52;38.975;38.315;38.83;777408
FR0000120503;07/09/17;38.96;39.06;38.625;38.69;662924
FR0000120503;08/09/17;38.475;38.75;38.42;38.585;477793
FR0000120503;11/09/17;38.60;39.07;38.60;38.845;531538
FR0000120503;12/09/17;38.795;39.20;38.795;38.90;755637
FR0000120503;13/09/17;38.90;39.005;38.765;38.80;584653
FR0000120503;14/09/17;38.835;38.915;38.615;38.73;587255
FR0000120503;15/09/17;38.695;38.975;38.395;38.395;1710189
FR0000120503;18/09/17;38.655;38.805;38.47;38.70;562066
FR0000120503;19/09/17;38.74;39.145;38.695;39.055;763923
FR0000120503;20/09/17;38.975;39.185;38.86;38.97;718755
FR0000120503;21/09/17;39.115;39.37;38.72;38.895;804423
FR0000120503;22/09/17;38.95;39.145;38.795;39.05;1051272
FR0000120503;25/09/17;39.045;39.62;38.995;39.33;975603
FR0000120503;26/09/17;39.325;39.325;39.065;39.16;750854
FR0000120503;27/09/17;39.50;40.295;39.50;40.285;2121537
FR0000120503;28/09/17;40.215;40.69;40.135;40.195;1316114
FR0000120503;29/09/17;39.995;40.235;39.915;40.15;793748
FR0000120578;01/09/17;81.99;83.35;81.99;82.71;2045031
FR0000120578;04/09/17;82.16;82.40;82.00;82.05;934647
FR0000120578;05/09/17;82.02;82.58;81.65;81.94;1359820
FR0000120578;06/09/17;81.65;82.69;81.34;82.38;1511896
FR0000120578;07/09/17;82.70;83.34;81.57;81.93;2608518
FR0000120578;08/09/17;82.07;82.43;81.60;82.21;1674653
FR0000120578;11/09/17;83.00;83.14;80.68;81.40;3495491
FR0000120578;12/09/17;81.63;82.35;81.46;82.04;2069672
FR0000120578;13/09/17;81.89;82.04;81.52;81.70;2222318
FR0000120578;14/09/17;81.49;82.19;81.26;82.06;1887425
FR0000120578;15/09/17;82.17;82.67;81.31;81.37;5934268
FR0000120578;18/09/17;81.57;81.70;81.20;81.52;1279404
FR0000120578;19/09/17;81.59;82.56;81.25;82.25;1711618
FR0000120578;20/09/17;82.29;82.83;82.05;82.30;1661344
FR0000120578;21/09/17;82.47;84.40;82.43;83.87;2621664
FR0000120578;22/09/17;84.04;85.00;84.01;84.12;2284835
FR0000120578;25/09/17;84.13;84.75;83.98;84.64;1396626
FR0000120578;26/09/17;84.36;84.56;84.06;84.56;1541262
FR0000120578;27/09/17;84.46;84.75;84.02;84.54;1683142
FR0000120578;28/09/17;84.43;84.60;83.76;84.02;1913241
FR0000120578;29/09/17;84.11;84.27;83.45;84.01;2866497
FR0000120628;01/09/17;24.415;24.60;24.335;24.495;3609451
FR0000120628;04/09/17;24.355;24.535;24.35;24.35;3711698
FR0000120628;05/09/17;24.355;24.385;23.95;24.075;5930851
FR0000120628;06/09/17;23.95;24.095;23.83;23.96;6097847
FR0000120628;07/09/17;24.00;24.135;23.795;23.855;7074556
FR0000120628;08/09/17;23.79;24.05;23.755;23.955;4726347
FR0000120628;11/09/17;24.115;24.49;24.03;24.35;6739886
FR0000120628;12/09/17;24.54;24.77;24.40;24.64;4714023
FR0000120628;13/09/17;24.67;24.935;24.565;24.775;5491807
FR0000120628;14/09/17;24.76;25.03;24.555;24.805;6638174
FR0000120628;15/09/17;24.795;24.81;24.41;24.55;12263691
FR0000120628;18/09/17;24.675;24.835;24.565;24.665;5125917
FR0000120628;19/09/17;24.70;24.825;24.665;24.73;4015793
FR0000120628;20/09/17;24.645;24.70;24.50;24.685;4601133
FR0000120628;21/09/17;24.80;25.025;24.80;24.865;5495909
FR0000120628;22/09/17;24.805;25.04;24.765;24.955;4077491
FR0000120628;25/09/17;24.815;24.94;24.65;24.765;4609616
FR0000120628;26/09/17;24.735;24.79;24.60;24.655;4544086
FR0000120628;27/09/17;24.735;25.195;24.71;25.08;7366244
FR0000120628;28/09/17;25.17;25.385;25.12;25.31;6827534
FR0000120628;29/09/17;25.26;25.59;25.23;25.59;7817524
FR0000120644;01/09/17;66.00;66.64;65.78;65.82;1445088
FR0000120644;04/09/17;65.34;65.91;65.34;65.52;639246
FR0000120644;05/09/17;65.75;66.36;65.74;66.12;1270318
FR0000120644;06/09/17;65.80;67.35;65.51;66.88;2243948
FR0000120644;07/09/17;67.20;67.31;66.81;66.81;1815966
FR0000120644;08/09/17;66.63;67.53;66.58;67.45;1120493
FR0000120644;11/09/17;67.70;68.47;67.70;68.40;1463768
FR0000120644;12/09/17;68.42;68.58;67.88;68.05;1284264
FR0000120644;13/09/17;68.05;68.06;67.60;67.92;1370953
FR0000120644;14/09/17;67.78;68.27;67.65;68.00;1319253
FR0000120644;15/09/17;67.98;68.27;66.96;67.22;5521434
FR0000120644;18/09/17;67.46;67.65;66.98;67.08;989843
FR0000120644;19/09/17;66.63;66.94;66.13;66.61;1337483
FR0000120644;20/09/17;66.39;67.00;66.39;66.43;1933722
FR0000120644;21/09/17;66.45;66.57;65.98;66.42;1229031
FR0000120644;22/09/17;66.48;67.01;66.27;66.70;1403460
FR0000120644;25/09/17;66.56;66.91;66.53;66.67;1093789
FR0000120644;26/09/17;66.80;66.80;66.38;66.49;1327277
FR0000120644;27/09/17;66.77;66.77;65.77;65.78;1762157
FR0000120644;28/09/17;65.70;65.81;65.33;65.80;1348109
FR0000120644;29/09/17;65.71;66.37;65.66;66.37;1818297
FR0000120693;01/09/17;113.60;114.05;112.90;113.30;637490
FR0000120693;04/09/17;113.05;113.70;112.95;113.20;323129
FR0000120693;05/09/17;113.35;114.80;113.25;114.20;444313
FR0000120693;06/09/17;114.55;115.60;114.10;114.85;437196
FR0000120693;07/09/17;115.70;115.85;113.30;114.00;599748
FR0000120693;08/09/17;113.45;115.70;113.45;115.45;311340
FR0000120693;11/09/17;116.00;117.45;115.95;116.70;419239
FR0000120693;12/09/17;117.00;117.20;115.55;115.75;324028
FR0000120693;13/09/17;115.50;117.05;115.25;116.75;393364
FR0000120693;14/09/17;116.80;117.85;116.05;116.15;348987
FR0000120693;15/09/17;115.65;116.00;115.05;115.10;594123
FR0000120693;18/09/17;115.65;116.05;115.15;115.55;197054
FR0000120693;19/09/17;115.00;115.50;114.40;115.00;375789
FR0000120693;20/09/17;114.40;115.30;113.40;113.40;400772
FR0000120693;21/09/17;113.65;114.75;113.10;114.70;536367
FR0000120693;22/09/17;114.80;116.75;114.55;115.35;495824
FR0000120693;25/09/17;115.35;116.50;115.25;116.05;334908
FR0000120693;26/09/17;116.05;117.55;115.95;117.35;414064
FR0000120693;27/09/17;117.55;117.80;115.80;116.40;376993
FR0000120693;28/09/17;116.45;116.90;116.15;116.65;351561
FR0000120693;29/09/17;116.70;117.10;116.35;117.05;386758
FR0000121014;01/09/17;221.95;223.40;221.25;221.75;468524
FR0000121014;04/09/17;220.10;221.45;219.60;220.95;272294
FR0000121014;05/09/17;220.05;220.05;217.55;217.80;585123
FR0000121014;06/09/17;216.25;219.20;215.80;217.90;426458
FR0000121014;07/09/17;218.85;221.15;218.60;220.00;472802
FR0000121014;08/09/17;218.75;220.25;218.10;219.95;437789
FR0000121014;11/09/17;221.25;225.65;221.25;225.30;627495
FR0000121014;12/09/17;225.90;228.35;225.35;228.15;580236
FR0000121014;13/09/17;227.95;231.25;227.50;230.25;962814
FR0000121014;14/09/17;229.00;230.25;228.20;229.55;640494
FR0000121014;15/09/17;229.20;230.75;228.75;230.00;1417386
FR0000121014;18/09/17;230.55;230.80;228.55;229.25;551414
FR0000121014;19/09/17;229.10;229.60;228.30;229.30;430840
FR0000121014;20/09/17;229.65;231.00;228.85;230.00;452459
FR0000121014;21/09/17;230.65;231.00;229.10;229.85;388474
FR0000121014;22/09/17;229.50;231.70;228.55;230.40;418774
FR0000121014;25/09/17;229.90;231.80;229.60;230.75;335029
FR0000121014;26/09/17;231.00;231.65;230.15;231.35;380659
FR0000121014;27/09/17;231.55;231.75;230.45;230.85;405915
FR0000121014;28/09/17;230.55;231.85;229.75;230.80;350927
FR0000121014;29/09/17;231.55;233.45;231.15;233.45;583769
FR0000121220;01/09/17;98.26;99.89;98.26;98.82;319430
FR0000121220;04/09/17;98.62;101.60;98.52;101.50;425476
FR0000121220;05/09/17;101.60;101.60;99.66;99.90;312988
FR0000121220;06/09/17;99.61;99.85;98.36;99.17;469116
FR0000121220;07/09/17;99.60;100.55;99.31;100.35;269266
FR0000121220;08/09/17;100.25;100.85;99.54;100.70;225660
FR0000121220;11/09/17;101.25;102.20;101.20;102.20;208219
FR0000121220;12/09/17;104.40;104.50;102.15;102.75;359992
FR0000121220;13/09/17;102.75;102.85;100.75;101.25;330459
FR0000121220;14/09/17;101.25;101.80;99.88;99.97;341508
FR0000121220;15/09/17;100.00;100.60;99.33;100.00;450182
FR0000121220;18/09/17;100.80;102.40;100.20;102.40;285592
FR0000121220;19/09/17;102.15;102.15;100.75;101.20;261631
FR0000121220;20/09/17;101.00;102.55;100.90;102.15;225680
FR0000121220;21/09/17;102.25;102.50;101.65;102.00;164796
FR0000121220;22/09/17;102.10;103.60;101.80;103.50;301272
FR0000121220;25/09/17;103.00;104.25;102.40;104.15;203793
FR0000121220;26/09/17;104.15;104.35;103.00;104.35;274974
FR0000121220;27/09/17;104.30;104.80;102.70;104.60;323352
FR0000121220;28/09/17;104.85;105.20;103.95;104.80;233185
FR0000121220;29/09/17;104.95;105.50;104.20;105.50;307814
FR0000121261;01/09/17;114.60;116.20;114.35;115.55;300542
FR0000121261;04/09/17;114.40;116.15;114.40;115.80;238405
FR0000121261;05/09/17;115.75;117.35;115.75;116.90;375425
FR0000121261;06/09/17;117.05;118.35;116.00;116.45;491262
FR0000121261;07/09/17;117.05;117.20;115.30;116.15;535221
FR0000121261;08/09/17;115.50;116.85;115.50;116.85;244293
FR0000121261;11/09/17;117.25;118.30;117.05;118.15;307169
FR0000121261;12/09/17;118.15;120.50;117.60;119.60;652304
FR0000121261;13/09/17;119.20;119.85;116.75;117.15;663350
FR0000121261;14/09/17;117.00;117.45;116.05;116.55;608806
FR0000121261;15/09/17;117.05;120.05;116.45;120.00;785073
FR0000121261;18/09/17;120.10;120.30;119.05;119.25;402519
FR0000121261;19/09/17;119.20;121.35;119.05;120.85;451529
FR0000121261;20/09/17;120.45;121.20;120.20;121.20;236565
FR0000121261;21/09/17;121.25;123.90;120.65;123.75;531175
FR0000121261;22/09/17;123.15;124.40;122.55;124.15;388407
FR0000121261;25/09/17;123.90;124.80;123.60;124.45;328407
FR0000121261;26/09/17;124.15;125.70;123.95;125.35;404202
FR0000121261;27/09/17;125.30;125.30;123.40;124.15;493558
FR0000121261;28/09/17;124.20;124.40;122.35;122.50;675291
FR0000121261;29/09/17;122.65;123.50;121.40;123.50;686857
FR0000121485;01/09/17;317.10;320.55;317.05;319.80;173095
FR0000121485;04/09/17;318.00;319.60;316.65;318.20;108225
FR0000121485;05/09/17;319.75;319.75;316.35;316.65;126167
FR0000121485;06/09/17;315.35;318.25;313.45;315.50;169116
FR0000121485;07/09/17;315.00;322.60;314.75;322.45;201908
FR0000121485;08/09/17;321.55;323.55;318.50;323.10;141306
FR0000121485;11/09/17;324.75;328.75;324.75;327.25;189965
FR0000121485;12/09/17;328.20;329.20;326.70;327.10;123309
FR0000121485;13/09/17;327.40;330.90;325.85;330.00;163270
FR0000121485;14/09/17;329.35;329.35;324.20;327.25;212915
FR0000121485;15/09/17;326.00;330.30;325.40;330.30;218892
FR0000121485;18/09/17;331.50;332.00;329.20;329.85;64198
FR0000121485;19/09/17;328.95;330.60;326.45;330.45;170463
FR0000121485;20/09/17;330.35;332.45;329.25;331.00;146804
FR0000121485;21/09/17;331.80;332.50;329.00;331.20;155330
FR0000121485;22/09/17;330.80;335.50;329.60;334.95;158987
FR0000121485;25/09/17;334.95;336.15;332.80;334.00;120566
FR0000121485;26/09/17;333.05;333.75;330.45;332.00;258928
FR0000121485;27/09/17;332.45;336.05;331.45;334.90;139788
FR0000121485;28/09/17;334.95;335.80;333.25;334.50;122570
FR0000121485;29/09/17;334.60;337.20;334.25;337.05;152334
FR0000121501;01/09/17;17.86;18.30;17.84;18.185;2927814
FR0000121501;04/09/17;18.01;18.295;18.01;18.125;1261127
FR0000121501;05/09/17;18.125;18.455;18.125;18.23;2146441
FR0000121501;06/09/17;18.165;18.615;18.13;18.555;2561688
FR0000121501;07/09/17;18.62;18.82;18.605;18.605;2211281
FR0000121501;08/09/17;18.11;18.325;17.51;18.02;8857894
FR0000121501;11/09/17;17.985;18.115;17.815;18.075;2719381
FR0000121501;12/09/17;18.12;18.815;18.11;18.755;4471121
FR0000121501;13/09/17;18.72;18.845;18.645;18.715;2489699
FR0000121501;14/09/17;18.76;18.90;18.72;18.81;1562268
FR0000121501;15/09/17;18.805;18.97;18.71;18.89;5786309
FR0000121501;18/09/17;18.945;19.04;18.89;18.935;1866692
FR0000121501;19/09/17;18.90;19.285;18.875;19.205;2507819
FR0000121501;20/09/17;19.14;19.28;19.10;19.265;1549780
FR0000121501;21/09/17;19.30;19.77;19.29;19.59;2799038
FR0000121501;22/09/17;19.64;19.78;19.435;19.585;2046798
FR0000121501;25/09/17;19.45;19.74;19.44;19.74;1996966
FR0000121501;26/09/17;19.70;19.80;19.66;19.75;2282759
FR0000121501;27/09/17;19.79;19.905;19.675;19.905;2574906
FR0000121501;28/09/17;19.96;19.965;19.77;19.855;1874373
FR0000121501;29/09/17;19.82;20.15;19.575;20.15;3259590
FR0000121667;01/09/17;106.50;107.65;106.10;106.50;475896
FR0000121667;04/09/17;106.10;106.25;105.50;105.60;236948
FR0000121667;05/09/17;105.60;106.25;105.20;105.25;257652
FR0000121667;06/09/17;105.00;106.15;104.70;105.95;308422
FR0000121667;07/09/17;106.45;108.25;106.35;108.00;604833
FR0000121667;08/09/17;107.75;109.90;107.65;109.60;780755
FR0000121667;11/09/17;110.00;110.85;109.40;109.80;766349
FR0000121667;12/09/17;110.00;110.25;108.45;109.30;555617
FR0000121667;13/09/17;108.80;108.95;106.45;106.75;862973
FR0000121667;14/09/17;106.55;107.05;106.15;106.60;572114
FR0000121667;15/09/17;106.50;107.00;105.65;106.10;1416605
FR0000121667;18/09/17;106.35;106.75;105.95;106.00;340074
FR0000121667;19/09/17;106.00;106.40;105.30;105.55;421488
FR0000121667;20/09/17;105.15;105.90;103.80;105.25;475413
FR0000121667;21/09/17;105.10;105.35;103.20;103.35;621088
FR0000121667;22/09/17;103.10;104.70;103.10;103.85;470488
FR0000121667;25/09/17;104.00;104.95;103.65;104.90;305926
FR0000121667;26/09/17;104.55;105.00;102.95;103.25;712275
FR0000121667;27/09/17;103.35;103.45;102.35;102.80;757559
FR0000121667;28/09/17;102.95;103.65;102.45;103.35;570988
FR0000121667;29/09/17;103.65;104.95;103.40;104.75;786014
FR0000121972;01/09/17;67.96;68.77;67.89;68.56;1120591
FR0000121972;04/09/17;67.95;69.32;67.83;68.89;951586
FR0000121972;05/09/17;69.20;69.80;68.77;69.07;1383139
FR0000121972;06/09/17;68.75;69.58;68.16;69.20;1089345
FR0000121972;07/09/17;69.04;69.74;68.90;69.37;1490627
FR0000121972;08/09/17;69.20;69.57;68.67;69.57;907138
FR0000121972;11/09/17;70.00;71.33;69.90;71.29;1767468
FR0000121972;12/09/17;71.49;71.78;71.28;71.60;1333113
FR0000121972;13/09/17;72.00;72.93;71.87;72.83;2586781
FR0000121972;14/09/17;72.63;72.75;72.12;72.25;1557399
FR0000121972;15/09/17;72.35;72.54;71.36;71.50;3564919
FR0000121972;18/09/17;71.88;72.31;71.74;72.22;878865
FR0000121972;19/09/17;72.05;72.24;71.77;72.23;929140
FR0000121972;20/09/17;72.29;72.59;72.11;72.30;774983
FR0000121972;21/09/17;72.39;73.00;72.37;72.81;800889
FR0000121972;22/09/17;72.65;72.67;71.83;72.20;1077204
FR0000121972;25/09/17;72.39;72.76;71.95;72.23;801792
FR0000121972;26/09/17;72.30;72.32;71.87;72.15;832991
FR0000121972;27/09/17;72.21;73.00;72.21;72.36;954390
FR0000121972;28/09/17;72.19;73.23;72.07;73.13;1333442
FR0000121972;29/09/17;72.95;73.63;72.67;73.63;1429107
FR0000124141;01/09/17;19.73;19.88;19.72;19.76;1690255
FR0000124141;04/09/17;19.62;19.70;19.52;19.63;1079320
FR0000124141;05/09/17;19.60;19.80;19.57;19.705;1615883
FR0000124141;06/09/17;19.60;19.875;19.545;19.755;1635274
FR0000124141;07/09/17;19.77;20.00;19.77;19.84;2424993
FR0000124141;08/09/17;19.90;20.075;19.82;19.965;1912410
FR0000124141;11/09/17;20.01;20.15;19.995;20.00;1700221
FR0000124141;12/09/17;20.00;20.07;19.875;19.89;1984262
FR0000124141;13/09/17;19.83;20.025;19.675;19.70;2441938
FR0000124141;14/09/17;19.67;19.77;19.575;19.71;1691444
FR0000124141;15/09/17;19.675;19.85;19.59;19.73;2908394
FR0000124141;18/09/17;19.83;19.935;19.49;19.535;2391821
FR0000124141;19/09/17;19.50;19.645;19.46;19.51;1487263
FR0000124141;20/09/17;19.465;19.52;19.325;19.43;1952593
FR0000124141;21/09/17;19.44;19.44;18.995;19.12;2671293
FR0000124141;22/09/17;19.105;19.42;19.065;19.38;2115681
FR0000124141;25/09/17;19.35;19.435;19.24;19.35;1370199
FR0000124141;26/09/17;19.34;19.535;19.265;19.465;1340898
FR0000124141;27/09/17;19.535;19.54;19.395;19.50;1475212
FR0000124141;28/09/17;19.51;19.535;19.325;19.51;1267767
FR0000124141;29/09/17;19.485;19.575;19.34;19.55;1628787
FR0000124711;01/09/17;214.45;214.85;210.15;211.05;252836
FR0000124711;04/09/17;209.95;212.10;209.80;210.95;99534
FR0000124711;05/09/17;211.05;212.00;207.95;208.40;289612
FR0000124711;06/09/17;208.50;210.45;207.60;210.00;254302
FR0000124711;07/09/17;211.00;212.80;210.30;211.90;274982
FR0000124711;08/09/17;212.05;212.65;211.35;212.60;172057
FR0000124711;11/09/17;213.75;214.35;212.55;213.05;202581
FR0000124711;12/09/17;213.90;214.30;212.15;212.60;192628
FR0000124711;13/09/17;212.60;212.95;210.60;210.80;197989
FR0000124711;14/09/17;210.60;211.05;209.60;210.50;236854
FR0000124711;15/09/17;210.85;211.60;207.70;208.30;790184
FR0000124711;18/09/17;207.65;209.00;206.05;206.70;262502
FR0000124711;19/09/17;206.95;206.95;205.40;205.60;217386
FR0000124711;20/09/17;205.15;206.40;204.90;205.15;200171
FR0000124711;21/09/17;204.75;205.50;204.00;205.25;249741
FR0000124711;22/09/17;204.45;206.25;204.30;205.00;213723
FR0000124711;25/09/17;204.30;205.35;204.30;205.35;207394
FR0000124711;26/09/17;204.70;205.85;204.45;205.00;309468
FR0000124711;27/09/17;205.95;205.95;203.30;204.00;254847
FR0000124711;28/09/17;204.05;204.05;202.15;203.20;253156
FR0000124711;29/09/17;203.70;205.85;203.50;205.75;390809
FR0000125007;01/09/17;46.28;47.01;46.27;46.675;1510055
FR0000125007;04/09/17;46.315;46.65;46.29;46.53;821406
FR0000125007;05/09/17;46.54;46.905;46.395;46.575;992377
FR0000125007;06/09/17;46.23;46.68;45.985;46.47;1035805
FR0000125007;07/09/17;46.765;47.265;46.60;47.03;1715978
FR0000125007;08/09/17;46.75;46.94;46.67;46.915;929500
FR0000125007;11/09/17;47.25;47.98;47.185;47.865;1323920
FR0000125007;12/09/17;47.99;48.95;47.805;48.68;2199844
FR0000125007;13/09/17;48.715;48.875;48.415;48.765;1646668
FR0000125007;14/09/17;48.865;49.45;48.785;49.24;2085568
FR0000125007;15/09/17;49.175;49.395;48.875;49.115;5864206
FR0000125007;18/09/17;49.295;49.40;49.05;49.365;1167926
FR0000125007;19/09/17;49.285;49.365;49.125;49.305;1186307
FR0000125007;20/09/17;49.105;49.385;49.05;49.385;1044485
FR0000125007;21/09/17;49.595;49.975;49.55;49.69;1204343
FR0000125007;22/09/17;49.615;49.945;49.385;49.75;1031017
FR0000125007;25/09/17;49.69;49.995;49.55;49.61;898219
FR0000125007;26/09/17;49.67;49.755;49.395;49.56;1031514
FR0000125007;27/09/17;49.62;49.86;49.47;49.49;1355379
FR0000125007;28/09/17;49.46;50.15;49.46;50.14;1368297
FR0000125007;29/09/17;50.28;50.42;49.415;50.42;2053328
FR0000125338;01/09/17;93.01;94.05;93.01;93.45;303527
FR0000125338;04/09/17;93.00;93.13;92.47;92.75;221935
FR0000125338;05/09/17;92.63;93.60;92.63;92.78;340370
FR0000125338;06/09/17;92.28;93.87;91.79;93.25;610988
FR0000125338;07/09/17;93.86;94.78;93.66;94.76;633495
FR0000125338;08/09/17;94.45;95.40;94.06;95.03;515326
FR0000125338;11/09/17;95.50;96.89;95.46;96.50;621553
FR0000125338;12/09/17;97.00;98.21;96.87;98.03;859352
FR0000125338;13/09/17;98.81;99.45;98.25;99.41;719839
FR0000125338;14/09/17;99.06;100.20;98.83;99.52;809644
FR0000125338;15/09/17;99.00;100.30;98.61;99.70;969385
FR0000125338;18/09/17;100.55;101.20;99.76;100.45;471975
FR0000125338;19/09/17;100.20;102.30;100.15;102.00;794981
FR0000125338;20/09/17;102.00;102.00;99.86;100.00;645122
FR0000125338;21/09/17;100.60;100.80;98.57;99.00;555565
FR0000125338;22/09/17;98.86;99.30;98.35;99.00;492605
FR0000125338;25/09/17;99.00;99.05;98.42;98.63;370915
FR0000125338;26/09/17;98.40;98.78;97.62;97.78;527436
FR0000125338;27/09/17;98.17;99.32;97.70;99.03;538023
FR0000125338;28/09/17;99.36;99.91;99.15;99.67;386898
FR0000125338;29/09/17;99.83;99.83;98.47;99.16;502884
FR0000125486;01/09/17;77.70;78.77;77.70;78.36;1194136
FR0000125486;04/09/17;77.75;78.70;77.65;78.65;943753
FR0000125486;05/09/17;78.70;79.15;78.44;78.50;990276
FR0000125486;06/09/17;78.16;79.59;77.91;79.46;1323883
FR0000125486;07/09/17;79.46;80.60;79.10;79.64;1622175
FR0000125486;08/09/17;78.76;79.20;78.46;79.04;1002179
FR0000125486;11/09/17;79.42;80.26;79.40;80.26;1027789
FR0000125486;12/09/17;80.25;80.40;79.11;79.30;1273615
FR0000125486;13/09/17;79.02;80.24;78.85;80.19;1101332
FR0000125486;14/09/17;80.20;80.39;79.87;80.27;896376
FR0000125486;15/09/17;80.28;80.53;79.97;80.25;3641879
FR0000125486;18/09/17;80.48;80.60;80.15;80.49;652490
FR0000125486;19/09/17;80.08;80.52;80.03;80.51;701561
FR0000125486;20/09/17;80.28;80.82;80.24;80.40;949023
FR0000125486;21/09/17;80.65;80.71;80.26;80.53;873767
FR0000125486;22/09/17;80.24;80.56;79.82;80.18;831144
FR0000125486;25/09/17;79.98;80.16;79.74;80.00;656111
FR0000125486;26/09/17;80.20;80.46;79.74;80.14;1002305
FR0000125486;27/09/17;80.26;80.60;80.16;80.50;799063
FR0000125486;28/09/17;80.59;80.77;80.16;80.76;813803
FR0000125486;29/09/17;80.56;80.88;80.02;80.40;1779478
FR0000127771;01/09/17;20.60;20.70;20.02;20.28;8559474
FR0000127771;04/09/17;20.065;20.235;20.03;20.10;2250835
FR0000127771;05/09/17;20.095;20.29;19.985;20.155;3095238
FR0000127771;06/09/17;20.08;20.21;20.015;20.115;2181925
FR0000127771;07/09/17;20.185;20.185;19.92;19.985;4038684
FR0000127771;08/09/17;19.865;20.025;19.82;19.94;1933282
FR0000127771;11/09/17;20.20;20.45;20.16;20.42;3623408
FR0000127771;12/09/17;20.475;20.67;20.32;20.66;3825778
FR0000127771;13/09/17;20.78;21.26;20.78;21.235;6682565
FR0000127771;14/09/17;21.035;21.22;20.97;21.025;4529666
FR0000127771;15/09/17;21.005;21.115;20.895;20.98;6069826
FR0000127771;18/09/17;21.00;21.09;20.84;20.895;1866430
FR0000127771;19/09/17;21.065;21.175;21.005;21.17;3193444
FR0000127771;20/09/17;21.075;21.19;21.01;21.02;2787945
FR0000127771;21/09/17;21.17;21.345;20.93;20.93;3751097
FR0000127771;22/09/17;20.985;20.985;20.695;20.745;4075797
FR0000127771;25/09/17;20.71;20.875;20.685;20.755;2082640
FR0000127771;26/09/17;20.765;20.865;20.695;20.725;1622952
FR0000127771;27/09/17;20.77;20.81;20.675;20.785;1999705
FR0000127771;28/09/17;20.78;20.87;20.655;20.815;2161081
FR0000127771;29/09/17;21.06;21.42;20.89;21.42;6358735
FR0000130577;01/09/17;56.75;56.97;56.23;56.24;686599
FR0000130577;04/09/17;56.21;56.56;55.94;56.38;407167
FR0000130577;05/09/17;56.49;57.79;56.31;56.89;775199
FR0000130577;06/09/17;56.67;56.72;55.69;56.60;858972
FR0000130577;07/09/17;56.75;56.75;55.98;56.06;812026
FR0000130577;08/09/17;56.00;56.10;55.33;55.95;924951
FR0000130577;11/09/17;56.17;56.35;55.86;55.89;548827
FR0000130577;12/09/17;55.89;56.54;55.82;56.39;574396
FR0000130577;13/09/17;56.46;56.60;56.07;56.49;589784
FR0000130577;14/09/17;56.57;58.04;56.40;57.58;1049679
FR0000130577;15/09/17;57.55;57.73;56.93;57.42;1201957
FR0000130577;18/09/17;57.50;57.62;56.90;57.02;555964
FR0000130577;19/09/17;56.95;57.09;56.82;56.93;385792
FR0000130577;20/09/17;57.05;57.73;56.88;57.45;563397
FR0000130577;21/09/17;57.80;57.85;57.20;57.78;516180
FR0000130577;22/09/17;57.82;58.13;57.69;58.07;615744
FR0000130577;25/09/17;58.25;58.75;57.97;58.34;555667
FR0000130577;26/09/17;58.43;58.99;58.04;58.91;615461
FR0000130577;27/09/17;59.00;59.00;58.16;58.65;670500
FR0000130577;28/09/17;58.89;59.12;58.55;58.84;507530
FR0000130577;29/09/17;58.92;59.09;58.58;59.09;737421
FR0000130809;01/09/17;47.27;47.64;47.01;47.39;2311519
FR0000130809;04/09/17;46.915;47.115;46.775;46.86;1619982
FR0000130809;05/09/17;46.995;47.165;46.185;46.27;2679519
FR0000130809;06/09/17;46.03;46.405;45.815;46.18;2581241
FR0000130809;07/09/17;46.21;46.72;45.85;45.90;3433954
FR0000130809;08/09/17;45.75;46.595;45.55;46.32;3586229
FR0000130809;11/09/17;46.695;47.38;46.695;47.335;3131776
FR0000130809;12/09/17;47.765;48.67;47.655;48.58;3936698
FR0000130809;13/09/17;48.60;48.955;48.37;48.52;2848660
FR0000130809;14/09/17;48.30;48.945;48.15;48.745;3225409
FR0000130809;15/09/17;48.63;48.77;48.03;48.265;6591930
FR0000130809;18/09/17;48.57;48.79;48.195;48.505;2374180
FR0000130809;19/09/17;48.515;48.625;47.88;47.925;3178424
FR0000130809;20/09/17;47.945;48.185;47.32;47.735;2636313
FR0000130809;21/09/17;48.01;49.02;47.995;48.765;3987263
FR0000130809;22/09/17;48.685;49.26;48.605;48.905;2713906
FR0000130809;25/09/17;48.745;48.83;48.01;48.14;2627110
FR0000130809;26/09/17;48.155;48.425;47.795;47.96;2271002
FR0000130809;27/09/17;48.15;49.245;48.075;48.705;3499089
FR0000130809;28/09/17;49.05;49.58;48.63;48.885;2926775
FR0000130809;29/09/17;48.865;49.63;48.65;49.535;3690552
FR0000131104;01/09/17;64.48;64.65;63.84;64.35;2106272
FR0000131104;04/09/17;63.81;64.14;63.72;63.88;1499093
FR0000131104;05/09/17;64.09;64.23;62.53;62.68;2715400
FR0000131104;06/09/17;62.41;62.86;62.21;62.59;2212165
FR0000131104;07/09/17;62.95;63.60;62.13;62.52;3158751
FR0000131104;08/09/17;62.20;63.47;62.12;62.99;2872797
FR0000131104;11/09/17;63.58;64.30;63.53;64.30;2647173
FR0000131104;12/09/17;64.70;66.38;64.56;65.84;3882152
FR0000131104;13/09/17;65.95;66.64;65.74;66.40;3216036
FR0000131104;14/09/17;66.16;66.98;65.98;66.54;2823918
FR0000131104;15/09/17;66.19;66.56;65.58;65.99;9212604
FR0000131104;18/09/17;66.28;66.51;65.96;66.21;2539642
FR0000131104;19/09/17;66.41;66.54;65.81;66.17;2032434
FR0000131104;20/09/17;66.03;66.46;65.39;66.05;2403506
FR0000131104;21/09/17;66.61;67.48;66.49;66.72;2850831
FR0000131104;22/09/17;66.50;67.49;66.48;67.30;2750855
FR0000131104;25/09/17;67.10;67.41;66.17;66.33;3021049
FR0000131104;26/09/17;66.09;66.66;65.87;66.15;2436479
FR0000131104;27/09/17;66.38;67.86;66.35;67.45;3554729
FR0000131104;28/09/17;67.71;68.49;67.26;67.67;2878645
FR0000131104;29/09/17;67.66;68.25;67.34;68.25;3748603
FR0000131906;01/09/17;74.61;75.29;74.12;74.64;1007712
FR0000131906;04/09/17;74.34;75.48;74.23;74.96;730259
FR0000131906;05/09/17;75.15;76.12;74.85;74.90;789323
FR0000131906;06/09/17;75.21;77.78;74.98;77.15;1590254
FR0000131906;07/09/17;77.68;78.23;77.05;77.48;976581
FR0000131906;08/09/17;77.45;78.05;76.43;77.12;861364
FR0000131906;11/09/17;77.50;77.69;76.71;77.20;696478
FR0000131906;12/09/17;77.49;79.08;77.12;78.60;968897
FR0000131906;13/09/17;78.50;78.92;78.31;78.53;537983
FR0000131906;14/09/17;78.61;79.23;78.54;79.12;640416
FR0000131906;15/09/17;79.60;80.32;79.10;80.25;1497274
FR0000131906;18/09/17;80.40;81.12;80.30;80.71;717074
FR0000131906;19/09/17;80.79;81.46;80.65;81.28;632584
FR0000131906;20/09/17;81.11;81.97;80.99;81.46;607834
FR0000131906;21/09/17;81.68;82.68;81.68;82.19;817356
FR0000131906;22/09/17;82.13;82.21;81.34;81.51;931784
FR0000131906;25/09/17;81.40;81.83;81.10;81.34;657382
FR0000131906;26/09/17;81.33;82.45;81.33;82.26;934605
FR0000131906;27/09/17;82.31;82.79;81.90;82.08;815594
FR0000131906;28/09/17;82.20;82.43;81.31;82.11;658560
FR0000131906;29/09/17;82.20;83.11;81.18;83.11;966267
FR0000133308;01/09/17;14.275;14.345;14.22;14.255;4868694
FR0000133308;04/09/17;14.185;14.275;14.165;14.235;3172377
FR0000133308;05/09/17;14.05;14.14;13.90;13.95;9666947
FR0000133308;06/09/17;13.90;13.965;13.81;13.89;4321721
FR0000133308;07/09/17;13.91;13.94;13.78;13.93;6564966
FR0000133308;08/09/17;13.90;13.925;13.79;13.81;5225303
FR0000133308;11/09/17;13.885;13.965;13.85;13.95;5711831
FR0000133308;12/09/17;13.95;13.985;13.87;13.94;5842469
FR0000133308;13/09/17;13.96;13.985;13.855;13.975;6174694
FR0000133308;14/09/17;13.975;13.99;13.89;13.92;4574217
FR0000133308;15/09/17;13.935;13.98;13.825;13.895;12462330
FR0000133308;18/09/17;13.97;14.05;13.925;14.01;5363502
FR0000133308;19/09/17;14.02;14.105;13.93;14.085;5911331
FR0000133308;20/09/17;14.12;14.22;14.085;14.085;6404643
FR0000133308;21/09/17;14.08;14.10;13.68;13.77;12860497
FR0000133308;22/09/17;13.77;13.87;13.71;13.78;6748170
FR0000133308;25/09/17;13.75;13.86;13.725;13.825;5070561
FR0000133308;26/09/17;13.85;13.94;13.79;13.84;5290359
FR0000133308;27/09/17;13.875;13.895;13.82;13.89;6792789
FR0000133308;28/09/17;13.875;13.88;13.78;13.82;6273381
FR0000133308;29/09/17;13.845;13.90;13.78;13.86;7677738
FR0010208488;01/09/17;14.045;14.145;14.02;14.10;4257387
FR0010208488;04/09/17;14.02;14.11;13.965;14.05;2446664
FR0010208488;05/09/17;14.045;14.11;13.94;13.975;4270795
FR0010208488;06/09/17;13.81;14.475;13.78;14.41;15597997
FR0010208488;07/09/17;14.48;14.87;14.465;14.795;11363981
FR0010208488;08/09/17;14.805;14.86;14.67;14.75;13647433
FR0010208488;11/09/17;14.80;15.015;14.785;14.925;6274532
FR0010208488;12/09/17;15.03;15.03;14.805;14.825;5129404
FR0010208488;13/09/17;14.78;14.88;14.515;14.61;9745331
FR0010208488;14/09/17;14.52;14.545;14.37;14.48;6114545
FR0010208488;15/09/17;14.495;14.54;14.35;14.40;13220453
FR0010208488;18/09/17;14.435;14.50;14.22;14.275;5232855
FR0010208488;19/09/17;14.28;14.365;14.235;14.335;4372812
FR0010208488;20/09/17;14.35;14.545;14.275;14.44;5380969
FR0010208488;21/09/17;14.46;14.47;14.24;14.285;5296697
FR0010208488;22/09/17;14.305;14.42;14.285;14.39;3416360
FR0010208488;25/09/17;14.355;14.435;14.265;14.40;3572827
FR0010208488;26/09/17;14.39;14.455;14.315;14.32;4076588
FR0010208488;27/09/17;14.38;14.39;14.24;14.25;5121714
FR0010208488;28/09/17;14.29;14.34;14.155;14.24;3880539
FR0010208488;29/09/17;14.225;14.37;14.225;14.37;6241863
FR0010307819;01/09/17;58.90;59.10;58.52;58.54;696653
FR0010307819;04/09/17;58.16;58.53;58.12;58.53;537323
FR0010307819;05/09/17;58.44;58.92;58.22;58.26;696416
FR0010307819;06/09/17;58.17;58.44;57.75;58.21;688101
FR0010307819;07/09/17;58.52;58.73;58.26;58.51;527641
FR0010307819;08/09/17;58.44;58.53;57.99;58.29;530320
FR0010307819;11/09/17;58.66;59.21;58.59;59.13;646020
FR0010307819;12/09/17;59.33;59.69;59.17;59.26;549583
FR0010307819;13/09/17;59.10;59.66;59.08;59.51;488773
FR0010307819;14/09/17;59.49;59.73;59.14;59.30;636348
FR0010307819;15/09/17;59.24;59.68;59.03;59.13;769115
FR0010307819;18/09/17;59.49;60.18;59.39;60.17;636884
FR0010307819;19/09/17;60.17;60.19;59.90;59.94;334335
FR0010307819;20/09/17;59.92;60.11;59.78;59.78;315360
FR0010307819;21/09/17;59.87;60.19;59.74;59.93;354473
FR0010307819;22/09/17;59.85;60.00;59.51;59.84;418491
FR0010307819;25/09/17;59.94;60.04;59.47;59.48;506295
FR0010307819;26/09/17;59.63;60.15;59.35;60.01;451899
FR0010307819;27/09/17;60.19;60.48;59.99;60.30;451306
FR0010307819;28/09/17;60.23;61.05;60.23;61.05;525928
FR0010307819;29/09/17;61.09;61.25;60.59;61.08;505655
FR0013176526;01/09/17;56.45;57.25;56.40;56.98;1008818
FR0013176526;04/09/17;56.92;57.70;56.87;57.25;770928
FR0013176526;05/09/17;57.22;58.19;57.11;57.49;643305
FR0013176526;06/09/17;57.35;58.04;57.20;57.73;752064
FR0013176526;07/09/17;58.15;59.14;58.06;58.77;1032131
FR0013176526;08/09/17;58.47;59.39;58.47;59.07;901010
FR0013176526;11/09/17;59.49;59.58;58.99;59.35;670063
FR0013176526;12/09/17;59.60;60.00;59.20;60.00;881010
FR0013176526;13/09/17;60.00;60.48;59.55;59.65;771946
FR0013176526;14/09/17;59.62;61.41;59.56;61.41;1248860
FR0013176526;15/09/17;61.35;61.87;61.25;61.87;1227539
FR0013176526;18/09/17;62.00;62.46;61.43;61.54;606506
FR0013176526;19/09/17;61.54;61.98;61.23;61.50;753469
FR0013176526;20/09/17;61.21;61.69;60.55;60.56;849675
FR0013176526;21/09/17;60.71;61.92;60.57;61.84;690953
FR0013176526;22/09/17;61.73;62.62;61.66;62.62;785537
FR0013176526;25/09/17;62.62;62.72;62.20;62.33;526564
FR0013176526;26/09/17;62.42;63.13;62.42;62.91;599574
FR0013176526;27/09/17;62.77;62.87;61.97;62.14;609441
FR0013176526;28/09/17;62.44;62.48;61.84;62.02;639799
FR0013176526;29/09/17;62.28;62.78;61.52;62.78;751890
GB00BDSFG982;01/09/17;21.70;22.11;21.68;22.065;1252584
GB00BDSFG982;04/09/17;21.875;22.00;21.68;21.95;1078608
GB00BDSFG982;05/09/17;21.875;22.425;21.875;22.30;1751569
GB00BDSFG982;06/09/17;22.14;22.475;22.135;22.46;1322015
GB00BDSFG982;07/09/17;22.05;22.225;21.715;21.99;1679937
GB00BDSFG982;08/09/17;21.965;22.015;21.47;21.54;1217826
GB00BDSFG982;11/09/17;21.29;21.63;21.29;21.555;1260676
GB00BDSFG982;12/09/17;21.56;21.79;21.465;21.71;1129316
GB00BDSFG982;13/09/17;21.74;21.975;21.565;21.92;1829794
GB00BDSFG982;14/09/17;22.06;22.695;22.015;22.635;2467863
GB00BDSFG982;15/09/17;22.40;22.67;22.195;22.40;2063413
GB00BDSFG982;18/09/17;22.565;22.855;22.44;22.575;954862
GB00BDSFG982;19/09/17;22.75;22.975;22.57;22.915;1083697
GB00BDSFG982;20/09/17;23.00;23.18;22.83;22.87;1397258
GB00BDSFG982;21/09/17;23.16;23.30;22.745;22.765;1410109
GB00BDSFG982;22/09/17;22.685;22.735;22.505;22.575;1006864
GB00BDSFG982;25/09/17;22.505;22.78;22.255;22.69;1483825
GB00BDSFG982;26/09/17;22.97;23.195;22.62;22.87;1783264
GB00BDSFG982;27/09/17;22.80;23.00;22.79;22.955;1015095
GB00BDSFG982;28/09/17;23.35;24.17;23.245;23.80;2117094
GB00BDSFG982;29/09/17;23.635;23.77;23.20;23.415;1556529
LU1598757687;01/09/17;22.71;23.055;22.665;23.00;6745269
LU1598757687;04/09/17;22.76;22.975;22.69;22.80;3359386
LU1598757687;05/09/17;22.85;22.98;22.48;22.51;5043638
LU1598757687;06/09/17;22.35;22.67;22.275;22.455;4275901
LU1598757687;07/09/17;22.565;22.59;22.33;22.46;5693099
LU1598757687;08/09/17;22.315;22.755;22.175;22.28;6981912
LU1598757687;11/09/17;22.565;22.81;22.48;22.81;5872121
LU1598757687;12/09/17;22.88;23.08;22.765;22.96;6532357
LU1598757687;13/09/17;22.84;23.05;22.815;22.92;5013216
LU1598757687;14/09/17;22.75;22.795;22.50;22.63;6227136
LU1598757687;15/09/17;22.535;22.645;22.335;22.45;8006267
LU1598757687;18/09/17;22.61;22.76;22.47;22.72;4755021
LU1598757687;19/09/17;22.60;22.64;22.245;22.35;6018583
LU1598757687;20/09/17;22.50;22.72;22.465;22.70;5288791
LU1598757687;21/09/17;22.425;22.505;21.90;21.985;9022763
LU1598757687;22/09/17;21.55;21.73;21.13;21.655;9317671
LU1598757687;25/09/17;21.42;21.535;21.00;21.055;6727510
LU1598757687;26/09/17;21.00;21.455;20.98;21.255;5638616
LU1598757687;27/09/17;21.37;21.445;21.255;21.295;4954100
LU1598757687;28/09/17;21.35;21.62;21.235;21.51;6080232
LU1598757687;29/09/17;21.68;21.825;21.575;21.825;4899445
NL0000226223;01/09/17;14.69;14.865;14.675;14.735;1781267
NL0000226223;04/09/17;14.58;15.015;14.545;14.915;1532237
NL0000226223;05/09/17;14.945;15.17;14.855;15.015;1917268
NL0000226223;06/09/17;14.935;15.10;14.755;15.08;2051392
NL0000226223;07/09/17;15.165;15.475;15.125;15.47;3292476
NL0000226223;08/09/17;15.53;15.88;15.49;15.57;6686697
NL0000226223;11/09/17;15.695;15.875;15.55;15.775;2639604
NL0000226223;12/09/17;15.93;16.11;15.69;15.73;3370169
NL0000226223;13/09/17;15.58;15.78;15.45;15.755;4167948
NL0000226223;14/09/17;15.725;16.08;15.615;16.08;4492544
NL0000226223;15/09/17;16.05;16.175;15.925;16.07;17138626
NL0000226223;18/09/17;16.075;16.435;16.05;16.435;2794238
NL0000226223;19/09/17;16.375;16.58;16.285;16.58;3613971
NL0000226223;20/09/17;16.565;16.61;16.225;16.27;2953095
NL0000226223;21/09/17;16.41;16.45;16.18;16.32;2946300
NL0000226223;22/09/17;16.25;16.515;16.225;16.37;2766170
NL0000226223;25/09/17;16.335;16.335;15.665;15.745;3473714
NL0000226223;26/09/17;15.67;15.92;15.50;15.785;3010552
NL0000226223;27/09/17;15.915;16.185;15.895;16.185;2766221
NL0000226223;28/09/17;16.30;16.37;16.13;16.22;2315872
NL0000226223;29/09/17;16.25;16.375;16.18;16.37;2554726
NL0000235190;01/09/17;72.08;72.80;71.24;71.30;1721058
NL0000235190;04/09/17;70.70;71.36;70.57;71.09;532563
NL0000235190;05/09/17;71.18;71.65;70.97;71.24;845190
NL0000235190;06/09/17;70.82;71.49;70.46;71.41;1181595
NL0000235190;07/09/17;71.51;71.87;70.32;70.43;1968192
NL0000235190;08/09/17;70.17;70.51;69.52;70.50;1252913
NL0000235190;11/09/17;70.90;71.63;70.74;70.82;1315227
NL0000235190;12/09/17;70.95;71.32;70.55;70.67;1325716
NL0000235190;13/09/17;70.55;71.00;70.35;70.95;1529955
NL0000235190;14/09/17;70.68;71.30;70.65;71.08;1344735
NL0000235190;15/09/17;70.87;72.00;70.86;72.00;5935680
NL0000235190;18/09/17;72.39;73.73;72.14;73.60;1712269
NL0000235190;19/09/17;73.50;74.09;73.14;74.00;1900806
NL0000235190;20/09/17;73.50;74.59;73.44;74.59;1528932
NL0000235190;21/09/17;75.00;77.98;75.00;77.56;2946892
NL0000235190;22/09/17;76.87;77.96;76.20;77.34;2421931
NL0000235190;25/09/17;77.50;78.85;77.48;77.84;1800310
NL0000235190;26/09/17;77.50;78.78;76.89;78.78;1960532
NL0000235190;27/09/17;78.70;80.37;78.64;80.37;2202550
NL0000235190;28/09/17;80.45;80.68;79.81;80.00;1722169
NL0000235190;29/09/17;79.95;80.41;79.58;80.41;2099116
