FR0000045072;26/09/19;11.01;11.215;10.97;11.07;4549566
FR0000051732;26/09/19;64.80;65.52;64.26;64.62;374817
FR0000052292;26/09/19;622.40;632.80;618.20;630.00;49564
FR0000073272;26/09/19;142.10;144.50;142.00;143.55;635725
FR0000120073;26/09/19;128.80;130.15;128.70;129.65;538298
FR0000120172;26/09/19;15.96;16.21;15.96;16.115;1547383
FR0000120271;26/09/19;46.945;47.60;46.90;47.38;3982105
FR0000120321;26/09/19;245.60;251.90;244.80;251.10;415576
FR0000120404;26/09/19;38.49;39.00;38.31;38.37;523843
FR0000120503;26/09/19;34.67;35.27;34.48;35.14;1077554
FR0000120578;26/09/19;84.50;85.90;84.47;85.25;2652142
FR0000120628;26/09/19;22.875;23.26;22.80;23.055;5878356
FR0000120644;26/09/19;78.60;80.04;78.08;79.88;1003827
FR0000120693;26/09/19;162.65;163.45;161.50;162.85;460139
FR0000121014;26/09/19;358.40;364.90;356.30;360.90;449539
FR0000121220;26/09/19;99.38;101.40;99.28;101.40;309128
FR0000121261;26/09/19;100.05;101.60;99.62;100.35;337104
FR0000121329;26/09/19;104.30;105.05;104.00;104.70;253188
FR0000121485;26/09/19;457.95;471.15;456.55;463.95;174671
FR0000121501;26/09/19;22.58;23.08;22.41;22.71;2121420
FR0000121667;26/09/19;128.85;131.05;128.55;130.80;494554
FR0000121972;26/09/19;77.52;79.10;77.50;78.66;1210884
FR0000124141;26/09/19;22.60;22.98;22.54;22.98;1360753
FR0000125007;26/09/19;34.10;34.575;34.10;34.38;870609
FR0000125338;26/09/19;105.70;108.05;105.35;108.05;619960
FR0000125486;26/09/19;97.20;97.74;96.90;97.42;1007517
FR0000127771;26/09/19;24.75;25.05;24.75;24.94;2462464
FR0000130577;26/09/19;44.64;45.58;44.51;45.05;709389
FR0000130650;26/09/19;126.80;131.95;125.95;130.95;516887
FR0000130809;26/09/19;24.80;25.00;24.535;24.93;4041468
FR0000131104;26/09/19;43.225;43.875;43.11;43.845;3078495
FR0000131906;26/09/19;53.81;53.87;52.54;52.93;1351053
FR0000133308;26/09/19;14.14;14.31;14.12;14.295;5424689
FR0010208488;26/09/19;14.525;14.795;14.505;14.77;6528926
FR0010307819;26/09/19;64.00;64.62;63.90;64.30;546218
FR0013326246;26/09/19;130.25;132.40;129.25;131.80;473725
GB00BDSFG982;26/09/19;22.16;22.31;21.80;22.02;1193324
LU1598757687;26/09/19;13.148;13.276;12.65;12.668;8773486
NL0000226223;26/09/19;17.565;17.835;17.51;17.53;1862730
NL0000235190;26/09/19;120.44;121.46;119.06;119.54;1048743
