FR0000045072;01/08/19;10.90;11.08;10.79;10.87;5846812
FR0000045072;02/08/19;10.545;10.545;10.225;10.34;11619693
FR0000045072;05/08/19;10.175;10.34;10.095;10.26;6675471
FR0000045072;06/08/19;10.24;10.34;10.155;10.215;4798303
FR0000045072;07/08/19;10.25;10.315;10.04;10.11;8051333
FR0000045072;08/08/19;10.20;10.355;10.065;10.33;6300795
FR0000045072;09/08/19;10.20;10.295;10.125;10.175;5606336
FR0000045072;12/08/19;10.25;10.28;9.99;9.99;5695025
FR0000045072;13/08/19;9.95;10.23;9.89;10.13;8885996
FR0000045072;14/08/19;10.105;10.135;9.906;9.932;7889426
FR0000045072;15/08/19;9.958;10.04;9.762;9.91;5666116
FR0000045072;16/08/19;9.946;10.24;9.68;10.23;13631138
FR0000045072;19/08/19;10.30;10.395;10.22;10.28;6600281
FR0000045072;20/08/19;10.21;10.275;10.095;10.13;5148111
FR0000045072;21/08/19;10.17;10.28;10.125;10.17;3709046
FR0000045072;22/08/19;10.115;10.365;10.115;10.255;4429060
FR0000045072;23/08/19;10.34;10.385;10.085;10.085;5139085
FR0000045072;26/08/19;10.035;10.195;10.005;10.14;2782969
FR0000045072;27/08/19;10.14;10.22;10.045;10.08;3669328
FR0000045072;28/08/19;10.085;10.105;9.99;10.10;2904728
FR0000045072;29/08/19;10.115;10.35;10.10;10.27;3970634
FR0000045072;30/08/19;10.30;10.495;10.275;10.39;4852556
FR0000051732;01/08/19;72.34;74.00;72.30;74.00;297718
FR0000051732;02/08/19;72.00;72.00;70.24;70.24;547644
FR0000051732;05/08/19;70.00;70.00;68.14;68.56;581805
FR0000051732;06/08/19;68.30;68.98;67.94;67.98;581937
FR0000051732;07/08/19;68.48;70.04;68.12;68.66;472369
FR0000051732;08/08/19;70.28;70.30;68.72;69.84;372129
FR0000051732;09/08/19;69.56;69.92;68.72;68.72;290547
FR0000051732;12/08/19;69.14;70.04;68.20;68.20;242350
FR0000051732;13/08/19;68.00;69.30;67.26;68.38;400857
FR0000051732;14/08/19;68.66;68.66;65.96;66.14;434138
FR0000051732;15/08/19;66.38;66.70;64.48;65.30;505134
FR0000051732;16/08/19;65.76;66.10;65.08;65.98;560840
FR0000051732;19/08/19;66.70;67.34;66.52;67.34;374988
FR0000051732;20/08/19;67.28;68.32;67.02;67.26;400655
FR0000051732;21/08/19;67.28;69.50;67.20;69.50;312096
FR0000051732;22/08/19;69.32;69.32;68.10;68.14;296596
FR0000051732;23/08/19;68.52;69.12;67.06;67.06;329429
FR0000051732;26/08/19;66.90;67.66;66.34;67.32;221299
FR0000051732;27/08/19;67.48;67.92;66.76;67.38;426366
FR0000051732;28/08/19;67.44;67.44;66.04;66.74;299210
FR0000051732;29/08/19;66.72;67.92;66.40;67.82;302539
FR0000051732;30/08/19;67.80;69.12;67.80;68.88;359293
FR0000052292;01/08/19;634.40;645.40;633.80;644.60;43374
FR0000052292;02/08/19;633.60;637.40;621.80;622.00;91559
FR0000052292;05/08/19;615.00;616.20;602.20;603.20;100294
FR0000052292;06/08/19;602.60;608.60;600.00;600.80;78312
FR0000052292;07/08/19;606.00;615.60;602.00;611.20;59981
FR0000052292;08/08/19;619.40;623.80;613.60;623.80;56227
FR0000052292;09/08/19;621.60;627.60;618.20;618.20;53292
FR0000052292;12/08/19;622.20;627.80;611.60;615.40;45445
FR0000052292;13/08/19;612.20;621.20;605.60;615.80;83853
FR0000052292;14/08/19;618.00;618.40;600.00;602.80;54582
FR0000052292;15/08/19;608.00;611.40;597.80;605.60;83882
FR0000052292;16/08/19;604.60;609.40;603.40;605.80;53079
FR0000052292;19/08/19;612.80;613.80;607.60;613.20;59184
FR0000052292;20/08/19;612.80;618.60;609.20;610.60;50820
FR0000052292;21/08/19;614.20;628.40;613.20;628.40;35557
FR0000052292;22/08/19;627.80;627.80;617.20;618.00;47131
FR0000052292;23/08/19;622.00;622.00;612.40;613.80;33360
FR0000052292;26/08/19;610.00;613.80;600.80;609.00;30139
FR0000052292;27/08/19;609.40;618.00;606.40;618.00;52533
FR0000052292;28/08/19;615.00;616.00;607.00;614.40;30445
FR0000052292;29/08/19;612.80;617.40;610.00;613.20;52706
FR0000052292;30/08/19;614.20;623.20;613.40;621.00;43724
FR0000073272;01/08/19;129.00;131.20;128.55;130.55;686289
FR0000073272;02/08/19;128.00;129.35;125.70;126.65;1334792
FR0000073272;05/08/19;125.45;125.55;123.15;123.65;1071500
FR0000073272;06/08/19;123.20;123.95;121.65;121.65;953614
FR0000073272;07/08/19;122.20;124.45;121.75;122.90;829972
FR0000073272;08/08/19;124.60;127.55;124.15;127.55;895888
FR0000073272;09/08/19;127.55;127.95;126.30;126.65;679376
FR0000073272;12/08/19;127.70;128.75;126.15;127.15;588452
FR0000073272;13/08/19;126.85;129.05;125.30;127.90;829486
FR0000073272;14/08/19;127.90;127.95;123.75;124.00;900057
FR0000073272;15/08/19;124.55;126.15;122.30;125.30;918063
FR0000073272;16/08/19;126.20;126.55;125.10;126.30;696931
FR0000073272;19/08/19;127.50;128.10;126.30;126.95;523665
FR0000073272;20/08/19;126.85;127.85;125.75;126.50;509853
FR0000073272;21/08/19;127.10;130.40;127.10;130.10;678196
FR0000073272;22/08/19;129.45;130.00;128.05;128.40;665771
FR0000073272;23/08/19;129.65;132.65;129.00;129.20;1065067
FR0000073272;26/08/19;128.75;129.20;127.40;128.00;566801
FR0000073272;27/08/19;128.65;129.05;126.70;128.25;763584
FR0000073272;28/08/19;127.95;128.05;125.45;127.00;491011
FR0000073272;29/08/19;126.80;131.00;126.80;131.00;644132
FR0000073272;30/08/19;131.65;132.45;131.40;132.15;617437
FR0000120073;01/08/19;124.40;126.25;124.10;126.25;828990
FR0000120073;02/08/19;123.75;124.35;121.20;121.35;1587476
FR0000120073;05/08/19;120.90;122.00;120.15;120.75;1311119
FR0000120073;06/08/19;121.60;122.95;120.50;120.50;1105024
FR0000120073;07/08/19;121.30;122.40;120.50;121.10;943095
FR0000120073;08/08/19;123.00;124.40;121.55;124.40;987861
FR0000120073;09/08/19;123.80;124.30;122.35;122.50;707029
FR0000120073;12/08/19;123.10;124.35;122.45;123.35;541495
FR0000120073;13/08/19;123.10;125.55;122.20;125.00;982582
FR0000120073;14/08/19;125.00;125.05;121.10;121.50;893176
FR0000120073;15/08/19;122.20;122.70;119.85;121.50;861320
FR0000120073;16/08/19;122.00;123.45;121.75;123.20;804776
FR0000120073;19/08/19;123.80;123.85;122.65;123.45;525069
FR0000120073;20/08/19;123.50;124.20;122.35;122.70;540210
FR0000120073;21/08/19;123.45;124.95;123.40;124.95;530241
FR0000120073;22/08/19;124.75;125.45;123.70;124.20;590900
FR0000120073;23/08/19;124.95;124.95;122.25;122.25;781031
FR0000120073;26/08/19;122.20;123.80;122.00;123.70;490284
FR0000120073;27/08/19;123.10;124.15;122.50;123.70;602197
FR0000120073;28/08/19;123.55;123.85;122.40;123.80;567498
FR0000120073;29/08/19;123.80;126.15;123.50;126.15;688665
FR0000120073;30/08/19;126.20;126.95;125.85;126.65;671763
FR0000120172;01/08/19;17.375;17.47;17.29;17.35;1524611
FR0000120172;02/08/19;17.17;17.17;16.875;17.055;3308997
FR0000120172;05/08/19;16.63;16.655;16.32;16.37;4282727
FR0000120172;06/08/19;16.335;16.335;16.04;16.115;3064424
FR0000120172;07/08/19;16.065;16.085;15.80;15.93;3177371
FR0000120172;08/08/19;16.07;16.085;15.82;15.945;2679446
FR0000120172;09/08/19;15.89;16.00;15.675;15.73;3042214
FR0000120172;12/08/19;15.76;15.98;15.64;15.70;2339925
FR0000120172;13/08/19;15.61;15.72;15.465;15.585;2466370
FR0000120172;14/08/19;15.56;15.615;15.29;15.385;2309777
FR0000120172;15/08/19;15.415;15.47;15.08;15.14;2294114
FR0000120172;16/08/19;15.175;15.435;15.105;15.435;2879461
FR0000120172;19/08/19;15.495;15.605;15.395;15.565;1822080
FR0000120172;20/08/19;15.525;15.58;15.375;15.46;1762466
FR0000120172;21/08/19;15.45;15.64;15.415;15.62;1612881
FR0000120172;22/08/19;15.56;15.845;15.33;15.64;3577625
FR0000120172;23/08/19;15.65;15.735;15.39;15.39;1623070
FR0000120172;26/08/19;15.34;15.525;15.32;15.46;1040518
FR0000120172;27/08/19;15.515;15.57;15.30;15.395;1961126
FR0000120172;28/08/19;15.29;15.49;15.19;15.34;1955102
FR0000120172;29/08/19;15.345;15.505;15.31;15.40;1847495
FR0000120172;30/08/19;15.37;15.625;15.35;15.50;2186829
FR0000120271;01/08/19;46.73;46.93;46.27;46.55;5688453
FR0000120271;02/08/19;46.00;46.00;44.70;44.73;11045649
FR0000120271;05/08/19;44.40;44.455;43.72;44.135;9066799
FR0000120271;06/08/19;44.135;44.325;43.465;43.545;6694060
FR0000120271;07/08/19;43.765;43.88;42.65;43.18;8348785
FR0000120271;08/08/19;43.955;44.04;43.36;43.91;6662828
FR0000120271;09/08/19;44.00;44.035;43.35;43.49;4907618
FR0000120271;12/08/19;43.61;43.885;43.155;43.23;4034879
FR0000120271;13/08/19;43.38;44.69;43.27;44.22;8506077
FR0000120271;14/08/19;44.215;44.28;43.225;43.64;7469377
FR0000120271;15/08/19;43.735;43.735;42.755;43.30;7646285
FR0000120271;16/08/19;43.425;43.605;43.085;43.235;6843039
FR0000120271;19/08/19;43.785;44.27;43.515;44.15;4931989
FR0000120271;20/08/19;44.20;44.23;43.465;43.665;4630115
FR0000120271;21/08/19;43.86;44.565;43.775;44.385;4721162
FR0000120271;22/08/19;44.195;44.80;44.00;44.395;4528988
FR0000120271;23/08/19;44.39;44.39;43.515;43.58;5431169
FR0000120271;26/08/19;43.34;44.11;43.31;43.84;3233427
FR0000120271;27/08/19;43.755;44.315;43.67;43.965;5215532
FR0000120271;28/08/19;44.055;44.47;43.805;44.315;4487357
FR0000120271;29/08/19;44.215;45.155;44.045;45.00;4568919
FR0000120271;30/08/19;45.00;45.62;44.835;45.39;6369174
FR0000120321;01/08/19;239.50;245.30;239.20;245.20;474139
FR0000120321;02/08/19;240.00;243.70;237.50;237.60;796698
FR0000120321;05/08/19;236.00;237.10;230.30;230.30;784535
FR0000120321;06/08/19;229.60;231.70;228.00;228.60;739891
FR0000120321;07/08/19;229.90;233.80;229.00;233.00;596317
FR0000120321;08/08/19;235.80;238.00;235.00;238.00;747215
FR0000120321;09/08/19;238.00;238.90;232.70;232.70;539084
FR0000120321;12/08/19;234.30;235.50;231.50;234.50;484370
FR0000120321;13/08/19;233.80;234.80;229.60;233.50;580017
FR0000120321;14/08/19;234.50;234.80;229.00;230.10;573710
FR0000120321;15/08/19;230.90;231.70;226.40;230.30;561861
FR0000120321;16/08/19;231.30;233.30;230.40;233.30;580119
FR0000120321;19/08/19;234.30;238.20;233.40;237.60;617133
FR0000120321;20/08/19;236.90;239.10;235.40;236.40;480572
FR0000120321;21/08/19;237.00;241.50;237.00;241.10;398592
FR0000120321;22/08/19;241.20;241.20;237.60;239.00;436431
FR0000120321;23/08/19;239.30;241.40;236.10;236.10;395848
FR0000120321;26/08/19;236.00;239.20;233.50;238.60;365411
FR0000120321;27/08/19;238.30;244.10;236.40;244.10;656876
FR0000120321;28/08/19;243.60;247.10;242.70;246.30;712753
FR0000120321;29/08/19;245.70;250.70;245.40;249.30;611685
FR0000120321;30/08/19;248.00;251.10;246.00;248.60;664269
FR0000120404;01/08/19;40.05;40.54;39.30;40.00;879505
FR0000120404;02/08/19;39.11;39.19;37.86;38.30;1207281
FR0000120404;05/08/19;38.06;38.06;36.69;37.18;1030740
FR0000120404;06/08/19;37.05;37.47;36.71;36.99;772120
FR0000120404;07/08/19;37.35;37.76;37.13;37.38;654007
FR0000120404;08/08/19;37.97;38.15;37.48;38.15;631997
FR0000120404;09/08/19;38.43;38.43;37.69;37.99;436580
FR0000120404;12/08/19;38.28;38.85;38.10;38.35;623323
FR0000120404;13/08/19;38.26;38.81;37.58;38.50;779132
FR0000120404;14/08/19;38.65;38.67;37.19;37.32;837933
FR0000120404;15/08/19;37.71;37.97;36.62;37.20;791547
FR0000120404;16/08/19;37.28;37.92;37.25;37.88;428623
FR0000120404;19/08/19;38.20;38.57;38.03;38.57;500226
FR0000120404;20/08/19;38.35;38.60;38.33;38.50;609043
FR0000120404;21/08/19;38.60;39.27;38.57;39.05;549309
FR0000120404;22/08/19;39.01;39.17;38.52;38.69;576604
FR0000120404;23/08/19;38.86;39.22;38.23;38.23;465540
FR0000120404;26/08/19;38.03;38.71;37.82;38.55;337604
FR0000120404;27/08/19;38.60;38.61;38.05;38.51;510553
FR0000120404;28/08/19;38.31;38.52;37.93;38.27;354622
FR0000120404;29/08/19;38.44;39.02;38.27;38.80;681757
FR0000120404;30/08/19;38.78;39.37;38.70;39.26;722798
FR0000120503;01/08/19;32.35;33.02;32.30;32.92;991214
FR0000120503;02/08/19;32.24;32.55;31.86;32.35;1084931
FR0000120503;05/08/19;32.09;32.09;31.28;31.39;1131397
FR0000120503;06/08/19;31.30;32.05;31.12;31.82;1175003
FR0000120503;07/08/19;32.00;32.10;31.53;31.75;858818
FR0000120503;08/08/19;32.01;32.29;31.71;32.29;724881
FR0000120503;09/08/19;32.12;32.31;31.97;32.00;538191
FR0000120503;12/08/19;32.20;32.30;31.61;31.66;486441
FR0000120503;13/08/19;31.66;32.31;31.46;32.04;715577
FR0000120503;14/08/19;32.27;32.30;31.41;31.61;890052
FR0000120503;15/08/19;31.70;31.83;31.05;31.33;733378
FR0000120503;16/08/19;31.39;31.98;31.34;31.98;686953
FR0000120503;19/08/19;32.06;32.54;32.01;32.53;598808
FR0000120503;20/08/19;32.45;32.61;32.27;32.28;692584
FR0000120503;21/08/19;32.30;33.02;32.30;33.00;700562
FR0000120503;22/08/19;32.83;33.12;32.67;32.82;711252
FR0000120503;23/08/19;32.94;33.33;32.57;32.58;798905
FR0000120503;26/08/19;32.50;33.28;32.48;32.82;620322
FR0000120503;27/08/19;32.79;32.92;32.51;32.72;815116
FR0000120503;28/08/19;32.69;32.80;32.52;32.60;975977
FR0000120503;29/08/19;33.89;34.82;33.58;34.80;2516824
FR0000120503;30/08/19;34.70;34.89;34.51;34.55;1089315
FR0000120578;01/08/19;75.65;76.14;74.99;75.49;2015449
FR0000120578;02/08/19;75.50;75.69;74.04;74.22;3400158
FR0000120578;05/08/19;73.85;74.46;72.35;72.35;2904893
FR0000120578;06/08/19;72.00;73.46;71.74;72.24;2711079
FR0000120578;07/08/19;72.26;73.03;71.86;72.69;2257159
FR0000120578;08/08/19;73.75;74.61;73.15;74.61;2139681
FR0000120578;09/08/19;74.49;74.65;73.55;73.75;1634157
FR0000120578;12/08/19;74.40;74.74;73.57;73.82;1222622
FR0000120578;13/08/19;74.05;75.87;73.98;75.40;2448714
FR0000120578;14/08/19;76.55;77.25;75.28;75.43;3162443
FR0000120578;15/08/19;75.00;75.61;74.14;74.83;2279833
FR0000120578;16/08/19;75.12;76.28;74.85;75.99;2065004
FR0000120578;19/08/19;76.27;77.31;75.90;77.24;2329059
FR0000120578;20/08/19;76.93;77.74;76.90;77.06;2217389
FR0000120578;21/08/19;76.92;77.93;76.72;77.93;1483352
FR0000120578;22/08/19;77.90;77.91;76.99;77.02;1922119
FR0000120578;23/08/19;76.92;77.73;76.52;76.73;1823197
FR0000120578;26/08/19;76.62;77.30;76.42;76.95;1120544
FR0000120578;27/08/19;76.64;77.92;76.36;77.87;2031754
FR0000120578;28/08/19;77.41;77.85;77.08;77.48;1580576
FR0000120578;29/08/19;77.44;78.46;77.43;78.02;1867581
FR0000120578;30/08/19;78.00;78.66;77.57;78.12;2048842
FR0000120628;01/08/19;22.95;23.22;22.905;23.165;6390431
FR0000120628;02/08/19;22.635;22.695;22.175;22.30;13329835
FR0000120628;05/08/19;22.06;22.275;21.75;21.82;10146039
FR0000120628;06/08/19;21.77;21.875;21.615;21.615;7141853
FR0000120628;07/08/19;21.725;21.86;21.325;21.425;7620044
FR0000120628;08/08/19;21.69;21.86;21.53;21.86;6435272
FR0000120628;09/08/19;21.73;21.825;21.59;21.655;4855398
FR0000120628;12/08/19;21.79;21.985;21.60;21.60;4569134
FR0000120628;13/08/19;21.52;21.825;21.325;21.625;7577638
FR0000120628;14/08/19;21.665;21.79;21.14;21.305;8787873
FR0000120628;15/08/19;21.355;21.435;21.02;21.24;5829234
FR0000120628;16/08/19;21.28;21.615;21.225;21.525;6610796
FR0000120628;19/08/19;21.72;21.86;21.645;21.72;4685472
FR0000120628;20/08/19;21.615;21.775;21.405;21.485;5811848
FR0000120628;21/08/19;21.54;21.79;21.54;21.58;4460291
FR0000120628;22/08/19;21.50;21.67;21.395;21.58;5144569
FR0000120628;23/08/19;21.70;21.72;21.25;21.25;5011024
FR0000120628;26/08/19;21.155;21.435;21.15;21.295;4345287
FR0000120628;27/08/19;21.39;21.39;21.19;21.255;5425313
FR0000120628;28/08/19;21.12;21.13;20.525;20.78;11211586
FR0000120628;29/08/19;20.71;20.975;20.60;20.88;4804897
FR0000120628;30/08/19;20.93;21.155;20.815;20.87;7773316
FR0000120644;01/08/19;77.84;79.14;77.66;79.14;1436723
FR0000120644;02/08/19;78.28;78.66;77.00;77.04;2238789
FR0000120644;05/08/19;77.00;77.24;75.90;76.22;2017609
FR0000120644;06/08/19;76.06;76.88;75.74;75.94;1568563
FR0000120644;07/08/19;76.00;76.82;75.76;76.14;1410392
FR0000120644;08/08/19;76.50;77.94;76.50;77.94;1450900
FR0000120644;09/08/19;77.50;78.02;77.42;77.66;1169847
FR0000120644;12/08/19;78.00;78.50;77.54;77.78;1051548
FR0000120644;13/08/19;77.54;78.40;77.22;77.86;1458316
FR0000120644;14/08/19;78.42;79.48;78.24;78.80;2255591
FR0000120644;15/08/19;79.00;79.26;77.86;78.76;1661716
FR0000120644;16/08/19;79.02;80.48;79.00;80.10;1911343
FR0000120644;19/08/19;80.48;80.54;79.98;80.54;922235
FR0000120644;20/08/19;80.66;81.16;79.68;79.94;1303418
FR0000120644;21/08/19;79.78;80.60;79.78;80.60;1157517
FR0000120644;22/08/19;80.64;80.74;79.42;79.68;1169167
FR0000120644;23/08/19;79.98;80.02;78.86;78.86;1064946
FR0000120644;26/08/19;78.70;79.70;78.70;79.70;1059355
FR0000120644;27/08/19;79.70;80.60;79.10;80.60;1529754
FR0000120644;28/08/19;80.38;80.54;79.90;80.54;756677
FR0000120644;29/08/19;80.44;81.62;80.38;81.44;1015483
FR0000120644;30/08/19;81.40;82.00;81.32;81.46;1273319
FR0000120693;01/08/19;158.50;162.35;158.35;162.25;401260
FR0000120693;02/08/19;160.75;161.60;156.05;156.05;620742
FR0000120693;05/08/19;155.55;156.15;153.50;153.50;403605
FR0000120693;06/08/19;153.00;154.15;152.00;152.35;426615
FR0000120693;07/08/19;153.20;154.85;152.80;154.40;363300
FR0000120693;08/08/19;155.50;156.65;155.05;156.65;315531
FR0000120693;09/08/19;156.50;157.65;155.60;156.05;279601
FR0000120693;12/08/19;156.80;158.20;155.80;156.70;204981
FR0000120693;13/08/19;156.25;157.15;154.50;155.80;307320
FR0000120693;14/08/19;156.40;156.90;154.40;154.55;364676
FR0000120693;15/08/19;155.20;157.15;154.25;156.85;424107
FR0000120693;16/08/19;157.30;159.55;157.30;159.10;431564
FR0000120693;19/08/19;159.65;160.05;157.80;158.10;337928
FR0000120693;20/08/19;158.15;159.60;157.45;158.30;309973
FR0000120693;21/08/19;159.50;165.95;159.35;165.95;709100
FR0000120693;22/08/19;165.65;168.10;163.15;163.15;482994
FR0000120693;23/08/19;164.10;164.60;162.45;162.45;304804
FR0000120693;26/08/19;162.15;164.40;162.05;164.25;230334
FR0000120693;27/08/19;164.55;166.00;162.25;166.00;438165
FR0000120693;28/08/19;165.15;166.90;164.60;166.65;380491
FR0000120693;29/08/19;166.25;174.25;165.45;171.80;589963
FR0000120693;30/08/19;171.50;174.65;171.00;173.70;495254
FR0000121014;01/08/19;373.00;379.30;372.85;379.10;446812
FR0000121014;02/08/19;367.50;369.50;354.90;358.40;1580496
FR0000121014;05/08/19;349.00;352.95;341.50;343.25;1347763
FR0000121014;06/08/19;343.00;354.55;342.20;350.45;953668
FR0000121014;07/08/19;353.80;359.85;351.70;357.65;911065
FR0000121014;08/08/19;364.20;368.25;360.35;368.25;689582
FR0000121014;09/08/19;366.65;367.95;363.60;364.35;527043
FR0000121014;12/08/19;366.45;369.55;353.20;356.55;600991
FR0000121014;13/08/19;353.15;363.90;348.75;359.55;811014
FR0000121014;14/08/19;360.00;361.00;346.20;348.15;781767
FR0000121014;15/08/19;350.20;350.20;341.00;345.70;869784
FR0000121014;16/08/19;346.35;350.10;345.25;348.45;633096
FR0000121014;19/08/19;351.50;357.10;349.50;356.85;527565
FR0000121014;20/08/19;357.90;358.50;353.95;355.70;471064
FR0000121014;21/08/19;356.30;370.50;355.95;369.10;668975
FR0000121014;22/08/19;368.15;368.15;360.90;361.10;537622
FR0000121014;23/08/19;365.00;365.00;355.50;355.50;509513
FR0000121014;26/08/19;352.70;357.45;351.25;353.60;371188
FR0000121014;27/08/19;354.35;360.35;351.95;359.85;520465
FR0000121014;28/08/19;357.75;358.45;352.60;355.85;422593
FR0000121014;29/08/19;355.80;362.75;353.55;361.35;425724
FR0000121014;30/08/19;361.00;365.45;357.60;362.40;461988
FR0000121220;01/08/19;103.65;105.15;103.65;104.90;174484
FR0000121220;02/08/19;103.65;104.15;101.60;101.60;352800
FR0000121220;05/08/19;101.05;101.15;99.16;99.16;299536
FR0000121220;06/08/19;99.00;100.05;98.96;98.96;247580
FR0000121220;07/08/19;100.00;100.65;99.48;99.70;172212
FR0000121220;08/08/19;100.30;100.60;99.38;100.60;259361
FR0000121220;09/08/19;100.50;101.55;100.25;100.85;188882
FR0000121220;12/08/19;101.15;101.45;100.15;100.15;140608
FR0000121220;13/08/19;100.00;100.80;99.56;99.96;172066
FR0000121220;14/08/19;100.25;100.50;98.76;98.96;211510
FR0000121220;15/08/19;99.40;100.30;98.58;99.66;202625
FR0000121220;16/08/19;100.00;100.40;99.80;99.98;206862
FR0000121220;19/08/19;100.55;102.30;100.25;102.30;226632
FR0000121220;20/08/19;101.65;102.75;100.85;100.85;221282
FR0000121220;21/08/19;101.00;102.75;101.00;102.75;119716
FR0000121220;22/08/19;102.15;103.00;102.15;102.15;146276
FR0000121220;23/08/19;102.75;103.30;101.25;101.30;164841
FR0000121220;26/08/19;101.00;102.15;100.80;102.10;86141
FR0000121220;27/08/19;102.00;102.00;100.40;101.55;191708
FR0000121220;28/08/19;101.50;102.25;100.80;102.25;127936
FR0000121220;29/08/19;101.80;102.65;101.80;102.20;171591
FR0000121220;30/08/19;102.10;103.40;101.90;103.10;210357
FR0000121261;01/08/19;99.70;100.85;99.28;99.94;600794
FR0000121261;02/08/19;97.04;98.20;96.24;97.38;834121
FR0000121261;05/08/19;95.80;96.40;94.34;95.24;727627
FR0000121261;06/08/19;95.24;97.06;95.24;95.52;660223
FR0000121261;07/08/19;96.18;97.60;94.80;95.54;575304
FR0000121261;08/08/19;96.84;97.06;95.44;96.74;470913
FR0000121261;09/08/19;96.28;96.38;94.44;94.60;521468
FR0000121261;12/08/19;95.30;96.74;94.50;95.00;462488
FR0000121261;13/08/19;94.48;97.10;93.82;95.44;708511
FR0000121261;14/08/19;95.66;95.76;92.72;93.30;708210
FR0000121261;15/08/19;93.88;94.04;91.96;92.40;642366
FR0000121261;16/08/19;93.22;93.26;92.16;92.84;577540
FR0000121261;19/08/19;93.30;93.98;93.12;93.50;482664
FR0000121261;20/08/19;93.70;94.06;91.98;91.98;421837
FR0000121261;21/08/19;92.10;93.60;91.68;92.86;380814
FR0000121261;22/08/19;92.60;94.40;92.16;93.20;520439
FR0000121261;23/08/19;93.26;93.84;91.58;91.72;550304
FR0000121261;26/08/19;91.26;92.78;90.76;92.02;401633
FR0000121261;27/08/19;91.92;92.78;91.00;92.40;591729
FR0000121261;28/08/19;92.14;92.30;91.08;91.72;550694
FR0000121261;29/08/19;90.90;93.96;90.58;93.96;612399
FR0000121261;30/08/19;94.32;97.10;94.00;95.60;827473
FR0000121329;01/08/19;102.00;102.40;101.65;102.30;200640
FR0000121329;02/08/19;101.00;101.00;99.36;99.94;367293
FR0000121329;05/08/19;99.30;99.54;97.38;99.18;431329
FR0000121329;06/08/19;99.34;99.68;97.32;97.32;356485
FR0000121329;07/08/19;97.56;99.60;97.30;98.82;308951
FR0000121329;08/08/19;99.40;101.15;98.96;101.15;244456
FR0000121329;09/08/19;101.00;101.25;99.82;99.86;138723
FR0000121329;12/08/19;100.25;101.25;100.20;101.00;238761
FR0000121329;13/08/19;100.80;102.80;100.60;101.60;428726
FR0000121329;14/08/19;101.60;101.70;100.60;100.70;286343
FR0000121329;15/08/19;101.25;101.70;98.84;99.52;282111
FR0000121329;16/08/19;99.78;101.80;99.34;101.70;269135
FR0000121329;19/08/19;102.00;103.10;101.70;103.10;287469
FR0000121329;20/08/19;102.65;103.65;102.65;103.20;289881
FR0000121329;21/08/19;103.30;106.00;103.25;105.80;223290
FR0000121329;22/08/19;105.40;105.80;104.75;104.95;292985
FR0000121329;23/08/19;105.25;106.75;105.15;105.25;240801
FR0000121329;26/08/19;104.90;105.90;104.15;105.80;227261
FR0000121329;27/08/19;105.55;106.40;105.00;106.10;265373
FR0000121329;28/08/19;106.10;106.10;102.50;103.00;292697
FR0000121329;29/08/19;102.75;104.45;102.60;104.00;222014
FR0000121329;30/08/19;104.35;105.45;104.25;105.15;290152
FR0000121485;01/08/19;466.60;474.60;464.60;469.45;212751
FR0000121485;02/08/19;455.50;461.45;447.50;450.90;414422
FR0000121485;05/08/19;443.15;446.90;436.40;442.35;463228
FR0000121485;06/08/19;449.90;450.25;441.45;446.70;369467
FR0000121485;07/08/19;450.00;452.95;443.55;447.00;304921
FR0000121485;08/08/19;453.60;456.10;447.75;456.10;277466
FR0000121485;09/08/19;452.70;456.70;450.80;454.60;261404
FR0000121485;12/08/19;455.45;458.60;445.70;448.80;239559
FR0000121485;13/08/19;442.00;446.00;431.30;439.95;511442
FR0000121485;14/08/19;439.90;443.05;425.20;428.45;309249
FR0000121485;15/08/19;431.00;433.10;420.35;427.60;305204
FR0000121485;16/08/19;427.90;433.10;426.25;432.30;200528
FR0000121485;19/08/19;436.50;439.50;433.10;437.95;217371
FR0000121485;20/08/19;436.10;444.05;434.80;434.80;226383
FR0000121485;21/08/19;437.10;441.55;436.80;439.05;252940
FR0000121485;22/08/19;436.55;437.25;429.90;430.80;234115
FR0000121485;23/08/19;433.00;435.00;423.80;426.00;252276
FR0000121485;26/08/19;423.90;429.45;420.00;425.05;140509
FR0000121485;27/08/19;427.20;432.80;424.45;430.05;185840
FR0000121485;28/08/19;430.05;430.05;421.55;429.70;143804
FR0000121485;29/08/19;429.70;440.80;426.30;435.35;243817
FR0000121485;30/08/19;436.70;445.30;434.00;440.40;225915
FR0000121501;01/08/19;21.30;21.47;20.94;21.15;1660019
FR0000121501;02/08/19;20.52;20.57;20.14;20.36;2698423
FR0000121501;05/08/19;20.12;20.24;19.64;19.90;2131456
FR0000121501;06/08/19;19.935;20.15;19.795;19.955;2191491
FR0000121501;07/08/19;20.12;21.27;19.32;19.795;3695295
FR0000121501;08/08/19;20.27;20.37;19.885;20.22;2219857
FR0000121501;09/08/19;20.19;20.24;19.73;19.83;1428183
FR0000121501;12/08/19;19.96;20.13;19.765;19.885;1481532
FR0000121501;13/08/19;19.79;20.19;19.345;19.835;2208386
FR0000121501;14/08/19;19.875;19.915;19.145;19.255;1848980
FR0000121501;15/08/19;19.33;19.42;18.805;18.885;2449709
FR0000121501;16/08/19;18.98;19.03;18.81;19.005;1772058
FR0000121501;19/08/19;19.145;19.47;19.09;19.365;1641098
FR0000121501;20/08/19;19.38;19.42;19.04;19.095;1634968
FR0000121501;21/08/19;19.14;19.445;19.06;19.175;1671315
FR0000121501;22/08/19;19.095;19.485;19.085;19.235;1427478
FR0000121501;23/08/19;19.325;19.485;18.895;18.895;1579078
FR0000121501;26/08/19;18.925;19.235;18.785;19.175;1374054
FR0000121501;27/08/19;19.245;19.695;18.99;19.69;2933323
FR0000121501;28/08/19;19.57;19.74;19.405;19.615;1664669
FR0000121501;29/08/19;19.51;20.00;19.385;19.965;1585138
FR0000121501;30/08/19;20.00;20.50;19.92;20.33;2295458
FR0000121667;01/08/19;123.50;129.60;122.90;127.70;1137102
FR0000121667;02/08/19;125.65;126.20;122.80;123.15;1053227
FR0000121667;05/08/19;121.90;122.90;119.90;120.50;834595
FR0000121667;06/08/19;120.45;122.15;120.25;121.10;681367
FR0000121667;07/08/19;122.25;125.75;121.90;125.00;863381
FR0000121667;08/08/19;127.30;128.15;126.05;128.15;922704
FR0000121667;09/08/19;127.20;129.60;127.00;129.35;875392
FR0000121667;12/08/19;129.00;130.60;127.45;128.50;616748
FR0000121667;13/08/19;127.40;131.80;127.20;131.10;761318
FR0000121667;14/08/19;131.20;131.50;127.70;128.25;785328
FR0000121667;15/08/19;128.95;129.30;125.75;126.75;816480
FR0000121667;16/08/19;127.15;128.20;127.00;127.25;1016708
FR0000121667;19/08/19;127.90;129.10;127.00;128.55;550286
FR0000121667;20/08/19;128.60;129.45;128.10;129.05;686706
FR0000121667;21/08/19;129.40;132.30;129.30;131.25;618292
FR0000121667;22/08/19;131.20;131.40;130.10;130.50;545608
FR0000121667;23/08/19;131.10;132.00;129.95;130.95;754659
FR0000121667;26/08/19;131.25;133.45;131.10;131.50;736718
FR0000121667;27/08/19;133.50;133.55;130.95;132.85;823746
FR0000121667;28/08/19;132.80;133.30;131.55;133.00;545114
FR0000121667;29/08/19;131.70;135.10;131.70;134.25;487399
FR0000121667;30/08/19;134.00;135.40;133.45;134.25;637569
FR0000121972;01/08/19;77.22;78.74;77.12;78.74;1066263
FR0000121972;02/08/19;76.50;76.78;74.16;74.42;2242179
FR0000121972;05/08/19;73.52;73.54;71.70;72.74;2238116
FR0000121972;06/08/19;72.52;73.42;72.30;72.80;1651284
FR0000121972;07/08/19;73.16;74.02;72.52;72.96;1217333
FR0000121972;08/08/19;74.04;74.30;73.04;74.30;1176075
FR0000121972;09/08/19;73.88;74.10;72.44;72.94;1349813
FR0000121972;12/08/19;73.50;74.20;72.54;73.06;1125715
FR0000121972;13/08/19;72.50;74.76;71.94;74.30;1718549
FR0000121972;14/08/19;74.22;74.22;71.88;72.12;1682914
FR0000121972;15/08/19;72.64;72.96;70.78;71.50;1629189
FR0000121972;16/08/19;71.74;72.74;71.50;72.64;1093933
FR0000121972;19/08/19;73.16;73.68;72.68;73.06;914896
FR0000121972;20/08/19;72.76;73.36;72.56;72.96;1029015
FR0000121972;21/08/19;73.02;74.60;73.02;74.36;940549
FR0000121972;22/08/19;74.06;75.18;73.78;74.16;1221475
FR0000121972;23/08/19;74.64;75.14;73.30;73.30;1298230
FR0000121972;26/08/19;72.88;74.38;72.70;73.80;789045
FR0000121972;27/08/19;73.68;73.96;73.18;73.62;1081053
FR0000121972;28/08/19;73.28;73.46;72.44;73.26;739596
FR0000121972;29/08/19;73.20;74.96;72.78;74.72;958172
FR0000121972;30/08/19;74.94;76.58;74.90;76.16;1218752
FR0000124141;01/08/19;22.89;22.96;21.89;22.27;3232480
FR0000124141;02/08/19;22.06;22.49;22.04;22.21;3015823
FR0000124141;05/08/19;22.11;22.20;21.61;21.61;2336566
FR0000124141;06/08/19;21.55;21.79;21.34;21.72;2408651
FR0000124141;07/08/19;21.73;21.92;21.61;21.79;1824493
FR0000124141;08/08/19;21.90;22.08;21.81;22.08;1668129
FR0000124141;09/08/19;22.02;22.17;21.91;21.91;1197934
FR0000124141;12/08/19;22.04;22.15;21.84;21.84;1446056
FR0000124141;13/08/19;21.80;22.18;21.76;22.09;1522829
FR0000124141;14/08/19;22.05;22.12;21.48;21.61;1883552
FR0000124141;15/08/19;21.70;21.92;21.57;21.84;1897470
FR0000124141;16/08/19;21.83;22.15;21.83;21.93;1620417
FR0000124141;19/08/19;22.12;22.16;21.87;22.04;1397075
FR0000124141;20/08/19;21.94;22.04;21.64;21.69;1863465
FR0000124141;21/08/19;21.77;21.86;21.72;21.83;1013540
FR0000124141;22/08/19;21.72;21.89;21.58;21.60;1346907
FR0000124141;23/08/19;21.69;21.80;21.56;21.56;1003559
FR0000124141;26/08/19;21.51;21.62;21.47;21.55;832529
FR0000124141;27/08/19;21.38;21.67;21.30;21.56;1579673
FR0000124141;28/08/19;21.50;21.64;21.49;21.62;1262655
FR0000124141;29/08/19;21.56;21.73;21.48;21.55;1366401
FR0000124141;30/08/19;21.60;21.76;21.53;21.75;1936819
FR0000125007;01/08/19;34.75;35.145;34.615;34.88;1014560
FR0000125007;02/08/19;34.00;34.055;32.965;33.285;2497130
FR0000125007;05/08/19;33.00;33.04;32.025;32.26;2599038
FR0000125007;06/08/19;32.235;33.245;32.12;32.59;2114394
FR0000125007;07/08/19;32.78;33.22;32.445;32.685;1331237
FR0000125007;08/08/19;33.185;33.495;32.825;33.495;1428193
FR0000125007;09/08/19;33.19;33.22;32.67;32.805;1259446
FR0000125007;12/08/19;33.02;33.27;32.63;32.75;823211
FR0000125007;13/08/19;32.65;33.38;32.235;32.88;1866502
FR0000125007;14/08/19;32.98;33.00;31.75;31.91;1957838
FR0000125007;15/08/19;32.015;32.14;31.055;31.435;1837726
FR0000125007;16/08/19;31.52;31.91;31.395;31.905;942500
FR0000125007;19/08/19;32.115;32.50;32.035;32.345;1221975
FR0000125007;20/08/19;32.34;32.395;31.865;32.015;1190105
FR0000125007;21/08/19;32.06;32.545;32.045;32.13;1061902
FR0000125007;22/08/19;32.035;32.365;31.76;32.06;1694418
FR0000125007;23/08/19;32.17;32.37;31.685;31.685;1249860
FR0000125007;26/08/19;31.59;31.985;31.35;31.68;791639
FR0000125007;27/08/19;31.67;31.985;31.205;31.80;1325852
FR0000125007;28/08/19;31.735;31.735;31.12;31.36;1648211
FR0000125007;29/08/19;31.25;32.095;31.25;31.94;1252746
FR0000125007;30/08/19;32.085;32.875;32.085;32.82;2018788
FR0000125338;01/08/19;115.00;116.55;114.85;116.45;596010
FR0000125338;02/08/19;114.25;114.60;111.85;112.00;716594
FR0000125338;05/08/19;111.00;111.15;107.40;107.65;555674
FR0000125338;06/08/19;107.70;111.30;107.55;108.75;599856
FR0000125338;07/08/19;109.10;110.50;108.40;109.30;485731
FR0000125338;08/08/19;111.00;112.00;110.55;112.00;432552
FR0000125338;09/08/19;111.75;111.85;109.10;109.25;378621
FR0000125338;12/08/19;109.50;111.35;108.95;109.25;279779
FR0000125338;13/08/19;108.80;109.90;107.75;108.70;416060
FR0000125338;14/08/19;108.60;108.95;104.65;105.30;518589
FR0000125338;15/08/19;105.55;105.95;102.45;103.55;454711
FR0000125338;16/08/19;104.50;105.90;104.15;105.30;529276
FR0000125338;19/08/19;105.90;107.55;105.85;106.45;402995
FR0000125338;20/08/19;106.60;107.60;105.20;105.20;391667
FR0000125338;21/08/19;105.95;109.50;105.75;109.40;491048
FR0000125338;22/08/19;109.00;109.00;106.90;106.90;371477
FR0000125338;23/08/19;107.80;109.35;106.10;106.10;334487
FR0000125338;26/08/19;105.90;107.95;104.90;106.95;282112
FR0000125338;27/08/19;107.50;107.50;105.60;107.45;376509
FR0000125338;28/08/19;107.05;107.30;105.25;106.40;258575
FR0000125338;29/08/19;106.25;108.15;106.05;107.55;245971
FR0000125338;30/08/19;108.00;110.00;107.95;109.15;419640
FR0000125486;01/08/19;92.82;94.16;92.06;94.16;1437151
FR0000125486;02/08/19;92.56;92.58;91.14;91.28;2182421
FR0000125486;05/08/19;90.62;91.18;88.42;89.20;1933851
FR0000125486;06/08/19;89.56;91.20;89.14;90.00;1353219
FR0000125486;07/08/19;90.50;92.34;89.84;91.40;1298920
FR0000125486;08/08/19;92.56;93.88;92.02;93.88;1234950
FR0000125486;09/08/19;93.24;94.02;93.20;94.00;1157163
FR0000125486;12/08/19;94.00;94.78;93.30;94.00;898172
FR0000125486;13/08/19;93.52;95.38;93.24;94.96;1461503
FR0000125486;14/08/19;94.66;94.88;92.52;92.92;1372850
FR0000125486;15/08/19;93.38;94.02;92.08;93.48;1306734
FR0000125486;16/08/19;93.90;95.48;93.86;95.48;1315127
FR0000125486;19/08/19;95.76;97.46;95.58;97.46;1363015
FR0000125486;20/08/19;97.20;98.18;96.88;97.22;1354799
FR0000125486;21/08/19;97.20;98.52;96.82;98.52;1048898
FR0000125486;22/08/19;98.04;98.62;97.02;97.12;1183068
FR0000125486;23/08/19;97.40;97.94;95.54;95.54;1269550
FR0000125486;26/08/19;95.24;97.32;94.78;96.80;839690
FR0000125486;27/08/19;96.64;97.84;95.86;97.82;1214586
FR0000125486;28/08/19;97.30;97.62;96.14;97.18;1050031
FR0000125486;29/08/19;97.00;98.56;96.92;98.42;1264100
FR0000125486;30/08/19;98.66;99.76;98.62;99.50;1200659
FR0000127771;01/08/19;25.19;25.28;24.88;25.02;2174388
FR0000127771;02/08/19;24.82;24.83;24.10;24.16;4149868
FR0000127771;05/08/19;24.01;24.11;23.77;23.98;4025103
FR0000127771;06/08/19;26.00;26.15;24.90;24.93;7059144
FR0000127771;07/08/19;25.12;25.20;24.90;24.97;4059829
FR0000127771;08/08/19;25.34;25.37;25.03;25.37;2624004
FR0000127771;09/08/19;25.18;25.36;24.98;25.00;2210219
FR0000127771;12/08/19;25.03;25.39;25.03;25.21;1637639
FR0000127771;13/08/19;25.06;25.57;25.06;25.38;2678613
FR0000127771;14/08/19;25.35;25.41;24.97;25.06;2577973
FR0000127771;15/08/19;25.17;25.23;24.86;25.06;3032748
FR0000127771;16/08/19;25.08;25.57;25.06;25.47;3069279
FR0000127771;19/08/19;25.55;25.72;25.53;25.67;1831587
FR0000127771;20/08/19;25.71;25.84;25.41;25.52;2299403
FR0000127771;21/08/19;25.60;25.78;25.55;25.76;1537767
FR0000127771;22/08/19;25.66;25.90;25.55;25.61;2361885
FR0000127771;23/08/19;25.66;25.80;25.41;25.41;1839706
FR0000127771;26/08/19;25.48;25.49;25.23;25.33;1388897
FR0000127771;27/08/19;25.33;25.36;25.09;25.31;2170045
FR0000127771;28/08/19;25.10;25.21;24.95;25.18;1998544
FR0000127771;29/08/19;25.05;25.64;25.05;25.54;1839429
FR0000127771;30/08/19;25.57;25.61;25.38;25.43;2043180
FR0000130577;01/08/19;44.57;45.32;44.46;44.51;613254
FR0000130577;02/08/19;43.99;44.13;43.30;43.45;694556
FR0000130577;05/08/19;43.24;43.40;42.37;42.44;650987
FR0000130577;06/08/19;42.52;43.00;41.72;41.72;890722
FR0000130577;07/08/19;41.69;41.84;41.02;41.51;907682
FR0000130577;08/08/19;41.78;42.21;41.54;42.21;751087
FR0000130577;09/08/19;42.50;43.20;42.06;42.34;683729
FR0000130577;12/08/19;42.47;42.76;41.82;42.00;670338
FR0000130577;13/08/19;42.01;42.57;41.54;42.12;689283
FR0000130577;14/08/19;42.04;42.21;41.36;41.48;629890
FR0000130577;15/08/19;41.67;41.78;40.91;41.47;657390
FR0000130577;16/08/19;41.32;42.31;41.32;42.31;625984
FR0000130577;19/08/19;42.40;42.69;42.37;42.69;382882
FR0000130577;20/08/19;42.37;42.78;41.88;41.88;564261
FR0000130577;21/08/19;41.91;43.23;41.90;42.86;605133
FR0000130577;22/08/19;42.65;43.65;42.60;43.39;830304
FR0000130577;23/08/19;43.60;43.95;42.91;42.91;526882
FR0000130577;26/08/19;42.91;43.08;42.56;42.86;358745
FR0000130577;27/08/19;42.82;43.25;42.54;43.10;541424
FR0000130577;28/08/19;43.13;43.36;42.70;43.08;457981
FR0000130577;29/08/19;43.04;43.60;43.00;43.47;397088
FR0000130577;30/08/19;43.62;43.76;43.29;43.62;532661
FR0000130650;01/08/19;136.45;139.45;136.45;139.45;363327
FR0000130650;02/08/19;136.70;137.85;134.75;134.75;425286
FR0000130650;05/08/19;133.35;133.40;128.25;128.90;533338
FR0000130650;06/08/19;129.10;130.00;128.10;128.10;280434
FR0000130650;07/08/19;129.75;130.85;128.15;129.45;291079
FR0000130650;08/08/19;131.65;133.65;130.65;132.10;362504
FR0000130650;09/08/19;131.45;132.40;129.75;129.85;238043
FR0000130650;12/08/19;130.60;131.70;128.40;128.40;233117
FR0000130650;13/08/19;127.80;130.75;127.10;130.05;358542
FR0000130650;14/08/19;130.15;130.70;125.50;126.05;376887
FR0000130650;15/08/19;126.25;127.05;123.50;125.00;397055
FR0000130650;16/08/19;125.80;128.55;125.40;127.50;351106
FR0000130650;19/08/19;128.25;128.80;126.85;128.25;251684
FR0000130650;20/08/19;128.70;129.35;128.00;128.75;406998
FR0000130650;21/08/19;128.60;132.45;128.60;132.35;276618
FR0000130650;22/08/19;131.90;132.00;127.35;127.60;304616
FR0000130650;23/08/19;129.45;130.75;127.10;127.10;283325
FR0000130650;26/08/19;126.20;128.55;125.05;127.95;237144
FR0000130650;27/08/19;128.75;129.40;126.45;128.50;288130
FR0000130650;28/08/19;127.00;127.30;125.65;126.15;467059
FR0000130650;29/08/19;125.95;127.80;125.60;126.45;387103
FR0000130650;30/08/19;126.85;129.40;126.85;128.15;283177
FR0000130809;01/08/19;22.85;23.615;22.695;23.50;8499965
FR0000130809;02/08/19;23.00;23.00;22.33;22.42;7325939
FR0000130809;05/08/19;22.305;22.645;22.155;22.40;5770477
FR0000130809;06/08/19;22.55;22.685;22.305;22.305;4598208
FR0000130809;07/08/19;22.405;22.485;21.755;22.10;5143442
FR0000130809;08/08/19;22.375;22.835;21.96;22.765;5355085
FR0000130809;09/08/19;22.545;22.675;22.27;22.275;5239373
FR0000130809;12/08/19;22.415;22.595;21.79;21.79;3631339
FR0000130809;13/08/19;21.695;22.61;21.43;22.38;6441213
FR0000130809;14/08/19;22.26;22.295;21.37;21.465;6051319
FR0000130809;15/08/19;21.565;21.735;21.02;21.375;5130556
FR0000130809;16/08/19;21.335;22.105;21.015;22.07;10868421
FR0000130809;19/08/19;22.30;22.60;22.21;22.38;4996199
FR0000130809;20/08/19;22.245;22.37;21.985;22.105;2852332
FR0000130809;21/08/19;22.24;22.465;22.04;22.12;3117332
FR0000130809;22/08/19;22.015;22.875;21.975;22.58;4887108
FR0000130809;23/08/19;22.79;22.95;22.335;22.335;4809973
FR0000130809;26/08/19;22.265;22.77;22.22;22.54;2709801
FR0000130809;27/08/19;22.56;22.705;22.305;22.425;3181387
FR0000130809;28/08/19;22.40;22.485;22.165;22.405;2393631
FR0000130809;29/08/19;22.37;22.94;22.36;22.855;3604541
FR0000130809;30/08/19;22.865;23.375;22.825;23.055;4579786
FR0000131104;01/08/19;42.205;43.335;42.20;42.845;5001753
FR0000131104;02/08/19;41.62;41.76;40.775;41.15;7322716
FR0000131104;05/08/19;40.50;40.93;40.205;40.415;5035113
FR0000131104;06/08/19;40.50;40.93;40.15;40.27;3965535
FR0000131104;07/08/19;40.38;40.53;39.51;39.955;5194184
FR0000131104;08/08/19;40.605;41.065;39.97;40.745;4488858
FR0000131104;09/08/19;40.25;40.63;39.91;40.205;4683483
FR0000131104;12/08/19;40.475;40.685;39.55;39.665;3702719
FR0000131104;13/08/19;39.51;40.825;39.33;40.37;5868317
FR0000131104;14/08/19;40.02;40.10;39.065;39.32;6213252
FR0000131104;15/08/19;39.69;40.07;38.88;39.60;6567800
FR0000131104;16/08/19;39.63;40.70;39.02;40.61;11162513
FR0000131104;19/08/19;40.97;41.38;40.755;40.795;4790490
FR0000131104;20/08/19;40.575;40.825;40.20;40.53;3143537
FR0000131104;21/08/19;40.53;41.18;40.53;40.605;3217232
FR0000131104;22/08/19;40.585;41.335;40.455;40.94;4737444
FR0000131104;23/08/19;41.20;41.31;40.065;40.065;4348821
FR0000131104;26/08/19;40.17;40.825;40.11;40.55;3181793
FR0000131104;27/08/19;40.475;40.795;40.125;40.325;3523908
FR0000131104;28/08/19;40.25;40.435;39.975;40.20;2631387
FR0000131104;29/08/19;40.05;41.18;39.97;40.825;3868947
FR0000131104;30/08/19;41.015;41.44;40.79;41.035;3462891
FR0000131906;01/08/19;50.10;50.69;49.82;50.31;1089254
FR0000131906;02/08/19;49.40;49.40;48.17;49.175;1700819
FR0000131906;05/08/19;49.17;50.26;48.82;49.765;1857116
FR0000131906;06/08/19;50.57;51.66;50.40;50.61;1381814
FR0000131906;07/08/19;50.84;51.80;50.40;50.98;1314252
FR0000131906;08/08/19;51.45;51.81;51.10;51.65;1010504
FR0000131906;09/08/19;51.40;51.44;50.72;50.91;682678
FR0000131906;12/08/19;51.22;51.66;50.11;50.13;812845
FR0000131906;13/08/19;49.93;51.12;48.66;50.58;1266010
FR0000131906;14/08/19;50.46;50.48;48.51;48.74;1284356
FR0000131906;15/08/19;49.04;49.26;47.585;47.805;1184875
FR0000131906;16/08/19;47.96;48.345;47.62;48.345;1094424
FR0000131906;19/08/19;48.69;49.62;48.635;49.195;1092912
FR0000131906;20/08/19;49.025;49.515;48.615;48.75;1075242
FR0000131906;21/08/19;49.16;51.41;49.105;50.57;1331939
FR0000131906;22/08/19;50.30;51.94;50.17;51.16;1072886
FR0000131906;23/08/19;51.31;51.74;50.29;50.47;896449
FR0000131906;26/08/19;50.26;51.30;49.975;50.83;711155
FR0000131906;27/08/19;50.95;51.92;50.47;51.66;1040297
FR0000131906;28/08/19;51.53;51.84;50.94;51.53;572472
FR0000131906;29/08/19;51.26;52.15;51.06;51.81;623913
FR0000131906;30/08/19;51.39;52.72;51.20;52.16;856629
FR0000133308;01/08/19;13.395;13.61;13.38;13.52;6113714
FR0000133308;02/08/19;13.325;13.495;13.275;13.40;9906073
FR0000133308;05/08/19;13.335;13.45;13.235;13.28;7970799
FR0000133308;06/08/19;13.29;13.445;13.175;13.27;7882114
FR0000133308;07/08/19;13.255;13.44;13.225;13.285;6756344
FR0000133308;08/08/19;13.34;13.385;13.255;13.335;6703224
FR0000133308;09/08/19;13.305;13.335;13.135;13.21;5871319
FR0000133308;12/08/19;13.25;13.325;13.20;13.255;4453207
FR0000133308;13/08/19;13.235;13.565;13.22;13.46;10035293
FR0000133308;14/08/19;13.475;13.52;13.165;13.265;7559759
FR0000133308;15/08/19;13.31;13.325;13.10;13.27;7778778
FR0000133308;16/08/19;13.30;13.505;13.29;13.46;6873095
FR0000133308;19/08/19;13.50;13.635;13.47;13.595;6896859
FR0000133308;20/08/19;13.565;13.615;13.475;13.50;6046108
FR0000133308;21/08/19;13.525;13.60;13.49;13.525;5188641
FR0000133308;22/08/19;13.475;13.565;13.43;13.47;6507317
FR0000133308;23/08/19;13.49;13.555;13.39;13.40;5375286
FR0000133308;26/08/19;13.38;13.505;13.37;13.435;3590648
FR0000133308;27/08/19;13.465;13.52;13.385;13.52;5406585
FR0000133308;28/08/19;13.47;13.63;13.47;13.58;4723073
FR0000133308;29/08/19;13.59;13.865;13.59;13.715;6646670
FR0000133308;30/08/19;13.755;13.855;13.735;13.80;5879078
FR0010208488;01/08/19;13.83;13.955;13.73;13.85;5744508
FR0010208488;02/08/19;13.65;13.75;13.58;13.665;8943306
FR0010208488;05/08/19;13.57;13.645;13.35;13.35;6633862
FR0010208488;06/08/19;13.32;13.405;13.26;13.26;4901404
FR0010208488;07/08/19;13.25;13.445;13.20;13.325;5553894
FR0010208488;08/08/19;13.45;13.495;13.30;13.43;5044503
FR0010208488;09/08/19;13.31;13.375;13.235;13.28;3888677
FR0010208488;12/08/19;13.315;13.41;13.24;13.305;3168053
FR0010208488;13/08/19;13.24;13.545;13.225;13.48;5508163
FR0010208488;14/08/19;13.435;13.49;13.245;13.32;5141347
FR0010208488;15/08/19;13.36;13.41;13.145;13.33;5151888
FR0010208488;16/08/19;13.325;13.50;13.31;13.465;4758257
FR0010208488;19/08/19;13.535;13.63;13.455;13.63;4394606
FR0010208488;20/08/19;13.585;13.635;13.46;13.49;3879432
FR0010208488;21/08/19;13.55;13.58;13.45;13.55;3225320
FR0010208488;22/08/19;13.525;13.595;13.435;13.445;3990743
FR0010208488;23/08/19;13.51;13.565;13.405;13.42;4209084
FR0010208488;26/08/19;13.41;13.50;13.355;13.50;3030097
FR0010208488;27/08/19;13.555;13.66;13.455;13.66;5961961
FR0010208488;28/08/19;13.605;13.655;13.545;13.65;3804329
FR0010208488;29/08/19;13.625;13.83;13.61;13.795;4180029
FR0010208488;30/08/19;13.825;13.89;13.785;13.825;5249220
FR0010307819;01/08/19;63.60;65.62;63.60;65.50;599394
FR0010307819;02/08/19;64.72;64.74;63.40;63.50;754905
FR0010307819;05/08/19;63.20;63.26;61.76;61.94;540814
FR0010307819;06/08/19;61.70;62.16;61.42;61.50;522578
FR0010307819;07/08/19;61.70;62.48;61.36;61.84;418775
FR0010307819;08/08/19;62.50;62.70;61.90;62.70;425136
FR0010307819;09/08/19;62.64;62.86;62.14;62.38;368007
FR0010307819;12/08/19;62.50;63.12;62.06;62.26;346437
FR0010307819;13/08/19;62.20;62.86;61.44;62.36;520931
FR0010307819;14/08/19;62.38;62.50;60.76;60.88;386459
FR0010307819;15/08/19;61.36;61.50;60.06;60.64;523800
FR0010307819;16/08/19;60.64;61.48;60.54;61.36;395013
FR0010307819;19/08/19;61.54;62.36;61.52;62.22;428892
FR0010307819;20/08/19;62.10;62.56;61.86;61.90;396972
FR0010307819;21/08/19;62.10;62.96;62.08;62.82;245395
FR0010307819;22/08/19;62.70;63.10;62.56;62.66;415162
FR0010307819;23/08/19;62.60;63.32;61.98;61.98;369410
FR0010307819;26/08/19;61.90;62.76;61.58;62.52;344839
FR0010307819;27/08/19;62.40;62.68;62.00;62.60;435280
FR0010307819;28/08/19;62.50;62.54;61.78;62.26;388548
FR0010307819;29/08/19;62.40;63.54;62.36;63.52;506944
FR0010307819;30/08/19;63.60;64.38;63.60;64.22;405614
FR0013326246;01/08/19;123.50;124.20;119.65;122.50;1152994
FR0013326246;02/08/19;123.00;125.35;121.30;123.30;1045816
FR0013326246;05/08/19;122.50;125.40;122.10;123.15;716141
FR0013326246;06/08/19;123.50;124.70;122.30;122.55;711125
FR0013326246;07/08/19;123.00;124.30;122.55;123.30;516947
FR0013326246;08/08/19;124.00;125.05;122.85;124.15;471649
FR0013326246;09/08/19;123.75;124.20;122.75;123.15;451726
FR0013326246;12/08/19;123.55;124.60;122.00;122.85;451752
FR0013326246;13/08/19;123.55;124.25;122.15;122.50;599367
FR0013326246;14/08/19;122.45;123.20;120.00;120.50;666419
FR0013326246;15/08/19;120.75;120.80;119.15;119.40;696913
FR0013326246;16/08/19;119.75;120.80;118.45;120.35;656856
FR0013326246;19/08/19;121.10;122.60;120.60;122.20;748136
FR0013326246;20/08/19;122.50;123.10;121.20;121.60;592728
FR0013326246;21/08/19;121.55;124.05;121.55;123.35;432869
FR0013326246;22/08/19;122.15;123.80;121.85;122.35;606045
FR0013326246;23/08/19;123.40;123.90;121.85;122.00;583242
FR0013326246;26/08/19;122.25;123.55;121.85;122.80;338061
FR0013326246;27/08/19;123.20;124.10;122.35;123.55;604332
FR0013326246;28/08/19;123.20;123.70;122.50;123.70;554379
FR0013326246;29/08/19;123.40;124.20;121.60;122.00;717739
FR0013326246;30/08/19;120.50;122.35;116.20;119.10;2148720
GB00BDSFG982;01/08/19;25.11;25.15;24.42;24.49;1474510
GB00BDSFG982;02/08/19;23.70;24.07;23.13;23.14;2064076
GB00BDSFG982;05/08/19;22.74;22.80;22.19;22.38;1947419
GB00BDSFG982;06/08/19;22.20;22.49;21.67;21.68;2065617
GB00BDSFG982;07/08/19;21.91;22.17;21.23;21.40;2613444
GB00BDSFG982;08/08/19;22.02;22.14;21.69;22.07;1814542
GB00BDSFG982;09/08/19;22.19;22.36;21.75;21.78;1768369
GB00BDSFG982;12/08/19;21.95;21.99;21.41;21.41;974790
GB00BDSFG982;13/08/19;21.43;22.24;21.17;22.14;1830782
GB00BDSFG982;14/08/19;21.90;21.90;20.64;20.73;1887542
GB00BDSFG982;15/08/19;21.02;21.07;20.04;20.41;2384163
GB00BDSFG982;16/08/19;20.79;21.10;20.65;21.10;1672544
GB00BDSFG982;19/08/19;21.38;21.88;21.23;21.88;1358873
GB00BDSFG982;20/08/19;21.93;22.05;21.47;21.56;1191248
GB00BDSFG982;21/08/19;21.73;21.97;21.55;21.64;1300680
GB00BDSFG982;22/08/19;21.52;21.99;21.31;21.88;1029663
GB00BDSFG982;23/08/19;21.82;21.88;20.99;21.15;1633555
GB00BDSFG982;26/08/19;20.73;21.39;20.66;21.05;1155380
GB00BDSFG982;27/08/19;21.79;22.47;21.40;22.23;2664866
GB00BDSFG982;28/08/19;22.29;22.30;21.69;22.26;1607627
GB00BDSFG982;29/08/19;22.17;22.63;22.05;22.46;1396957
GB00BDSFG982;30/08/19;22.45;22.78;22.33;22.54;1281665
LU1598757687;01/08/19;14.36;14.938;13.898;14.302;7990672
LU1598757687;02/08/19;13.55;13.682;13.162;13.352;12447024
LU1598757687;05/08/19;12.986;13.00;12.592;12.76;9340812
LU1598757687;06/08/19;12.82;12.934;12.50;12.50;6511563
LU1598757687;07/08/19;12.60;12.728;12.23;12.402;6297468
LU1598757687;08/08/19;12.692;12.984;12.554;12.984;6813639
LU1598757687;09/08/19;12.924;12.98;12.042;12.042;8833652
LU1598757687;12/08/19;12.234;12.348;11.802;11.83;6665771
LU1598757687;13/08/19;11.80;12.692;11.65;12.476;9484802
LU1598757687;14/08/19;12.422;12.432;11.43;11.50;10938971
LU1598757687;15/08/19;11.546;11.668;11.20;11.442;8118546
LU1598757687;16/08/19;11.608;11.778;11.478;11.778;5910151
LU1598757687;19/08/19;11.994;12.336;11.942;12.204;7078607
LU1598757687;20/08/19;12.078;12.174;11.87;11.942;5687255
LU1598757687;21/08/19;12.046;12.324;12.04;12.14;4921708
LU1598757687;22/08/19;12.12;12.694;11.894;12.488;7025937
LU1598757687;23/08/19;12.61;12.744;12.116;12.208;7303879
LU1598757687;26/08/19;12.026;12.574;12.02;12.402;5695925
LU1598757687;27/08/19;12.402;12.594;12.268;12.412;6089580
LU1598757687;28/08/19;12.40;12.444;12.08;12.39;4794589
LU1598757687;29/08/19;12.30;12.96;12.208;12.868;8595222
LU1598757687;30/08/19;12.882;13.206;12.838;13.092;7561215
NL0000226223;01/08/19;16.475;16.92;16.195;16.92;2502041
NL0000226223;02/08/19;16.10;16.24;15.735;15.81;5618589
NL0000226223;05/08/19;15.50;15.52;15.00;15.13;4262799
NL0000226223;06/08/19;15.185;15.35;15.02;15.02;3196540
NL0000226223;07/08/19;15.18;15.42;14.965;15.09;2546326
NL0000226223;08/08/19;15.445;15.705;15.255;15.705;2617971
NL0000226223;09/08/19;15.92;15.98;15.605;15.70;3356467
NL0000226223;12/08/19;15.84;15.955;15.575;15.72;2307038
NL0000226223;13/08/19;15.615;16.325;15.39;16.19;4140742
NL0000226223;14/08/19;16.24;16.26;15.415;15.475;2951131
NL0000226223;15/08/19;15.61;15.74;15.10;15.53;2926461
NL0000226223;16/08/19;15.67;15.83;15.585;15.81;2149208
NL0000226223;19/08/19;16.00;16.32;15.86;16.285;2274881
NL0000226223;20/08/19;16.21;16.545;16.115;16.285;2407213
NL0000226223;21/08/19;16.365;16.63;16.345;16.47;1560269
NL0000226223;22/08/19;16.35;16.51;16.205;16.36;1545701
NL0000226223;23/08/19;16.495;16.515;15.60;15.60;3529834
NL0000226223;26/08/19;15.45;15.775;15.29;15.77;2359876
NL0000226223;27/08/19;15.745;15.945;15.58;15.78;2127119
NL0000226223;28/08/19;15.71;15.72;15.425;15.62;1979963
NL0000226223;29/08/19;15.575;16.12;15.54;16.12;2682738
NL0000226223;30/08/19;16.05;16.34;16.015;16.125;2328337
NL0000235190;01/08/19;128.08;129.98;127.62;129.42;1296566
NL0000235190;02/08/19;126.40;126.72;122.96;123.34;2475378
NL0000235190;05/08/19;122.72;123.20;120.00;120.70;2089151
NL0000235190;06/08/19;120.92;121.94;119.92;119.92;1618056
NL0000235190;07/08/19;120.82;123.06;120.14;122.00;1497201
NL0000235190;08/08/19;124.02;127.16;123.28;127.16;1539909
NL0000235190;09/08/19;126.60;126.60;124.50;125.12;993641
NL0000235190;12/08/19;126.00;127.38;124.86;125.20;728771
NL0000235190;13/08/19;124.16;127.12;123.28;126.58;1356044
NL0000235190;14/08/19;126.18;126.20;121.54;121.84;1330499
NL0000235190;15/08/19;122.40;123.78;120.28;122.40;1055062
NL0000235190;16/08/19;123.22;123.74;121.66;123.02;1119050
NL0000235190;19/08/19;124.26;126.54;124.10;124.78;950546
NL0000235190;20/08/19;124.20;126.80;124.00;126.20;999387
NL0000235190;21/08/19;126.50;128.30;126.24;128.00;698994
NL0000235190;22/08/19;127.84;127.84;124.26;124.42;1018327
NL0000235190;23/08/19;124.86;125.40;122.62;122.62;1109352
NL0000235190;26/08/19;122.20;123.56;121.56;122.84;619277
NL0000235190;27/08/19;122.94;123.20;121.76;122.56;797067
NL0000235190;28/08/19;122.20;122.44;120.48;121.60;645687
NL0000235190;29/08/19;121.40;125.40;121.12;125.28;973076
NL0000235190;30/08/19;125.58;126.20;125.14;125.34;899281
