FR0000045072;01/04/19;10.965;11.125;10.825;11.085;5645923
FR0000045072;02/04/19;11.07;11.21;11.025;11.165;4493898
FR0000045072;03/04/19;11.32;11.465;11.27;11.375;7690044
FR0000045072;04/04/19;11.385;11.515;11.24;11.47;4799392
FR0000045072;05/04/19;11.435;11.56;11.34;11.34;4749489
FR0000045072;08/04/19;11.32;11.375;11.25;11.315;3944378
FR0000045072;09/04/19;11.27;11.47;11.245;11.355;5017003
FR0000045072;10/04/19;11.415;11.535;11.30;11.38;5337677
FR0000045072;11/04/19;11.43;11.675;11.29;11.58;6466527
FR0000045072;12/04/19;11.595;12.075;11.44;11.94;8949518
FR0000045072;15/04/19;11.925;12.235;11.925;12.20;7622776
FR0000045072;16/04/19;12.24;12.42;12.17;12.37;8466814
FR0000045072;17/04/19;12.335;12.49;12.315;12.315;6536874
FR0000045072;18/04/19;12.28;12.48;12.12;12.47;8299743
FR0000045072;23/04/19;12.435;12.435;12.145;12.165;7292297
FR0000045072;24/04/19;12.145;12.295;11.975;12.045;5794651
FR0000045072;25/04/19;12.005;12.11;11.93;12.015;4185773
FR0000045072;26/04/19;11.995;12.245;11.94;12.125;4677671
FR0000045072;29/04/19;12.20;12.45;12.185;12.39;6353659
FR0000045072;30/04/19;12.315;12.37;12.18;12.23;4961850
FR0000051732;01/04/19;86.22;88.20;86.22;88.02;343911
FR0000051732;02/04/19;85.50;87.36;83.96;86.30;922496
FR0000051732;03/04/19;86.94;87.26;85.92;86.96;411109
FR0000051732;04/04/19;86.64;87.64;86.48;86.84;300899
FR0000051732;05/04/19;86.80;87.20;86.44;86.52;462849
FR0000051732;08/04/19;86.48;86.60;85.14;85.74;420714
FR0000051732;09/04/19;85.06;85.52;82.96;83.06;532199
FR0000051732;10/04/19;83.06;84.40;82.60;84.12;314153
FR0000051732;11/04/19;84.56;89.60;84.28;89.60;766529
FR0000051732;12/04/19;89.38;90.50;87.38;90.26;725706
FR0000051732;15/04/19;90.42;92.96;89.40;92.96;544297
FR0000051732;16/04/19;93.34;93.34;90.62;91.74;589375
FR0000051732;17/04/19;91.70;93.20;91.18;93.20;384434
FR0000051732;18/04/19;93.50;94.60;92.98;94.42;492478
FR0000051732;23/04/19;94.94;95.44;93.72;94.24;362369
FR0000051732;24/04/19;94.00;94.80;92.28;93.56;600468
FR0000051732;25/04/19;94.20;97.18;94.08;94.70;607108
FR0000051732;26/04/19;95.10;95.14;92.66;93.38;496215
FR0000051732;29/04/19;93.48;93.94;92.44;93.00;482117
FR0000051732;30/04/19;93.50;94.04;90.60;91.78;676881
FR0000052292;01/04/19;594.00;597.60;593.00;597.40;60772
FR0000052292;02/04/19;598.20;600.00;595.00;600.00;48637
FR0000052292;03/04/19;600.00;606.00;595.40;600.60;62160
FR0000052292;04/04/19;601.00;605.00;597.20;597.60;44502
FR0000052292;05/04/19;599.80;600.40;595.80;597.40;53992
FR0000052292;08/04/19;597.00;600.20;594.60;597.40;41737
FR0000052292;09/04/19;595.40;596.80;589.00;589.00;46290
FR0000052292;10/04/19;588.40;592.20;586.60;588.60;44252
FR0000052292;11/04/19;590.00;596.40;587.20;592.00;78655
FR0000052292;12/04/19;590.80;599.40;590.80;599.40;51540
FR0000052292;15/04/19;599.00;601.00;597.00;600.00;46477
FR0000052292;16/04/19;600.00;605.00;598.60;604.60;42684
FR0000052292;17/04/19;603.60;607.60;602.40;606.80;47086
FR0000052292;18/04/19;604.60;610.00;601.40;610.00;72754
FR0000052292;23/04/19;610.00;615.80;605.40;613.00;65952
FR0000052292;24/04/19;611.00;619.40;610.80;619.00;62226
FR0000052292;25/04/19;620.60;622.00;612.00;617.80;75799
FR0000052292;26/04/19;615.80;620.20;614.20;620.00;51788
FR0000052292;29/04/19;618.40;622.40;616.40;621.20;31166
FR0000052292;30/04/19;621.40;627.20;620.40;627.20;62552
FR0000073272;01/04/19;123.75;123.90;122.30;123.20;575938
FR0000073272;02/04/19;123.15;123.60;122.35;122.35;533316
FR0000073272;03/04/19;123.30;125.05;123.15;125.05;747780
FR0000073272;04/04/19;125.00;125.40;124.00;124.00;728682
FR0000073272;05/04/19;124.50;125.55;124.45;125.45;1332998
FR0000073272;08/04/19;123.75;123.75;121.95;123.00;1021102
FR0000073272;09/04/19;121.55;122.20;121.15;121.35;779580
FR0000073272;10/04/19;121.30;122.15;120.90;120.90;785612
FR0000073272;11/04/19;121.05;121.45;119.80;120.45;626486
FR0000073272;12/04/19;119.85;122.00;119.70;122.00;580208
FR0000073272;15/04/19;121.95;122.50;120.90;121.25;620908
FR0000073272;16/04/19;121.20;121.65;120.20;121.65;562903
FR0000073272;17/04/19;121.90;123.00;121.25;122.90;669147
FR0000073272;18/04/19;123.20;124.40;122.50;123.75;1290289
FR0000073272;23/04/19;123.65;125.60;123.00;125.20;722893
FR0000073272;24/04/19;125.15;126.40;124.75;125.80;529701
FR0000073272;25/04/19;126.10;126.30;124.70;125.15;658373
FR0000073272;26/04/19;127.00;129.90;126.90;129.35;1157746
FR0000073272;29/04/19;129.30;129.65;127.30;129.10;523326
FR0000073272;30/04/19;129.50;129.90;128.65;129.90;685356
FR0000120073;01/04/19;113.80;114.90;113.60;114.00;693424
FR0000120073;02/04/19;113.95;114.50;113.80;114.10;513340
FR0000120073;03/04/19;114.70;115.55;114.30;115.55;762538
FR0000120073;04/04/19;115.65;115.75;115.10;115.70;707799
FR0000120073;05/04/19;115.75;116.55;115.55;116.55;993404
FR0000120073;08/04/19;116.50;116.70;116.00;116.70;611160
FR0000120073;09/04/19;116.60;117.00;115.85;115.90;700209
FR0000120073;10/04/19;116.50;116.95;116.25;116.55;666861
FR0000120073;11/04/19;116.35;116.60;115.40;115.65;725334
FR0000120073;12/04/19;115.50;115.75;114.95;115.65;777008
FR0000120073;15/04/19;116.00;116.00;115.10;115.95;446997
FR0000120073;16/04/19;116.25;116.90;116.00;116.60;593763
FR0000120073;17/04/19;116.65;117.25;116.30;117.15;841124
FR0000120073;18/04/19;117.50;118.75;117.35;118.30;1224838
FR0000120073;23/04/19;117.75;118.00;117.00;117.95;686344
FR0000120073;24/04/19;117.80;118.40;117.05;117.80;617389
FR0000120073;25/04/19;117.95;119.00;117.30;119.00;813417
FR0000120073;26/04/19;118.95;119.10;117.45;118.75;787223
FR0000120073;29/04/19;119.00;119.00;117.65;118.00;605445
FR0000120073;30/04/19;118.35;118.85;117.25;118.55;1046896
FR0000120172;01/04/19;16.745;16.835;16.675;16.77;1834370
FR0000120172;02/04/19;16.70;16.765;16.61;16.64;1599685
FR0000120172;03/04/19;16.74;16.88;16.63;16.745;1737845
FR0000120172;04/04/19;16.785;16.88;16.665;16.855;1550399
FR0000120172;05/04/19;16.855;16.91;16.71;16.735;2057664
FR0000120172;08/04/19;16.635;16.865;16.605;16.745;1330497
FR0000120172;09/04/19;16.735;16.735;16.26;16.385;2963397
FR0000120172;10/04/19;16.35;16.35;15.87;16.215;3496015
FR0000120172;11/04/19;16.17;16.545;16.16;16.44;2292187
FR0000120172;12/04/19;16.49;16.78;16.455;16.78;2587170
FR0000120172;15/04/19;16.70;16.895;16.70;16.865;1942544
FR0000120172;16/04/19;16.92;17.065;16.90;17.00;1685074
FR0000120172;17/04/19;16.93;16.99;16.66;16.765;2536716
FR0000120172;18/04/19;16.715;16.905;16.715;16.715;1931661
FR0000120172;23/04/19;16.685;16.79;16.485;16.675;2211595
FR0000120172;24/04/19;16.70;16.90;16.53;16.755;2461831
FR0000120172;25/04/19;17.49;17.575;17.04;17.35;4176202
FR0000120172;26/04/19;17.40;17.405;17.065;17.275;2394392
FR0000120172;29/04/19;17.25;17.325;16.995;17.185;1951854
FR0000120172;30/04/19;17.11;17.425;17.07;17.37;2308511
FR0000120271;01/04/19;50.00;50.16;49.725;50.00;5111036
FR0000120271;02/04/19;49.995;50.17;49.855;49.98;4239685
FR0000120271;03/04/19;50.25;50.52;50.00;50.00;5289743
FR0000120271;04/04/19;49.795;49.89;49.255;49.87;5939855
FR0000120271;05/04/19;50.00;50.53;49.815;50.29;6895522
FR0000120271;08/04/19;50.20;50.62;50.20;50.60;5362901
FR0000120271;09/04/19;50.65;51.20;50.23;50.23;5378693
FR0000120271;10/04/19;50.23;50.48;50.06;50.37;4112608
FR0000120271;11/04/19;50.40;50.50;49.97;50.08;4303730
FR0000120271;12/04/19;50.20;50.50;49.885;49.99;4122428
FR0000120271;15/04/19;49.98;50.21;49.90;50.07;4424527
FR0000120271;16/04/19;49.945;50.11;49.435;49.555;5274983
FR0000120271;17/04/19;49.51;50.10;49.395;50.09;5168899
FR0000120271;18/04/19;50.06;50.50;49.78;50.30;8748985
FR0000120271;23/04/19;51.30;51.44;51.02;51.22;6943792
FR0000120271;24/04/19;51.09;51.19;49.955;50.04;6599032
FR0000120271;25/04/19;50.08;50.28;49.685;49.905;5281470
FR0000120271;26/04/19;50.10;50.10;49.175;49.345;7133589
FR0000120271;29/04/19;49.50;49.585;48.475;48.595;6378786
FR0000120271;30/04/19;48.80;49.545;48.335;49.545;8768349
FR0000120321;01/04/19;241.30;241.40;238.60;240.40;467724
FR0000120321;02/04/19;240.30;241.30;238.30;238.60;404511
FR0000120321;03/04/19;240.90;240.90;237.50;240.20;509507
FR0000120321;04/04/19;240.50;241.60;240.30;241.30;371378
FR0000120321;05/04/19;241.70;241.70;238.20;240.00;510312
FR0000120321;08/04/19;240.60;241.20;239.20;240.30;291470
FR0000120321;09/04/19;239.60;241.20;238.70;240.00;379477
FR0000120321;10/04/19;239.20;242.50;238.70;242.50;371481
FR0000120321;11/04/19;241.00;242.10;240.20;240.20;364869
FR0000120321;12/04/19;239.80;241.20;238.40;240.30;370947
FR0000120321;15/04/19;239.50;240.30;238.20;238.50;449165
FR0000120321;16/04/19;239.10;240.60;237.50;240.30;456003
FR0000120321;17/04/19;242.60;244.20;237.20;242.70;765070
FR0000120321;18/04/19;243.80;245.80;239.30;243.20;897095
FR0000120321;23/04/19;242.30;243.20;240.30;243.10;534006
FR0000120321;24/04/19;242.90;245.00;242.30;245.00;425882
FR0000120321;25/04/19;245.00;245.60;243.50;243.70;488653
FR0000120321;26/04/19;239.90;241.90;239.00;241.90;469119
FR0000120321;29/04/19;238.50;243.30;238.00;242.90;439369
FR0000120321;30/04/19;242.00;245.20;241.60;245.10;525486
FR0000120404;01/04/19;36.08;36.50;36.08;36.50;1014502
FR0000120404;02/04/19;36.50;37.10;36.50;37.09;733920
FR0000120404;03/04/19;37.21;37.57;37.20;37.46;657407
FR0000120404;04/04/19;37.50;37.54;37.25;37.34;643430
FR0000120404;05/04/19;37.30;37.51;37.25;37.37;669856
FR0000120404;08/04/19;37.20;37.39;36.79;36.83;556107
FR0000120404;09/04/19;36.83;36.90;36.54;36.63;823549
FR0000120404;10/04/19;36.56;36.87;36.51;36.87;681043
FR0000120404;11/04/19;36.95;37.69;36.93;37.69;892295
FR0000120404;12/04/19;37.42;37.52;37.04;37.13;746907
FR0000120404;15/04/19;37.23;37.32;36.84;36.86;592963
FR0000120404;16/04/19;36.86;37.35;36.86;37.08;480001
FR0000120404;17/04/19;37.17;37.85;37.04;37.75;829600
FR0000120404;18/04/19;37.62;37.85;37.32;37.73;904481
FR0000120404;23/04/19;38.00;38.84;37.50;38.66;1172441
FR0000120404;24/04/19;38.56;38.62;38.03;38.05;670598
FR0000120404;25/04/19;38.00;38.21;37.74;37.86;568505
FR0000120404;26/04/19;37.80;37.97;37.53;37.91;449186
FR0000120404;29/04/19;38.00;38.44;37.90;38.36;591978
FR0000120404;30/04/19;38.14;38.15;37.47;37.56;781436
FR0000120503;01/04/19;31.95;32.65;31.95;32.63;832029
FR0000120503;02/04/19;32.71;32.88;32.59;32.72;598392
FR0000120503;03/04/19;32.91;33.38;32.85;33.16;1102344
FR0000120503;04/04/19;33.09;33.23;32.92;33.16;743770
FR0000120503;05/04/19;33.02;33.35;33.02;33.24;853032
FR0000120503;08/04/19;33.25;33.52;33.19;33.28;755156
FR0000120503;09/04/19;33.37;33.68;33.10;33.10;888043
FR0000120503;10/04/19;33.20;33.77;33.14;33.71;1124458
FR0000120503;11/04/19;33.80;33.97;33.38;33.90;841972
FR0000120503;12/04/19;33.89;34.07;33.72;34.00;905974
FR0000120503;15/04/19;34.10;34.54;34.00;34.49;1289770
FR0000120503;16/04/19;34.60;34.83;34.52;34.82;967135
FR0000120503;17/04/19;34.88;35.14;34.68;34.99;1012723
FR0000120503;18/04/19;34.96;35.17;34.71;35.00;856172
FR0000120503;23/04/19;35.00;35.03;34.42;34.42;1283354
FR0000120503;24/04/19;34.50;34.91;34.47;34.84;893625
FR0000120503;25/04/19;34.86;35.00;34.32;34.70;982469
FR0000120503;26/04/19;34.80;35.00;34.41;34.87;752481
FR0000120503;29/04/19;35.53;35.59;34.91;35.12;1363682
FR0000120503;30/04/19;33.60;33.60;32.96;33.54;1479285
FR0000120578;01/04/19;78.81;79.80;78.70;78.85;1479987
FR0000120578;02/04/19;78.67;79.48;78.55;79.24;1338208
FR0000120578;03/04/19;79.30;79.48;77.90;78.71;2392620
FR0000120578;04/04/19;78.31;78.90;78.30;78.57;1766298
FR0000120578;05/04/19;78.90;78.95;78.20;78.49;2090325
FR0000120578;08/04/19;78.73;79.17;78.16;78.49;1257856
FR0000120578;09/04/19;78.10;78.82;77.91;78.25;1517939
FR0000120578;10/04/19;78.51;78.73;77.96;77.96;2209285
FR0000120578;11/04/19;77.93;77.96;76.95;77.14;2242933
FR0000120578;12/04/19;76.25;76.79;75.40;75.40;3797244
FR0000120578;15/04/19;75.16;75.49;74.80;75.00;1959473
FR0000120578;16/04/19;75.31;75.53;74.80;75.10;1788255
FR0000120578;17/04/19;74.35;74.49;72.87;73.06;3749712
FR0000120578;18/04/19;72.50;73.83;72.50;72.87;4515930
FR0000120578;23/04/19;73.05;74.50;72.88;74.17;2679248
FR0000120578;24/04/19;74.47;74.83;74.03;74.34;2115439
FR0000120578;25/04/19;74.66;74.74;73.60;73.62;2393190
FR0000120578;26/04/19;75.50;76.85;75.07;76.20;3618787
FR0000120578;29/04/19;76.94;77.73;75.81;77.49;2989600
FR0000120578;30/04/19;77.25;77.75;76.88;77.49;2950519
FR0000120628;01/04/19;22.595;22.81;22.49;22.705;5740595
FR0000120628;02/04/19;22.66;23.09;22.65;22.965;7206663
FR0000120628;03/04/19;23.125;23.385;23.105;23.34;7607638
FR0000120628;04/04/19;23.245;23.395;23.175;23.37;5790191
FR0000120628;05/04/19;23.365;23.435;23.125;23.25;6016238
FR0000120628;08/04/19;23.275;23.35;23.085;23.245;4705704
FR0000120628;09/04/19;23.195;23.39;23.10;23.16;5512860
FR0000120628;10/04/19;23.16;23.23;23.115;23.175;4540806
FR0000120628;11/04/19;23.185;23.415;23.075;23.28;5994488
FR0000120628;12/04/19;23.285;23.49;23.165;23.34;4998362
FR0000120628;15/04/19;23.34;23.515;23.33;23.45;4782114
FR0000120628;16/04/19;23.31;23.545;23.285;23.545;6032726
FR0000120628;17/04/19;23.59;23.875;23.465;23.70;7883377
FR0000120628;18/04/19;23.63;23.89;23.525;23.735;8274363
FR0000120628;23/04/19;23.665;23.72;23.44;23.72;7637672
FR0000120628;24/04/19;23.60;23.65;23.455;23.645;6310129
FR0000120628;25/04/19;23.645;23.77;23.57;23.70;6482151
FR0000120628;26/04/19;23.765;23.79;23.48;23.65;4425776
FR0000120628;29/04/19;23.695;23.75;23.525;23.68;4659174
FR0000120628;30/04/19;23.595;23.825;23.515;23.745;8759514
FR0000120644;01/04/19;69.26;69.48;68.10;68.34;1161463
FR0000120644;02/04/19;68.48;68.74;68.34;68.50;1137810
FR0000120644;03/04/19;68.80;68.92;68.02;68.92;1461441
FR0000120644;04/04/19;68.94;69.16;68.36;68.40;1809449
FR0000120644;05/04/19;68.46;68.46;67.90;67.90;1802415
FR0000120644;08/04/19;67.90;68.54;67.66;68.54;1276620
FR0000120644;09/04/19;68.32;68.78;68.10;68.54;1220404
FR0000120644;10/04/19;68.98;69.42;68.84;69.00;1189952
FR0000120644;11/04/19;68.84;69.24;68.60;69.14;1399890
FR0000120644;12/04/19;69.32;69.70;69.22;69.40;1501589
FR0000120644;15/04/19;69.24;69.98;69.16;69.98;1568922
FR0000120644;16/04/19;69.80;70.16;69.48;69.68;1715962
FR0000120644;17/04/19;69.68;69.84;68.18;69.60;2120583
FR0000120644;18/04/19;69.22;71.10;69.20;70.40;2701020
FR0000120644;23/04/19;70.22;71.08;70.08;71.08;1538410
FR0000120644;24/04/19;70.70;71.10;70.48;71.10;1294669
FR0000120644;25/04/19;71.22;71.48;70.78;71.46;1317559
FR0000120644;26/04/19;71.50;71.64;71.02;71.56;1065616
FR0000120644;29/04/19;71.50;71.62;71.00;71.62;787754
FR0000120644;30/04/19;71.50;72.08;71.42;72.08;1386811
FR0000120693;01/04/19;160.00;160.70;158.50;158.50;322575
FR0000120693;02/04/19;159.55;161.50;159.35;160.80;343309
FR0000120693;03/04/19;161.55;161.55;158.85;160.40;333872
FR0000120693;04/04/19;160.00;161.40;159.60;160.00;350669
FR0000120693;05/04/19;159.05;160.65;159.00;160.20;370943
FR0000120693;08/04/19;160.45;161.20;159.65;160.40;267246
FR0000120693;09/04/19;159.80;160.45;159.15;159.85;243011
FR0000120693;10/04/19;160.40;160.55;158.80;160.00;354397
FR0000120693;11/04/19;160.85;161.10;159.45;160.15;343006
FR0000120693;12/04/19;160.00;160.60;157.95;158.80;294043
FR0000120693;15/04/19;158.95;159.15;158.10;158.95;222184
FR0000120693;16/04/19;158.55;159.55;155.85;156.10;486284
FR0000120693;17/04/19;156.35;156.45;154.65;156.35;438120
FR0000120693;18/04/19;155.00;157.10;153.80;154.70;723183
FR0000120693;23/04/19;154.45;155.90;153.75;155.50;409398
FR0000120693;24/04/19;155.70;156.75;154.60;156.75;308101
FR0000120693;25/04/19;156.60;157.00;155.10;156.35;300504
FR0000120693;26/04/19;156.85;157.15;155.60;155.75;272062
FR0000120693;29/04/19;156.00;156.45;154.70;156.45;270156
FR0000120693;30/04/19;155.95;156.90;154.30;155.35;394524
FR0000121014;01/04/19;332.50;333.75;330.00;333.25;675106
FR0000121014;02/04/19;334.05;334.60;331.75;334.50;660369
FR0000121014;03/04/19;335.30;337.35;332.90;334.00;581652
FR0000121014;04/04/19;334.40;335.00;333.05;333.55;605021
FR0000121014;05/04/19;334.95;337.50;333.65;336.05;764125
FR0000121014;08/04/19;336.50;336.85;331.45;332.00;549938
FR0000121014;09/04/19;330.25;333.75;327.30;327.30;722056
FR0000121014;10/04/19;328.30;330.70;327.15;329.75;556555
FR0000121014;11/04/19;340.50;346.75;338.95;344.95;1038108
FR0000121014;12/04/19;346.00;348.90;341.85;342.90;571291
FR0000121014;15/04/19;343.00;344.85;340.50;342.95;433354
FR0000121014;16/04/19;344.70;346.65;342.00;346.30;461686
FR0000121014;17/04/19;347.15;351.55;345.95;350.85;597099
FR0000121014;18/04/19;349.00;354.35;346.55;352.30;982534
FR0000121014;23/04/19;349.80;351.20;346.70;349.10;656086
FR0000121014;24/04/19;348.00;352.25;347.70;350.95;532252
FR0000121014;25/04/19;348.00;348.45;344.10;347.85;494912
FR0000121014;26/04/19;347.70;348.90;343.60;346.45;416328
FR0000121014;29/04/19;346.85;348.25;343.50;345.35;383365
FR0000121014;30/04/19;346.75;349.05;344.60;349.05;556298
FR0000121220;01/04/19;98.50;99.26;97.88;98.82;209827
FR0000121220;02/04/19;99.00;99.00;98.32;98.94;191770
FR0000121220;03/04/19;99.28;101.95;99.24;101.95;355217
FR0000121220;04/04/19;101.80;101.80;99.86;99.86;271120
FR0000121220;05/04/19;101.00;102.55;100.80;101.75;472572
FR0000121220;08/04/19;101.40;101.70;101.05;101.35;235605
FR0000121220;09/04/19;101.30;101.60;100.10;100.10;280302
FR0000121220;10/04/19;100.10;101.70;100.10;101.45;269657
FR0000121220;11/04/19;103.00;108.65;103.00;104.35;569510
FR0000121220;12/04/19;104.50;105.20;103.20;104.55;328853
FR0000121220;15/04/19;104.35;104.35;102.35;102.60;291830
FR0000121220;16/04/19;102.05;102.50;101.30;101.65;465668
FR0000121220;17/04/19;101.90;102.45;101.50;102.35;325228
FR0000121220;18/04/19;102.45;103.40;102.35;102.85;293247
FR0000121220;23/04/19;102.90;103.80;102.10;103.40;300647
FR0000121220;24/04/19;103.40;103.85;103.15;103.70;238538
FR0000121220;25/04/19;103.45;104.40;103.45;104.10;210661
FR0000121220;26/04/19;104.40;104.65;103.35;103.90;292173
FR0000121220;29/04/19;103.05;103.90;102.30;102.65;357284
FR0000121220;30/04/19;102.35;103.55;102.25;102.25;416309
FR0000121261;01/04/19;107.00;109.50;106.75;109.30;799633
FR0000121261;02/04/19;109.30;110.30;107.95;109.75;605610
FR0000121261;03/04/19;110.30;111.65;110.25;111.25;813655
FR0000121261;04/04/19;111.20;113.25;109.90;111.90;1011100
FR0000121261;05/04/19;112.45;113.00;111.10;111.50;556335
FR0000121261;08/04/19;110.80;112.15;110.80;111.40;383596
FR0000121261;09/04/19;111.00;113.00;109.95;110.40;735460
FR0000121261;10/04/19;108.60;112.10;108.00;112.10;706271
FR0000121261;11/04/19;112.55;114.20;111.80;114.05;685533
FR0000121261;12/04/19;113.60;116.35;112.40;116.35;738357
FR0000121261;15/04/19;116.00;116.20;115.20;115.95;423023
FR0000121261;16/04/19;115.90;117.50;115.25;117.50;537572
FR0000121261;17/04/19;117.65;118.60;116.70;118.00;694042
FR0000121261;18/04/19;116.50;118.00;115.25;117.45;759512
FR0000121261;23/04/19;117.00;118.10;115.65;115.85;705589
FR0000121261;24/04/19;114.25;115.70;110.50;114.50;779567
FR0000121261;25/04/19;115.95;117.50;115.35;115.35;654936
FR0000121261;26/04/19;116.15;116.65;114.95;116.15;508968
FR0000121261;29/04/19;115.80;117.25;115.70;116.40;397840
FR0000121261;30/04/19;116.05;116.15;114.75;115.15;503700
FR0000121329;01/04/19;107.35;109.15;107.15;109.15;220413
FR0000121329;02/04/19;109.45;109.85;108.00;108.15;174476
FR0000121329;03/04/19;108.55;108.60;107.00;107.85;340803
FR0000121329;04/04/19;107.80;108.90;107.65;108.30;160128
FR0000121329;05/04/19;108.10;108.85;107.85;108.25;321502
FR0000121329;08/04/19;108.00;108.25;107.25;107.90;136265
FR0000121329;09/04/19;107.50;107.50;105.50;105.50;266213
FR0000121329;10/04/19;105.70;106.20;104.55;104.55;219143
FR0000121329;11/04/19;104.60;106.35;104.60;106.10;278690
FR0000121329;12/04/19;106.10;107.00;105.50;106.30;278986
FR0000121329;15/04/19;106.65;107.70;106.65;107.10;231681
FR0000121329;16/04/19;107.00;107.90;106.70;107.45;210925
FR0000121329;17/04/19;107.75;107.85;106.15;106.15;229099
FR0000121329;18/04/19;106.05;107.80;105.80;107.75;245949
FR0000121329;23/04/19;107.35;107.80;106.90;107.70;188360
FR0000121329;24/04/19;107.80;110.50;107.50;110.25;315492
FR0000121329;25/04/19;110.10;110.75;108.95;110.75;233638
FR0000121329;26/04/19;110.90;111.90;110.50;111.90;308294
FR0000121329;29/04/19;111.20;112.50;110.95;112.30;262706
FR0000121329;30/04/19;108.00;110.10;105.85;106.45;709828
FR0000121485;01/04/19;520.00;524.20;517.10;522.10;246111
FR0000121485;02/04/19;521.00;527.00;520.00;526.40;189504
FR0000121485;03/04/19;531.30;534.90;522.60;524.20;193011
FR0000121485;04/04/19;523.90;526.80;522.30;522.50;184214
FR0000121485;05/04/19;524.90;531.00;524.90;530.10;264567
FR0000121485;08/04/19;528.00;530.00;523.80;526.60;141936
FR0000121485;09/04/19;523.40;525.30;516.90;517.80;176740
FR0000121485;10/04/19;519.40;524.30;517.50;523.60;124319
FR0000121485;11/04/19;530.00;536.50;527.50;535.30;273367
FR0000121485;12/04/19;535.00;537.80;530.10;530.40;167948
FR0000121485;15/04/19;532.10;534.50;529.70;531.60;173418
FR0000121485;16/04/19;534.40;536.30;530.00;532.90;195119
FR0000121485;17/04/19;535.80;539.80;533.40;537.50;240081
FR0000121485;18/04/19;507.00;524.00;496.65;510.40;662374
FR0000121485;23/04/19;511.00;531.60;509.40;531.60;334278
FR0000121485;24/04/19;528.70;533.10;523.10;533.10;226912
FR0000121485;25/04/19;530.60;532.80;525.40;529.30;182850
FR0000121485;26/04/19;530.10;533.80;524.70;529.40;153540
FR0000121485;29/04/19;528.10;532.30;525.00;525.00;190203
FR0000121485;30/04/19;524.90;527.60;523.40;527.00;229158
FR0000121501;01/04/19;22.04;22.65;22.00;22.65;2616658
FR0000121501;02/04/19;22.74;23.10;22.44;23.03;2624925
FR0000121501;03/04/19;23.02;23.54;23.00;23.23;2677915
FR0000121501;04/04/19;23.11;23.41;22.86;23.31;2168781
FR0000121501;05/04/19;23.31;23.42;23.23;23.23;1806107
FR0000121501;08/04/19;23.00;23.30;22.90;23.17;1948164
FR0000121501;09/04/19;23.04;23.47;22.88;22.95;1741340
FR0000121501;10/04/19;22.90;23.23;22.81;22.91;2130071
FR0000121501;11/04/19;23.04;23.57;23.04;23.48;2417850
FR0000121501;12/04/19;23.45;24.09;23.32;23.93;2567227
FR0000121501;15/04/19;23.90;24.14;23.84;24.09;1546779
FR0000121501;16/04/19;24.15;24.47;24.13;24.21;2078137
FR0000121501;17/04/19;24.31;24.73;24.24;24.55;1998465
FR0000121501;18/04/19;24.60;25.02;24.44;24.83;2829011
FR0000121501;23/04/19;24.77;24.99;24.57;24.71;2575096
FR0000121501;24/04/19;24.40;24.79;24.02;24.29;3183158
FR0000121501;25/04/19;23.86;24.21;23.29;23.55;3063508
FR0000121501;26/04/19;23.59;23.70;23.26;23.27;2267394
FR0000121501;29/04/19;23.26;23.55;23.26;23.37;1722705
FR0000121501;30/04/19;23.25;23.43;22.92;23.36;2202585
FR0000121667;01/04/19;97.90;98.48;96.78;97.20;595806
FR0000121667;02/04/19;97.58;97.62;96.84;96.84;670968
FR0000121667;03/04/19;97.46;97.54;96.54;97.26;690446
FR0000121667;04/04/19;97.44;97.76;96.36;97.24;737347
FR0000121667;05/04/19;97.34;97.34;95.68;96.10;1086202
FR0000121667;08/04/19;96.02;96.58;95.94;96.40;514712
FR0000121667;09/04/19;96.24;97.46;96.02;97.06;848805
FR0000121667;10/04/19;96.82;97.56;96.38;96.86;681663
FR0000121667;11/04/19;97.90;99.22;97.70;98.74;1289766
FR0000121667;12/04/19;98.14;101.25;97.00;101.00;1315660
FR0000121667;15/04/19;101.10;102.65;100.55;101.60;1092776
FR0000121667;16/04/19;101.70;103.85;101.60;103.75;946543
FR0000121667;17/04/19;104.75;108.15;104.15;107.10;1763181
FR0000121667;18/04/19;107.00;108.15;106.40;108.15;1407658
FR0000121667;23/04/19;107.95;110.20;107.75;109.30;1214092
FR0000121667;24/04/19;109.30;109.30;106.20;107.10;1012631
FR0000121667;25/04/19;106.20;107.55;104.95;107.55;616500
FR0000121667;26/04/19;107.30;108.15;107.05;107.85;607491
FR0000121667;29/04/19;107.55;108.65;107.20;108.65;493745
FR0000121667;30/04/19;109.00;109.35;107.60;108.50;808227
FR0000121972;01/04/19;71.00;71.26;70.46;70.74;1363177
FR0000121972;02/04/19;70.64;71.68;70.52;71.68;995612
FR0000121972;03/04/19;72.00;73.12;71.90;73.06;1721093
FR0000121972;04/04/19;72.74;73.30;72.60;73.02;1067126
FR0000121972;05/04/19;72.28;72.98;72.22;72.84;1260022
FR0000121972;08/04/19;72.50;72.80;72.34;72.68;818113
FR0000121972;09/04/19;72.40;73.24;72.40;72.60;1367467
FR0000121972;10/04/19;72.96;73.58;72.92;73.22;1225861
FR0000121972;11/04/19;73.26;73.90;72.92;73.30;1102681
FR0000121972;12/04/19;72.80;74.08;72.80;73.64;1033712
FR0000121972;15/04/19;73.68;74.12;73.38;73.88;857561
FR0000121972;16/04/19;73.70;74.32;73.70;74.08;1165101
FR0000121972;17/04/19;74.00;75.16;73.80;74.96;1432932
FR0000121972;18/04/19;76.00;78.66;75.84;77.00;3618374
FR0000121972;23/04/19;76.82;77.14;75.92;76.12;1750460
FR0000121972;24/04/19;76.46;76.68;75.96;76.42;1574179
FR0000121972;25/04/19;76.48;76.94;75.88;76.46;1190315
FR0000121972;26/04/19;76.82;76.82;75.66;76.34;1094992
FR0000121972;29/04/19;76.34;76.76;75.78;76.76;975353
FR0000121972;30/04/19;74.78;75.48;74.32;75.46;1801324
FR0000124141;01/04/19;20.03;20.10;19.91;20.02;1461159
FR0000124141;02/04/19;19.99;20.14;19.99;20.03;1111930
FR0000124141;03/04/19;20.16;20.39;20.09;20.39;1669675
FR0000124141;04/04/19;20.35;20.44;20.22;20.39;1729031
FR0000124141;05/04/19;20.34;20.49;20.24;20.45;1682102
FR0000124141;08/04/19;20.40;20.49;20.30;20.30;1601103
FR0000124141;09/04/19;20.23;20.52;20.05;20.33;1870572
FR0000124141;10/04/19;20.30;20.54;20.30;20.53;1473765
FR0000124141;11/04/19;20.44;20.59;20.34;20.55;1262576
FR0000124141;12/04/19;20.59;20.59;20.32;20.46;1275842
FR0000124141;15/04/19;20.45;20.72;20.45;20.67;1776438
FR0000124141;16/04/19;20.64;21.20;20.64;21.07;3083839
FR0000124141;17/04/19;21.14;21.25;20.73;21.25;2475209
FR0000124141;18/04/19;21.20;21.31;20.96;21.05;2457718
FR0000124141;23/04/19;21.05;21.29;21.01;21.22;2191520
FR0000124141;24/04/19;21.20;21.23;21.07;21.12;1252547
FR0000124141;25/04/19;21.10;21.26;21.08;21.20;1301840
FR0000124141;26/04/19;21.24;21.35;21.17;21.22;1363694
FR0000124141;29/04/19;21.20;21.24;21.05;21.16;1276761
FR0000124141;30/04/19;21.12;21.24;21.01;21.06;1895512
FR0000125007;01/04/19;32.54;33.40;32.54;33.275;2341220
FR0000125007;02/04/19;33.15;33.615;32.92;33.535;1659169
FR0000125007;03/04/19;35.40;35.40;34.45;34.48;3723398
FR0000125007;04/04/19;34.48;35.025;34.12;34.81;2162888
FR0000125007;05/04/19;34.795;35.19;34.725;35.10;2202997
FR0000125007;08/04/19;35.10;35.30;34.93;34.93;1761204
FR0000125007;09/04/19;34.805;35.215;34.58;34.645;1799491
FR0000125007;10/04/19;34.65;35.315;34.65;35.00;1861486
FR0000125007;11/04/19;35.145;35.91;34.99;35.555;2096914
FR0000125007;12/04/19;35.69;36.18;35.245;35.88;1381178
FR0000125007;15/04/19;35.885;36.16;35.71;36.12;1261459
FR0000125007;16/04/19;36.08;36.82;36.035;36.76;2022728
FR0000125007;17/04/19;36.835;37.10;36.695;36.915;1594807
FR0000125007;18/04/19;36.72;37.20;36.35;36.87;2053422
FR0000125007;23/04/19;36.67;36.70;36.315;36.485;1358762
FR0000125007;24/04/19;36.395;36.735;36.145;36.185;1435124
FR0000125007;25/04/19;36.11;36.24;35.61;35.725;1821927
FR0000125007;26/04/19;36.31;36.465;35.905;36.14;2070612
FR0000125007;29/04/19;36.275;36.535;36.13;36.44;1135155
FR0000125007;30/04/19;36.29;36.61;36.18;36.44;1587134
FR0000125338;01/04/19;108.80;109.85;108.55;109.85;422135
FR0000125338;02/04/19;109.50;109.80;108.20;108.60;338526
FR0000125338;03/04/19;109.35;109.95;109.00;109.90;433895
FR0000125338;04/04/19;109.55;110.35;108.50;108.50;342656
FR0000125338;05/04/19;108.45;109.25;108.35;108.90;389524
FR0000125338;08/04/19;108.35;109.40;107.85;109.40;355954
FR0000125338;09/04/19;109.80;109.85;108.25;108.65;392218
FR0000125338;10/04/19;108.25;109.65;108.25;109.35;306989
FR0000125338;11/04/19;109.35;111.00;109.00;111.00;430686
FR0000125338;12/04/19;110.40;112.20;110.40;111.40;379093
FR0000125338;15/04/19;111.15;112.60;110.90;112.25;416364
FR0000125338;16/04/19;111.95;112.20;110.85;111.80;380363
FR0000125338;17/04/19;111.45;112.85;111.00;111.50;298277
FR0000125338;18/04/19;111.65;112.05;110.85;111.35;463944
FR0000125338;23/04/19;111.60;112.40;111.15;112.00;439618
FR0000125338;24/04/19;112.50;114.40;112.10;114.00;626148
FR0000125338;25/04/19;113.65;115.30;113.55;114.00;498164
FR0000125338;26/04/19;111.00;111.00;106.00;108.25;1047318
FR0000125338;29/04/19;108.30;110.45;108.15;109.85;643109
FR0000125338;30/04/19;109.05;109.95;108.10;108.10;742948
FR0000125486;01/04/19;87.00;87.64;86.64;87.50;1322021
FR0000125486;02/04/19;87.90;88.00;87.38;88.00;1163930
FR0000125486;03/04/19;88.50;89.36;88.50;89.36;1157972
FR0000125486;04/04/19;88.84;89.34;88.58;88.86;1047598
FR0000125486;05/04/19;88.78;89.30;88.54;89.30;1116124
FR0000125486;08/04/19;89.00;89.28;88.48;88.82;885391
FR0000125486;09/04/19;88.84;89.28;88.00;88.00;1208536
FR0000125486;10/04/19;88.36;89.48;88.24;89.44;1432781
FR0000125486;11/04/19;89.36;89.50;88.84;89.50;1110866
FR0000125486;12/04/19;89.08;89.66;88.92;89.66;830234
FR0000125486;15/04/19;89.40;89.58;89.08;89.30;848161
FR0000125486;16/04/19;89.50;89.80;89.14;89.80;1045349
FR0000125486;17/04/19;89.58;89.72;88.70;89.68;1159331
FR0000125486;18/04/19;89.80;90.00;89.02;89.36;1931601
FR0000125486;23/04/19;88.18;88.30;87.58;88.30;1305599
FR0000125486;24/04/19;89.30;90.14;88.68;89.90;1603446
FR0000125486;25/04/19;89.80;90.14;88.48;88.70;1354179
FR0000125486;26/04/19;88.80;89.58;88.24;89.32;1189868
FR0000125486;29/04/19;88.62;89.54;88.62;89.20;847286
FR0000125486;30/04/19;89.02;90.02;88.68;90.02;1466003
FR0000127771;01/04/19;25.89;26.07;25.75;25.75;3085761
FR0000127771;02/04/19;25.83;25.84;25.62;25.79;2796719
FR0000127771;03/04/19;25.86;26.30;25.81;26.30;3749677
FR0000127771;04/04/19;26.28;26.36;26.17;26.18;2320551
FR0000127771;05/04/19;26.25;26.55;26.20;26.42;3449246
FR0000127771;08/04/19;26.47;26.48;26.03;26.05;2472420
FR0000127771;09/04/19;26.01;26.30;25.97;26.13;2196505
FR0000127771;10/04/19;26.29;26.60;26.24;26.32;3427383
FR0000127771;11/04/19;26.26;26.42;26.17;26.32;1772779
FR0000127771;12/04/19;26.40;26.43;26.20;26.28;2170128
FR0000127771;15/04/19;26.47;26.69;26.35;26.37;4057170
FR0000127771;16/04/19;26.09;26.10;25.63;25.83;3592969
FR0000127771;17/04/19;25.62;25.76;25.62;25.68;3045436
FR0000127771;18/04/19;25.79;25.94;25.62;25.89;3817260
FR0000127771;23/04/19;25.83;25.88;25.66;25.74;3545565
FR0000127771;24/04/19;25.65;25.79;25.52;25.66;2612773
FR0000127771;25/04/19;25.63;25.71;25.41;25.58;2099401
FR0000127771;26/04/19;25.59;25.86;25.57;25.85;2241876
FR0000127771;29/04/19;25.41;26.02;25.41;25.99;2518798
FR0000127771;30/04/19;25.91;25.98;25.79;25.87;2593580
FR0000130577;01/04/19;48.39;48.39;45.12;46.01;2243367
FR0000130577;02/04/19;46.05;46.87;46.05;46.86;1080009
FR0000130577;03/04/19;47.02;47.28;46.74;47.10;696314
FR0000130577;04/04/19;47.00;47.23;46.73;46.94;705752
FR0000130577;05/04/19;47.08;47.30;46.53;46.53;1098695
FR0000130577;08/04/19;46.48;46.69;45.71;45.83;809471
FR0000130577;09/04/19;45.60;46.43;45.60;46.20;806872
FR0000130577;10/04/19;46.27;46.82;46.17;46.53;719684
FR0000130577;11/04/19;46.46;46.91;46.02;46.79;575751
FR0000130577;12/04/19;46.82;47.48;46.64;47.19;715544
FR0000130577;15/04/19;48.20;49.38;47.50;47.75;1700084
FR0000130577;16/04/19;47.95;49.90;47.95;49.52;1593908
FR0000130577;17/04/19;49.49;51.08;49.42;50.80;1364109
FR0000130577;18/04/19;50.78;51.86;50.28;51.58;1032482
FR0000130577;23/04/19;51.00;51.88;51.00;51.76;1112097
FR0000130577;24/04/19;51.86;52.00;51.52;52.00;835923
FR0000130577;25/04/19;52.28;52.42;51.16;51.34;981893
FR0000130577;26/04/19;51.58;53.24;51.58;53.24;1339682
FR0000130577;29/04/19;53.12;53.68;53.00;53.54;691094
FR0000130577;30/04/19;53.60;53.78;52.66;52.88;924989
FR0000130650;01/04/19;132.45;134.35;132.30;133.40;246595
FR0000130650;02/04/19;133.65;134.10;132.75;133.30;189003
FR0000130650;03/04/19;133.90;135.45;133.70;135.30;208298
FR0000130650;04/04/19;135.05;135.85;133.25;133.30;246591
FR0000130650;05/04/19;133.05;133.70;132.60;133.15;273082
FR0000130650;08/04/19;132.60;135.25;132.30;134.50;280803
FR0000130650;09/04/19;134.00;135.00;132.85;133.70;225351
FR0000130650;10/04/19;134.00;134.35;132.95;132.95;249795
FR0000130650;11/04/19;132.75;134.10;131.70;132.90;209014
FR0000130650;12/04/19;132.65;134.55;132.65;134.05;229344
FR0000130650;15/04/19;133.85;134.50;133.40;134.40;178706
FR0000130650;16/04/19;134.50;135.25;133.50;134.10;162068
FR0000130650;17/04/19;134.00;135.45;133.10;134.15;248791
FR0000130650;18/04/19;134.30;135.45;133.55;135.45;239919
FR0000130650;23/04/19;135.00;136.95;133.50;136.50;270728
FR0000130650;24/04/19;137.80;142.90;136.85;142.25;513513
FR0000130650;25/04/19;141.95;142.45;140.75;142.40;332184
FR0000130650;26/04/19;142.15;143.05;138.95;139.80;301368
FR0000130650;29/04/19;138.40;138.70;137.25;138.60;286418
FR0000130650;30/04/19;138.30;141.05;137.90;141.05;307628
FR0000130809;01/04/19;25.97;26.60;25.94;26.525;4636698
FR0000130809;02/04/19;26.53;26.895;26.435;26.615;2749775
FR0000130809;03/04/19;26.85;27.14;26.71;26.845;3907308
FR0000130809;04/04/19;26.85;27.155;26.475;26.98;4898166
FR0000130809;05/04/19;27.02;27.18;26.545;26.65;4812718
FR0000130809;08/04/19;26.85;26.85;26.42;26.52;2841649
FR0000130809;09/04/19;26.50;26.965;26.35;26.595;3461023
FR0000130809;10/04/19;26.725;26.83;26.145;26.26;3552269
FR0000130809;11/04/19;26.425;27.05;26.08;26.93;4188842
FR0000130809;12/04/19;26.945;28.12;26.61;28.00;5889255
FR0000130809;15/04/19;28.00;28.495;27.88;27.985;3436559
FR0000130809;16/04/19;28.17;28.68;27.955;28.54;4377365
FR0000130809;17/04/19;28.54;29.235;28.515;29.00;4318164
FR0000130809;18/04/19;28.60;29.07;28.235;29.015;5325983
FR0000130809;23/04/19;28.62;28.785;28.10;28.275;5306892
FR0000130809;24/04/19;27.50;28.385;27.295;27.52;6080094
FR0000130809;25/04/19;27.275;27.585;27.14;27.54;4399951
FR0000130809;26/04/19;27.275;27.95;27.15;27.70;3566644
FR0000130809;29/04/19;27.555;28.43;27.555;28.43;5365917
FR0000130809;30/04/19;28.18;28.29;27.88;28.22;5203862
FR0000131104;01/04/19;43.14;43.835;42.775;43.48;4797946
FR0000131104;02/04/19;43.655;44.315;43.44;43.905;3550029
FR0000131104;03/04/19;44.345;44.85;44.24;44.515;3968292
FR0000131104;04/04/19;44.50;45.04;44.035;44.875;3574062
FR0000131104;05/04/19;44.955;45.13;44.385;44.505;4120347
FR0000131104;08/04/19;44.64;44.845;44.375;44.45;3121894
FR0000131104;09/04/19;44.32;45.25;44.295;44.58;4612086
FR0000131104;10/04/19;44.80;44.89;43.975;44.20;3923649
FR0000131104;11/04/19;44.44;45.14;43.93;44.805;4518538
FR0000131104;12/04/19;44.86;47.11;44.365;46.315;7568906
FR0000131104;15/04/19;47.29;47.64;46.74;46.85;5243601
FR0000131104;16/04/19;46.875;47.88;46.80;47.66;6014531
FR0000131104;17/04/19;47.98;48.865;47.805;48.44;6891163
FR0000131104;18/04/19;48.54;49.085;47.855;48.985;6633598
FR0000131104;23/04/19;48.885;48.96;47.83;48.11;5489928
FR0000131104;24/04/19;47.91;48.12;46.625;47.15;6260614
FR0000131104;25/04/19;47.285;47.48;46.165;46.765;4859454
FR0000131104;26/04/19;46.61;47.205;46.315;46.90;4207055
FR0000131104;29/04/19;47.37;47.90;47.11;47.665;4311659
FR0000131104;30/04/19;47.585;47.75;47.16;47.45;4401162
FR0000131906;01/04/19;59.50;60.82;59.30;60.65;933515
FR0000131906;02/04/19;60.70;61.66;60.39;61.24;795896
FR0000131906;03/04/19;61.60;62.43;61.50;62.03;917132
FR0000131906;04/04/19;61.90;62.54;61.55;62.37;798140
FR0000131906;05/04/19;62.32;63.00;62.16;62.16;841916
FR0000131906;08/04/19;61.71;62.36;60.39;61.70;648761
FR0000131906;09/04/19;61.26;62.27;60.63;60.99;868555
FR0000131906;10/04/19;60.68;61.13;60.45;60.83;793796
FR0000131906;11/04/19;61.00;61.82;60.40;61.33;1025688
FR0000131906;12/04/19;61.02;63.00;60.66;62.23;875616
FR0000131906;15/04/19;62.11;62.71;61.77;62.17;618875
FR0000131906;16/04/19;62.01;62.62;61.74;62.03;747002
FR0000131906;17/04/19;62.56;63.65;62.00;63.29;1303739
FR0000131906;18/04/19;62.97;64.20;62.10;63.87;1064292
FR0000131906;23/04/19;63.50;63.90;62.44;62.73;977795
FR0000131906;24/04/19;61.28;61.28;59.28;60.50;1875703
FR0000131906;25/04/19;60.20;60.20;59.03;59.56;1249300
FR0000131906;26/04/19;60.14;62.09;59.76;60.91;2158199
FR0000131906;29/04/19;60.36;61.55;60.30;61.03;796826
FR0000131906;30/04/19;60.42;61.06;60.35;60.82;896782
FR0000133308;01/04/19;14.655;14.66;14.48;14.585;6032960
FR0000133308;02/04/19;14.565;14.645;14.51;14.605;3957758
FR0000133308;03/04/19;14.69;14.83;14.585;14.83;6013165
FR0000133308;04/04/19;14.83;14.91;14.785;14.85;4586310
FR0000133308;05/04/19;14.85;14.865;14.745;14.86;6112428
FR0000133308;08/04/19;14.84;14.89;14.77;14.815;3845856
FR0000133308;09/04/19;14.77;14.895;14.77;14.86;4404047
FR0000133308;10/04/19;14.875;14.895;14.68;14.68;7216949
FR0000133308;11/04/19;14.67;14.68;14.565;14.61;7100252
FR0000133308;12/04/19;14.615;14.65;14.485;14.56;6410150
FR0000133308;15/04/19;14.525;14.645;14.51;14.64;4584825
FR0000133308;16/04/19;14.64;14.69;14.58;14.58;5292730
FR0000133308;17/04/19;14.565;14.60;14.47;14.57;4932778
FR0000133308;18/04/19;14.58;14.66;14.515;14.625;7231822
FR0000133308;23/04/19;14.595;14.685;14.435;14.485;6827356
FR0000133308;24/04/19;14.40;14.46;14.23;14.245;6494189
FR0000133308;25/04/19;14.235;14.315;14.10;14.315;5049966
FR0000133308;26/04/19;14.345;14.445;14.26;14.365;5866272
FR0000133308;29/04/19;14.34;14.405;14.30;14.385;4058385
FR0000133308;30/04/19;14.20;14.22;13.755;13.965;14314892
FR0010208488;01/04/19;13.33;13.38;13.235;13.315;3588047
FR0010208488;02/04/19;13.22;13.425;13.22;13.35;4617769
FR0010208488;03/04/19;13.45;13.52;13.395;13.47;4464075
FR0010208488;04/04/19;13.46;13.535;13.425;13.47;5440829
FR0010208488;05/04/19;13.43;13.50;13.385;13.44;4110118
FR0010208488;08/04/19;13.555;13.625;13.515;13.545;4788313
FR0010208488;09/04/19;13.58;13.64;13.50;13.58;4101505
FR0010208488;10/04/19;13.58;13.66;13.525;13.605;3288482
FR0010208488;11/04/19;13.435;13.47;13.245;13.375;7996190
FR0010208488;12/04/19;13.345;13.40;13.17;13.20;5121682
FR0010208488;15/04/19;13.245;13.325;13.215;13.315;3554643
FR0010208488;16/04/19;13.31;13.345;13.25;13.295;4669764
FR0010208488;17/04/19;13.285;13.325;13.145;13.30;4147300
FR0010208488;18/04/19;13.275;13.38;13.175;13.335;6097236
FR0010208488;23/04/19;13.36;13.37;13.26;13.265;4057811
FR0010208488;24/04/19;13.24;13.275;13.025;13.025;5860366
FR0010208488;25/04/19;13.045;13.085;12.95;13.00;4774108
FR0010208488;26/04/19;13.00;13.145;12.985;13.12;4221140
FR0010208488;29/04/19;13.14;13.14;12.95;13.025;4084152
FR0010208488;30/04/19;13.01;13.215;13.00;13.205;5494046
FR0010307819;01/04/19;60.02;60.32;59.78;60.14;396855
FR0010307819;02/04/19;60.18;60.48;60.02;60.48;367673
FR0010307819;03/04/19;60.70;61.38;60.48;61.38;676357
FR0010307819;04/04/19;61.26;61.56;61.16;61.40;525091
FR0010307819;05/04/19;61.26;61.62;61.22;61.54;474724
FR0010307819;08/04/19;61.40;61.74;61.30;61.74;351677
FR0010307819;09/04/19;61.74;61.78;61.16;61.20;324066
FR0010307819;10/04/19;61.12;61.68;61.12;61.44;446705
FR0010307819;11/04/19;61.60;61.98;61.34;61.96;508630
FR0010307819;12/04/19;62.00;62.12;61.78;62.00;457216
FR0010307819;15/04/19;62.10;62.24;61.66;62.24;388143
FR0010307819;16/04/19;62.26;62.94;62.12;62.76;411891
FR0010307819;17/04/19;62.90;63.50;62.64;63.50;445418
FR0010307819;18/04/19;63.42;64.62;63.30;64.46;709962
FR0010307819;23/04/19;64.34;64.74;63.84;64.74;519374
FR0010307819;24/04/19;64.40;64.86;64.24;64.36;563160
FR0010307819;25/04/19;64.20;64.70;63.86;64.10;457121
FR0010307819;26/04/19;64.28;64.58;63.84;64.58;391464
FR0010307819;29/04/19;64.58;65.48;64.46;65.32;660282
FR0010307819;30/04/19;65.26;65.82;65.16;65.52;777364
FR0013326246;01/04/19;146.75;148.50;146.05;148.50;354975
FR0013326246;02/04/19;148.50;150.35;148.20;149.85;476251
FR0013326246;03/04/19;150.30;151.80;149.85;150.15;435923
FR0013326246;04/04/19;149.95;151.95;149.70;151.95;385273
FR0013326246;05/04/19;151.50;151.90;150.25;150.90;408619
FR0013326246;08/04/19;151.50;151.95;149.10;149.10;323701
FR0013326246;09/04/19;149.85;151.20;147.90;147.90;417297
FR0013326246;10/04/19;148.25;153.25;148.25;153.25;433591
FR0013326246;11/04/19;152.60;157.00;152.60;156.00;589323
FR0013326246;12/04/19;156.35;156.35;154.15;154.50;357676
FR0013326246;15/04/19;154.25;155.25;153.85;155.00;341448
FR0013326246;16/04/19;154.40;157.15;154.25;156.50;372381
FR0013326246;17/04/19;156.15;156.15;154.85;155.10;378084
FR0013326246;18/04/19;155.30;155.95;153.75;154.65;607297
FR0013326246;23/04/19;154.65;154.80;150.45;150.85;514885
FR0013326246;24/04/19;150.85;155.80;150.85;155.50;506989
FR0013326246;25/04/19;156.65;156.90;154.15;155.35;326591
FR0013326246;26/04/19;156.00;156.55;153.95;155.95;352183
FR0013326246;29/04/19;156.10;156.70;154.00;154.45;246000
FR0013326246;30/04/19;154.20;154.50;151.95;153.25;467114
GB00BDSFG982;01/04/19;21.02;21.52;20.98;21.44;1611571
GB00BDSFG982;02/04/19;21.48;21.88;21.36;21.60;1475929
GB00BDSFG982;03/04/19;21.61;22.17;21.39;21.39;1974440
GB00BDSFG982;04/04/19;21.38;21.41;21.05;21.37;1155945
GB00BDSFG982;05/04/19;21.49;22.30;21.49;22.21;1709794
GB00BDSFG982;08/04/19;22.28;22.59;22.23;22.46;1165597
GB00BDSFG982;09/04/19;22.66;22.81;21.83;22.04;1324178
GB00BDSFG982;10/04/19;21.97;22.26;21.91;22.07;896502
GB00BDSFG982;11/04/19;22.13;22.28;21.72;21.86;985804
GB00BDSFG982;12/04/19;21.94;22.40;21.75;22.03;1332433
GB00BDSFG982;15/04/19;21.83;21.93;21.53;21.77;908978
GB00BDSFG982;16/04/19;21.66;22.16;21.65;21.65;1262467
GB00BDSFG982;17/04/19;21.89;22.06;21.69;21.86;1176823
GB00BDSFG982;18/04/19;21.79;22.03;21.31;21.75;1390708
GB00BDSFG982;23/04/19;22.04;22.74;22.02;22.69;1776291
GB00BDSFG982;24/04/19;22.60;22.69;22.42;22.42;1440014
GB00BDSFG982;25/04/19;22.30;22.68;22.15;22.38;1855938
GB00BDSFG982;26/04/19;21.46;22.69;21.11;22.00;2265767
GB00BDSFG982;29/04/19;22.22;22.65;21.90;22.59;1559272
GB00BDSFG982;30/04/19;22.59;22.71;22.05;22.11;1608505
LU1598757687;01/04/19;18.50;19.166;18.45;19.098;6459963
LU1598757687;02/04/19;19.214;19.51;19.164;19.32;5072634
LU1598757687;03/04/19;19.644;20.31;19.61;19.83;7366697
LU1598757687;04/04/19;19.748;19.878;19.444;19.768;3831343
LU1598757687;05/04/19;19.87;20.205;19.844;19.998;4237195
LU1598757687;08/04/19;20.00;20.195;19.758;19.844;3156041
LU1598757687;09/04/19;19.884;20.07;19.62;19.66;4459683
LU1598757687;10/04/19;19.52;19.894;19.504;19.70;4590546
LU1598757687;11/04/19;19.75;19.838;19.522;19.598;3544808
LU1598757687;12/04/19;19.512;20.30;19.24;20.055;6072321
LU1598757687;15/04/19;20.135;20.325;19.962;20.135;3771895
LU1598757687;16/04/19;20.23;20.465;20.195;20.44;3535216
LU1598757687;17/04/19;20.48;21.44;20.44;21.285;7801345
LU1598757687;18/04/19;21.05;21.425;20.56;21.04;7965873
LU1598757687;23/04/19;20.83;20.945;20.405;20.445;5121647
LU1598757687;24/04/19;20.405;20.485;20.01;20.16;3937295
LU1598757687;25/04/19;19.96;20.095;19.574;19.796;5971776
LU1598757687;26/04/19;19.636;19.636;19.352;19.40;4920594
LU1598757687;29/04/19;19.416;19.65;19.354;19.576;3726726
LU1598757687;30/04/19;19.53;19.55;19.166;19.328;4999969
NL0000226223;01/04/19;13.36;13.795;13.30;13.73;5078867
NL0000226223;02/04/19;13.785;14.155;13.70;14.105;4744811
NL0000226223;03/04/19;14.295;15.03;14.27;14.905;8562453
NL0000226223;04/04/19;14.815;15.18;14.775;15.135;4035600
NL0000226223;05/04/19;15.18;15.62;15.165;15.56;4723947
NL0000226223;08/04/19;15.50;15.655;15.43;15.645;2489450
NL0000226223;09/04/19;15.565;15.995;15.45;15.505;3883869
NL0000226223;10/04/19;15.51;15.795;15.36;15.60;3994363
NL0000226223;11/04/19;15.54;15.815;15.46;15.70;2894629
NL0000226223;12/04/19;15.62;16.055;15.555;16.055;3661424
NL0000226223;15/04/19;16.10;16.195;15.79;15.865;3022662
NL0000226223;16/04/19;15.91;16.245;15.75;16.205;2824279
NL0000226223;17/04/19;16.28;16.67;16.275;16.485;4315666
NL0000226223;18/04/19;16.485;16.705;16.225;16.605;3853316
NL0000226223;23/04/19;16.565;16.585;15.98;16.02;5178539
NL0000226223;24/04/19;15.96;16.845;15.93;16.84;6240484
NL0000226223;25/04/19;16.81;16.97;16.36;16.56;3902250
NL0000226223;26/04/19;16.38;16.46;16.02;16.215;3543081
NL0000226223;29/04/19;16.28;16.405;16.045;16.155;2841793
NL0000226223;30/04/19;16.16;16.405;16.125;16.375;3326821
NL0000235190;01/04/19;118.90;119.12;117.18;117.76;962091
NL0000235190;02/04/19;117.84;118.26;116.76;117.22;1368037
NL0000235190;03/04/19;118.80;119.00;117.72;118.54;1214807
NL0000235190;04/04/19;118.64;118.66;117.48;117.82;1152087
NL0000235190;05/04/19;118.00;119.22;117.60;118.68;1614315
NL0000235190;08/04/19;118.88;121.22;118.56;120.74;1502349
NL0000235190;09/04/19;118.80;119.58;117.70;118.50;1453576
NL0000235190;10/04/19;118.22;119.04;116.50;116.50;1420843
NL0000235190;11/04/19;116.92;118.34;116.60;117.50;935093
NL0000235190;12/04/19;117.54;119.74;117.26;118.60;935016
NL0000235190;15/04/19;117.78;117.80;116.70;117.24;702766
NL0000235190;16/04/19;117.00;117.98;116.38;117.92;900262
NL0000235190;17/04/19;117.58;119.46;117.10;119.04;1333637
NL0000235190;18/04/19;119.00;120.64;118.18;120.24;2066169
NL0000235190;23/04/19;120.44;122.80;119.34;122.80;1424239
NL0000235190;24/04/19;122.90;123.28;121.78;122.20;882275
NL0000235190;25/04/19;122.24;122.68;121.22;121.90;891406
NL0000235190;26/04/19;122.40;123.06;121.20;121.86;1018510
NL0000235190;29/04/19;122.00;123.52;121.52;123.02;1069541
NL0000235190;30/04/19;123.98;124.00;120.80;121.88;1391362
