BE0003470755;01/02/18;116.90;117.70;115.40;115.60;257173
BE0003470755;02/02/18;115.60;115.80;113.25;113.30;296149
BE0003470755;05/02/18;113.00;113.00;111.90;112.10;285512
BE0003470755;06/02/18;109.40;112.55;108.45;111.10;599239
BE0003470755;07/02/18;112.25;112.90;110.75;112.20;334509
BE0003470755;08/02/18;111.60;111.75;109.40;109.70;354132
BE0003470755;09/02/18;109.50;110.10;108.25;109.00;437629
BE0003470755;12/02/18;110.20;111.00;108.95;109.05;348424
BE0003470755;13/02/18;109.20;109.90;108.80;108.90;220299
BE0003470755;14/02/18;109.35;111.10;108.40;110.80;381118
BE0003470755;15/02/18;111.25;112.60;111.00;112.30;298181
BE0003470755;16/02/18;112.90;113.60;111.90;112.10;181841
BE0003470755;19/02/18;112.70;113.10;111.80;111.80;148101
BE0003470755;20/02/18;111.90;114.10;111.90;113.90;215423
BE0003470755;21/02/18;113.50;114.20;112.80;114.00;155641
BE0003470755;22/02/18;113.55;115.00;112.95;114.75;226842
BE0003470755;23/02/18;115.00;115.05;114.20;114.60;180464
CH0012214059;01/02/18;49.54;50.10;49.24;49.47;197071
CH0012214059;02/02/18;49.10;49.43;48.55;48.55;251920
CH0012214059;05/02/18;48.04;48.12;47.23;47.30;347740
CH0012214059;06/02/18;45.81;47.18;45.29;46.71;558115
CH0012214059;07/02/18;46.76;46.95;45.84;46.75;388375
CH0012214059;08/02/18;46.63;46.89;46.17;46.45;360826
CH0012214059;09/02/18;46.24;46.53;45.87;46.23;368964
CH0012214059;12/02/18;46.86;47.08;46.31;46.31;383535
CH0012214059;13/02/18;46.25;46.82;45.96;46.05;237731
CH0012214059;14/02/18;46.24;46.75;45.75;46.29;269511
CH0012214059;15/02/18;45.75;47.60;45.75;47.02;212038
CH0012214059;16/02/18;47.31;47.75;47.31;47.46;416082
CH0012214059;19/02/18;47.57;47.67;47.26;47.35;179093
CH0012214059;20/02/18;47.47;48.01;47.47;47.86;204559
CH0012214059;21/02/18;47.90;48.29;47.71;48.28;152585
CH0012214059;22/02/18;47.64;48.23;47.33;48.08;192624
CH0012214059;23/02/18;48.28;48.31;47.97;48.31;106547
FR0000045072;01/02/18;15.265;15.445;15.055;15.22;4161250
FR0000045072;02/02/18;15.185;15.21;14.93;15.035;5592847
FR0000045072;05/02/18;14.90;15.09;14.72;14.82;7054223
FR0000045072;06/02/18;14.27;14.75;14.15;14.335;11974553
FR0000045072;07/02/18;14.50;14.705;14.245;14.58;8881359
FR0000045072;08/02/18;14.535;14.695;14.315;14.35;8029604
FR0000045072;09/02/18;14.30;14.375;13.79;14.00;12235797
FR0000045072;12/02/18;14.20;14.32;13.955;14.005;6982834
FR0000045072;13/02/18;13.995;14.05;13.905;13.965;5870682
FR0000045072;14/02/18;13.65;13.855;13.385;13.57;17448613
FR0000045072;15/02/18;13.70;13.855;13.49;13.595;8267870
FR0000045072;16/02/18;13.65;13.69;13.475;13.625;6692678
FR0000045072;19/02/18;13.695;13.78;13.67;13.67;3929480
FR0000045072;20/02/18;13.92;13.975;13.79;13.865;7098743
FR0000045072;21/02/18;13.945;14.05;13.845;13.995;4669511
FR0000045072;22/02/18;13.94;14.115;13.885;14.045;5930897
FR0000045072;23/02/18;14.01;14.07;13.905;13.95;4118679
FR0000051732;01/02/18;127.25;128.50;127.00;127.00;291863
FR0000051732;02/02/18;126.75;126.80;125.40;125.70;229502
FR0000051732;05/02/18;125.00;125.15;123.10;123.60;212230
FR0000051732;06/02/18;120.15;121.95;119.00;120.30;507659
FR0000051732;07/02/18;121.25;123.65;120.05;123.35;358406
FR0000051732;08/02/18;122.90;122.90;118.35;119.10;364575
FR0000051732;09/02/18;118.20;119.10;116.45;117.70;311202
FR0000051732;12/02/18;118.65;119.80;118.30;119.05;259570
FR0000051732;13/02/18;118.95;119.70;118.45;119.30;254605
FR0000051732;14/02/18;119.80;121.10;118.40;120.70;266325
FR0000051732;15/02/18;121.50;122.80;120.90;121.60;296892
FR0000051732;16/02/18;122.15;123.45;121.70;123.00;198357
FR0000051732;19/02/18;123.00;123.20;122.25;122.50;158177
FR0000051732;20/02/18;122.50;122.75;121.55;121.75;288308
FR0000051732;21/02/18;118.85;119.90;114.75;115.20;866502
FR0000051732;22/02/18;114.55;114.70;111.50;114.00;690572
FR0000051732;23/02/18;113.70;113.70;110.05;110.70;615868
FR0000073272;01/02/18;91.18;91.56;89.00;89.40;882371
FR0000073272;02/02/18;88.98;89.56;86.68;86.74;1042556
FR0000073272;05/02/18;86.00;86.10;85.26;85.26;1032517
FR0000073272;06/02/18;82.76;87.50;81.04;85.34;2475048
FR0000073272;07/02/18;86.00;87.20;84.52;86.88;1191569
FR0000073272;08/02/18;86.48;86.50;83.56;84.10;1422690
FR0000073272;09/02/18;83.46;84.14;82.50;83.10;1277227
FR0000073272;12/02/18;83.94;85.04;83.22;84.10;1131959
FR0000073272;13/02/18;84.18;84.92;83.90;84.50;873358
FR0000073272;14/02/18;85.20;86.68;83.86;86.30;1196497
FR0000073272;15/02/18;87.06;88.56;86.56;87.82;1076989
FR0000073272;16/02/18;88.22;89.44;88.04;89.10;1129173
FR0000073272;19/02/18;89.60;89.68;88.80;89.12;434966
FR0000073272;20/02/18;89.00;89.96;89.00;89.86;689268
FR0000073272;21/02/18;89.62;90.30;89.02;90.30;879149
FR0000073272;22/02/18;89.60;90.62;89.36;90.10;880353
FR0000073272;23/02/18;90.16;90.52;89.76;90.30;640340
FR0000120073;01/02/18;109.00;109.60;106.50;106.95;1165065
FR0000120073;02/02/18;106.60;106.65;104.45;104.45;1197277
FR0000120073;05/02/18;104.15;104.25;103.05;103.20;1079043
FR0000120073;06/02/18;100.00;102.75;99.74;101.25;2514662
FR0000120073;07/02/18;102.20;103.55;101.40;102.95;1472990
FR0000120073;08/02/18;102.30;102.30;99.30;99.84;1740267
FR0000120073;09/02/18;99.50;100.15;97.42;97.94;1762818
FR0000120073;12/02/18;99.60;100.25;98.78;98.78;1343101
FR0000120073;13/02/18;98.74;99.40;97.82;98.00;1273630
FR0000120073;14/02/18;98.50;99.24;97.12;98.60;1691742
FR0000120073;15/02/18;100.45;102.20;100.00;101.00;1491061
FR0000120073;16/02/18;101.80;102.60;101.45;102.00;1299130
FR0000120073;19/02/18;102.55;102.70;101.65;101.80;756575
FR0000120073;20/02/18;101.65;102.55;101.65;102.10;916403
FR0000120073;21/02/18;102.00;102.50;101.25;102.00;1013516
FR0000120073;22/02/18;101.30;103.35;100.80;102.95;1049257
FR0000120073;23/02/18;103.40;103.45;102.50;102.85;857274
FR0000120172;01/02/18;19.25;19.275;18.945;19.085;3311250
FR0000120172;02/02/18;19.035;19.09;18.625;18.685;3495664
FR0000120172;05/02/18;18.54;18.725;18.36;18.47;3586455
FR0000120172;06/02/18;18.00;18.515;17.93;18.235;5566900
FR0000120172;07/02/18;18.305;18.435;18.095;18.415;3883621
FR0000120172;08/02/18;18.37;18.54;18.28;18.36;2989377
FR0000120172;09/02/18;18.255;18.60;18.18;18.28;4236624
FR0000120172;12/02/18;18.365;18.72;18.345;18.535;3042729
FR0000120172;13/02/18;18.51;18.59;18.36;18.495;1962541
FR0000120172;14/02/18;18.58;18.80;18.49;18.63;2303693
FR0000120172;15/02/18;19.00;19.365;18.835;19.225;5045199
FR0000120172;16/02/18;19.345;19.595;19.275;19.53;3780257
FR0000120172;19/02/18;19.50;19.73;19.41;19.615;2077708
FR0000120172;20/02/18;19.585;19.665;19.165;19.25;2889481
FR0000120172;21/02/18;19.20;19.20;18.98;19.125;1813194
FR0000120172;22/02/18;18.95;19.025;18.81;18.945;2577723
FR0000120172;23/02/18;18.98;19.245;18.95;19.15;2503320
FR0000120271;01/02/18;47.28;47.455;46.775;47.06;8244692
FR0000120271;02/02/18;47.24;47.385;46.07;46.135;6787348
FR0000120271;05/02/18;45.95;45.965;45.32;45.36;7534505
FR0000120271;06/02/18;43.805;44.605;43.09;43.87;16069236
FR0000120271;07/02/18;44.575;45.08;44.015;44.76;9538886
FR0000120271;08/02/18;45.005;45.875;44.70;45.075;12888019
FR0000120271;09/02/18;45.02;45.36;44.34;44.705;12684742
FR0000120271;12/02/18;45.00;45.68;44.805;45.245;7960852
FR0000120271;13/02/18;45.58;45.685;45.15;45.34;6291773
FR0000120271;14/02/18;45.365;45.62;44.64;45.33;7210798
FR0000120271;15/02/18;45.72;45.84;44.985;45.165;6751372
FR0000120271;16/02/18;45.56;46.12;45.275;45.90;7883297
FR0000120271;19/02/18;45.905;46.07;45.815;45.89;3643917
FR0000120271;20/02/18;46.05;46.60;45.96;46.60;7057664
FR0000120271;21/02/18;46.21;46.82;46.19;46.82;5605350
FR0000120271;22/02/18;46.42;47.035;46.225;46.875;5731624
FR0000120271;23/02/18;46.99;47.26;46.855;47.07;4115792
FR0000120321;01/02/18;184.00;184.30;181.00;181.30;592839
FR0000120321;02/02/18;180.70;182.10;179.35;180.65;835145
FR0000120321;05/02/18;179.10;179.30;176.55;177.00;698332
FR0000120321;06/02/18;173.00;176.15;170.30;171.95;1459172
FR0000120321;07/02/18;174.00;176.20;172.80;175.60;860814
FR0000120321;08/02/18;173.50;175.20;170.85;171.80;842071
FR0000120321;09/02/18;174.25;176.75;171.15;172.35;1395825
FR0000120321;12/02/18;174.00;177.30;173.15;176.40;1083325
FR0000120321;13/02/18;176.30;176.55;174.50;175.00;674603
FR0000120321;14/02/18;175.85;176.60;173.30;175.30;817862
FR0000120321;15/02/18;176.50;176.50;172.90;174.70;953963
FR0000120321;16/02/18;175.40;177.45;175.15;176.80;705630
FR0000120321;19/02/18;177.00;177.50;175.00;175.50;393048
FR0000120321;20/02/18;175.20;176.40;175.00;175.60;466363
FR0000120321;21/02/18;175.10;175.45;172.90;174.40;517173
FR0000120321;22/02/18;173.20;175.95;172.35;175.45;523726
FR0000120321;23/02/18;176.15;178.80;174.60;178.70;591522
FR0000120404;01/02/18;45.88;45.95;45.48;45.68;897231
FR0000120404;02/02/18;45.42;45.43;44.12;44.13;1193256
FR0000120404;05/02/18;43.66;44.54;43.58;44.24;913723
FR0000120404;06/02/18;42.88;44.53;42.10;43.51;2260658
FR0000120404;07/02/18;43.79;44.59;43.37;44.49;1078646
FR0000120404;08/02/18;44.40;44.76;44.16;44.42;1105021
FR0000120404;09/02/18;44.15;44.62;43.94;44.33;1095260
FR0000120404;12/02/18;44.79;45.16;44.53;44.86;1296927
FR0000120404;13/02/18;45.13;45.35;44.97;45.11;974099
FR0000120404;14/02/18;45.40;46.09;45.21;45.88;1075683
FR0000120404;15/02/18;46.02;46.55;45.96;46.03;814933
FR0000120404;16/02/18;46.26;46.48;46.04;46.10;838814
FR0000120404;19/02/18;46.01;46.28;45.30;45.40;697578
FR0000120404;20/02/18;45.35;45.73;45.04;45.45;781725
FR0000120404;21/02/18;44.90;47.47;44.72;47.41;1884463
FR0000120404;22/02/18;47.30;47.65;46.72;47.52;1266631
FR0000120404;23/02/18;47.70;47.70;46.98;47.27;966285
FR0000120503;01/02/18;44.87;44.93;44.30;44.42;634977
FR0000120503;02/02/18;44.29;44.38;43.61;43.61;869453
FR0000120503;05/02/18;43.38;43.38;42.71;42.77;1186638
FR0000120503;06/02/18;41.49;42.32;41.10;41.34;2192479
FR0000120503;07/02/18;41.69;42.10;41.34;41.98;1267726
FR0000120503;08/02/18;41.80;41.94;40.46;40.48;1431646
FR0000120503;09/02/18;40.21;40.69;39.86;40.34;1578996
FR0000120503;12/02/18;40.99;41.21;40.62;40.95;1118560
FR0000120503;13/02/18;40.85;41.06;40.45;40.45;863997
FR0000120503;14/02/18;40.74;41.05;40.35;40.73;748419
FR0000120503;15/02/18;41.08;41.68;40.85;41.56;1019680
FR0000120503;16/02/18;41.73;42.16;41.56;41.78;682792
FR0000120503;19/02/18;41.95;42.00;41.64;41.81;477456
FR0000120503;20/02/18;41.84;42.94;41.75;42.69;1025170
FR0000120503;21/02/18;42.64;43.13;42.43;43.13;840930
FR0000120503;22/02/18;43.97;44.36;42.87;43.22;1454615
FR0000120503;23/02/18;43.35;43.35;42.34;42.84;868081
FR0000120578;01/02/18;71.18;71.71;70.12;70.36;2624606
FR0000120578;02/02/18;70.05;70.27;69.66;69.95;2884251
FR0000120578;05/02/18;69.63;69.71;69.02;69.02;3403365
FR0000120578;06/02/18;67.55;68.78;67.36;67.52;6346407
FR0000120578;07/02/18;66.59;68.11;65.36;66.71;6946534
FR0000120578;08/02/18;65.60;66.55;64.74;65.09;5044063
FR0000120578;09/02/18;65.09;65.33;63.09;63.39;4982916
FR0000120578;12/02/18;64.49;64.95;64.29;64.29;3782129
FR0000120578;13/02/18;64.08;64.27;63.54;63.57;3593155
FR0000120578;14/02/18;63.79;64.33;63.34;63.89;3253039
FR0000120578;15/02/18;63.89;64.10;63.26;63.50;2820889
FR0000120578;16/02/18;63.68;64.88;63.57;64.50;3675375
FR0000120578;19/02/18;64.62;64.80;64.11;64.30;1242402
FR0000120578;20/02/18;64.20;64.61;64.03;64.55;1951416
FR0000120578;21/02/18;64.16;64.91;63.95;64.70;1820445
FR0000120578;22/02/18;64.51;65.13;64.27;64.89;2088921
FR0000120578;23/02/18;65.01;65.22;64.42;65.05;1434698
FR0000120628;01/02/18;26.645;26.88;26.26;26.42;5796140
FR0000120628;02/02/18;26.26;26.71;26.00;26.565;7366243
FR0000120628;05/02/18;26.40;26.555;26.235;26.355;6513084
FR0000120628;06/02/18;25.50;25.94;25.375;25.56;14639245
FR0000120628;07/02/18;25.83;26.01;25.50;25.845;9399878
FR0000120628;08/02/18;25.82;25.95;25.11;25.325;9985340
FR0000120628;09/02/18;25.325;25.37;24.59;24.91;11172317
FR0000120628;12/02/18;25.19;25.52;25.04;25.07;7362868
FR0000120628;13/02/18;25.105;25.20;24.80;24.80;6410638
FR0000120628;14/02/18;24.96;25.17;24.725;24.85;7892599
FR0000120628;15/02/18;25.10;25.50;25.005;25.20;7350188
FR0000120628;16/02/18;25.34;25.39;25.095;25.22;6341012
FR0000120628;19/02/18;25.395;25.455;25.255;25.315;3216623
FR0000120628;20/02/18;25.365;25.475;25.245;25.40;4577725
FR0000120628;21/02/18;25.105;25.64;25.105;25.445;4778210
FR0000120628;22/02/18;25.595;25.81;25.365;25.605;7395628
FR0000120628;23/02/18;25.72;25.725;25.295;25.48;4140847
FR0000120644;01/02/18;69.73;70.41;69.25;69.34;1954893
FR0000120644;02/02/18;68.91;69.10;68.30;68.50;1763233
FR0000120644;05/02/18;68.13;68.40;67.07;67.24;2074609
FR0000120644;06/02/18;65.73;66.95;64.73;65.63;3792405
FR0000120644;07/02/18;66.50;67.16;65.55;67.16;2616636
FR0000120644;08/02/18;66.48;66.78;64.90;65.12;2518077
FR0000120644;09/02/18;64.69;65.27;63.65;63.79;3077936
FR0000120644;12/02/18;64.36;65.08;63.85;64.36;2220514
FR0000120644;13/02/18;64.43;64.99;63.74;63.88;1581097
FR0000120644;14/02/18;64.35;65.16;63.43;64.26;2229770
FR0000120644;15/02/18;64.00;64.34;63.23;64.12;2441566
FR0000120644;16/02/18;65.00;65.95;64.35;65.49;2861818
FR0000120644;19/02/18;65.36;65.49;64.40;64.47;1426815
FR0000120644;20/02/18;64.21;64.77;64.21;64.51;1907670
FR0000120644;21/02/18;64.22;64.79;64.01;64.71;1268195
FR0000120644;22/02/18;64.20;65.61;63.81;65.29;1863160
FR0000120644;23/02/18;65.38;65.84;64.86;65.82;1483490
FR0000120693;01/02/18;128.80;129.80;127.65;128.60;441909
FR0000120693;02/02/18;127.95;128.30;126.85;126.90;380858
FR0000120693;05/02/18;126.40;126.80;125.05;125.25;318384
FR0000120693;06/02/18;122.00;125.55;120.05;122.65;954588
FR0000120693;07/02/18;123.50;124.90;122.90;124.65;477937
FR0000120693;08/02/18;127.25;128.00;126.60;127.30;766286
FR0000120693;09/02/18;126.50;128.50;125.90;127.40;745775
FR0000120693;12/02/18;128.20;129.80;127.25;129.10;491134
FR0000120693;13/02/18;129.00;129.65;128.50;128.95;443464
FR0000120693;14/02/18;129.55;131.95;129.25;131.45;674523
FR0000120693;15/02/18;130.75;131.40;129.45;131.35;505544
FR0000120693;16/02/18;131.75;134.75;131.45;134.60;528911
FR0000120693;19/02/18;134.35;134.50;133.15;133.55;298924
FR0000120693;20/02/18;133.30;134.00;132.80;133.00;304259
FR0000120693;21/02/18;132.50;134.65;132.30;134.30;293502
FR0000120693;22/02/18;134.50;134.70;133.45;134.30;349270
FR0000120693;23/02/18;134.95;135.40;134.40;134.60;364955
FR0000121014;01/02/18;253.80;253.95;250.90;252.15;661700
FR0000121014;02/02/18;251.35;251.50;247.90;247.90;719341
FR0000121014;05/02/18;246.00;247.00;242.20;242.45;719760
FR0000121014;06/02/18;236.20;239.85;233.25;236.15;1426997
FR0000121014;07/02/18;238.95;245.95;236.50;245.00;1218823
FR0000121014;08/02/18;241.90;243.70;236.15;237.45;1063332
FR0000121014;09/02/18;236.85;239.30;232.50;234.90;1203665
FR0000121014;12/02/18;238.50;242.70;238.45;241.85;973280
FR0000121014;13/02/18;241.70;241.75;236.40;237.35;753274
FR0000121014;14/02/18;239.40;242.40;234.75;240.90;819734
FR0000121014;15/02/18;242.40;244.30;241.40;244.30;710450
FR0000121014;16/02/18;244.80;248.65;244.15;248.50;835460
FR0000121014;19/02/18;249.00;249.00;245.15;245.20;396907
FR0000121014;20/02/18;245.00;246.05;242.90;245.10;551368
FR0000121014;21/02/18;244.45;246.70;244.10;246.70;427299
FR0000121014;22/02/18;245.50;245.55;241.15;245.05;575633
FR0000121014;23/02/18;247.05;247.05;244.65;246.75;414841
FR0000121220;01/02/18;101.75;102.35;100.65;101.50;504885
FR0000121220;02/02/18;98.82;99.86;98.14;99.02;636768
FR0000121220;05/02/18;98.22;98.70;97.60;98.18;441460
FR0000121220;06/02/18;95.96;98.46;95.36;97.70;762964
FR0000121220;07/02/18;98.44;99.60;97.36;99.12;500915
FR0000121220;08/02/18;98.86;99.54;98.00;98.68;569698
FR0000121220;09/02/18;98.44;98.72;97.36;98.34;557795
FR0000121220;12/02/18;99.08;100.20;98.74;99.82;388284
FR0000121220;13/02/18;99.66;101.30;98.90;99.04;320092
FR0000121220;14/02/18;99.54;99.94;98.36;99.40;434172
FR0000121220;15/02/18;99.64;99.94;99.20;99.64;300765
FR0000121220;16/02/18;99.82;100.95;99.78;100.80;297421
FR0000121220;19/02/18;100.95;101.35;99.68;99.78;177535
FR0000121220;20/02/18;99.60;99.90;97.84;99.30;473684
FR0000121220;21/02/18;99.06;100.45;99.06;100.30;345315
FR0000121220;22/02/18;99.86;100.40;98.98;100.10;315931
FR0000121220;23/02/18;100.45;100.70;99.54;99.68;196791
FR0000121261;01/02/18;129.30;130.40;127.55;127.90;433902
FR0000121261;02/02/18;127.20;127.50;124.35;125.50;655436
FR0000121261;05/02/18;124.95;125.35;123.05;123.30;465227
FR0000121261;06/02/18;118.70;124.45;117.50;123.45;956269
FR0000121261;07/02/18;125.55;126.70;123.65;126.55;665887
FR0000121261;08/02/18;126.00;126.50;123.15;123.50;596691
FR0000121261;09/02/18;122.70;124.35;121.00;122.05;662597
FR0000121261;12/02/18;123.55;126.35;122.65;125.30;700533
FR0000121261;13/02/18;125.30;125.30;121.55;122.70;747323
FR0000121261;14/02/18;123.55;125.35;121.05;124.25;638953
FR0000121261;15/02/18;124.50;125.75;122.65;123.15;691513
FR0000121261;16/02/18;123.45;126.65;123.45;126.20;650928
FR0000121261;19/02/18;127.00;127.00;124.40;124.55;320584
FR0000121261;20/02/18;124.40;126.30;123.75;126.30;505156
FR0000121261;21/02/18;126.20;127.65;124.95;127.65;355163
FR0000121261;22/02/18;126.65;127.05;125.10;125.95;399571
FR0000121261;23/02/18;126.40;126.50;124.90;125.30;436643
FR0000121485;01/02/18;408.20;408.90;404.40;408.40;109352
FR0000121485;02/02/18;407.30;407.30;396.10;396.50;191281
FR0000121485;05/02/18;391.70;395.30;385.30;388.90;279120
FR0000121485;06/02/18;375.60;384.00;369.30;374.20;417705
FR0000121485;07/02/18;379.30;390.20;376.40;388.50;305727
FR0000121485;08/02/18;386.20;386.20;372.00;372.30;272662
FR0000121485;09/02/18;369.60;373.60;363.80;366.90;391166
FR0000121485;12/02/18;370.80;380.80;370.40;380.00;398796
FR0000121485;13/02/18;378.10;381.40;364.40;365.00;605660
FR0000121485;14/02/18;369.90;386.30;365.40;384.60;500500
FR0000121485;15/02/18;393.50;394.90;387.90;392.50;301610
FR0000121485;16/02/18;393.20;394.20;388.30;392.60;237686
FR0000121485;19/02/18;396.30;396.70;387.70;389.50;119546
FR0000121485;20/02/18;389.70;392.10;388.00;390.20;134424
FR0000121485;21/02/18;391.00;395.40;388.30;395.40;178493
FR0000121485;22/02/18;392.00;396.50;389.50;394.10;200427
FR0000121485;23/02/18;394.90;395.50;390.30;391.80;122010
FR0000121501;01/02/18;18.15;18.765;18.11;18.65;4494588
FR0000121501;02/02/18;18.61;18.815;18.225;18.65;4002180
FR0000121501;05/02/18;18.41;18.525;18.105;18.385;4610354
FR0000121501;06/02/18;17.51;18.375;17.30;18.055;6312380
FR0000121501;07/02/18;18.29;18.635;18.075;18.535;4304015
FR0000121501;08/02/18;18.43;18.535;17.855;17.98;3563195
FR0000121501;09/02/18;17.80;18.14;17.415;17.53;4682069
FR0000121501;12/02/18;17.735;17.965;17.515;17.585;3120827
FR0000121501;13/02/18;17.57;17.695;17.48;17.53;2083839
FR0000121501;14/02/18;17.65;17.97;17.505;17.815;3434063
FR0000121501;15/02/18;18.035;18.33;17.845;17.90;3251529
FR0000121501;16/02/18;18.05;18.255;17.96;18.045;3276416
FR0000121501;19/02/18;18.06;18.14;17.78;17.86;1533363
FR0000121501;20/02/18;17.855;17.965;17.655;17.90;2437005
FR0000121501;21/02/18;17.92;17.925;17.655;17.785;1485652
FR0000121501;22/02/18;17.63;18.045;17.48;17.95;3411543
FR0000121501;23/02/18;18.00;18.125;17.805;17.93;2834178
FR0000121667;01/02/18;114.60;115.10;112.25;112.35;498608
FR0000121667;02/02/18;112.05;112.40;110.75;111.05;590481
FR0000121667;05/02/18;110.30;110.40;108.30;108.30;761709
FR0000121667;06/02/18;105.70;108.00;105.35;106.40;1299696
FR0000121667;07/02/18;106.70;109.10;106.15;108.80;774126
FR0000121667;08/02/18;108.15;108.45;105.85;106.45;893337
FR0000121667;09/02/18;105.90;107.55;105.45;106.25;1074701
FR0000121667;12/02/18;106.90;107.90;106.35;107.05;500038
FR0000121667;13/02/18;107.15;107.60;106.35;106.45;605630
FR0000121667;14/02/18;107.00;108.80;106.45;107.85;558098
FR0000121667;15/02/18;107.95;109.45;107.65;108.75;605931
FR0000121667;16/02/18;109.10;111.45;108.95;111.00;613812
FR0000121667;19/02/18;111.10;111.55;109.20;109.40;299005
FR0000121667;20/02/18;109.00;109.70;108.10;109.15;463977
FR0000121667;21/02/18;108.80;110.20;107.80;109.90;410958
FR0000121667;22/02/18;109.30;110.00;108.50;109.80;619105
FR0000121667;23/02/18;109.80;109.90;108.75;109.85;532668
FR0000121972;01/02/18;75.58;75.84;74.20;74.38;1313968
FR0000121972;02/02/18;74.10;74.24;72.38;72.38;1915661
FR0000121972;05/02/18;71.72;72.24;71.50;71.82;1696907
FR0000121972;06/02/18;69.48;70.98;69.00;70.42;3481245
FR0000121972;07/02/18;70.90;72.02;70.14;71.40;2347797
FR0000121972;08/02/18;70.80;70.96;69.08;69.52;2301573
FR0000121972;09/02/18;68.88;69.88;68.46;69.34;2833681
FR0000121972;12/02/18;70.26;70.52;69.60;69.60;1533342
FR0000121972;13/02/18;69.50;69.80;68.74;68.74;1538550
FR0000121972;14/02/18;69.46;69.90;68.30;69.24;2050978
FR0000121972;15/02/18;70.96;73.80;70.54;71.60;2692167
FR0000121972;16/02/18;72.98;74.70;71.48;72.16;2280577
FR0000121972;19/02/18;72.42;72.58;71.76;71.90;745537
FR0000121972;20/02/18;71.78;72.52;71.44;72.52;1476611
FR0000121972;21/02/18;72.28;72.42;71.56;72.34;894529
FR0000121972;22/02/18;71.76;72.40;71.44;72.08;1161854
FR0000121972;23/02/18;72.28;72.38;71.58;72.00;791648
FR0000124141;01/02/18;20.35;20.49;20.27;20.34;1890600
FR0000124141;02/02/18;20.30;20.30;19.745;19.93;2796672
FR0000124141;05/02/18;19.825;19.965;19.485;19.56;2664605
FR0000124141;06/02/18;19.00;19.305;18.835;19.16;3481905
FR0000124141;07/02/18;19.53;19.61;19.24;19.555;2715263
FR0000124141;08/02/18;19.45;19.765;19.31;19.67;2715001
FR0000124141;09/02/18;19.46;19.565;19.09;19.19;2740868
FR0000124141;12/02/18;19.315;19.53;19.195;19.38;1810710
FR0000124141;13/02/18;19.34;19.405;19.215;19.275;1752052
FR0000124141;14/02/18;19.36;19.795;19.275;19.665;2586151
FR0000124141;15/02/18;19.665;19.675;19.31;19.37;1939999
FR0000124141;16/02/18;19.475;19.745;19.445;19.60;1543996
FR0000124141;19/02/18;19.49;19.53;19.195;19.275;1510067
FR0000124141;20/02/18;19.235;19.38;19.195;19.355;1687381
FR0000124141;21/02/18;19.34;19.57;19.24;19.55;1777807
FR0000124141;22/02/18;19.99;20.21;19.43;19.965;4120746
FR0000124141;23/02/18;19.87;20.28;19.755;20.12;2054768
FR0000124711;01/02/18;209.00;209.50;202.20;202.70;577224
FR0000124711;02/02/18;203.00;203.10;200.00;201.10;463427
FR0000124711;05/02/18;200.20;200.30;195.25;195.65;512252
FR0000124711;06/02/18;190.00;193.25;188.35;190.30;890202
FR0000124711;07/02/18;192.05;194.60;190.90;194.25;492673
FR0000124711;08/02/18;191.90;191.90;187.95;188.40;664298
FR0000124711;09/02/18;187.10;188.75;185.45;187.35;706064
FR0000124711;12/02/18;189.25;189.70;187.50;188.50;415336
FR0000124711;13/02/18;187.45;189.05;185.70;185.85;357709
FR0000124711;14/02/18;187.50;191.00;186.05;187.30;428023
FR0000124711;15/02/18;187.90;188.10;184.40;185.55;394457
FR0000124711;16/02/18;186.35;189.35;185.60;188.85;381184
FR0000124711;19/02/18;189.95;190.00;186.70;187.40;189181
FR0000124711;20/02/18;187.00;189.25;186.90;188.60;256912
FR0000124711;21/02/18;188.35;189.55;186.70;189.40;310270
FR0000124711;22/02/18;188.15;190.85;186.45;190.55;329008
FR0000124711;23/02/18;191.00;193.45;190.10;192.55;315298
FR0000125007;01/02/18;47.00;47.275;46.135;46.325;2190791
FR0000125007;02/02/18;46.20;46.235;45.365;45.635;2548991
FR0000125007;05/02/18;45.50;45.50;44.80;44.82;2256927
FR0000125007;06/02/18;43.45;44.49;43.29;43.985;4083682
FR0000125007;07/02/18;44.28;44.55;43.615;44.36;2606340
FR0000125007;08/02/18;44.235;44.235;42.695;42.91;2648265
FR0000125007;09/02/18;42.72;43.075;42.05;42.525;3308638
FR0000125007;12/02/18;43.085;43.385;42.80;42.845;1682612
FR0000125007;13/02/18;42.75;43.065;42.525;42.59;1802057
FR0000125007;14/02/18;42.825;43.595;42.52;43.24;2626184
FR0000125007;15/02/18;43.715;44.25;43.535;43.79;2089303
FR0000125007;16/02/18;44.01;44.205;43.565;43.62;2697176
FR0000125007;19/02/18;43.735;43.86;42.975;42.99;1649788
FR0000125007;20/02/18;43.00;44.365;43.00;44.26;2530592
FR0000125007;21/02/18;44.27;44.465;43.71;44.37;1519039
FR0000125007;22/02/18;43.705;44.335;43.485;44.095;1929018
FR0000125007;23/02/18;45.28;45.825;44.665;45.375;2839063
FR0000125338;01/02/18;107.50;108.85;107.35;108.10;534424
FR0000125338;02/02/18;107.85;107.90;105.25;105.35;498526
FR0000125338;05/02/18;105.10;105.10;102.90;103.30;567602
FR0000125338;06/02/18;100.45;102.00;99.64;100.55;1176021
FR0000125338;07/02/18;101.80;102.95;100.25;102.80;637496
FR0000125338;08/02/18;101.95;102.00;98.44;98.94;701392
FR0000125338;09/02/18;98.60;99.72;97.38;98.10;811585
FR0000125338;12/02/18;99.00;100.45;98.42;100.10;687476
FR0000125338;13/02/18;100.35;101.05;100.10;100.60;463488
FR0000125338;14/02/18;100.85;102.95;100.55;102.00;619765
FR0000125338;15/02/18;103.80;105.60;103.35;104.35;623842
FR0000125338;16/02/18;105.00;105.00;103.55;104.60;505094
FR0000125338;19/02/18;105.65;105.80;104.55;104.95;389445
FR0000125338;20/02/18;104.75;104.90;102.85;103.60;750755
FR0000125338;21/02/18;103.00;103.30;101.70;102.55;764306
FR0000125338;22/02/18;102.35;102.75;101.50;101.75;769082
FR0000125338;23/02/18;102.20;102.20;101.20;101.65;473925
FR0000125486;01/02/18;87.00;87.16;85.74;86.10;1386266
FR0000125486;02/02/18;85.80;86.04;84.88;84.88;1571498
FR0000125486;05/02/18;84.18;84.20;82.24;83.42;1798073
FR0000125486;06/02/18;81.10;83.38;81.00;82.76;3660671
FR0000125486;07/02/18;83.16;83.62;82.14;83.62;1840880
FR0000125486;08/02/18;83.50;83.80;80.10;80.58;2541678
FR0000125486;09/02/18;80.20;80.68;77.56;77.88;3585612
FR0000125486;12/02/18;78.88;80.08;78.68;79.92;2247191
FR0000125486;13/02/18;80.00;80.34;79.30;79.94;1618402
FR0000125486;14/02/18;80.68;81.38;79.68;81.12;1967374
FR0000125486;15/02/18;81.84;82.04;81.34;82.00;1519000
FR0000125486;16/02/18;82.38;83.60;81.98;83.02;1960563
FR0000125486;19/02/18;83.46;83.50;82.10;82.20;863365
FR0000125486;20/02/18;82.02;82.84;82.02;82.78;1187714
FR0000125486;21/02/18;82.38;82.92;81.78;82.90;941123
FR0000125486;22/02/18;82.16;82.74;81.08;82.54;1469911
FR0000125486;23/02/18;82.62;83.20;82.40;82.90;1054426
FR0000127771;01/02/18;23.49;23.56;23.15;23.42;3387045
FR0000127771;02/02/18;23.31;23.47;22.66;22.66;3506126
FR0000127771;05/02/18;22.50;22.52;22.14;22.21;4237342
FR0000127771;06/02/18;21.55;22.39;21.46;21.94;6593529
FR0000127771;07/02/18;22.16;22.68;21.98;22.64;4988161
FR0000127771;08/02/18;22.53;22.57;21.71;21.81;5352151
FR0000127771;09/02/18;21.66;21.96;21.18;21.29;5841375
FR0000127771;12/02/18;21.48;21.78;21.45;21.68;3585335
FR0000127771;13/02/18;21.61;21.72;21.42;21.46;2621525
FR0000127771;14/02/18;21.62;22.01;21.49;21.87;4566739
FR0000127771;15/02/18;21.80;22.21;21.76;22.20;3364097
FR0000127771;16/02/18;21.40;21.73;20.26;20.86;14766846
FR0000127771;19/02/18;21.06;21.17;20.90;20.97;4154399
FR0000127771;20/02/18;20.93;21.52;20.91;21.30;5259033
FR0000127771;21/02/18;21.01;21.15;20.78;20.94;4768550
FR0000127771;22/02/18;20.83;21.02;20.68;20.96;4946275
FR0000127771;23/02/18;21.00;21.25;20.85;20.90;3654398
FR0000130577;01/02/18;55.68;56.36;55.48;56.00;574570
FR0000130577;02/02/18;55.80;55.94;55.12;55.44;638073
FR0000130577;05/02/18;55.10;55.26;54.28;54.50;722015
FR0000130577;06/02/18;53.28;54.66;52.88;54.10;1134673
FR0000130577;07/02/18;54.38;56.28;53.90;55.74;1068292
FR0000130577;08/02/18;57.76;59.70;56.92;57.94;2398727
FR0000130577;09/02/18;57.82;58.18;56.44;56.66;1306619
FR0000130577;12/02/18;57.20;57.56;56.94;57.32;954333
FR0000130577;13/02/18;57.30;59.90;57.10;59.48;1516585
FR0000130577;14/02/18;59.84;63.10;59.76;62.34;2237811
FR0000130577;15/02/18;62.48;63.18;60.60;62.40;1576079
FR0000130577;16/02/18;62.72;63.04;62.06;62.66;832194
FR0000130577;19/02/18;62.60;62.96;61.20;61.40;739873
FR0000130577;20/02/18;60.96;61.76;60.64;61.50;815122
FR0000130577;21/02/18;61.38;61.40;60.54;60.88;602464
FR0000130577;22/02/18;60.52;61.04;60.18;60.76;749141
FR0000130577;23/02/18;60.98;61.22;60.58;60.92;526162
FR0000130809;01/02/18;47.20;47.505;46.125;46.645;4257496
FR0000130809;02/02/18;46.51;46.575;45.835;45.925;5034889
FR0000130809;05/02/18;45.49;45.935;45.07;45.32;4600009
FR0000130809;06/02/18;43.805;44.835;43.525;43.91;8405416
FR0000130809;07/02/18;44.36;44.815;43.62;44.265;5505314
FR0000130809;08/02/18;46.40;46.995;45.065;45.13;7110344
FR0000130809;09/02/18;44.965;45.00;43.485;44.135;7808172
FR0000130809;12/02/18;44.60;45.14;44.37;44.525;4477997
FR0000130809;13/02/18;44.57;44.99;44.415;44.55;3757917
FR0000130809;14/02/18;44.92;45.97;44.715;45.60;6765255
FR0000130809;15/02/18;46.20;46.81;45.925;46.225;4741559
FR0000130809;16/02/18;46.465;46.775;46.275;46.52;3963757
FR0000130809;19/02/18;46.665;46.91;46.435;46.46;1679155
FR0000130809;20/02/18;46.46;46.535;45.905;46.255;3545124
FR0000130809;21/02/18;46.135;46.67;45.815;46.405;2761652
FR0000130809;22/02/18;46.165;46.80;46.075;46.68;2986898
FR0000130809;23/02/18;46.70;46.74;46.35;46.535;1724395
FR0000131104;01/02/18;67.23;67.62;65.86;66.63;3816246
FR0000131104;02/02/18;66.48;66.63;65.54;66.00;3800872
FR0000131104;05/02/18;65.25;66.48;65.01;65.38;4418384
FR0000131104;06/02/18;62.45;65.18;61.38;63.25;8607326
FR0000131104;07/02/18;64.05;64.88;63.02;64.55;6000938
FR0000131104;08/02/18;64.59;65.71;63.94;64.42;5868679
FR0000131104;09/02/18;64.07;64.66;62.25;63.20;7090693
FR0000131104;12/02/18;63.74;64.28;63.13;63.37;4497835
FR0000131104;13/02/18;63.52;63.77;62.94;63.00;3894252
FR0000131104;14/02/18;63.44;64.05;62.76;63.58;4670268
FR0000131104;15/02/18;64.20;64.93;63.69;63.90;4155361
FR0000131104;16/02/18;64.20;64.93;63.89;64.65;4357088
FR0000131104;19/02/18;64.80;65.13;64.61;64.61;1679014
FR0000131104;20/02/18;64.54;65.13;64.20;65.08;2423621
FR0000131104;21/02/18;65.24;65.38;64.31;64.95;2473461
FR0000131104;22/02/18;64.64;65.28;64.52;65.10;2664594
FR0000131104;23/02/18;65.23;65.29;64.56;64.89;1874015
FR0000131906;01/02/18;89.40;90.45;87.23;88.37;1059465
FR0000131906;02/02/18;88.56;88.57;86.21;87.58;1180388
FR0000131906;05/02/18;86.70;86.82;85.63;86.66;1293994
FR0000131906;06/02/18;83.00;85.51;82.50;83.68;2364966
FR0000131906;07/02/18;84.80;85.85;83.81;85.56;1073429
FR0000131906;08/02/18;84.28;85.47;82.78;83.12;1384429
FR0000131906;09/02/18;83.12;84.28;82.04;82.58;1247832
FR0000131906;12/02/18;83.73;85.98;82.96;85.07;1720761
FR0000131906;13/02/18;85.10;85.53;84.46;84.61;982280
FR0000131906;14/02/18;85.27;86.60;83.65;86.10;1070756
FR0000131906;15/02/18;86.63;87.66;85.13;86.04;1283328
FR0000131906;16/02/18;90.00;90.10;87.29;87.80;1729218
FR0000131906;19/02/18;88.90;88.90;87.48;87.89;654730
FR0000131906;20/02/18;87.70;87.96;85.84;86.90;925609
FR0000131906;21/02/18;86.83;86.83;85.66;86.14;644743
FR0000131906;22/02/18;85.47;87.18;84.66;86.94;887737
FR0000131906;23/02/18;87.28;88.25;86.64;87.79;872312
FR0000133308;01/02/18;14.595;14.675;14.43;14.455;6647114
FR0000133308;02/02/18;14.42;14.45;14.025;14.16;12588945
FR0000133308;05/02/18;14.09;14.19;13.935;13.94;7342285
FR0000133308;06/02/18;13.65;13.87;13.58;13.615;13385481
FR0000133308;07/02/18;13.745;13.915;13.66;13.855;9216740
FR0000133308;08/02/18;13.79;13.79;13.465;13.545;8742958
FR0000133308;09/02/18;13.52;13.60;13.315;13.40;10281524
FR0000133308;12/02/18;13.59;13.715;13.43;13.565;6196697
FR0000133308;13/02/18;13.555;13.585;13.415;13.43;5277006
FR0000133308;14/02/18;13.475;13.67;13.415;13.45;6651087
FR0000133308;15/02/18;13.52;13.525;13.415;13.49;5578736
FR0000133308;16/02/18;13.57;13.715;13.56;13.645;5487361
FR0000133308;19/02/18;13.65;13.695;13.53;13.545;4208648
FR0000133308;20/02/18;13.60;13.71;13.535;13.675;5685705
FR0000133308;21/02/18;13.90;14.015;13.655;13.695;10474764
FR0000133308;22/02/18;13.68;13.93;13.615;13.81;10027831
FR0000133308;23/02/18;13.885;14.025;13.80;14.015;7089370
FR0010208488;01/02/18;14.045;14.14;13.765;13.84;7860675
FR0010208488;02/02/18;13.79;13.79;13.505;13.575;8183618
FR0010208488;05/02/18;13.60;13.71;13.325;13.37;9769249
FR0010208488;06/02/18;12.98;13.26;12.905;13.03;14246308
FR0010208488;07/02/18;13.175;13.235;12.995;13.175;8127838
FR0010208488;08/02/18;13.035;13.055;12.785;12.845;11565259
FR0010208488;09/02/18;12.74;12.805;12.525;12.635;11633224
FR0010208488;12/02/18;12.73;12.845;12.625;12.655;6083467
FR0010208488;13/02/18;12.645;12.665;12.495;12.495;6867514
FR0010208488;14/02/18;12.55;12.75;12.50;12.615;7059561
FR0010208488;15/02/18;12.645;12.645;12.47;12.525;6593753
FR0010208488;16/02/18;12.63;12.815;12.595;12.65;7079071
FR0010208488;19/02/18;12.63;12.65;12.525;12.585;3762774
FR0010208488;20/02/18;12.58;12.685;12.535;12.615;4385630
FR0010208488;21/02/18;12.63;12.72;12.555;12.70;6274772
FR0010208488;22/02/18;12.63;12.88;12.565;12.815;7073714
FR0010208488;23/02/18;12.835;13.04;12.765;12.975;7586501
FR0010307819;01/02/18;67.14;67.44;66.18;66.42;570246
FR0010307819;02/02/18;66.32;66.34;65.28;65.38;504705
FR0010307819;05/02/18;65.00;65.08;64.32;64.34;556707
FR0010307819;06/02/18;62.98;63.76;62.50;63.06;1026215
FR0010307819;07/02/18;63.84;64.32;62.76;64.16;786924
FR0010307819;08/02/18;64.16;64.16;61.42;61.60;887652
FR0010307819;09/02/18;61.50;62.02;60.60;61.20;881399
FR0010307819;12/02/18;61.88;62.16;61.56;61.56;489937
FR0010307819;13/02/18;61.56;61.86;61.08;61.14;487279
FR0010307819;14/02/18;61.42;61.88;60.42;61.60;706133
FR0010307819;15/02/18;61.98;62.58;61.78;62.10;499223
FR0010307819;16/02/18;62.24;62.96;62.10;62.88;494016
FR0010307819;19/02/18;62.92;62.92;62.12;62.38;332490
FR0010307819;20/02/18;62.44;63.66;62.44;63.50;557388
FR0010307819;21/02/18;63.38;63.92;62.68;63.90;592731
FR0010307819;22/02/18;63.38;64.10;62.80;63.94;607730
FR0010307819;23/02/18;64.26;64.40;63.72;64.40;520651
FR0013176526;01/02/18;63.70;64.20;61.90;62.28;835101
FR0013176526;02/02/18;62.14;62.42;61.24;61.38;892172
FR0013176526;05/02/18;61.10;61.20;60.32;60.68;726378
FR0013176526;06/02/18;58.28;60.60;57.22;59.54;1263666
FR0013176526;07/02/18;60.48;60.90;59.68;60.90;1173586
FR0013176526;08/02/18;60.76;61.14;58.92;59.08;999016
FR0013176526;09/02/18;58.68;59.44;57.94;58.22;777019
FR0013176526;12/02/18;58.90;59.10;58.28;58.50;937171
FR0013176526;13/02/18;58.50;58.70;57.80;58.00;654424
FR0013176526;14/02/18;58.40;59.78;57.78;59.54;920038
FR0013176526;15/02/18;59.90;60.62;59.38;59.86;807702
FR0013176526;16/02/18;60.20;60.92;59.82;60.32;817275
FR0013176526;19/02/18;60.26;60.58;59.76;59.84;352619
FR0013176526;20/02/18;59.74;60.58;59.42;60.58;701344
FR0013176526;21/02/18;60.66;61.60;60.32;61.60;811432
FR0013176526;22/02/18;61.50;61.98;60.62;61.66;826427
FR0013176526;23/02/18;56.20;57.06;54.16;54.82;4362404
GB00BDSFG982;01/02/18;26.11;26.48;25.88;26.21;1090588
GB00BDSFG982;02/02/18;26.54;26.60;26.13;26.45;1577064
GB00BDSFG982;05/02/18;26.23;26.69;25.93;26.48;1361296
GB00BDSFG982;06/02/18;25.41;26.03;24.89;25.33;2785573
GB00BDSFG982;07/02/18;25.66;26.04;25.25;25.39;2223594
GB00BDSFG982;08/02/18;24.85;25.10;24.39;24.45;1948794
GB00BDSFG982;09/02/18;24.08;24.36;23.51;23.60;2201269
GB00BDSFG982;12/02/18;23.80;24.34;23.72;23.83;1740083
GB00BDSFG982;13/02/18;24.13;24.17;23.31;23.31;1684039
GB00BDSFG982;14/02/18;23.70;23.96;23.14;23.69;1623833
GB00BDSFG982;15/02/18;24.30;24.40;23.37;23.58;1691275
GB00BDSFG982;16/02/18;23.70;24.00;23.51;23.95;1531782
GB00BDSFG982;19/02/18;23.83;24.15;23.81;24.02;605206
GB00BDSFG982;20/02/18;24.07;24.22;23.90;23.95;1078899
GB00BDSFG982;21/02/18;23.92;24.02;23.57;23.78;1428501
GB00BDSFG982;22/02/18;24.60;25.26;24.12;24.71;2842336
GB00BDSFG982;23/02/18;24.85;24.93;24.55;24.81;1308611
LU1598757687;01/02/18;29.90;30.165;28.805;28.925;8753911
LU1598757687;02/02/18;29.00;29.075;27.68;27.80;8272114
LU1598757687;05/02/18;27.39;28.195;27.24;28.105;6287482
LU1598757687;06/02/18;26.85;27.96;26.60;27.09;11859181
LU1598757687;07/02/18;27.81;27.88;27.085;27.71;8121996
LU1598757687;08/02/18;27.50;27.52;26.445;26.61;7036780
LU1598757687;09/02/18;26.38;26.835;26.005;26.285;9567322
LU1598757687;12/02/18;27.05;27.28;26.76;26.79;6588547
LU1598757687;13/02/18;26.96;27.48;26.83;27.37;4948408
LU1598757687;14/02/18;27.59;28.125;26.965;27.86;7488300
LU1598757687;15/02/18;28.50;28.715;27.795;28.22;7152645
LU1598757687;16/02/18;28.40;28.50;27.99;28.435;4965950
LU1598757687;19/02/18;29.08;29.24;28.515;28.795;5073840
LU1598757687;20/02/18;29.02;29.17;28.65;28.835;5299525
LU1598757687;21/02/18;28.485;28.755;28.30;28.60;4088148
LU1598757687;22/02/18;28.21;28.65;28.00;28.54;4531594
LU1598757687;23/02/18;28.61;28.745;28.125;28.19;2968893
NL0000226223;01/02/18;19.35;19.435;19.015;19.085;2636212
NL0000226223;02/02/18;19.025;19.04;18.375;18.50;2607269
NL0000226223;05/02/18;18.215;18.79;18.07;18.65;2893259
NL0000226223;06/02/18;17.90;18.475;17.625;18.10;4586959
NL0000226223;07/02/18;18.39;18.40;17.975;18.34;2943602
NL0000226223;08/02/18;18.15;18.20;17.155;17.295;3348784
NL0000226223;09/02/18;17.19;17.745;16.93;17.225;4601325
NL0000226223;12/02/18;17.425;17.595;17.295;17.435;2836322
NL0000226223;13/02/18;17.38;17.56;17.345;17.345;1562349
NL0000226223;14/02/18;17.52;17.92;17.28;17.865;2898706
NL0000226223;15/02/18;18.035;18.255;17.795;18.065;2086928
NL0000226223;16/02/18;18.24;18.24;18.04;18.04;2045431
NL0000226223;19/02/18;18.10;18.11;17.94;18.00;939732
NL0000226223;20/02/18;17.95;18.47;17.85;18.455;1787901
NL0000226223;21/02/18;18.485;18.785;18.32;18.785;1944729
NL0000226223;22/02/18;18.61;18.61;18.30;18.41;2143256
NL0000226223;23/02/18;18.505;18.665;18.285;18.64;1129212
NL0000235190;01/02/18;93.10;93.20;90.73;91.17;1962691
NL0000235190;02/02/18;89.36;90.28;87.13;87.97;2700960
NL0000235190;05/02/18;87.19;87.19;85.32;86.60;2275453
NL0000235190;06/02/18;83.52;87.14;82.05;85.01;4166870
NL0000235190;07/02/18;86.06;88.46;85.11;88.40;2624500
NL0000235190;08/02/18;87.77;88.06;85.23;85.51;2627891
NL0000235190;09/02/18;84.91;85.44;82.02;83.54;3548261
NL0000235190;12/02/18;84.00;84.00;82.17;82.52;2886647
NL0000235190;13/02/18;82.52;84.01;82.46;83.15;2115440
NL0000235190;14/02/18;83.92;84.48;81.33;84.17;2325684
NL0000235190;15/02/18;90.50;93.47;89.78;92.82;5856239
NL0000235190;16/02/18;93.37;95.60;93.21;95.53;3477298
NL0000235190;19/02/18;95.53;96.25;94.45;94.89;1575164
NL0000235190;20/02/18;94.51;97.47;94.21;96.99;2221403
NL0000235190;21/02/18;97.47;97.86;96.90;97.66;2045573
NL0000235190;22/02/18;97.20;98.00;97.01;97.70;1946425
NL0000235190;23/02/18;97.94;98.30;97.33;98.30;1401492
