BE0003470755;01/06/16;91.50;91.50;88.45;88.99;482780
BE0003470755;02/06/16;89.00;89.91;88.78;88.99;271686
BE0003470755;03/06/16;89.29;89.79;87.55;88.01;334950
BE0003470755;06/06/16;88.19;89.59;88.19;89.39;249198
BE0003470755;07/06/16;90.00;91.06;89.89;90.52;267956
BE0003470755;08/06/16;90.28;90.39;89.61;90.27;243474
BE0003470755;09/06/16;90.01;90.05;88.99;89.12;243376
BE0003470755;10/06/16;88.80;88.93;85.86;86.80;409903
BE0003470755;13/06/16;85.53;86.00;84.40;85.10;309171
BE0003470755;14/06/16;84.39;84.53;82.99;83.12;421063
BE0003470755;15/06/16;83.50;84.45;83.22;83.77;436579
BE0003470755;16/06/16;83.20;83.73;82.48;83.38;379092
BE0003470755;17/06/16;84.13;85.03;83.84;84.90;491995
BE0003470755;20/06/16;86.67;87.88;86.39;87.27;232905
BE0003470755;21/06/16;87.13;88.00;86.80;87.55;177231
BE0003470755;22/06/16;87.92;89.00;87.54;88.25;253767
BE0003470755;23/06/16;88.46;90.54;88.37;90.13;371030
BE0003470755;24/06/16;81.20;84.95;80.75;83.05;1114125
BE0003470755;27/06/16;83.00;83.48;79.30;80.18;683736
BE0003470755;28/06/16;82.24;82.52;80.80;80.92;492747
BE0003470755;29/06/16;82.49;83.28;81.73;82.38;426876
BE0003470755;30/06/16;82.40;83.97;81.40;83.38;471268
CH0012214059;01/06/16;40.28;40.585;39.665;40.17;366794
CH0012214059;02/06/16;40.33;40.725;39.975;40.335;216677
CH0012214059;03/06/16;40.57;40.655;39.32;39.525;355939
CH0012214059;06/06/16;39.64;39.895;39.285;39.835;179400
CH0012214059;07/06/16;39.885;40.74;39.74;40.74;219179
CH0012214059;08/06/16;40.56;41.24;40.44;40.79;227562
CH0012214059;09/06/16;40.65;40.76;39.755;39.815;199864
CH0012214059;10/06/16;39.73;39.73;38.155;38.485;442152
CH0012214059;13/06/16;38.075;38.135;36.785;36.89;338676
CH0012214059;14/06/16;36.585;36.99;36.355;36.37;498214
CH0012214059;15/06/16;36.765;37.835;36.61;37.315;553623
CH0012214059;16/06/16;36.74;37.065;36.22;36.50;493854
CH0012214059;17/06/16;36.775;37.63;36.71;37.24;512236
CH0012214059;20/06/16;38.345;39.135;37.74;39.135;339343
CH0012214059;21/06/16;39.02;39.17;38.67;39.065;293176
CH0012214059;22/06/16;39.38;39.775;38.945;39.41;271514
CH0012214059;23/06/16;39.70;40.25;39.165;40.175;471193
CH0012214059;24/06/16;36.14;38.165;36.06;36.68;1213900
CH0012214059;27/06/16;36.43;36.555;33.98;34.38;720151
CH0012214059;28/06/16;35.23;35.525;34.855;35.365;706654
CH0012214059;29/06/16;35.72;36.64;35.50;36.64;590640
CH0012214059;30/06/16;36.695;37.585;36.15;37.10;744217
FR0000045072;01/06/16;9.00;9.024;8.742;8.837;7193085
FR0000045072;02/06/16;8.849;9.119;8.849;8.875;6790600
FR0000045072;03/06/16;8.927;8.929;8.576;8.646;8945185
FR0000045072;06/06/16;8.65;8.83;8.617;8.672;4919119
FR0000045072;07/06/16;8.708;8.865;8.708;8.80;5015448
FR0000045072;08/06/16;8.79;8.79;8.62;8.651;4721457
FR0000045072;09/06/16;8.642;8.661;8.419;8.451;7823108
FR0000045072;10/06/16;8.41;8.414;8.169;8.194;10464092
FR0000045072;13/06/16;8.072;8.155;7.894;7.92;8762375
FR0000045072;14/06/16;7.89;7.945;7.722;7.762;8535996
FR0000045072;15/06/16;7.885;8.04;7.748;7.81;9920148
FR0000045072;16/06/16;7.70;7.716;7.55;7.68;8900173
FR0000045072;17/06/16;7.806;8.071;7.773;8.047;14192119
FR0000045072;20/06/16;8.322;8.437;8.28;8.354;10155595
FR0000045072;21/06/16;8.357;8.51;8.334;8.471;9338076
FR0000045072;22/06/16;8.536;8.639;8.423;8.55;6519642
FR0000045072;23/06/16;8.577;8.903;8.56;8.897;10294214
FR0000045072;24/06/16;7.00;7.84;6.79;7.651;29930788
FR0000045072;27/06/16;7.767;7.828;7.031;7.194;19847184
FR0000045072;28/06/16;7.503;7.738;7.351;7.496;15141327
FR0000045072;29/06/16;7.708;7.776;7.435;7.549;13020315
FR0000045072;30/06/16;7.534;7.66;7.403;7.56;8227800
FR0000051732;01/06/16;82.94;83.11;81.10;81.37;418590
FR0000051732;02/06/16;80.80;82.11;80.18;81.96;403618
FR0000051732;03/06/16;82.35;82.72;81.27;81.76;282225
FR0000051732;06/06/16;81.51;81.95;80.83;81.04;225451
FR0000051732;07/06/16;81.33;81.33;80.26;81.32;367249
FR0000051732;08/06/16;81.05;81.26;80.60;81.01;218822
FR0000051732;09/06/16;80.89;80.89;80.10;80.47;166339
FR0000051732;10/06/16;80.30;80.31;78.98;79.07;272186
FR0000051732;13/06/16;78.23;78.55;77.60;77.98;213327
FR0000051732;14/06/16;77.46;77.98;76.91;77.40;283695
FR0000051732;15/06/16;77.80;78.52;77.51;78.15;308711
FR0000051732;16/06/16;77.50;77.99;76.51;76.64;283271
FR0000051732;17/06/16;77.16;78.38;76.99;77.94;436268
FR0000051732;20/06/16;79.00;81.54;78.71;81.45;415789
FR0000051732;21/06/16;81.29;81.97;80.83;81.95;309476
FR0000051732;22/06/16;82.27;82.68;81.57;81.84;305552
FR0000051732;23/06/16;82.11;83.40;81.98;83.12;190991
FR0000051732;24/06/16;74.81;78.26;71.10;76.18;802351
FR0000051732;27/06/16;75.62;75.76;70.82;71.08;572201
FR0000051732;28/06/16;72.79;73.23;71.63;72.22;499038
FR0000051732;29/06/16;72.83;73.82;72.03;73.68;427543
FR0000051732;30/06/16;73.68;74.73;72.53;74.53;495524
FR0000073272;01/06/16;63.00;63.35;62.07;62.34;990880
FR0000073272;02/06/16;62.30;62.86;61.90;62.73;904256
FR0000073272;03/06/16;62.99;63.20;61.16;61.74;1114666
FR0000073272;06/06/16;61.73;62.02;61.41;61.41;503413
FR0000073272;07/06/16;61.73;62.13;61.50;61.50;836073
FR0000073272;08/06/16;61.22;61.45;60.91;61.35;939428
FR0000073272;09/06/16;61.12;61.23;60.39;61.00;860170
FR0000073272;10/06/16;60.83;61.03;60.17;60.68;1385683
FR0000073272;13/06/16;59.57;59.78;58.62;58.62;1634715
FR0000073272;14/06/16;57.81;58.10;57.02;57.02;1377941
FR0000073272;15/06/16;57.72;58.46;56.02;57.50;2625655
FR0000073272;16/06/16;56.83;57.42;56.28;56.90;2072392
FR0000073272;17/06/16;57.42;57.59;56.67;56.93;2033542
FR0000073272;20/06/16;58.09;59.26;57.95;59.25;979818
FR0000073272;21/06/16;59.30;60.65;58.99;60.42;1126457
FR0000073272;22/06/16;60.89;61.46;60.58;61.03;1009103
FR0000073272;23/06/16;61.52;63.00;61.29;62.19;1138236
FR0000073272;24/06/16;54.59;59.99;53.00;58.28;3755641
FR0000073272;27/06/16;57.31;58.25;55.62;56.02;1843455
FR0000073272;28/06/16;56.97;58.31;56.68;57.82;1514127
FR0000073272;29/06/16;58.56;59.49;58.16;59.30;1077203
FR0000073272;30/06/16;59.19;61.15;58.89;60.92;1688965
FR0000120073;01/06/16;87.6818;88.4364;87.2818;88.0273;970612
FR0000120073;02/06/16;88.00;88.6909;87.7546;88.1818;781487
FR0000120073;03/06/16;88.2818;88.5546;86.40;86.5727;1392200
FR0000120073;06/06/16;86.5455;86.9727;86.0909;86.3273;881040
FR0000120073;07/06/16;86.8455;87.1818;86.50;86.5455;1120529
FR0000120073;08/06/16;86.4364;86.5545;85.8273;86.1727;889549
FR0000120073;09/06/16;85.6909;86.0273;85.2364;85.5545;1049211
FR0000120073;10/06/16;85.3727;85.5273;84.0455;84.7364;1644041
FR0000120073;13/06/16;83.9909;84.4727;83.5182;83.6727;1194493
FR0000120073;14/06/16;83.1818;83.4273;82.0546;82.0546;1737707
FR0000120073;15/06/16;82.7273;83.7909;82.6455;82.9909;1333737
FR0000120073;16/06/16;82.2909;83.1091;82.1091;82.7818;1321603
FR0000120073;17/06/16;83.5818;83.9273;82.6545;83.0091;2357202
FR0000120073;20/06/16;85.1182;85.7273;84.7182;85.0455;876045
FR0000120073;21/06/16;85.1364;86.2455;84.8182;85.6636;935049
FR0000120073;22/06/16;86.1455;86.8818;85.6364;86.10;769432
FR0000120073;23/06/16;86.3636;87.8636;86.0727;87.4455;1323218
FR0000120073;24/06/16;81.8182;84.3909;81.0455;82.6091;3909085
FR0000120073;27/06/16;82.1818;83.2273;80.2273;80.6455;2579441
FR0000120073;28/06/16;81.9636;83.0091;81.7636;81.8909;1521911
FR0000120073;29/06/16;82.7636;84.5727;82.5182;84.5727;1140641
FR0000120073;30/06/16;84.1273;85.5455;83.7182;85.5091;1311074
FR0000120172;01/06/16;24.31;24.455;23.94;24.085;2585064
FR0000120172;02/06/16;24.10;24.29;23.975;24.18;2405219
FR0000120172;03/06/16;24.24;24.60;24.07;24.34;4366724
FR0000120172;06/06/16;24.29;24.485;24.265;24.265;1682245
FR0000120172;07/06/16;24.34;24.675;24.34;24.605;2016787
FR0000120172;08/06/16;24.545;24.625;24.27;24.355;1694354
FR0000120172;09/06/16;24.40;24.43;23.89;23.90;2888879
FR0000120172;10/06/16;23.85;23.85;23.175;23.195;3253770
FR0000120172;13/06/16;23.05;23.165;22.57;22.595;3052715
FR0000120172;14/06/16;22.48;22.635;22.085;22.155;4250550
FR0000120172;15/06/16;22.28;22.605;22.22;22.29;2939155
FR0000120172;16/06/16;22.10;22.225;21.70;22.10;3652033
FR0000120172;17/06/16;22.22;22.53;22.13;22.24;3889955
FR0000120172;20/06/16;22.70;23.17;22.57;23.055;3743469
FR0000120172;21/06/16;23.065;23.30;22.915;23.145;2424728
FR0000120172;22/06/16;23.20;23.385;23.01;23.16;2003479
FR0000120172;23/06/16;23.22;23.74;23.08;23.49;3712325
FR0000120172;24/06/16;21.50;22.47;20.90;22.15;9879759
FR0000120172;27/06/16;21.945;22.215;21.04;21.445;7470507
FR0000120172;28/06/16;21.90;22.025;21.58;21.62;3172001
FR0000120172;29/06/16;21.805;22.015;21.71;21.96;3237337
FR0000120172;30/06/16;21.925;22.30;21.61;22.21;3736535
FR0000120271;01/06/16;43.58;43.61;42.755;43.03;4853209
FR0000120271;02/06/16;43.00;43.13;42.095;42.34;6012906
FR0000120271;03/06/16;42.80;43.035;42.005;42.295;5500232
FR0000120271;06/06/16;41.725;42.77;41.725;42.465;4557648
FR0000120271;07/06/16;42.735;43.765;42.72;43.765;6594350
FR0000120271;08/06/16;43.56;43.815;43.32;43.37;5554269
FR0000120271;09/06/16;43.14;43.26;42.40;42.845;4510242
FR0000120271;10/06/16;42.70;42.70;41.785;42.05;6059505
FR0000120271;13/06/16;41.395;42.06;41.395;41.48;6296345
FR0000120271;14/06/16;40.89;40.98;40.025;40.055;9759380
FR0000120271;15/06/16;40.575;40.775;40.05;40.415;7358101
FR0000120271;16/06/16;40.195;40.55;39.835;40.48;7377530
FR0000120271;17/06/16;40.895;41.495;40.805;41.26;10274880
FR0000120271;20/06/16;42.14;42.81;42.03;42.72;5746307
FR0000120271;21/06/16;42.685;43.355;42.415;43.02;5801623
FR0000120271;22/06/16;43.17;43.57;42.94;43.03;5124314
FR0000120271;23/06/16;43.28;44.125;43.095;43.69;6442135
FR0000120271;24/06/16;39.355;41.97;39.025;40.62;26767636
FR0000120271;27/06/16;40.29;41.075;40.08;40.325;12179849
FR0000120271;28/06/16;41.305;41.635;40.655;41.39;9343656
FR0000120271;29/06/16;41.92;43.095;41.885;42.95;9339411
FR0000120271;30/06/16;42.68;43.57;42.545;43.38;9212998
FR0000120321;01/06/16;168.80;169.90;167.95;168.25;662792
FR0000120321;02/06/16;168.25;168.65;166.40;167.75;482556
FR0000120321;03/06/16;168.00;169.35;166.60;168.10;490008
FR0000120321;06/06/16;167.30;168.90;167.25;168.10;264451
FR0000120321;07/06/16;168.00;169.95;167.55;168.80;686697
FR0000120321;08/06/16;168.15;168.60;166.85;168.60;474760
FR0000120321;09/06/16;168.05;168.30;166.15;166.85;452339
FR0000120321;10/06/16;166.20;166.95;162.80;163.40;603849
FR0000120321;13/06/16;162.05;164.05;161.40;161.40;551269
FR0000120321;14/06/16;159.80;160.70;158.70;158.70;808391
FR0000120321;15/06/16;159.85;162.40;159.30;160.70;714402
FR0000120321;16/06/16;159.00;161.55;158.10;161.15;612736
FR0000120321;17/06/16;162.60;163.10;160.05;161.35;1162890
FR0000120321;20/06/16;163.85;166.30;163.10;165.25;648439
FR0000120321;21/06/16;165.55;168.00;164.20;167.40;499392
FR0000120321;22/06/16;168.25;169.80;167.20;168.50;496027
FR0000120321;23/06/16;168.85;172.70;168.20;170.65;640192
FR0000120321;24/06/16;157.55;169.10;155.20;164.30;2354039
FR0000120321;27/06/16;162.45;166.45;162.00;162.80;1122001
FR0000120321;28/06/16;165.95;168.10;164.85;165.35;878342
FR0000120321;29/06/16;166.60;170.10;165.90;170.00;752905
FR0000120321;30/06/16;168.50;172.35;168.50;172.00;843401
FR0000120404;01/06/16;39.07;39.08;37.365;37.42;1898260
FR0000120404;02/06/16;37.535;38.12;37.47;37.895;1118520
FR0000120404;03/06/16;39.25;41.25;39.00;40.445;3190997
FR0000120404;06/06/16;40.55;40.84;39.83;40.25;1497004
FR0000120404;07/06/16;40.055;40.955;40.05;40.615;1461516
FR0000120404;08/06/16;40.565;40.69;39.845;39.905;674034
FR0000120404;09/06/16;39.065;39.165;38.19;38.775;1693706
FR0000120404;10/06/16;38.48;38.49;37.60;37.70;1259667
FR0000120404;13/06/16;37.135;37.56;36.76;36.855;1056419
FR0000120404;14/06/16;36.555;36.97;35.735;35.76;1240547
FR0000120404;15/06/16;35.80;37.075;35.50;36.475;1341697
FR0000120404;16/06/16;36.01;36.245;35.32;35.39;999977
FR0000120404;17/06/16;35.69;36.715;35.475;36.30;1441021
FR0000120404;20/06/16;37.205;38.12;37.145;37.87;1168327
FR0000120404;21/06/16;37.595;38.365;37.395;38.235;901908
FR0000120404;22/06/16;38.39;38.64;37.89;38.125;574020
FR0000120404;23/06/16;38.345;39.575;38.155;39.33;1212424
FR0000120404;24/06/16;34.805;36.87;33.815;36.245;2887193
FR0000120404;27/06/16;35.98;36.075;32.74;32.885;2460837
FR0000120404;28/06/16;33.815;34.905;33.255;34.155;2331239
FR0000120404;29/06/16;34.155;35.04;33.815;34.97;1591533
FR0000120404;30/06/16;34.44;35.255;33.855;34.69;1712883
FR0000120503;01/06/16;29.25;29.25;28.86;29.01;499790
FR0000120503;02/06/16;29.05;29.245;28.90;28.945;427417
FR0000120503;03/06/16;29.105;29.225;28.655;28.74;529299
FR0000120503;06/06/16;28.765;28.875;28.505;28.58;465035
FR0000120503;07/06/16;28.79;28.895;28.63;28.895;694897
FR0000120503;08/06/16;28.885;28.885;28.50;28.595;489554
FR0000120503;09/06/16;28.50;28.56;28.21;28.28;638072
FR0000120503;10/06/16;28.23;28.23;27.62;27.65;885963
FR0000120503;13/06/16;27.45;27.50;27.065;27.065;664379
FR0000120503;14/06/16;26.80;26.935;26.42;26.54;914552
FR0000120503;15/06/16;26.80;26.94;26.455;26.63;850970
FR0000120503;16/06/16;26.475;26.52;26.105;26.30;679047
FR0000120503;17/06/16;26.395;26.71;26.26;26.56;901822
FR0000120503;20/06/16;26.875;27.66;26.875;27.60;1104135
FR0000120503;21/06/16;28.50;28.50;27.815;27.995;1310974
FR0000120503;22/06/16;28.10;28.20;27.265;27.375;1209146
FR0000120503;23/06/16;27.50;28.185;27.275;28.18;973011
FR0000120503;24/06/16;25.84;26.925;25.50;26.38;2529804
FR0000120503;27/06/16;25.65;26.20;25.46;25.565;1757474
FR0000120503;28/06/16;26.00;26.145;25.565;25.63;1606508
FR0000120503;29/06/16;25.95;26.54;25.77;26.47;1455487
FR0000120503;30/06/16;26.175;26.53;25.70;25.93;1980172
FR0000120578;01/06/16;73.73;74.01;73.01;73.47;1796227
FR0000120578;02/06/16;73.55;73.61;72.72;73.38;1703728
FR0000120578;03/06/16;73.69;74.15;72.06;72.49;2222894
FR0000120578;06/06/16;72.21;72.79;72.20;72.40;1241777
FR0000120578;07/06/16;72.77;73.95;72.77;73.08;1769688
FR0000120578;08/06/16;72.86;73.59;72.21;72.65;1775944
FR0000120578;09/06/16;72.63;72.77;71.96;72.35;1669885
FR0000120578;10/06/16;71.96;72.08;70.34;70.44;2612302
FR0000120578;13/06/16;69.61;70.31;69.38;69.49;2443871
FR0000120578;14/06/16;68.59;68.85;67.15;67.30;3790183
FR0000120578;15/06/16;68.07;69.05;67.90;68.11;3235047
FR0000120578;16/06/16;67.16;68.10;66.92;67.77;2361840
FR0000120578;17/06/16;68.28;68.97;67.12;67.83;7406365
FR0000120578;20/06/16;69.45;70.23;69.21;69.50;2434699
FR0000120578;21/06/16;69.45;70.60;69.20;70.03;1964070
FR0000120578;22/06/16;70.92;71.86;70.27;71.17;2432281
FR0000120578;23/06/16;71.74;73.19;71.11;72.00;2571872
FR0000120578;24/06/16;64.80;71.18;62.50;69.37;11270346
FR0000120578;27/06/16;68.49;70.66;68.35;70.42;5764766
FR0000120578;28/06/16;72.11;73.00;71.85;72.82;4653271
FR0000120578;29/06/16;73.46;75.39;73.38;74.30;3620449
FR0000120578;30/06/16;73.93;75.04;73.24;74.92;3466806
FR0000120628;01/06/16;22.48;22.555;22.24;22.39;4292479
FR0000120628;02/06/16;22.325;22.53;22.16;22.315;3049847
FR0000120628;03/06/16;22.375;22.475;21.665;21.755;6744543
FR0000120628;06/06/16;21.63;21.905;21.615;21.82;2802576
FR0000120628;07/06/16;21.92;22.13;21.83;21.91;3980131
FR0000120628;08/06/16;21.815;21.825;21.485;21.56;4537935
FR0000120628;09/06/16;21.43;21.455;21.165;21.205;4218148
FR0000120628;10/06/16;21.05;21.065;20.105;20.31;9795966
FR0000120628;13/06/16;20.00;20.225;19.595;19.595;8540087
FR0000120628;14/06/16;19.30;19.645;19.19;19.295;9349869
FR0000120628;15/06/16;19.535;19.625;19.27;19.27;7647622
FR0000120628;16/06/16;19.00;19.47;18.905;19.44;9382069
FR0000120628;17/06/16;19.655;19.935;19.575;19.68;12862634
FR0000120628;20/06/16;20.64;20.69;20.275;20.51;7809985
FR0000120628;21/06/16;20.445;20.845;20.265;20.77;7035126
FR0000120628;22/06/16;20.895;21.155;20.81;20.905;5489707
FR0000120628;23/06/16;21.135;21.51;20.88;21.51;7258097
FR0000120628;24/06/16;18.01;19.195;16.985;18.18;33849907
FR0000120628;27/06/16;18.24;18.365;16.11;16.405;24502842
FR0000120628;28/06/16;17.06;17.45;16.935;17.20;18637529
FR0000120628;29/06/16;17.435;17.90;17.37;17.84;13751336
FR0000120628;30/06/16;17.80;17.95;17.46;17.805;10580932
FR0000120644;01/06/16;62.91;63.46;62.74;62.88;957385
FR0000120644;02/06/16;62.73;63.08;62.49;62.91;878163
FR0000120644;03/06/16;62.99;63.36;62.27;62.87;1050767
FR0000120644;06/06/16;62.87;63.25;62.79;62.82;700055
FR0000120644;07/06/16;63.00;63.40;62.84;63.33;1012070
FR0000120644;08/06/16;63.09;63.39;62.95;63.13;853089
FR0000120644;09/06/16;63.07;63.17;62.54;62.79;768976
FR0000120644;10/06/16;62.69;62.72;61.32;61.43;1390028
FR0000120644;13/06/16;60.80;61.33;60.47;60.47;1314460
FR0000120644;14/06/16;60.90;61.29;59.94;60.00;2919910
FR0000120644;15/06/16;60.25;61.15;60.18;60.50;2391401
FR0000120644;16/06/16;60.02;60.52;59.60;60.30;1714699
FR0000120644;17/06/16;60.52;60.77;59.64;59.90;2658624
FR0000120644;20/06/16;61.22;62.04;60.94;61.82;1313393
FR0000120644;21/06/16;61.82;63.01;61.64;62.81;1147588
FR0000120644;22/06/16;63.30;63.38;62.75;62.78;905549
FR0000120644;23/06/16;62.94;64.39;62.81;63.88;1685620
FR0000120644;24/06/16;59.05;61.98;58.90;60.83;5232700
FR0000120644;27/06/16;60.00;61.96;59.98;60.46;2857848
FR0000120644;28/06/16;61.95;62.10;60.74;60.91;2096573
FR0000120644;29/06/16;61.15;61.64;61.05;61.36;2608508
FR0000120644;30/06/16;61.16;63.45;61.01;63.41;2571744
FR0000120693;01/06/16;97.89;98.66;97.43;97.82;454070
FR0000120693;02/06/16;98.07;98.12;97.02;97.80;344819
FR0000120693;03/06/16;97.80;98.58;97.43;98.01;443828
FR0000120693;06/06/16;97.67;98.84;97.67;98.51;327089
FR0000120693;07/06/16;98.53;99.00;98.17;98.39;464491
FR0000120693;08/06/16;98.00;98.16;97.10;97.68;318002
FR0000120693;09/06/16;97.39;97.39;96.35;96.78;361268
FR0000120693;10/06/16;96.24;96.46;94.57;94.90;557009
FR0000120693;13/06/16;94.17;94.62;93.35;93.40;619214
FR0000120693;14/06/16;92.96;93.43;91.54;92.04;678167
FR0000120693;15/06/16;93.18;93.71;92.59;92.61;752623
FR0000120693;16/06/16;91.81;92.60;91.44;92.51;562386
FR0000120693;17/06/16;92.71;93.11;91.40;91.58;893021
FR0000120693;20/06/16;93.70;95.17;93.17;94.56;727924
FR0000120693;21/06/16;94.52;96.02;94.28;95.59;601280
FR0000120693;22/06/16;96.32;96.51;95.50;95.61;413993
FR0000120693;23/06/16;96.05;97.87;95.72;96.64;521702
FR0000120693;24/06/16;90.00;96.32;90.00;95.17;1722689
FR0000120693;27/06/16;95.11;96.67;94.00;94.42;912139
FR0000120693;28/06/16;96.59;96.86;94.88;95.12;797571
FR0000120693;29/06/16;95.71;98.32;95.51;98.19;773754
FR0000120693;30/06/16;98.02;100.30;97.68;100.10;800610
FR0000121014;01/06/16;143.85;144.65;143.30;144.40;558797
FR0000121014;02/06/16;143.90;145.95;143.90;145.35;609288
FR0000121014;03/06/16;145.70;147.30;144.50;145.25;765539
FR0000121014;06/06/16;144.85;146.45;144.85;145.25;302435
FR0000121014;07/06/16;145.90;149.80;145.60;149.40;848770
FR0000121014;08/06/16;148.95;149.05;147.15;147.55;550067
FR0000121014;09/06/16;147.25;147.50;145.15;145.75;465588
FR0000121014;10/06/16;145.20;145.50;142.15;142.70;824977
FR0000121014;13/06/16;141.10;141.95;140.40;140.50;828340
FR0000121014;14/06/16;139.60;140.05;137.05;137.10;1369702
FR0000121014;15/06/16;138.60;140.45;138.25;139.20;952716
FR0000121014;16/06/16;137.80;138.55;136.75;137.60;896426
FR0000121014;17/06/16;138.75;140.45;137.10;137.50;1217449
FR0000121014;20/06/16;141.15;143.90;140.40;143.90;1179227
FR0000121014;21/06/16;144.15;144.25;142.40;143.20;691386
FR0000121014;22/06/16;144.50;144.50;142.45;142.75;815532
FR0000121014;23/06/16;144.05;146.95;143.45;144.60;853165
FR0000121014;24/06/16;133.35;139.25;133.00;135.15;3080438
FR0000121014;27/06/16;133.95;135.70;130.55;131.40;1941258
FR0000121014;28/06/16;134.65;137.30;134.15;134.65;1495369
FR0000121014;29/06/16;135.55;137.35;134.95;135.75;1089948
FR0000121014;30/06/16;135.10;136.95;133.80;136.00;1271635
FR0000121220;01/06/16;94.50;95.20;94.19;94.83;223795
FR0000121220;02/06/16;94.88;95.49;94.64;95.17;189433
FR0000121220;03/06/16;95.21;95.69;93.98;94.47;222563
FR0000121220;06/06/16;94.56;95.16;94.37;94.88;145156
FR0000121220;07/06/16;95.18;96.08;94.87;95.74;217300
FR0000121220;08/06/16;95.63;95.63;94.19;94.81;158468
FR0000121220;09/06/16;94.33;94.46;93.45;93.89;221245
FR0000121220;10/06/16;93.46;93.47;91.97;92.36;179464
FR0000121220;13/06/16;91.46;92.06;91.03;91.78;179752
FR0000121220;14/06/16;91.12;91.47;89.64;90.24;344975
FR0000121220;15/06/16;90.76;91.38;90.30;91.05;268716
FR0000121220;16/06/16;90.12;91.04;89.85;90.51;176344
FR0000121220;17/06/16;90.91;91.43;90.45;91.34;346145
FR0000121220;20/06/16;93.30;94.42;92.47;94.04;277538
FR0000121220;21/06/16;93.78;94.53;93.44;94.38;201770
FR0000121220;22/06/16;95.14;96.50;95.14;95.74;272828
FR0000121220;23/06/16;96.21;97.63;95.79;96.54;262480
FR0000121220;24/06/16;90.75;94.63;89.31;94.00;597485
FR0000121220;27/06/16;93.47;94.17;91.42;91.94;350046
FR0000121220;28/06/16;92.97;94.53;92.59;93.04;301845
FR0000121220;29/06/16;93.85;94.47;93.47;94.36;238850
FR0000121220;30/06/16;93.81;97.30;93.27;96.76;332541
FR0000121261;01/06/16;92.38;93.12;92.05;92.60;1117101
FR0000121261;02/06/16;92.29;94.12;92.00;93.83;800560
FR0000121261;03/06/16;94.00;94.33;92.49;92.71;632862
FR0000121261;06/06/16;92.40;93.45;92.35;92.83;434779
FR0000121261;07/06/16;92.35;93.93;92.20;93.85;628115
FR0000121261;08/06/16;93.40;94.00;92.62;93.40;454406
FR0000121261;09/06/16;92.91;93.00;91.86;92.13;420970
FR0000121261;10/06/16;91.63;91.71;90.37;90.93;523989
FR0000121261;13/06/16;89.88;90.15;88.21;88.48;710903
FR0000121261;14/06/16;87.91;88.46;86.79;87.25;633449
FR0000121261;15/06/16;87.23;87.60;85.22;86.55;877291
FR0000121261;16/06/16;85.52;86.07;85.00;85.70;604324
FR0000121261;17/06/16;86.21;86.98;85.90;86.23;726278
FR0000121261;20/06/16;88.53;89.94;87.82;89.43;550413
FR0000121261;21/06/16;89.49;89.49;88.16;88.68;434632
FR0000121261;22/06/16;89.36;89.62;88.20;88.20;402223
FR0000121261;23/06/16;88.80;90.00;88.44;89.94;511211
FR0000121261;24/06/16;80.74;86.99;79.80;85.72;2090432
FR0000121261;27/06/16;85.10;85.38;81.42;82.40;1003962
FR0000121261;28/06/16;84.74;84.81;83.53;83.73;726136
FR0000121261;29/06/16;84.55;85.70;83.53;84.20;809143
FR0000121261;30/06/16;84.24;85.52;83.61;85.21;574561
FR0000121485;01/06/16;144.70;146.20;144.25;146.20;193166
FR0000121485;02/06/16;146.20;148.65;145.70;148.60;298671
FR0000121485;03/06/16;149.00;149.40;147.00;148.05;277974
FR0000121485;06/06/16;148.55;151.75;148.55;151.35;328505
FR0000121485;07/06/16;153.25;156.70;151.75;156.55;442672
FR0000121485;08/06/16;155.65;156.00;153.95;154.65;300408
FR0000121485;09/06/16;154.05;154.85;153.10;154.15;192185
FR0000121485;10/06/16;154.70;154.90;151.00;151.45;310466
FR0000121485;13/06/16;149.80;151.15;149.65;150.00;264805
FR0000121485;14/06/16;149.00;149.40;146.55;146.55;241170
FR0000121485;15/06/16;147.65;149.60;147.50;149.10;219719
FR0000121485;16/06/16;147.30;148.00;145.15;145.70;261231
FR0000121485;17/06/16;146.50;148.40;145.85;146.60;334684
FR0000121485;20/06/16;150.80;152.50;150.00;152.40;200666
FR0000121485;21/06/16;152.70;152.70;151.45;151.45;168808
FR0000121485;22/06/16;152.25;152.90;151.15;151.70;149597
FR0000121485;23/06/16;152.85;155.20;151.35;153.50;228826
FR0000121485;24/06/16;139.95;148.35;139.00;142.15;745320
FR0000121485;27/06/16;141.70;141.90;136.55;138.60;442574
FR0000121485;28/06/16;141.95;143.15;140.90;141.05;255673
FR0000121485;29/06/16;141.50;145.00;140.55;144.95;235742
FR0000121485;30/06/16;144.30;145.70;142.95;145.45;232889
FR0000121501;01/06/16;14.16;14.16;13.885;14.06;3224230
FR0000121501;02/06/16;14.075;14.40;13.985;14.30;3491882
FR0000121501;03/06/16;14.40;14.40;13.835;13.895;3896375
FR0000121501;06/06/16;13.87;13.995;13.72;13.735;2528864
FR0000121501;07/06/16;13.87;14.175;13.86;14.16;3144429
FR0000121501;08/06/16;14.12;14.12;13.855;13.895;2726993
FR0000121501;09/06/16;13.905;13.91;13.595;13.67;2305495
FR0000121501;10/06/16;13.615;13.625;13.365;13.455;3618239
FR0000121501;13/06/16;13.26;13.31;13.075;13.09;4344467
FR0000121501;14/06/16;13.00;13.04;12.655;12.73;4497673
FR0000121501;15/06/16;12.885;12.94;12.61;12.735;4077352
FR0000121501;16/06/16;12.50;12.695;12.44;12.665;3712899
FR0000121501;17/06/16;12.795;13.18;12.755;13.18;6461427
FR0000121501;20/06/16;13.65;13.77;13.515;13.73;3546481
FR0000121501;21/06/16;13.64;13.96;13.525;13.76;3738521
FR0000121501;22/06/16;13.92;13.93;13.66;13.66;2880146
FR0000121501;23/06/16;13.705;14.31;13.69;14.31;4941539
FR0000121501;24/06/16;10.35;12.715;10.19;11.71;22797790
FR0000121501;27/06/16;11.90;11.97;10.53;10.655;16629950
FR0000121501;28/06/16;11.15;11.425;11.00;11.19;10892147
FR0000121501;29/06/16;11.30;11.325;10.825;11.065;8167633
FR0000121501;30/06/16;11.07;11.165;10.60;10.815;8487976
FR0000121667;01/06/16;117.00;118.45;116.90;118.25;392078
FR0000121667;02/06/16;118.05;118.40;117.10;118.15;345860
FR0000121667;03/06/16;118.40;119.15;116.55;117.65;365568
FR0000121667;06/06/16;117.75;119.45;117.75;118.85;364479
FR0000121667;07/06/16;119.45;120.05;118.90;119.00;362059
FR0000121667;08/06/16;118.85;118.95;117.90;118.10;309774
FR0000121667;09/06/16;117.95;119.15;117.45;118.40;370005
FR0000121667;10/06/16;118.05;118.30;115.80;116.10;562925
FR0000121667;13/06/16;114.80;115.55;113.30;113.30;452565
FR0000121667;14/06/16;112.10;112.65;110.75;110.75;631317
FR0000121667;15/06/16;111.35;112.15;110.90;110.90;467223
FR0000121667;16/06/16;110.00;110.85;109.25;110.20;480540
FR0000121667;17/06/16;111.05;111.65;109.70;110.35;699034
FR0000121667;20/06/16;112.75;114.70;112.55;114.55;472420
FR0000121667;21/06/16;114.75;116.50;114.10;116.00;405586
FR0000121667;22/06/16;116.95;117.65;115.70;116.95;348804
FR0000121667;23/06/16;117.90;120.10;116.95;118.30;482584
FR0000121667;24/06/16;109.00;116.75;106.50;115.00;2005910
FR0000121667;27/06/16;113.40;115.40;112.35;113.10;1052873
FR0000121667;28/06/16;115.10;116.30;114.40;116.15;747393
FR0000121667;29/06/16;117.25;119.25;117.15;118.95;541630
FR0000121667;30/06/16;118.35;119.95;118.10;118.85;804221
FR0000121972;01/06/16;58.00;58.06;57.26;57.73;1242388
FR0000121972;02/06/16;57.64;58.46;57.58;58.00;948121
FR0000121972;03/06/16;58.07;58.16;56.57;57.01;1237884
FR0000121972;06/06/16;56.79;57.31;56.74;56.84;1005502
FR0000121972;07/06/16;57.25;57.83;56.99;57.01;1394401
FR0000121972;08/06/16;56.86;56.98;56.46;56.73;1094152
FR0000121972;09/06/16;56.71;56.73;55.91;56.11;1211574
FR0000121972;10/06/16;55.91;56.02;55.08;55.23;1997306
FR0000121972;13/06/16;54.58;54.98;53.93;53.99;1928530
FR0000121972;14/06/16;53.11;53.60;52.69;52.71;2251517
FR0000121972;15/06/16;54.22;54.71;53.72;53.84;2363118
FR0000121972;16/06/16;52.98;53.91;52.98;53.68;1885349
FR0000121972;17/06/16;54.27;55.00;54.16;54.75;2583550
FR0000121972;20/06/16;56.22;56.98;56.15;56.84;1338536
FR0000121972;21/06/16;56.70;57.85;56.55;57.34;1445305
FR0000121972;22/06/16;57.82;57.98;57.30;57.37;1249314
FR0000121972;23/06/16;57.60;58.94;57.43;58.39;1232834
FR0000121972;24/06/16;50.51;53.70;50.00;52.12;7412352
FR0000121972;27/06/16;51.29;51.84;49.50;49.725;4137312
FR0000121972;28/06/16;50.80;51.14;50.28;50.87;2983280
FR0000121972;29/06/16;51.62;52.24;51.18;51.82;2120710
FR0000121972;30/06/16;51.48;53.07;51.01;53.06;2574904
FR0000124141;01/06/16;20.435;20.65;20.225;20.39;2540567
FR0000124141;02/06/16;20.41;20.475;20.255;20.32;1511078
FR0000124141;03/06/16;20.375;20.50;20.20;20.315;1148937
FR0000124141;06/06/16;20.315;20.495;20.22;20.375;1009590
FR0000124141;07/06/16;20.45;20.60;20.335;20.58;1601070
FR0000124141;08/06/16;20.52;20.71;20.46;20.565;1349125
FR0000124141;09/06/16;20.47;20.565;20.325;20.48;1395848
FR0000124141;10/06/16;20.42;20.50;19.92;19.99;1870307
FR0000124141;13/06/16;19.78;19.865;19.67;19.74;1946498
FR0000124141;14/06/16;19.60;19.72;19.205;19.265;2193205
FR0000124141;15/06/16;19.365;19.61;19.30;19.31;1830959
FR0000124141;16/06/16;19.155;19.42;19.095;19.28;1835791
FR0000124141;17/06/16;19.395;19.41;19.25;19.305;2941592
FR0000124141;20/06/16;19.575;20.06;19.555;19.95;2038598
FR0000124141;21/06/16;20.105;20.265;20.03;20.17;1787783
FR0000124141;22/06/16;20.29;20.37;20.085;20.125;1670710
FR0000124141;23/06/16;19.98;19.98;19.59;19.75;4085561
FR0000124141;24/06/16;19.00;19.16;18.22;18.46;7580482
FR0000124141;27/06/16;18.395;18.565;18.01;18.06;2905287
FR0000124141;28/06/16;18.28;18.595;18.19;18.56;2123886
FR0000124141;29/06/16;18.725;19.21;18.725;19.145;1866111
FR0000124141;30/06/16;19.175;19.495;19.09;19.47;2142392
FR0000124711;01/06/16;241.50;242.90;239.70;240.30;297525
FR0000124711;02/06/16;240.95;241.30;237.80;238.40;246231
FR0000124711;03/06/16;239.50;242.25;238.20;240.40;219081
FR0000124711;06/06/16;240.55;241.20;239.60;239.70;161708
FR0000124711;07/06/16;240.25;243.15;239.80;242.10;296115
FR0000124711;08/06/16;241.55;244.20;240.50;243.05;204002
FR0000124711;09/06/16;242.25;242.50;240.20;241.45;232311
FR0000124711;10/06/16;241.25;241.50;236.05;236.50;333136
FR0000124711;13/06/16;233.70;236.85;233.50;234.40;333132
FR0000124711;14/06/16;231.55;232.40;227.95;227.95;434302
FR0000124711;15/06/16;229.50;231.30;228.20;228.65;406594
FR0000124711;16/06/16;226.50;229.15;225.45;227.50;381009
FR0000124711;17/06/16;229.00;229.55;227.60;229.30;716692
FR0000124711;20/06/16;235.05;238.30;234.70;238.15;370565
FR0000124711;21/06/16;237.15;241.75;237.15;241.35;312121
FR0000124711;22/06/16;242.25;243.80;240.85;240.85;306454
FR0000124711;23/06/16;242.60;247.00;240.75;244.95;381986
FR0000124711;24/06/16;222.00;234.20;221.10;230.35;1264851
FR0000124711;27/06/16;230.00;233.30;224.30;225.70;713926
FR0000124711;28/06/16;230.00;232.40;227.65;228.45;488082
FR0000124711;29/06/16;230.55;233.40;229.90;232.55;451978
FR0000124711;30/06/16;233.00;235.00;231.25;233.65;584499
FR0000125007;01/06/16;40.15;40.255;39.675;39.955;1460171
FR0000125007;02/06/16;39.925;40.17;39.69;39.92;1325223
FR0000125007;03/06/16;40.00;40.385;39.59;39.825;2377496
FR0000125007;06/06/16;38.615;39.12;38.61;39.105;1927142
FR0000125007;07/06/16;39.305;39.90;39.245;39.55;1967544
FR0000125007;08/06/16;39.405;39.62;39.18;39.375;1323914
FR0000125007;09/06/16;39.365;39.39;38.85;39.17;1540057
FR0000125007;10/06/16;39.035;39.05;38.025;38.13;1684214
FR0000125007;13/06/16;37.755;37.84;37.32;37.46;1515868
FR0000125007;14/06/16;37.055;37.185;36.675;36.705;2228887
FR0000125007;15/06/16;36.99;37.335;36.875;36.89;2051722
FR0000125007;16/06/16;36.50;36.705;36.235;36.515;2133232
FR0000125007;17/06/16;36.86;37.48;36.71;36.985;4180986
FR0000125007;20/06/16;37.95;38.635;37.755;38.56;1862450
FR0000125007;21/06/16;38.585;39.02;38.345;38.905;1590393
FR0000125007;22/06/16;39.165;39.525;38.895;39.17;1437812
FR0000125007;23/06/16;39.445;40.09;39.145;39.99;1802406
FR0000125007;24/06/16;35.19;36.635;34.35;35.58;7270201
FR0000125007;27/06/16;34.50;34.84;32.285;32.51;6666266
FR0000125007;28/06/16;33.355;33.75;32.96;33.51;3778884
FR0000125007;29/06/16;33.98;34.51;33.795;34.38;2847309
FR0000125007;30/06/16;34.205;34.42;33.755;34.355;2537494
FR0000125338;01/06/16;86.19;86.19;84.75;85.02;459919
FR0000125338;02/06/16;85.23;88.73;85.19;87.82;1160597
FR0000125338;03/06/16;88.26;88.34;86.30;87.35;877740
FR0000125338;06/06/16;87.08;87.35;86.40;86.59;490855
FR0000125338;07/06/16;87.03;87.78;86.86;87.72;431891
FR0000125338;08/06/16;87.23;87.61;86.65;87.06;468827
FR0000125338;09/06/16;87.85;88.60;86.92;87.63;686600
FR0000125338;10/06/16;87.53;87.60;85.67;85.75;656918
FR0000125338;13/06/16;84.72;85.17;83.69;84.23;645918
FR0000125338;14/06/16;83.63;84.00;82.53;82.65;609052
FR0000125338;15/06/16;83.12;83.87;82.19;83.13;669181
FR0000125338;16/06/16;82.10;82.64;81.44;81.78;594430
FR0000125338;17/06/16;82.27;83.00;81.85;82.52;861680
FR0000125338;20/06/16;84.00;86.72;83.86;86.72;732840
FR0000125338;21/06/16;86.59;87.28;86.21;86.99;404528
FR0000125338;22/06/16;87.61;87.98;86.95;86.97;442075
FR0000125338;23/06/16;87.10;89.01;86.88;89.01;643345
FR0000125338;24/06/16;75.66;82.85;73.45;80.10;2133541
FR0000125338;27/06/16;79.26;79.75;73.87;74.40;1723782
FR0000125338;28/06/16;76.49;76.97;75.50;76.50;1320302
FR0000125338;29/06/16;77.60;78.84;76.60;78.52;711053
FR0000125338;30/06/16;77.77;78.36;76.21;78.20;898314
FR0000125486;01/06/16;67.47;67.78;67.02;67.20;1617734
FR0000125486;02/06/16;67.33;67.63;66.63;66.79;1613686
FR0000125486;03/06/16;66.90;67.24;66.27;66.69;1498098
FR0000125486;06/06/16;66.52;67.02;66.17;66.83;1240755
FR0000125486;07/06/16;67.10;67.47;66.89;66.90;1839903
FR0000125486;08/06/16;66.62;66.79;66.04;66.15;1665028
FR0000125486;09/06/16;66.16;66.16;65.52;65.79;1436405
FR0000125486;10/06/16;65.55;65.55;64.62;64.67;1567479
FR0000125486;13/06/16;64.14;64.44;63.65;63.65;1964753
FR0000125486;14/06/16;62.97;63.11;62.18;62.18;2456938
FR0000125486;15/06/16;62.75;63.33;62.50;62.60;1855638
FR0000125486;16/06/16;62.00;62.54;61.50;62.33;1835471
FR0000125486;17/06/16;62.71;63.12;62.50;62.90;2465050
FR0000125486;20/06/16;64.34;65.24;64.25;64.80;1943891
FR0000125486;21/06/16;64.95;64.95;64.38;64.73;2087560
FR0000125486;22/06/16;65.19;65.37;64.42;64.42;1976592
FR0000125486;23/06/16;64.80;65.37;64.00;64.65;2932191
FR0000125486;24/06/16;61.13;61.64;58.73;59.99;6320771
FR0000125486;27/06/16;59.52;60.73;58.29;58.57;3715032
FR0000125486;28/06/16;59.44;60.51;58.99;60.36;3289602
FR0000125486;29/06/16;61.09;62.79;60.84;62.52;2424373
FR0000125486;30/06/16;62.58;63.88;62.02;63.69;2753358
FR0000127771;01/06/16;17.67;17.88;17.645;17.67;5032700
FR0000127771;02/06/16;17.63;17.73;17.51;17.51;4321887
FR0000127771;03/06/16;17.50;17.55;17.18;17.295;6282521
FR0000127771;06/06/16;17.185;17.31;17.12;17.135;3882308
FR0000127771;07/06/16;16.86;17.035;16.77;16.845;6070377
FR0000127771;08/06/16;16.76;16.83;16.64;16.64;5691960
FR0000127771;09/06/16;16.56;16.605;16.255;16.255;6891439
FR0000127771;10/06/16;16.20;16.27;15.94;15.94;6946151
FR0000127771;13/06/16;15.78;15.845;15.70;15.70;6373934
FR0000127771;14/06/16;15.62;15.675;15.09;15.09;9560706
FR0000127771;15/06/16;15.285;15.765;15.22;15.69;8917730
FR0000127771;16/06/16;15.53;15.735;15.43;15.64;5873861
FR0000127771;17/06/16;15.77;15.87;15.52;15.58;7868088
FR0000127771;20/06/16;15.98;16.14;15.975;16.07;6668083
FR0000127771;21/06/16;16.135;16.22;15.995;16.195;3981829
FR0000127771;22/06/16;16.28;16.575;16.19;16.355;5661048
FR0000127771;23/06/16;16.45;16.735;16.45;16.705;6725476
FR0000127771;24/06/16;15.05;15.95;14.87;15.595;19667541
FR0000127771;27/06/16;15.375;15.645;15.20;15.28;9677206
FR0000127771;28/06/16;15.615;15.97;15.54;15.77;8361920
FR0000127771;29/06/16;15.99;16.505;15.99;16.505;6592740
FR0000127771;30/06/16;16.48;17.16;16.475;16.90;9080703
FR0000130577;01/06/16;65.04;65.62;64.81;65.07;553941
FR0000130577;02/06/16;65.10;66.19;65.05;65.63;799405
FR0000130577;03/06/16;64.00;64.14;61.85;62.04;1335681
FR0000130577;06/06/16;62.09;62.44;61.56;61.77;541467
FR0000130577;07/06/16;61.85;62.29;61.08;61.65;796560
FR0000130577;08/06/16;61.40;62.19;61.07;61.80;582035
FR0000130577;09/06/16;62.10;63.02;61.99;62.37;732976
FR0000130577;10/06/16;62.23;62.23;60.73;60.77;642426
FR0000130577;13/06/16;60.15;60.40;59.81;59.81;520532
FR0000130577;14/06/16;59.34;59.52;58.89;59.04;525016
FR0000130577;15/06/16;59.39;60.04;59.33;59.89;615237
FR0000130577;16/06/16;59.30;60.23;59.12;60.22;596798
FR0000130577;17/06/16;60.38;60.89;60.11;60.56;1027051
FR0000130577;20/06/16;61.64;62.75;61.54;62.46;586593
FR0000130577;21/06/16;62.50;63.15;62.10;62.73;468994
FR0000130577;22/06/16;62.95;63.64;62.75;63.27;435968
FR0000130577;23/06/16;63.48;64.35;63.40;63.79;725895
FR0000130577;24/06/16;59.00;61.09;57.42;60.66;2254138
FR0000130577;27/06/16;60.19;60.41;57.73;58.17;1426781
FR0000130577;28/06/16;59.40;59.81;58.96;59.07;916507
FR0000130577;29/06/16;59.73;60.65;58.97;60.20;906879
FR0000130577;30/06/16;60.31;61.14;59.90;60.53;987468
FR0000130809;01/06/16;36.80;37.065;35.93;36.16;4510352
FR0000130809;02/06/16;36.19;37.045;35.885;36.225;3752635
FR0000130809;03/06/16;36.07;36.66;35.21;35.61;4700347
FR0000130809;06/06/16;35.45;36.125;35.14;35.365;2581913
FR0000130809;07/06/16;35.725;36.315;35.525;35.72;3625964
FR0000130809;08/06/16;35.575;35.65;34.755;34.94;4018631
FR0000130809;09/06/16;34.805;34.84;34.175;34.205;3179573
FR0000130809;10/06/16;34.00;34.045;32.615;32.675;4834515
FR0000130809;13/06/16;32.21;32.49;31.495;31.59;4492412
FR0000130809;14/06/16;31.20;31.60;30.675;30.75;4812273
FR0000130809;15/06/16;31.26;31.97;31.00;31.33;5847573
FR0000130809;16/06/16;30.785;31.065;30.305;30.845;4779100
FR0000130809;17/06/16;31.385;33.025;31.31;32.87;10798563
FR0000130809;20/06/16;33.97;34.365;33.61;33.80;5615713
FR0000130809;21/06/16;33.87;34.39;33.70;34.165;3433230
FR0000130809;22/06/16;34.40;34.90;33.945;34.485;3489953
FR0000130809;23/06/16;34.63;36.33;34.495;36.26;6972546
FR0000130809;24/06/16;27.50;32.98;25.00;28.80;27050059
FR0000130809;27/06/16;29.38;29.50;25.725;26.385;16063137
FR0000130809;28/06/16;27.17;27.56;26.81;26.95;11762558
FR0000130809;29/06/16;27.635;28.13;27.425;27.91;7513346
FR0000130809;30/06/16;27.935;28.48;27.30;28.21;7148647
FR0000131104;01/06/16;49.645;50.00;48.41;48.86;4586203
FR0000131104;02/06/16;46.88;47.91;46.695;47.51;6142214
FR0000131104;03/06/16;47.235;47.655;45.905;46.32;5299140
FR0000131104;06/06/16;46.105;47.00;46.075;46.385;2587908
FR0000131104;07/06/16;46.75;47.495;46.61;47.065;3441726
FR0000131104;08/06/16;46.91;46.925;46.20;46.405;2696123
FR0000131104;09/06/16;46.235;46.375;45.765;45.875;3133275
FR0000131104;10/06/16;45.685;45.685;44.045;44.295;4739701
FR0000131104;13/06/16;43.60;43.96;43.01;43.01;3839346
FR0000131104;14/06/16;42.50;42.94;41.78;42.04;5762578
FR0000131104;15/06/16;42.75;43.47;42.30;42.415;4662586
FR0000131104;16/06/16;41.705;42.05;41.13;41.85;5352103
FR0000131104;17/06/16;42.565;44.00;42.435;43.45;7433495
FR0000131104;20/06/16;45.09;45.73;44.905;45.58;5670620
FR0000131104;21/06/16;45.58;46.455;45.42;46.07;4152419
FR0000131104;22/06/16;46.49;46.81;46.05;46.365;4440777
FR0000131104;23/06/16;46.555;48.115;46.41;47.70;5550567
FR0000131104;24/06/16;38.50;41.91;38.50;39.40;21339241
FR0000131104;27/06/16;38.68;39.175;35.27;36.91;16415031
FR0000131104;28/06/16;38.00;39.05;37.675;38.35;9430598
FR0000131104;29/06/16;39.10;39.70;38.855;39.51;6956460
FR0000131104;30/06/16;39.37;40.225;38.66;39.755;6395072
FR0000131906;01/06/16;84.21;84.40;82.53;83.07;984791
FR0000131906;02/06/16;83.06;84.47;82.43;83.51;779796
FR0000131906;03/06/16;84.17;84.21;80.23;80.28;1365476
FR0000131906;06/06/16;80.41;80.79;79.91;80.38;1164409
FR0000131906;07/06/16;80.87;83.05;80.67;82.90;904817
FR0000131906;08/06/16;82.78;82.92;81.40;81.50;657162
FR0000131906;09/06/16;81.36;81.43;79.50;79.57;670190
FR0000131906;10/06/16;79.45;79.47;77.65;78.09;648326
FR0000131906;13/06/16;76.68;77.09;75.56;76.14;827289
FR0000131906;14/06/16;75.56;75.56;73.42;74.32;1368497
FR0000131906;15/06/16;75.06;75.68;74.13;74.13;861509
FR0000131906;16/06/16;73.15;74.90;72.52;74.55;1082986
FR0000131906;17/06/16;75.39;76.99;74.96;76.18;1084513
FR0000131906;20/06/16;78.76;79.22;77.80;78.87;1042831
FR0000131906;21/06/16;78.65;79.66;77.94;78.76;715481
FR0000131906;22/06/16;79.20;79.73;78.23;78.23;672979
FR0000131906;23/06/16;78.60;81.60;78.43;81.60;1122253
FR0000131906;24/06/16;67.48;74.82;65.50;70.49;4954151
FR0000131906;27/06/16;70.69;70.91;65.34;66.23;2224870
FR0000131906;28/06/16;69.17;69.93;68.19;68.32;1617269
FR0000131906;29/06/16;68.71;69.85;67.02;68.33;1597449
FR0000131906;30/06/16;68.46;68.87;67.22;68.44;1258593
FR0000133308;01/06/16;15.555;15.64;15.45;15.50;4666314
FR0000133308;02/06/16;15.495;15.59;15.46;15.50;3434526
FR0000133308;03/06/16;15.525;15.635;15.315;15.37;4124171
FR0000133308;06/06/16;15.365;15.465;15.265;15.37;2858452
FR0000133308;07/06/16;15.46;15.53;15.36;15.50;4301437
FR0000133308;08/06/16;15.46;15.595;15.38;15.52;5627321
FR0000133308;09/06/16;15.46;15.47;15.195;15.215;6570367
FR0000133308;10/06/16;15.20;15.20;14.74;14.74;7162118
FR0000133308;13/06/16;14.57;14.705;14.475;14.60;7069770
FR0000133308;14/06/16;14.455;14.535;14.175;14.175;8695586
FR0000133308;15/06/16;14.35;14.36;14.16;14.16;7028475
FR0000133308;16/06/16;14.05;14.46;13.99;14.39;8604233
FR0000133308;17/06/16;14.475;14.505;14.10;14.29;13219103
FR0000133308;20/06/16;14.675;14.75;14.59;14.67;7438729
FR0000133308;21/06/16;14.26;14.55;14.215;14.435;7834864
FR0000133308;22/06/16;14.52;14.525;14.24;14.24;6946988
FR0000133308;23/06/16;14.36;14.87;14.33;14.775;6377026
FR0000133308;24/06/16;13.10;14.04;12.375;13.665;26201254
FR0000133308;27/06/16;13.50;13.92;13.42;13.585;11810600
FR0000133308;28/06/16;13.91;14.12;13.78;14.075;7696184
FR0000133308;29/06/16;14.295;14.665;14.265;14.62;7768002
FR0000133308;30/06/16;14.495;14.805;14.385;14.655;8267257
FR0010208488;01/06/16;13.82;13.84;13.455;13.55;6878168
FR0010208488;02/06/16;13.525;13.61;13.465;13.495;4167230
FR0010208488;03/06/16;13.565;13.64;13.335;13.505;5417983
FR0010208488;06/06/16;13.50;13.715;13.495;13.65;4893015
FR0010208488;07/06/16;13.775;14.02;13.75;13.95;8892283
FR0010208488;08/06/16;13.91;14.31;13.91;14.31;11133323
FR0010208488;09/06/16;14.32;14.385;14.16;14.31;8709402
FR0010208488;10/06/16;14.27;14.27;13.905;14.115;11268657
FR0010208488;13/06/16;13.925;13.965;13.79;13.855;7808975
FR0010208488;14/06/16;13.74;13.76;13.43;13.61;10944132
FR0010208488;15/06/16;13.61;13.865;13.585;13.84;7542120
FR0010208488;16/06/16;13.65;13.85;13.565;13.85;8480760
FR0010208488;17/06/16;13.955;14.135;13.92;14.12;14015304
FR0010208488;20/06/16;14.395;14.52;14.355;14.48;8172943
FR0010208488;21/06/16;14.465;14.575;14.355;14.515;5811755
FR0010208488;22/06/16;14.545;14.765;14.42;14.585;6614242
FR0010208488;23/06/16;14.625;14.87;14.495;14.685;8018403
FR0010208488;24/06/16;12.58;13.77;12.34;13.475;18752212
FR0010208488;27/06/16;13.37;13.65;13.09;13.18;10562025
FR0010208488;28/06/16;13.48;13.745;13.40;13.515;8765189
FR0010208488;29/06/16;13.71;14.085;13.68;14.035;8516399
FR0010208488;30/06/16;14.03;14.595;13.955;14.51;12305089
FR0010307819;01/06/16;49.55;50.26;49.335;50.12;898811
FR0010307819;02/06/16;50.22;50.77;50.11;50.52;679592
FR0010307819;03/06/16;50.57;50.81;49.835;49.985;516128
FR0010307819;06/06/16;49.96;50.25;49.775;50.06;279323
FR0010307819;07/06/16;50.17;50.82;50.17;50.36;618670
FR0010307819;08/06/16;50.20;50.29;49.545;49.85;617029
FR0010307819;09/06/16;49.835;50.02;49.495;49.595;441580
FR0010307819;10/06/16;49.495;49.495;48.065;48.095;625769
FR0010307819;13/06/16;47.68;47.755;47.025;47.105;608760
FR0010307819;14/06/16;46.635;46.96;46.335;46.335;699434
FR0010307819;15/06/16;46.68;46.97;46.33;46.575;799506
FR0010307819;16/06/16;46.00;46.32;45.625;45.96;636583
FR0010307819;17/06/16;46.30;46.68;46.175;46.535;1007571
FR0010307819;20/06/16;47.475;48.505;47.45;48.435;558970
FR0010307819;21/06/16;48.33;48.72;48.18;48.51;485778
FR0010307819;22/06/16;48.88;49.10;48.59;48.745;520957
FR0010307819;23/06/16;49.03;50.04;48.99;50.02;723205
FR0010307819;24/06/16;46.00;46.875;45.25;45.725;1910170
FR0010307819;27/06/16;44.96;45.20;43.05;43.295;1499475
FR0010307819;28/06/16;44.40;44.755;44.18;44.50;1132285
FR0010307819;29/06/16;45.00;45.625;44.645;45.54;746934
FR0010307819;30/06/16;45.235;46.325;45.02;46.31;884876
FR0013176526;01/06/16;45.3333;45.3333;44.55;44.8167;646569
FR0013176526;02/06/16;44.9333;45.8167;44.8333;45.6333;728595
FR0013176526;03/06/16;45.8333;46.2333;44.35;44.85;921996
FR0013176526;06/06/16;44.85;45.295;44.85;44.95;478639
FR0013176526;07/06/16;45.27;46.135;45.135;46.115;720412
FR0013176526;08/06/16;46.02;46.195;45.79;46.145;917548
FR0013176526;09/06/16;45.985;45.995;45.10;45.535;849612
FR0013176526;10/06/16;45.365;45.365;44.345;44.545;988985
FR0013176526;13/06/16;43.985;44.165;43.57;43.695;775316
FR0013176526;14/06/16;43.38;43.38;42.71;42.71;1183103
FR0013176526;15/06/16;43.09;43.21;42.47;42.79;824117
FR0013176526;16/06/16;42.275;43.09;42.10;43.02;821730
FR0013176526;17/06/16;43.51;44.12;43.395;44.075;1327134
FR0013176526;20/06/16;45.105;46.55;44.91;45.785;1119984
FR0013176526;21/06/16;45.77;46.20;45.44;45.79;752529
FR0013176526;22/06/16;45.975;46.225;45.74;45.88;742840
FR0013176526;23/06/16;46.09;47.42;45.93;47.42;1072515
FR0013176526;24/06/16;42.20;43.96;40.95;42.625;2556954
FR0013176526;27/06/16;42.35;42.43;39.345;39.445;1835517
FR0013176526;28/06/16;40.725;40.735;39.54;39.90;1022624
FR0013176526;29/06/16;40.43;40.43;39.285;39.99;1260539
FR0013176526;30/06/16;40.285;40.63;39.86;40.13;1211129
GB00BDSFG982;01/06/16;24.60;24.75;24.35;24.7375;1583984
GB00BDSFG982;02/06/16;24.75;24.925;24.135;24.25;1881682
GB00BDSFG982;03/06/16;24.275;24.555;23.9575;23.9725;1491674
GB00BDSFG982;06/06/16;23.935;24.685;23.815;24.625;1548578
GB00BDSFG982;07/06/16;24.65;25.49;24.65;25.36;2020214
GB00BDSFG982;08/06/16;25.305;26.22;25.255;26.025;2039728
GB00BDSFG982;09/06/16;25.935;25.945;25.095;25.095;2083752
GB00BDSFG982;10/06/16;25.00;25.30;24.63;24.7275;1476178
GB00BDSFG982;13/06/16;24.395;24.4425;23.51;23.9775;2066854
GB00BDSFG982;14/06/16;23.735;23.875;23.2325;23.245;1887304
GB00BDSFG982;15/06/16;23.2125;23.7125;23.0575;23.50;1525960
GB00BDSFG982;16/06/16;23.10;23.2525;22.67;23.0075;2045358
GB00BDSFG982;17/06/16;22.9275;24.0825;22.7125;24.0825;2796362
GB00BDSFG982;20/06/16;24.405;25.115;24.3175;25.075;2806140
GB00BDSFG982;21/06/16;25.075;25.26;24.4275;24.7725;2092390
GB00BDSFG982;22/06/16;25.00;25.25;24.81;24.8675;1092364
GB00BDSFG982;23/06/16;25.20;25.415;24.775;25.16;1314784
GB00BDSFG982;24/06/16;22.90;24.4225;22.765;23.89;3411520
GB00BDSFG982;27/06/16;23.875;24.19;22.8825;22.925;2105730
GB00BDSFG982;28/06/16;23.4225;23.4625;22.7775;22.86;1592420
GB00BDSFG982;29/06/16;23.15;24.20;23.15;23.95;1883088
GB00BDSFG982;30/06/16;23.805;24.4075;23.505;24.4075;1864838
LU1598757687;01/06/16;13.341;13.368;12.663;12.885;6883605
LU1598757687;02/06/16;12.90;13.65;12.90;13.539;9812517
LU1598757687;03/06/16;13.71;14.10;13.629;13.761;9700141
LU1598757687;06/06/16;13.98;14.322;13.842;14.169;6644207
LU1598757687;07/06/16;14.271;14.415;13.95;14.25;8565425
LU1598757687;08/06/16;14.175;14.805;14.055;14.64;8436287
LU1598757687;09/06/16;14.997;15.207;14.115;14.31;8234334
LU1598757687;10/06/16;14.241;14.598;14.037;14.19;7910437
LU1598757687;13/06/16;13.95;13.95;12.978;13.665;9565338
LU1598757687;14/06/16;13.347;13.668;12.99;12.993;7615451
LU1598757687;15/06/16;13.35;13.695;12.948;13.56;7957818
LU1598757687;16/06/16;13.383;13.764;13.062;13.344;7037644
LU1598757687;17/06/16;13.443;14.04;13.431;13.713;16041513
LU1598757687;20/06/16;14.172;14.343;13.875;14.28;7335713
LU1598757687;21/06/16;14.121;14.346;13.506;13.68;7625388
LU1598757687;22/06/16;13.845;14.031;13.443;13.605;7067472
LU1598757687;23/06/16;13.665;14.469;13.653;14.427;9288086
LU1598757687;24/06/16;12.033;13.203;11.70;12.573;19753678
LU1598757687;27/06/16;12.648;12.897;11.487;12.018;12019806
LU1598757687;28/06/16;12.21;12.405;11.808;11.904;11584545
LU1598757687;29/06/16;12.24;12.486;12.096;12.45;8105512
LU1598757687;30/06/16;12.36;12.426;11.952;12.273;8214525
NL0000226223;01/06/16;5.406;5.407;5.305;5.34;1644121
NL0000226223;02/06/16;5.329;5.375;5.308;5.338;1554168
NL0000226223;03/06/16;5.391;5.477;5.287;5.322;2180708
NL0000226223;06/06/16;5.29;5.40;5.231;5.394;2005321
NL0000226223;07/06/16;5.434;5.539;5.40;5.539;2254094
NL0000226223;08/06/16;5.499;5.509;5.366;5.383;1632517
NL0000226223;09/06/16;5.381;5.386;5.22;5.316;1421944
NL0000226223;10/06/16;5.271;5.286;5.079;5.079;2313911
NL0000226223;13/06/16;5.005;5.027;4.884;4.969;2287898
NL0000226223;14/06/16;4.936;5.01;4.869;4.929;3045961
NL0000226223;15/06/16;5.043;5.145;5.02;5.056;2869455
NL0000226223;16/06/16;5.009;5.028;4.901;4.926;2527757
NL0000226223;17/06/16;4.965;5.08;4.953;5.043;2902987
NL0000226223;20/06/16;5.098;5.204;5.072;5.162;2114481
NL0000226223;21/06/16;5.16;5.213;5.12;5.20;1904465
NL0000226223;22/06/16;5.232;5.352;5.205;5.278;2064677
NL0000226223;23/06/16;5.289;5.435;5.00;5.435;2983468
NL0000226223;24/06/16;4.812;5.227;4.812;5.125;6859833
NL0000226223;27/06/16;5.062;5.111;4.908;4.988;4935241
NL0000226223;28/06/16;5.085;5.206;5.067;5.105;3837012
NL0000226223;29/06/16;5.144;5.17;5.065;5.107;2365916
NL0000226223;30/06/16;5.075;5.246;5.036;5.246;3862364
NL0000235190;01/06/16;56.00;56.38;55.55;55.94;1470447
NL0000235190;02/06/16;55.81;56.02;55.12;55.30;1708528
NL0000235190;03/06/16;55.53;55.64;52.94;53.35;3892697
NL0000235190;06/06/16;53.35;53.64;53.00;53.03;1375597
NL0000235190;07/06/16;53.47;54.16;53.33;53.51;1628597
NL0000235190;08/06/16;53.45;54.12;53.11;53.61;1777107
NL0000235190;09/06/16;53.51;53.68;53.01;53.40;1468365
NL0000235190;10/06/16;53.30;53.41;52.40;52.66;2330848
NL0000235190;13/06/16;52.00;52.14;51.24;51.27;2349084
NL0000235190;14/06/16;50.66;51.56;50.39;50.98;3254065
NL0000235190;15/06/16;51.48;52.43;51.45;51.67;2586441
NL0000235190;16/06/16;51.00;51.38;50.10;50.49;3176273
NL0000235190;17/06/16;51.01;51.49;50.32;50.83;4071643
NL0000235190;20/06/16;52.04;53.56;51.56;53.31;2533794
NL0000235190;21/06/16;53.31;54.46;53.12;54.36;2292739
NL0000235190;22/06/16;54.65;54.99;54.23;54.45;1837873
NL0000235190;23/06/16;54.97;56.32;54.81;55.53;2358776
NL0000235190;24/06/16;50.00;53.50;50.00;52.11;7026939
NL0000235190;27/06/16;51.50;52.54;49.51;49.92;4755583
NL0000235190;28/06/16;50.64;51.70;50.24;51.11;2481580
NL0000235190;29/06/16;51.67;52.07;51.26;51.93;2129924
NL0000235190;30/06/16;51.56;52.49;51.28;51.73;2815103
