BE0003470755;01/09/15;104.10;104.25;101.70;102.70;245478
BE0003470755;02/09/15;103.20;103.65;102.00;102.45;143103
BE0003470755;03/09/15;103.45;105.25;102.40;104.65;261377
BE0003470755;04/09/15;104.85;105.00;102.10;102.70;476264
BE0003470755;07/09/15;103.75;104.15;102.65;103.20;130131
BE0003470755;08/09/15;103.70;105.30;103.55;104.70;188638
BE0003470755;09/09/15;106.65;107.25;104.25;104.40;228317
BE0003470755;10/09/15;103.65;104.00;101.55;102.00;336163
BE0003470755;11/09/15;102.60;102.60;100.25;100.30;267864
BE0003470755;14/09/15;101.00;101.30;99.43;100.00;249529
BE0003470755;15/09/15;100.50;101.00;99.40;100.20;232752
BE0003470755;16/09/15;101.00;101.75;100.40;101.05;199991
BE0003470755;17/09/15;101.25;101.50;99.80;99.80;174630
BE0003470755;18/09/15;99.80;99.83;96.20;97.41;656738
BE0003470755;21/09/15;97.66;98.00;96.50;96.80;334255
BE0003470755;22/09/15;97.00;97.15;93.68;93.70;407331
BE0003470755;23/09/15;93.80;97.10;93.30;95.13;559274
BE0003470755;24/09/15;95.33;95.45;90.04;90.62;619095
BE0003470755;25/09/15;92.24;93.39;91.25;91.80;633388
BE0003470755;28/09/15;92.11;92.29;89.51;89.51;472898
BE0003470755;29/09/15;88.87;91.00;88.01;90.48;542673
BE0003470755;30/09/15;92.00;92.40;90.55;91.22;436349
CH0012214059;01/09/15;55.73;56.24;54.71;55.10;471722
CH0012214059;02/09/15;55.00;55.42;54.50;54.99;340989
CH0012214059;03/09/15;55.71;56.49;55.28;56.20;357116
CH0012214059;04/09/15;55.85;55.85;52.94;53.18;424834
CH0012214059;07/09/15;53.74;54.15;53.35;53.96;222058
CH0012214059;08/09/15;51.84;52.45;51.81;52.01;328790
CH0012214059;09/09/15;55.00;55.00;53.42;53.65;544819
CH0012214059;10/09/15;53.21;53.41;52.43;52.65;455292
CH0012214059;11/09/15;53.50;53.50;52.21;52.33;460900
CH0012214059;14/09/15;52.21;52.73;51.82;52.33;384328
CH0012214059;15/09/15;52.19;52.96;51.90;52.71;454613
CH0012214059;16/09/15;53.27;53.54;52.83;53.27;331578
CH0012214059;17/09/15;53.40;53.40;52.38;53.30;455194
CH0012214059;18/09/15;53.19;53.19;50.90;51.25;5320020
CH0012214059;21/09/15;51.50;52.10;50.92;51.33;788261
CH0012214059;22/09/15;51.34;51.45;48.80;48.855;658963
CH0012214059;23/09/15;48.27;48.77;47.64;47.64;734294
CH0012214059;24/09/15;47.415;47.57;45.82;46.075;783422
CH0012214059;25/09/15;46.98;47.25;46.515;47.005;967868
CH0012214059;28/09/15;46.755;46.785;44.765;45.10;673948
CH0012214059;29/09/15;44.50;46.66;43.995;46.09;924590
CH0012214059;30/09/15;47.295;47.35;46.52;46.62;1115775
FR0000045072;01/09/15;11.95;11.96;11.61;11.745;6949311
FR0000045072;02/09/15;11.80;11.97;11.61;11.80;5201317
FR0000045072;03/09/15;11.965;12.095;11.865;12.005;5790695
FR0000045072;04/09/15;11.905;11.95;11.685;11.73;6871654
FR0000045072;07/09/15;11.83;11.895;11.675;11.70;2951237
FR0000045072;08/09/15;11.785;11.845;11.695;11.71;7518856
FR0000045072;09/09/15;11.98;12.07;11.84;11.86;6340496
FR0000045072;10/09/15;11.71;11.915;11.59;11.68;7158635
FR0000045072;11/09/15;11.73;11.74;11.51;11.53;4057977
FR0000045072;14/09/15;11.565;11.59;11.105;11.19;9405664
FR0000045072;15/09/15;11.215;11.385;11.135;11.33;7459497
FR0000045072;16/09/15;11.41;11.48;11.285;11.36;5897766
FR0000045072;17/09/15;11.21;11.35;11.12;11.29;8571168
FR0000045072;18/09/15;11.235;11.235;10.88;11.005;10857333
FR0000045072;21/09/15;10.995;11.16;10.965;11.095;4035288
FR0000045072;22/09/15;11.115;11.155;10.695;10.735;8082094
FR0000045072;23/09/15;10.71;10.765;10.43;10.455;9238374
FR0000045072;24/09/15;10.48;10.555;10.24;10.345;9731944
FR0000045072;25/09/15;10.45;10.575;10.40;10.50;7223270
FR0000045072;28/09/15;10.50;10.535;10.07;10.14;8659447
FR0000045072;29/09/15;10.01;10.285;9.957;10.105;7583148
FR0000045072;30/09/15;10.30;10.36;10.20;10.255;6054701
FR0000051732;01/09/15;67.55;67.62;66.33;66.68;497348
FR0000051732;02/09/15;66.72;66.92;65.21;65.87;551506
FR0000051732;03/09/15;66.55;67.37;66.20;66.72;629863
FR0000051732;04/09/15;66.20;66.73;65.98;66.08;374624
FR0000051732;07/09/15;66.48;66.68;65.60;65.97;253905
FR0000051732;08/09/15;66.24;67.40;66.16;66.82;292493
FR0000051732;09/09/15;67.99;68.15;67.67;67.83;240742
FR0000051732;10/09/15;67.41;68.05;67.20;67.75;244895
FR0000051732;11/09/15;68.03;68.08;66.81;67.14;317279
FR0000051732;14/09/15;67.11;68.06;66.64;67.03;175484
FR0000051732;15/09/15;67.27;68.06;66.67;67.93;350304
FR0000051732;16/09/15;68.29;69.49;68.14;69.40;350558
FR0000051732;17/09/15;69.33;70.07;69.12;69.85;368713
FR0000051732;18/09/15;69.62;69.85;68.53;69.21;468660
FR0000051732;21/09/15;69.14;69.91;68.64;69.58;399542
FR0000051732;22/09/15;69.58;69.84;67.81;67.89;407138
FR0000051732;23/09/15;68.04;68.65;67.36;68.31;234975
FR0000051732;24/09/15;68.08;68.83;66.84;67.14;317190
FR0000051732;25/09/15;67.93;69.26;67.77;68.74;396131
FR0000051732;28/09/15;68.68;68.96;67.87;67.92;319527
FR0000051732;29/09/15;67.08;67.97;66.36;66.83;449131
FR0000051732;30/09/15;67.80;68.89;67.40;68.54;488059
FR0000073272;01/09/15;68.80;69.80;66.61;68.00;1874346
FR0000073272;02/09/15;68.25;68.86;66.75;66.86;1733782
FR0000073272;03/09/15;67.51;68.86;66.95;68.29;1500324
FR0000073272;04/09/15;67.50;67.90;66.26;66.64;1318119
FR0000073272;07/09/15;67.27;67.40;66.41;66.50;638007
FR0000073272;08/09/15;66.70;67.96;66.40;66.69;1422425
FR0000073272;09/09/15;68.00;68.01;67.36;67.39;1217656
FR0000073272;10/09/15;67.03;67.74;66.42;66.95;1052825
FR0000073272;11/09/15;67.24;67.35;65.76;66.88;894554
FR0000073272;14/09/15;67.06;67.72;66.62;66.85;975738
FR0000073272;15/09/15;67.53;68.50;66.86;68.37;1259559
FR0000073272;16/09/15;68.59;69.48;67.87;69.29;1367341
FR0000073272;17/09/15;69.33;71.06;68.91;70.26;1715886
FR0000073272;18/09/15;69.70;71.01;68.41;69.60;21750805
FR0000073272;21/09/15;69.25;70.32;69.19;69.63;2051802
FR0000073272;22/09/15;69.58;69.75;67.67;68.13;1732993
FR0000073272;23/09/15;68.13;68.54;67.55;68.09;1602297
FR0000073272;24/09/15;67.92;68.01;65.44;65.95;2178131
FR0000073272;25/09/15;67.10;68.78;66.62;67.98;1793095
FR0000073272;28/09/15;67.68;68.11;66.87;67.51;1877960
FR0000073272;29/09/15;66.56;67.88;66.33;66.79;1494348
FR0000073272;30/09/15;67.84;68.25;67.19;67.30;1869130
FR0000120073;01/09/15;95.3182;96.00;94.00;95.7273;1427197
FR0000120073;02/09/15;95.9091;97.2273;95.4545;96.3636;1111184
FR0000120073;03/09/15;97.2727;99.00;96.8636;98.3182;1154172
FR0000120073;04/09/15;97.50;97.6818;94.8182;95.2727;1278304
FR0000120073;07/09/15;96.3182;97.0455;95.6364;96.3636;548152
FR0000120073;08/09/15;96.8182;98.00;96.5455;96.8636;918581
FR0000120073;09/09/15;99.3636;99.6818;97.9545;98.0455;1013716
FR0000120073;10/09/15;97.1364;97.7727;96.0909;96.2273;895546
FR0000120073;11/09/15;96.7273;96.7727;95.2727;95.3636;871788
FR0000120073;14/09/15;95.6818;96.7727;94.8182;95.0909;930149
FR0000120073;15/09/15;95.2727;96.4091;94.4545;95.7727;653680
FR0000120073;16/09/15;96.50;97.0909;96.2273;96.3636;788507
FR0000120073;17/09/15;96.5455;96.7273;95.6818;95.9546;816931
FR0000120073;18/09/15;95.4545;95.6364;92.7273;93.9091;2550717
FR0000120073;21/09/15;93.9545;96.0455;93.9545;95.7727;754911
FR0000120073;22/09/15;95.7727;95.8636;92.5909;92.7727;1465772
FR0000120073;23/09/15;93.2273;94.00;92.6364;92.7727;1013904
FR0000120073;24/09/15;92.7727;93.2727;90.5818;91.4091;1370641
FR0000120073;25/09/15;92.6818;95.0455;92.3636;94.50;1099319
FR0000120073;28/09/15;94.3182;94.5909;92.0455;92.4091;856496
FR0000120073;29/09/15;91.5909;94.0455;91.3636;93.6364;1350261
FR0000120073;30/09/15;95.7727;96.4545;95.0909;96.0455;1259339
FR0000120172;01/09/15;28.655;28.715;27.91;28.22;3300710
FR0000120172;02/09/15;28.365;28.585;28.015;28.255;2259475
FR0000120172;03/09/15;28.385;28.72;28.32;28.57;3761814
FR0000120172;04/09/15;28.335;28.34;27.56;27.745;3586156
FR0000120172;07/09/15;28.045;28.095;27.67;27.845;1322030
FR0000120172;08/09/15;27.89;28.51;27.845;28.135;2576962
FR0000120172;09/09/15;28.695;28.885;28.53;28.58;2163344
FR0000120172;10/09/15;28.20;28.305;27.65;27.65;4255157
FR0000120172;11/09/15;27.685;27.725;26.71;26.88;4689732
FR0000120172;14/09/15;26.915;27.295;26.62;26.715;2940981
FR0000120172;15/09/15;26.76;27.08;26.38;26.98;3844618
FR0000120172;16/09/15;27.165;27.73;27.14;27.57;3411966
FR0000120172;17/09/15;27.62;27.675;27.275;27.29;2524718
FR0000120172;18/09/15;27.11;27.155;26.515;26.78;6202175
FR0000120172;21/09/15;26.745;27.35;26.725;27.245;2593263
FR0000120172;22/09/15;27.25;27.29;26.385;26.415;3991313
FR0000120172;23/09/15;26.275;26.72;26.21;26.365;2861359
FR0000120172;24/09/15;26.29;26.34;25.345;25.47;4473203
FR0000120172;25/09/15;25.88;26.49;25.815;26.27;3473246
FR0000120172;28/09/15;26.185;26.245;25.355;25.37;3533951
FR0000120172;29/09/15;25.005;25.58;24.85;25.27;3498460
FR0000120172;30/09/15;25.76;26.545;25.75;26.44;4319583
FR0000120271;01/09/15;40.905;41.82;40.01;40.41;10606829
FR0000120271;02/09/15;39.975;40.835;39.505;40.06;6940631
FR0000120271;03/09/15;40.50;41.93;40.50;41.44;7516024
FR0000120271;04/09/15;41.095;41.135;39.66;39.96;7763521
FR0000120271;07/09/15;39.97;40.48;39.79;39.97;3062490
FR0000120271;08/09/15;39.905;40.87;39.905;40.365;5055767
FR0000120271;09/09/15;41.035;41.495;40.705;40.71;6355561
FR0000120271;10/09/15;39.89;40.685;39.76;39.945;6352223
FR0000120271;11/09/15;40.32;40.65;39.645;39.69;6124533
FR0000120271;14/09/15;39.205;40.15;39.20;39.765;5432785
FR0000120271;15/09/15;39.72;41.16;39.60;40.985;8179165
FR0000120271;16/09/15;41.14;42.295;41.005;42.13;6116598
FR0000120271;17/09/15;42.175;42.66;41.835;41.99;5622026
FR0000120271;18/09/15;41.47;41.605;40.325;40.775;16138379
FR0000120271;21/09/15;40.34;41.365;40.34;40.82;6043223
FR0000120271;22/09/15;41.02;41.02;39.215;39.76;9981941
FR0000120271;23/09/15;39.585;40.975;39.37;40.625;8823044
FR0000120271;24/09/15;40.53;40.62;39.395;39.605;10538761
FR0000120271;25/09/15;40.105;41.07;40.01;40.385;8933030
FR0000120271;28/09/15;39.85;40.25;38.23;38.765;8222822
FR0000120271;29/09/15;38.20;39.455;38.195;39.185;8187724
FR0000120271;30/09/15;39.89;40.325;39.655;40.20;8555185
FR0000120321;01/09/15;149.70;150.35;147.55;149.75;822935
FR0000120321;02/09/15;150.60;152.00;148.75;150.65;582832
FR0000120321;03/09/15;152.65;153.55;150.80;150.90;1146951
FR0000120321;04/09/15;148.90;149.10;145.00;145.75;1528860
FR0000120321;07/09/15;147.25;148.45;146.40;147.20;473524
FR0000120321;08/09/15;148.25;149.40;146.90;146.90;611912
FR0000120321;09/09/15;150.10;150.95;148.55;148.60;684414
FR0000120321;10/09/15;147.95;148.30;145.40;145.85;602970
FR0000120321;11/09/15;146.55;146.80;144.40;145.30;703137
FR0000120321;14/09/15;145.40;147.15;143.95;143.95;614370
FR0000120321;15/09/15;144.40;147.35;144.05;146.75;763478
FR0000120321;16/09/15;148.00;151.55;147.40;150.60;790799
FR0000120321;17/09/15;151.25;151.50;149.90;150.50;472916
FR0000120321;18/09/15;149.55;150.00;145.95;146.75;1506497
FR0000120321;21/09/15;147.05;150.65;147.00;150.20;590009
FR0000120321;22/09/15;149.95;150.15;145.10;145.55;580891
FR0000120321;23/09/15;145.95;147.50;144.70;145.45;746500
FR0000120321;24/09/15;146.55;146.80;142.35;143.90;1103481
FR0000120321;25/09/15;146.45;152.50;146.05;151.90;1264338
FR0000120321;28/09/15;151.35;152.20;149.30;149.75;911940
FR0000120321;29/09/15;147.45;149.95;146.80;148.80;680951
FR0000120321;30/09/15;151.75;156.30;151.75;155.05;1133967
FR0000120404;01/09/15;41.75;41.845;40.91;41.32;1107149
FR0000120404;02/09/15;41.625;42.505;41.595;42.035;1312557
FR0000120404;03/09/15;42.55;43.94;42.51;43.42;1312573
FR0000120404;04/09/15;42.81;42.86;41.60;41.82;1044538
FR0000120404;07/09/15;42.18;42.31;41.595;41.92;427085
FR0000120404;08/09/15;42.25;42.725;42.04;42.145;724974
FR0000120404;09/09/15;43.165;44.49;42.985;43.36;1195786
FR0000120404;10/09/15;42.895;43.53;42.765;42.98;812477
FR0000120404;11/09/15;43.185;43.185;41.78;42.105;963192
FR0000120404;14/09/15;42.19;42.82;41.935;41.98;756267
FR0000120404;15/09/15;42.085;42.41;41.54;41.74;1183903
FR0000120404;16/09/15;42.065;42.785;42.065;42.555;594420
FR0000120404;17/09/15;42.755;43.53;42.565;43.405;697301
FR0000120404;18/09/15;43.10;43.165;42.27;42.83;1282376
FR0000120404;21/09/15;42.95;43.805;42.905;43.395;952046
FR0000120404;22/09/15;43.60;43.69;41.42;41.57;1439463
FR0000120404;23/09/15;41.545;42.21;40.765;41.89;1131938
FR0000120404;24/09/15;41.885;42.43;40.66;40.835;1595345
FR0000120404;25/09/15;41.375;42.58;41.375;42.455;1023001
FR0000120404;28/09/15;42.215;42.52;40.83;40.93;1794653
FR0000120404;29/09/15;40.41;41.06;39.945;40.10;1387816
FR0000120404;30/09/15;40.80;42.125;40.66;41.76;1208913
FR0000120503;01/09/15;33.505;33.715;33.17;33.465;1199479
FR0000120503;02/09/15;33.63;33.70;32.82;33.34;866090
FR0000120503;03/09/15;33.67;34.395;33.66;34.17;1010807
FR0000120503;04/09/15;33.705;33.965;33.54;33.65;921241
FR0000120503;07/09/15;33.885;34.35;33.885;34.34;938281
FR0000120503;08/09/15;34.475;35.12;34.41;34.70;819002
FR0000120503;09/09/15;35.345;35.42;34.56;34.65;992579
FR0000120503;10/09/15;34.51;35.15;34.41;35.02;1194497
FR0000120503;11/09/15;34.995;35.02;33.605;33.93;1414396
FR0000120503;14/09/15;33.905;34.205;33.665;33.80;825671
FR0000120503;15/09/15;33.84;34.11;33.525;33.90;584874
FR0000120503;16/09/15;34.135;34.59;33.97;34.25;626899
FR0000120503;17/09/15;34.235;34.235;33.285;33.69;1021510
FR0000120503;18/09/15;33.60;33.635;32.90;33.15;1341216
FR0000120503;21/09/15;33.015;33.375;32.835;33.34;934983
FR0000120503;22/09/15;33.405;33.445;31.97;32.055;1338589
FR0000120503;23/09/15;32.00;32.445;31.78;31.99;960491
FR0000120503;24/09/15;32.00;32.27;31.345;31.58;1049287
FR0000120503;25/09/15;31.895;32.46;31.895;32.15;761701
FR0000120503;28/09/15;31.985;32.185;31.525;31.645;1071168
FR0000120503;29/09/15;31.35;31.88;31.26;31.47;1277976
FR0000120503;30/09/15;31.885;32.035;31.515;31.73;1242078
FR0000120578;01/09/15;86.17;86.42;84.69;86.00;3807916
FR0000120578;02/09/15;86.40;87.97;86.19;87.24;3093789
FR0000120578;03/09/15;88.46;90.53;88.17;89.51;3377468
FR0000120578;04/09/15;89.19;89.19;86.59;87.17;3028234
FR0000120578;07/09/15;88.37;89.28;87.62;88.22;1433643
FR0000120578;08/09/15;89.39;90.47;88.67;88.70;2946868
FR0000120578;09/09/15;90.84;91.81;89.94;89.94;3118213
FR0000120578;10/09/15;89.01;90.21;88.37;88.48;2732714
FR0000120578;11/09/15;88.58;88.81;87.40;88.02;2284897
FR0000120578;14/09/15;88.40;89.44;87.63;87.63;1924392
FR0000120578;15/09/15;87.88;88.93;87.64;87.99;2377898
FR0000120578;16/09/15;88.75;89.67;88.55;89.55;2067110
FR0000120578;17/09/15;90.14;90.18;88.81;89.22;1842628
FR0000120578;18/09/15;88.88;89.22;86.56;87.88;8377421
FR0000120578;21/09/15;87.60;89.92;87.30;89.43;2273127
FR0000120578;22/09/15;88.58;89.07;85.21;85.49;3932224
FR0000120578;23/09/15;85.68;87.12;85.36;85.70;3093007
FR0000120578;24/09/15;85.72;86.20;83.42;84.40;3717895
FR0000120578;25/09/15;86.17;88.16;85.90;87.01;3514113
FR0000120578;28/09/15;86.00;86.87;84.24;84.44;3687721
FR0000120578;29/09/15;82.81;83.64;82.01;83.09;3998851
FR0000120578;30/09/15;84.71;86.02;84.37;84.89;3638705
FR0000120628;01/09/15;22.03;22.13;21.38;21.595;10877160
FR0000120628;02/09/15;21.72;21.995;21.46;21.785;6001546
FR0000120628;03/09/15;22.13;22.495;21.965;22.34;8217952
FR0000120628;04/09/15;22.275;22.275;21.46;21.725;8779446
FR0000120628;07/09/15;21.925;22.035;21.69;21.91;4946827
FR0000120628;08/09/15;22.08;22.56;22.05;22.305;5652265
FR0000120628;09/09/15;22.78;23.155;22.74;22.795;9145597
FR0000120628;10/09/15;22.57;22.785;22.33;22.525;5665533
FR0000120628;11/09/15;22.655;22.69;22.135;22.235;4265473
FR0000120628;14/09/15;22.335;22.525;22.01;22.01;4879286
FR0000120628;15/09/15;22.055;22.55;21.995;22.40;5390664
FR0000120628;16/09/15;22.595;22.69;22.355;22.45;4629399
FR0000120628;17/09/15;22.51;22.695;22.425;22.61;4187986
FR0000120628;18/09/15;22.45;22.45;21.445;21.54;19782289
FR0000120628;21/09/15;21.52;22.105;21.50;21.94;6415573
FR0000120628;22/09/15;21.94;21.995;21.055;21.225;9815598
FR0000120628;23/09/15;21.29;21.62;21.18;21.285;7606414
FR0000120628;24/09/15;21.295;21.485;20.795;21.04;8023859
FR0000120628;25/09/15;21.365;21.905;21.345;21.72;8571925
FR0000120628;28/09/15;21.645;21.745;20.995;21.275;6919740
FR0000120628;29/09/15;20.85;21.375;20.76;21.08;7566416
FR0000120628;30/09/15;21.495;21.845;21.46;21.635;6419719
FR0000120644;01/09/15;54.41;54.62;53.53;54.36;2024663
FR0000120644;02/09/15;54.67;54.81;53.91;54.16;1851647
FR0000120644;03/09/15;54.62;55.43;54.46;55.02;1458748
FR0000120644;04/09/15;54.27;54.42;53.40;53.52;2200354
FR0000120644;07/09/15;54.09;54.36;53.40;53.54;1070670
FR0000120644;08/09/15;53.78;54.46;53.66;53.66;1408976
FR0000120644;09/09/15;54.84;55.38;54.51;54.58;1955715
FR0000120644;10/09/15;54.19;54.54;53.77;53.91;1450639
FR0000120644;11/09/15;54.05;54.11;53.14;53.32;1102590
FR0000120644;14/09/15;53.39;54.05;53.10;53.10;982284
FR0000120644;15/09/15;53.49;54.03;52.88;53.87;1612245
FR0000120644;16/09/15;54.36;55.31;54.07;55.01;1590589
FR0000120644;17/09/15;55.25;55.65;55.00;55.48;1615187
FR0000120644;18/09/15;55.12;55.38;54.12;54.63;3859485
FR0000120644;21/09/15;54.75;56.27;54.65;56.09;2208107
FR0000120644;22/09/15;55.85;56.06;54.33;54.53;1904385
FR0000120644;23/09/15;54.97;55.99;54.61;55.13;2371774
FR0000120644;24/09/15;55.01;55.23;53.44;53.79;2120245
FR0000120644;25/09/15;54.42;55.77;54.30;55.38;1718665
FR0000120644;28/09/15;55.14;55.39;54.36;54.51;1491867
FR0000120644;29/09/15;53.84;54.84;53.68;54.18;2029342
FR0000120644;30/09/15;55.04;56.52;55.00;56.42;2339266
FR0000120693;01/09/15;93.30;93.30;90.42;91.05;1218117
FR0000120693;02/09/15;91.70;92.05;90.35;91.49;890176
FR0000120693;03/09/15;92.52;94.05;92.00;93.61;792696
FR0000120693;04/09/15;92.53;92.65;91.05;91.25;719067
FR0000120693;07/09/15;92.12;92.69;91.04;91.30;291321
FR0000120693;08/09/15;91.70;92.68;91.65;91.65;295738
FR0000120693;09/09/15;93.68;93.83;91.94;92.16;717630
FR0000120693;10/09/15;91.40;91.53;89.82;90.31;748702
FR0000120693;11/09/15;90.54;90.78;89.64;89.64;536684
FR0000120693;14/09/15;89.65;90.67;88.71;88.71;470098
FR0000120693;15/09/15;89.15;89.34;88.14;88.99;609412
FR0000120693;16/09/15;89.76;92.65;89.66;91.28;866291
FR0000120693;17/09/15;91.56;92.93;91.12;92.60;752234
FR0000120693;18/09/15;92.10;92.19;90.55;91.37;896960
FR0000120693;21/09/15;91.16;93.41;91.16;92.66;513116
FR0000120693;22/09/15;92.72;93.10;90.41;90.51;643943
FR0000120693;23/09/15;90.37;91.96;90.24;90.90;543459
FR0000120693;24/09/15;90.97;91.07;89.12;89.50;861164
FR0000120693;25/09/15;91.02;91.59;90.18;90.99;770160
FR0000120693;28/09/15;90.82;91.45;89.04;89.71;568240
FR0000120693;29/09/15;88.81;89.30;88.00;88.29;816910
FR0000120693;30/09/15;89.59;90.60;89.25;90.18;1208005
FR0000121014;01/09/15;146.40;146.70;142.90;144.20;1168328
FR0000121014;02/09/15;145.25;148.50;143.95;147.15;1084102
FR0000121014;03/09/15;149.00;151.65;147.65;150.15;1002239
FR0000121014;04/09/15;148.15;148.75;145.15;145.95;1251245
FR0000121014;07/09/15;147.10;148.80;145.90;146.60;367037
FR0000121014;08/09/15;147.85;150.15;147.35;147.80;671731
FR0000121014;09/09/15;152.00;153.10;149.75;149.75;757910
FR0000121014;10/09/15;148.60;150.55;148.00;149.25;873300
FR0000121014;11/09/15;149.95;150.05;147.50;148.15;728954
FR0000121014;14/09/15;148.05;150.30;147.05;147.70;667047
FR0000121014;15/09/15;148.20;150.55;146.85;149.90;734060
FR0000121014;16/09/15;152.80;156.30;152.15;155.55;1117304
FR0000121014;17/09/15;155.95;156.45;154.45;155.60;618884
FR0000121014;18/09/15;154.45;154.45;149.25;150.65;2359748
FR0000121014;21/09/15;150.70;153.40;150.70;152.15;766840
FR0000121014;22/09/15;152.40;152.50;146.55;147.40;1061465
FR0000121014;23/09/15;147.55;149.00;146.10;147.60;948893
FR0000121014;24/09/15;148.05;149.05;142.25;144.05;977092
FR0000121014;25/09/15;146.95;152.65;146.15;151.15;1103402
FR0000121014;28/09/15;150.30;150.90;146.25;147.15;858025
FR0000121014;29/09/15;145.25;146.85;143.45;145.55;875447
FR0000121014;30/09/15;148.95;153.25;148.85;152.20;1017238
FR0000121220;01/09/15;77.71;77.72;76.10;77.13;295948
FR0000121220;02/09/15;77.23;78.21;77.10;77.24;328709
FR0000121220;03/09/15;77.81;78.42;77.50;77.95;272352
FR0000121220;04/09/15;77.16;77.17;75.45;76.19;308703
FR0000121220;07/09/15;76.86;77.19;76.37;76.48;167752
FR0000121220;08/09/15;76.75;77.54;76.62;77.03;160886
FR0000121220;09/09/15;78.48;78.80;78.00;78.34;159177
FR0000121220;10/09/15;77.80;78.26;76.76;76.91;223085
FR0000121220;11/09/15;76.94;77.00;74.73;74.73;319892
FR0000121220;14/09/15;74.67;75.31;74.13;74.23;210856
FR0000121220;15/09/15;74.26;74.68;73.48;74.18;214979
FR0000121220;16/09/15;74.55;75.23;74.21;75.11;230477
FR0000121220;17/09/15;74.91;75.87;74.89;75.62;177440
FR0000121220;18/09/15;75.28;75.35;73.95;74.60;322062
FR0000121220;21/09/15;74.42;74.74;74.05;74.31;266407
FR0000121220;22/09/15;74.28;74.31;72.08;72.21;319731
FR0000121220;23/09/15;72.00;72.53;71.33;71.98;321650
FR0000121220;24/09/15;71.75;72.09;70.51;71.02;248418
FR0000121220;25/09/15;72.13;73.50;72.13;73.08;338640
FR0000121220;28/09/15;72.84;73.05;71.91;72.00;234454
FR0000121220;29/09/15;71.03;71.78;70.45;71.34;309728
FR0000121220;30/09/15;72.37;74.11;72.31;74.00;421772
FR0000121261;01/09/15;85.27;85.64;83.77;84.74;490757
FR0000121261;02/09/15;85.00;85.84;84.03;84.57;448472
FR0000121261;03/09/15;85.54;87.23;85.13;86.75;611716
FR0000121261;04/09/15;86.00;86.11;83.55;84.10;571894
FR0000121261;07/09/15;84.83;85.14;84.17;85.10;260630
FR0000121261;08/09/15;85.78;86.85;85.52;85.52;689077
FR0000121261;09/09/15;87.53;87.53;86.04;86.10;788884
FR0000121261;10/09/15;85.15;85.86;83.95;84.30;671120
FR0000121261;11/09/15;84.78;84.78;83.00;83.09;534673
FR0000121261;14/09/15;83.09;83.46;81.42;82.00;607785
FR0000121261;15/09/15;82.35;83.56;81.90;83.03;420303
FR0000121261;16/09/15;83.57;84.86;83.49;84.59;518245
FR0000121261;17/09/15;84.90;85.84;84.48;85.12;536041
FR0000121261;18/09/15;84.46;84.85;82.60;84.10;915110
FR0000121261;21/09/15;83.49;83.59;81.78;83.10;793390
FR0000121261;22/09/15;83.03;83.19;79.67;80.12;1308306
FR0000121261;23/09/15;80.31;82.89;78.61;80.88;1034011
FR0000121261;24/09/15;81.30;82.24;78.20;79.26;1294824
FR0000121261;25/09/15;80.71;82.30;80.64;81.18;902272
FR0000121261;28/09/15;80.90;80.93;78.80;79.22;897822
FR0000121261;29/09/15;78.50;80.66;77.68;79.38;1032009
FR0000121261;30/09/15;81.00;81.83;80.42;81.42;787596
FR0000121485;01/09/15;151.45;151.55;144.00;144.25;831158
FR0000121485;02/09/15;145.35;149.15;144.80;147.95;461103
FR0000121485;03/09/15;149.20;151.95;147.95;151.00;457402
FR0000121485;04/09/15;147.15;147.30;141.60;141.70;752412
FR0000121485;07/09/15;142.50;144.40;141.85;142.40;229843
FR0000121485;08/09/15;143.25;146.85;143.15;145.45;424096
FR0000121485;09/09/15;149.00;149.90;147.50;147.80;384065
FR0000121485;10/09/15;146.75;147.20;143.00;143.80;458655
FR0000121485;11/09/15;143.85;144.80;142.60;142.60;241396
FR0000121485;14/09/15;142.70;143.95;142.05;142.25;293665
FR0000121485;15/09/15;142.45;144.10;141.30;143.60;330154
FR0000121485;16/09/15;145.35;151.65;145.20;151.65;723194
FR0000121485;17/09/15;152.15;155.05;150.90;155.00;679003
FR0000121485;18/09/15;154.00;154.30;149.65;152.45;741980
FR0000121485;21/09/15;152.00;153.80;151.80;153.10;278598
FR0000121485;22/09/15;153.10;153.40;146.60;146.60;493944
FR0000121485;23/09/15;146.70;147.35;145.35;145.90;326490
FR0000121485;24/09/15;146.05;146.15;138.15;139.05;739106
FR0000121485;25/09/15;141.35;147.95;141.35;147.65;609078
FR0000121485;28/09/15;146.85;147.25;139.25;139.70;585089
FR0000121485;29/09/15;137.75;141.65;136.75;140.25;405347
FR0000121485;30/09/15;142.95;146.30;142.00;146.00;454447
FR0000121501;01/09/15;15.245;15.495;14.82;15.085;4929094
FR0000121501;02/09/15;15.185;15.465;15.01;15.035;4625226
FR0000121501;03/09/15;15.22;15.785;15.17;15.69;5345361
FR0000121501;04/09/15;15.49;15.54;14.90;14.99;4548854
FR0000121501;07/09/15;15.125;15.26;14.82;15.105;3191193
FR0000121501;08/09/15;15.26;15.645;15.26;15.515;3668534
FR0000121501;09/09/15;16.14;16.235;15.775;15.795;4615749
FR0000121501;10/09/15;15.65;15.94;15.545;15.655;3455015
FR0000121501;11/09/15;15.98;16.09;15.625;15.67;4248416
FR0000121501;14/09/15;15.67;15.82;15.38;15.575;3152170
FR0000121501;15/09/15;15.69;15.855;15.49;15.725;4003655
FR0000121501;16/09/15;15.89;16.12;15.665;15.75;4088536
FR0000121501;17/09/15;15.89;16.145;15.80;16.07;4024481
FR0000121501;18/09/15;15.96;15.96;15.22;15.58;7619423
FR0000121501;21/09/15;15.425;15.44;14.875;15.185;7872772
FR0000121501;22/09/15;15.115;15.18;13.43;13.855;17307210
FR0000121501;23/09/15;13.75;13.89;12.81;13.50;18268799
FR0000121501;24/09/15;13.70;14.04;12.495;13.005;18753517
FR0000121501;25/09/15;13.49;13.71;13.08;13.095;9575600
FR0000121501;28/09/15;13.00;13.04;12.335;12.41;10027851
FR0000121501;29/09/15;11.995;12.795;11.68;12.645;13288377
FR0000121501;30/09/15;13.235;13.665;13.145;13.455;10391466
FR0000121667;01/09/15;104.65;104.75;102.45;104.25;787943
FR0000121667;02/09/15;105.10;106.10;103.85;104.75;533366
FR0000121667;03/09/15;105.65;108.70;105.60;107.75;690310
FR0000121667;04/09/15;106.40;107.80;105.80;107.45;1171566
FR0000121667;07/09/15;108.60;108.85;106.25;107.05;423415
FR0000121667;08/09/15;107.75;110.10;107.70;108.70;554588
FR0000121667;09/09/15;111.15;111.95;110.25;110.50;590735
FR0000121667;10/09/15;109.05;110.20;108.55;108.75;551916
FR0000121667;11/09/15;109.40;109.40;106.85;107.30;431348
FR0000121667;14/09/15;107.30;108.40;106.15;106.15;551052
FR0000121667;15/09/15;106.35;108.05;106.30;107.45;692322
FR0000121667;16/09/15;108.30;108.95;107.70;108.40;364199
FR0000121667;17/09/15;108.05;108.30;106.60;107.95;553392
FR0000121667;18/09/15;107.30;107.80;105.65;106.25;1442886
FR0000121667;21/09/15;106.50;109.95;106.50;109.75;560965
FR0000121667;22/09/15;109.65;109.65;106.30;106.80;714461
FR0000121667;23/09/15;107.00;108.30;106.30;107.00;656121
FR0000121667;24/09/15;106.85;107.25;103.80;104.95;721944
FR0000121667;25/09/15;106.95;109.60;106.55;108.95;629178
FR0000121667;28/09/15;108.50;109.15;106.20;106.45;648008
FR0000121667;29/09/15;104.95;106.20;104.20;105.50;831112
FR0000121667;30/09/15;107.65;109.45;107.30;108.90;866501
FR0000121972;01/09/15;55.33;55.62;54.51;55.15;2737248
FR0000121972;02/09/15;55.44;55.85;54.88;55.19;1297188
FR0000121972;03/09/15;55.79;56.79;55.54;56.21;2497785
FR0000121972;04/09/15;55.72;55.89;54.55;54.67;2101873
FR0000121972;07/09/15;55.36;55.66;54.68;54.98;866176
FR0000121972;08/09/15;55.29;56.11;55.02;55.50;1418711
FR0000121972;09/09/15;56.61;57.04;56.34;56.43;1514004
FR0000121972;10/09/15;56.09;56.47;55.41;55.49;1692464
FR0000121972;11/09/15;55.83;55.87;55.04;55.30;1540591
FR0000121972;14/09/15;55.24;55.80;54.84;54.84;1919309
FR0000121972;15/09/15;55.15;56.01;54.87;55.63;1465653
FR0000121972;16/09/15;56.25;56.76;56.10;56.65;1605253
FR0000121972;17/09/15;56.54;56.85;55.18;55.36;2286891
FR0000121972;18/09/15;55.00;55.00;52.62;52.86;5503217
FR0000121972;21/09/15;52.99;53.76;52.99;53.55;2020317
FR0000121972;22/09/15;53.55;53.65;51.29;51.45;3493574
FR0000121972;23/09/15;51.27;52.34;51.13;51.44;2239717
FR0000121972;24/09/15;51.30;51.65;49.68;49.99;4364874
FR0000121972;25/09/15;50.71;51.38;50.48;50.97;2926358
FR0000121972;28/09/15;50.76;50.76;49.26;49.48;2261188
FR0000121972;29/09/15;48.675;49.425;48.57;48.965;3372506
FR0000121972;30/09/15;49.945;50.09;49.555;50.01;3517198
FR0000124141;01/09/15;19.355;19.445;18.915;19.035;3031892
FR0000124141;02/09/15;19.11;19.185;18.755;19.045;2086221
FR0000124141;03/09/15;19.21;19.71;19.11;19.58;2678258
FR0000124141;04/09/15;19.36;19.50;19.13;19.225;2264692
FR0000124141;07/09/15;19.345;19.54;19.235;19.35;1047321
FR0000124141;08/09/15;19.46;19.915;19.45;19.80;1742451
FR0000124141;09/09/15;20.20;20.22;20.025;20.055;1533767
FR0000124141;10/09/15;19.85;20.285;19.80;20.055;1983175
FR0000124141;11/09/15;20.055;20.06;19.765;19.845;1786622
FR0000124141;14/09/15;19.88;20.37;19.845;20.03;2406766
FR0000124141;15/09/15;20.09;20.385;20.04;20.195;2721056
FR0000124141;16/09/15;20.39;20.535;20.32;20.455;2722861
FR0000124141;17/09/15;20.46;20.795;20.34;20.685;3567524
FR0000124141;18/09/15;20.65;20.72;20.27;20.43;3537306
FR0000124141;21/09/15;20.43;20.79;20.40;20.445;2173305
FR0000124141;22/09/15;20.405;20.475;19.935;20.00;2511445
FR0000124141;23/09/15;20.025;20.165;19.91;20.04;2189882
FR0000124141;24/09/15;20.07;20.115;19.63;19.795;1983244
FR0000124141;25/09/15;20.015;20.645;19.98;20.515;2271939
FR0000124141;28/09/15;20.40;20.545;20.06;20.11;2147986
FR0000124141;29/09/15;19.875;20.18;19.755;19.77;2535505
FR0000124141;30/09/15;20.08;20.45;19.91;20.43;3334309
FR0000124711;01/09/15;228.25;229.35;223.00;224.50;396127
FR0000124711;02/09/15;226.15;229.80;224.50;227.15;360517
FR0000124711;03/09/15;229.90;234.50;228.75;232.15;443675
FR0000124711;04/09/15;229.75;230.70;225.80;226.60;479830
FR0000124711;07/09/15;228.85;229.85;225.40;226.30;173096
FR0000124711;08/09/15;227.95;231.95;227.75;229.55;265184
FR0000124711;09/09/15;234.30;234.60;230.25;230.35;357015
FR0000124711;10/09/15;228.50;230.10;225.60;227.45;416909
FR0000124711;11/09/15;228.60;228.65;222.75;222.85;374360
FR0000124711;14/09/15;223.00;225.65;221.70;221.75;322422
FR0000124711;15/09/15;221.95;223.00;219.65;220.45;349290
FR0000124711;16/09/15;222.10;223.40;221.10;221.85;254476
FR0000124711;17/09/15;222.25;224.10;221.90;223.40;242899
FR0000124711;18/09/15;222.55;224.45;219.60;223.00;1068781
FR0000124711;21/09/15;222.55;228.70;222.55;227.10;333539
FR0000124711;22/09/15;226.90;228.10;220.40;221.05;436098
FR0000124711;23/09/15;221.35;226.80;220.10;225.00;441602
FR0000124711;24/09/15;225.00;228.50;223.30;225.85;652401
FR0000124711;25/09/15;228.95;233.85;227.65;232.30;477289
FR0000124711;28/09/15;232.00;232.75;227.40;228.00;329708
FR0000124711;29/09/15;225.85;229.70;225.15;227.95;418939
FR0000124711;30/09/15;232.70;234.10;231.00;231.30;425698
FR0000125007;01/09/15;40.15;40.34;39.33;39.755;2937299
FR0000125007;02/09/15;39.985;40.43;39.50;40.15;2119857
FR0000125007;03/09/15;40.515;41.355;40.34;41.00;2357750
FR0000125007;04/09/15;40.495;40.525;39.70;39.95;2567051
FR0000125007;07/09/15;40.635;40.795;40.065;40.33;1346994
FR0000125007;08/09/15;40.815;41.62;40.78;41.09;2028674
FR0000125007;09/09/15;42.075;42.455;41.61;41.65;2102650
FR0000125007;10/09/15;41.335;41.94;41.19;41.295;1476405
FR0000125007;11/09/15;41.51;41.81;40.63;40.815;1865145
FR0000125007;14/09/15;40.815;41.155;40.32;40.39;1760446
FR0000125007;15/09/15;40.66;41.275;40.155;41.08;1650402
FR0000125007;16/09/15;41.42;41.76;41.195;41.72;1559603
FR0000125007;17/09/15;41.80;41.88;41.315;41.845;1452453
FR0000125007;18/09/15;41.485;41.605;40.41;40.85;3791507
FR0000125007;21/09/15;40.84;41.475;40.80;41.255;1210352
FR0000125007;22/09/15;41.20;41.20;39.535;39.635;2792425
FR0000125007;23/09/15;39.50;40.12;39.145;39.22;3415721
FR0000125007;24/09/15;39.155;39.285;37.155;37.595;5112880
FR0000125007;25/09/15;38.22;39.10;38.14;38.905;3255782
FR0000125007;28/09/15;38.76;38.905;38.035;38.185;2922544
FR0000125007;29/09/15;37.52;38.575;37.35;38.005;2875865
FR0000125007;30/09/15;38.825;39.00;38.305;38.71;2339373
FR0000125338;01/09/15;79.48;79.87;77.30;78.18;710737
FR0000125338;02/09/15;78.49;78.78;77.26;77.30;601912
FR0000125338;03/09/15;78.10;79.71;77.58;78.95;779445
FR0000125338;04/09/15;78.54;78.54;76.46;76.64;822883
FR0000125338;07/09/15;77.25;77.72;76.37;77.42;396040
FR0000125338;08/09/15;77.61;78.90;77.46;78.00;394131
FR0000125338;09/09/15;79.63;80.34;79.24;79.52;697518
FR0000125338;10/09/15;78.82;79.57;78.50;79.18;465752
FR0000125338;11/09/15;79.67;79.75;78.00;78.00;423069
FR0000125338;14/09/15;78.24;79.06;77.73;78.06;362475
FR0000125338;15/09/15;78.25;79.62;78.13;79.18;577947
FR0000125338;16/09/15;79.60;80.76;79.42;80.59;587064
FR0000125338;17/09/15;80.78;81.66;80.55;81.40;522678
FR0000125338;18/09/15;81.00;81.08;79.71;79.99;1062969
FR0000125338;21/09/15;80.01;81.55;79.53;81.11;574211
FR0000125338;22/09/15;81.22;81.56;78.23;78.41;621482
FR0000125338;23/09/15;78.52;79.49;77.94;78.80;542220
FR0000125338;24/09/15;79.01;79.19;76.73;77.34;737718
FR0000125338;25/09/15;78.24;80.88;78.24;79.67;725254
FR0000125338;28/09/15;79.43;79.62;78.33;78.51;569541
FR0000125338;29/09/15;77.36;78.51;77.00;77.54;619565
FR0000125338;30/09/15;78.90;79.79;78.68;79.62;574722
FR0000125486;01/09/15;56.61;56.80;55.57;56.30;1883206
FR0000125486;02/09/15;56.75;56.98;55.93;56.43;1504660
FR0000125486;03/09/15;56.90;57.77;56.65;57.20;1678032
FR0000125486;04/09/15;56.60;57.19;56.36;56.94;2278133
FR0000125486;07/09/15;57.24;57.50;56.60;56.92;1193432
FR0000125486;08/09/15;57.50;58.41;57.41;57.74;1708635
FR0000125486;09/09/15;59.00;59.68;58.74;58.99;1826906
FR0000125486;10/09/15;58.41;59.57;58.37;58.96;2098880
FR0000125486;11/09/15;59.22;59.23;57.84;58.00;1708563
FR0000125486;14/09/15;58.00;58.30;57.32;57.32;1351904
FR0000125486;15/09/15;57.35;58.30;57.29;58.00;1439259
FR0000125486;16/09/15;58.41;58.78;58.04;58.68;1445862
FR0000125486;17/09/15;58.84;59.28;58.41;59.24;1359022
FR0000125486;18/09/15;58.77;58.94;57.70;58.15;3851421
FR0000125486;21/09/15;58.00;59.21;58.00;59.03;1167768
FR0000125486;22/09/15;59.09;59.09;57.10;57.52;1826297
FR0000125486;23/09/15;57.73;58.27;57.23;57.46;1560501
FR0000125486;24/09/15;56.87;57.09;55.38;55.82;3074159
FR0000125486;25/09/15;56.69;58.10;56.54;57.71;1982208
FR0000125486;28/09/15;57.64;58.04;56.65;57.02;1899053
FR0000125486;29/09/15;56.23;57.00;56.00;56.18;1981559
FR0000125486;30/09/15;57.24;57.33;56.62;56.71;2598701
FR0000127771;01/09/15;21.92;22.17;21.545;21.665;7886787
FR0000127771;02/09/15;21.75;21.985;21.65;21.72;4012655
FR0000127771;03/09/15;21.35;21.995;21.045;21.69;9770312
FR0000127771;04/09/15;21.61;21.61;21.19;21.19;5891626
FR0000127771;07/09/15;21.375;21.54;21.165;21.415;3264398
FR0000127771;08/09/15;21.535;21.815;21.505;21.525;3384046
FR0000127771;09/09/15;22.00;22.005;21.71;21.72;3817432
FR0000127771;10/09/15;21.57;21.70;21.405;21.405;4979172
FR0000127771;11/09/15;21.495;21.495;20.985;21.02;4426276
FR0000127771;14/09/15;21.085;21.295;20.995;20.995;3734690
FR0000127771;15/09/15;21.04;21.215;20.92;21.105;4764304
FR0000127771;16/09/15;21.25;21.605;21.20;21.44;6134095
FR0000127771;17/09/15;21.40;21.65;21.355;21.595;5131809
FR0000127771;18/09/15;21.49;21.545;21.165;21.455;15372840
FR0000127771;21/09/15;21.41;21.58;21.365;21.49;5348762
FR0000127771;22/09/15;21.465;21.50;20.865;20.875;5897901
FR0000127771;23/09/15;20.92;21.225;20.83;21.01;6271454
FR0000127771;24/09/15;21.09;21.10;20.44;20.53;6176223
FR0000127771;25/09/15;20.82;21.26;20.725;21.06;5464942
FR0000127771;28/09/15;20.975;21.055;20.535;20.62;4632866
FR0000127771;29/09/15;20.325;20.715;20.27;20.45;4199405
FR0000127771;30/09/15;20.915;21.145;20.805;21.13;5638618
FR0000130577;01/09/15;62.80;62.92;61.30;61.99;1153363
FR0000130577;02/09/15;62.06;62.49;61.12;62.11;837030
FR0000130577;03/09/15;62.50;63.64;62.35;63.29;597852
FR0000130577;04/09/15;62.75;63.04;62.21;62.33;1036456
FR0000130577;07/09/15;62.70;63.07;62.11;62.69;391742
FR0000130577;08/09/15;62.99;63.58;62.73;62.77;569764
FR0000130577;09/09/15;63.90;64.28;63.30;63.44;512331
FR0000130577;10/09/15;62.75;64.04;62.74;63.07;451168
FR0000130577;11/09/15;63.31;63.31;61.69;61.94;533251
FR0000130577;14/09/15;62.05;62.72;61.30;61.30;585454
FR0000130577;15/09/15;61.51;61.91;60.87;61.58;348613
FR0000130577;16/09/15;61.96;62.48;61.49;61.94;691265
FR0000130577;17/09/15;62.01;62.49;61.80;61.80;536272
FR0000130577;18/09/15;61.50;61.53;60.01;60.39;1434160
FR0000130577;21/09/15;60.44;61.58;60.37;61.35;649912
FR0000130577;22/09/15;61.28;61.32;59.34;59.43;648439
FR0000130577;23/09/15;59.52;60.95;59.18;59.99;1105067
FR0000130577;24/09/15;60.27;60.32;58.09;58.50;758639
FR0000130577;25/09/15;59.39;61.08;59.16;60.26;954060
FR0000130577;28/09/15;60.14;60.41;59.18;59.24;537721
FR0000130577;29/09/15;58.50;59.62;58.20;59.13;690562
FR0000130577;30/09/15;60.11;60.98;59.78;60.98;980921
FR0000130809;01/09/15;42.72;42.865;41.405;41.975;4581855
FR0000130809;02/09/15;42.165;42.95;41.64;42.095;3398674
FR0000130809;03/09/15;42.73;43.72;42.385;43.27;4496857
FR0000130809;04/09/15;42.905;43.08;41.43;41.62;5009763
FR0000130809;07/09/15;41.94;42.24;41.585;41.81;1939408
FR0000130809;08/09/15;42.15;43.24;42.10;42.67;4151773
FR0000130809;09/09/15;43.89;44.07;43.20;43.20;3584289
FR0000130809;10/09/15;42.82;43.42;42.375;42.72;3294813
FR0000130809;11/09/15;42.97;42.975;42.085;42.36;2554459
FR0000130809;14/09/15;42.395;42.67;41.48;41.64;3243751
FR0000130809;15/09/15;41.67;42.405;41.23;42.03;2758265
FR0000130809;16/09/15;42.395;42.645;42.005;42.195;3059337
FR0000130809;17/09/15;42.37;42.485;42.04;42.19;3025806
FR0000130809;18/09/15;41.875;41.905;40.115;40.435;9381617
FR0000130809;21/09/15;40.32;41.24;40.245;41.025;3283552
FR0000130809;22/09/15;40.96;41.09;39.065;39.38;5781842
FR0000130809;23/09/15;39.275;39.71;38.625;38.65;6162154
FR0000130809;24/09/15;38.74;39.61;38.17;38.65;5908319
FR0000130809;25/09/15;39.335;40.08;39.255;39.705;4521858
FR0000130809;28/09/15;39.55;39.705;37.89;38.095;5258752
FR0000130809;29/09/15;37.50;38.99;37.25;38.735;6364696
FR0000130809;30/09/15;39.65;40.20;39.41;39.85;5282323
FR0000131104;01/09/15;55.54;55.73;54.03;54.61;3776305
FR0000131104;02/09/15;54.76;55.77;54.38;54.88;3224116
FR0000131104;03/09/15;55.48;56.65;55.21;56.12;3435036
FR0000131104;04/09/15;55.46;55.69;54.00;54.49;3675154
FR0000131104;07/09/15;54.81;55.20;54.15;54.50;1846359
FR0000131104;08/09/15;54.85;56.09;54.84;55.55;3181682
FR0000131104;09/09/15;57.15;57.41;56.41;56.45;3355276
FR0000131104;10/09/15;55.93;56.51;55.36;55.59;2946622
FR0000131104;11/09/15;56.08;56.09;55.04;55.24;2489008
FR0000131104;14/09/15;55.88;56.00;54.40;54.57;3290288
FR0000131104;15/09/15;54.74;55.54;54.21;55.08;2485355
FR0000131104;16/09/15;55.51;55.80;54.97;55.25;2898269
FR0000131104;17/09/15;55.37;55.92;55.08;55.65;3096898
FR0000131104;18/09/15;55.11;55.24;52.62;52.98;9412543
FR0000131104;21/09/15;52.82;54.02;52.74;53.69;2992910
FR0000131104;22/09/15;53.75;53.98;51.61;51.87;4084830
FR0000131104;23/09/15;51.72;52.26;51.15;51.15;4299099
FR0000131104;24/09/15;51.21;51.78;50.34;50.92;5259239
FR0000131104;25/09/15;51.91;52.88;51.68;52.55;4285534
FR0000131104;28/09/15;52.40;52.40;50.33;50.52;3872528
FR0000131104;29/09/15;49.95;51.42;49.575;50.90;4371400
FR0000131104;30/09/15;52.17;52.78;51.86;52.46;4138852
FR0000131906;01/09/15;72.97;73.01;71.06;71.77;1417214
FR0000131906;02/09/15;72.11;72.42;70.51;70.67;1521636
FR0000131906;03/09/15;71.59;73.75;71.47;73.05;1335423
FR0000131906;04/09/15;72.25;72.51;70.06;70.83;1020032
FR0000131906;07/09/15;71.50;72.05;70.87;71.60;526020
FR0000131906;08/09/15;72.50;74.65;72.31;74.12;994201
FR0000131906;09/09/15;77.67;78.35;76.09;76.16;1318082
FR0000131906;10/09/15;75.22;76.40;74.08;74.77;984100
FR0000131906;11/09/15;74.88;75.28;73.87;74.03;561238
FR0000131906;14/09/15;73.95;75.16;72.72;73.17;751781
FR0000131906;15/09/15;73.47;74.78;73.02;74.20;820165
FR0000131906;16/09/15;75.07;76.10;74.80;76.03;872550
FR0000131906;17/09/15;76.47;77.48;76.06;77.26;807630
FR0000131906;18/09/15;76.73;76.74;73.18;74.00;1851819
FR0000131906;21/09/15;72.32;72.86;69.52;71.65;1983405
FR0000131906;22/09/15;71.18;71.38;65.42;66.55;2972352
FR0000131906;23/09/15;66.68;66.97;61.61;65.00;3710314
FR0000131906;24/09/15;66.51;66.98;62.13;63.83;3051833
FR0000131906;25/09/15;66.08;67.85;64.84;65.22;1892292
FR0000131906;28/09/15;65.01;65.01;61.62;62.18;1845509
FR0000131906;29/09/15;61.00;63.62;59.59;62.72;2583052
FR0000131906;30/09/15;65.00;65.74;63.86;64.00;1832075
FR0000133308;01/09/15;13.88;13.965;13.505;13.66;8613950
FR0000133308;02/09/15;13.775;13.84;13.485;13.745;9067781
FR0000133308;03/09/15;13.91;14.13;13.83;14.005;9084697
FR0000133308;04/09/15;13.885;13.945;13.715;13.85;11710404
FR0000133308;07/09/15;13.985;14.175;13.98;14.17;5472885
FR0000133308;08/09/15;14.27;14.55;14.26;14.325;7218510
FR0000133308;09/09/15;14.65;14.665;14.395;14.44;7581334
FR0000133308;10/09/15;14.28;14.56;14.21;14.255;8964725
FR0000133308;11/09/15;14.19;14.205;13.745;13.795;11567479
FR0000133308;14/09/15;13.78;13.89;13.695;13.785;7022774
FR0000133308;15/09/15;13.735;13.925;13.615;13.825;5691657
FR0000133308;16/09/15;14.09;14.265;14.075;14.23;8720178
FR0000133308;17/09/15;14.25;14.31;14.08;14.305;6291184
FR0000133308;18/09/15;14.245;14.36;13.935;13.975;18078133
FR0000133308;21/09/15;13.945;14.23;13.89;14.135;5388359
FR0000133308;22/09/15;14.145;14.165;13.625;13.65;10481650
FR0000133308;23/09/15;13.67;13.96;13.615;13.715;7521169
FR0000133308;24/09/15;13.775;13.935;13.405;13.525;10410583
FR0000133308;25/09/15;13.75;14.195;13.72;14.135;9070433
FR0000133308;28/09/15;14.035;14.10;13.67;13.715;8367253
FR0000133308;29/09/15;13.50;13.755;13.40;13.425;11578441
FR0000133308;30/09/15;13.69;13.74;13.495;13.52;10134267
FR0010208488;01/09/15;15.78;15.855;15.435;15.55;6125482
FR0010208488;02/09/15;15.63;15.74;15.43;15.555;4471874
FR0010208488;03/09/15;15.615;15.645;15.23;15.485;9758720
FR0010208488;04/09/15;15.40;15.42;14.975;15.035;7541629
FR0010208488;07/09/15;15.135;15.37;15.08;15.22;3916678
FR0010208488;08/09/15;15.325;15.655;15.325;15.42;5771395
FR0010208488;09/09/15;15.78;15.96;15.635;15.72;6723072
FR0010208488;10/09/15;15.60;15.65;15.215;15.28;8463797
FR0010208488;11/09/15;15.315;15.39;15.16;15.27;5833582
FR0010208488;14/09/15;15.29;15.39;15.095;15.13;3821373
FR0010208488;15/09/15;15.155;15.17;14.55;15.05;7916009
FR0010208488;16/09/15;15.19;15.385;15.04;15.35;4967759
FR0010208488;17/09/15;15.385;15.59;15.165;15.465;6055403
FR0010208488;18/09/15;15.425;15.47;14.81;14.97;12149800
FR0010208488;21/09/15;14.99;15.31;14.98;15.085;6018580
FR0010208488;22/09/15;15.09;15.09;14.545;14.61;6707955
FR0010208488;23/09/15;14.63;14.785;14.535;14.535;4789938
FR0010208488;24/09/15;14.535;14.605;14.155;14.275;7281276
FR0010208488;25/09/15;14.51;14.72;14.41;14.58;5330508
FR0010208488;28/09/15;14.405;14.55;14.085;14.15;6739774
FR0010208488;29/09/15;14.00;14.415;14.00;14.17;6182794
FR0010208488;30/09/15;14.45;14.525;14.355;14.44;8056158
FR0010307819;01/09/15;50.81;50.98;50.17;50.59;530739
FR0010307819;02/09/15;50.84;51.19;50.42;50.50;423110
FR0010307819;03/09/15;50.90;51.54;50.75;51.15;767748
FR0010307819;04/09/15;50.73;50.85;49.725;49.80;720349
FR0010307819;07/09/15;50.29;50.38;49.555;49.79;443600
FR0010307819;08/09/15;49.99;50.58;49.885;50.08;374174
FR0010307819;09/09/15;50.88;51.40;50.81;50.89;548756
FR0010307819;10/09/15;50.39;50.97;50.32;50.73;457988
FR0010307819;11/09/15;50.95;50.95;50.03;50.20;319162
FR0010307819;14/09/15;50.13;50.54;49.44;49.44;594160
FR0010307819;15/09/15;49.685;50.32;49.315;50.08;463785
FR0010307819;16/09/15;50.45;50.75;50.28;50.46;363917
FR0010307819;17/09/15;50.63;50.75;50.10;50.42;513467
FR0010307819;18/09/15;50.04;50.19;49.01;49.395;1082090
FR0010307819;21/09/15;49.32;50.19;49.31;49.76;649030
FR0010307819;22/09/15;49.75;49.83;48.21;48.265;796053
FR0010307819;23/09/15;48.21;48.825;47.905;48.155;1082568
FR0010307819;24/09/15;48.17;48.37;46.80;47.28;961666
FR0010307819;25/09/15;47.91;48.67;47.86;48.21;590495
FR0010307819;28/09/15;48.02;48.10;47.30;47.325;547717
FR0010307819;29/09/15;46.855;47.37;46.215;46.60;1065157
FR0010307819;30/09/15;47.345;47.82;46.955;47.435;1196088
FR0013176526;01/09/15;36.9667;37.05;35.55;35.9667;1513641
FR0013176526;02/09/15;36.0333;36.4333;35.0833;35.2833;1531491
FR0013176526;03/09/15;35.7833;37.75;35.75;37.50;3001371
FR0013176526;04/09/15;37.1167;37.4167;36.3167;36.45;1557789
FR0013176526;07/09/15;36.8333;37.00;36.4167;36.85;828039
FR0013176526;08/09/15;37.2833;38.90;37.10;38.50;1731375
FR0013176526;09/09/15;39.5667;40.50;39.5333;39.80;2043546
FR0013176526;10/09/15;38.9667;39.55;38.6167;39.00;2020515
FR0013176526;11/09/15;39.00;39.10;38.1167;38.6833;1430133
FR0013176526;14/09/15;38.7833;39.1333;38.2667;38.5667;1018626
FR0013176526;15/09/15;38.70;39.3333;38.60;39.2167;1313640
FR0013176526;16/09/15;39.7333;40.00;39.10;39.7833;1513632
FR0013176526;17/09/15;39.9167;40.5667;39.6833;40.1667;1219305
FR0013176526;18/09/15;39.7167;39.8333;38.3833;39.05;2139906
FR0013176526;21/09/15;38.4333;39.40;37.5667;39.15;2408025
FR0013176526;22/09/15;39.40;39.75;36.6667;37.3333;3007218
FR0013176526;23/09/15;37.10;38.5833;35.6333;37.9667;2280813
FR0013176526;24/09/15;38.15;38.75;36.5833;37.3333;3409539
FR0013176526;25/09/15;38.3667;39.7167;38.25;39.3333;2212587
FR0013176526;28/09/15;39.1667;39.1667;37.50;38.3333;2081898
FR0013176526;29/09/15;37.75;39.1667;37.45;38.0833;1815897
FR0013176526;30/09/15;39.6833;40.60;39.10;40.25;2379072
GB00BDSFG982;01/09/15;24.275;24.745;23.93;24.155;2618650
GB00BDSFG982;02/09/15;24.095;24.615;23.6325;23.9175;2075870
GB00BDSFG982;03/09/15;24.1825;24.795;23.85;24.45;1954254
GB00BDSFG982;04/09/15;24.1475;24.32;23.2575;23.385;2227418
GB00BDSFG982;07/09/15;23.515;23.905;23.235;23.28;1032432
GB00BDSFG982;08/09/15;23.175;23.2425;22.53;22.9925;1944424
GB00BDSFG982;09/09/15;23.44;23.66;23.195;23.2875;1575338
GB00BDSFG982;10/09/15;23.00;23.11;22.47;22.5675;1565670
GB00BDSFG982;11/09/15;22.5525;22.6425;21.485;21.5575;1999784
GB00BDSFG982;14/09/15;21.55;21.85;21.25;21.59;1328522
GB00BDSFG982;15/09/15;21.6275;22.035;21.085;21.8925;1970736
GB00BDSFG982;16/09/15;22.0625;22.775;21.8225;22.7375;1558706
GB00BDSFG982;17/09/15;22.80;22.8825;22.30;22.6925;1496092
GB00BDSFG982;18/09/15;22.51;22.625;22.00;22.265;2209334
GB00BDSFG982;21/09/15;22.1775;22.655;22.12;22.4075;1327164
GB00BDSFG982;22/09/15;22.41;22.43;21.4525;21.685;2191830
GB00BDSFG982;23/09/15;21.70;22.06;21.255;21.2775;1704626
GB00BDSFG982;24/09/15;21.25;21.3325;20.3825;20.585;2857594
GB00BDSFG982;25/09/15;20.91;21.145;20.7325;20.8175;1283212
GB00BDSFG982;28/09/15;20.805;21.0375;20.2125;20.3325;1256136
GB00BDSFG982;29/09/15;20.0975;20.9075;20.03;20.7725;1931798
GB00BDSFG982;30/09/15;21.00;21.165;20.5875;21.0825;2094032
LU1598757687;01/09/15;20.721;20.757;19.875;20.232;5297958
LU1598757687;02/09/15;20.253;20.64;19.902;20.022;4216456
LU1598757687;03/09/15;20.274;21.039;20.13;20.709;4915790
LU1598757687;04/09/15;20.421;20.55;19.50;19.50;5767775
LU1598757687;07/09/15;19.779;20.013;19.509;19.554;2701075
LU1598757687;08/09/15;19.779;19.962;19.611;19.776;3397294
LU1598757687;09/09/15;20.346;20.391;19.905;19.92;4494676
LU1598757687;10/09/15;19.62;19.833;19.011;19.116;5443585
LU1598757687;11/09/15;19.218;19.464;18.882;18.885;3804254
LU1598757687;14/09/15;18.90;19.17;18.138;18.327;5225241
LU1598757687;15/09/15;18.321;18.81;17.937;18.723;3924371
LU1598757687;16/09/15;18.90;18.954;18.384;18.942;3668062
LU1598757687;17/09/15;18.978;19.086;18.465;18.645;3115484
LU1598757687;18/09/15;18.54;18.573;17.556;17.784;7283882
LU1598757687;21/09/15;17.715;18.018;17.424;17.424;3618342
LU1598757687;22/09/15;17.28;17.28;16.224;16.392;7712379
LU1598757687;23/09/15;16.341;16.68;15.813;15.813;5342115
LU1598757687;24/09/15;15.81;16.185;15.258;15.351;6939475
LU1598757687;25/09/15;15.696;16.071;15.105;15.108;6277652
LU1598757687;28/09/15;15.132;15.135;13.86;13.86;7882098
LU1598757687;29/09/15;13.68;14.49;13.545;14.094;7986787
LU1598757687;30/09/15;14.40;14.547;13.869;13.977;7184927
NL0000226223;01/09/15;6.406;6.449;6.29;6.445;1539811
NL0000226223;02/09/15;6.433;6.54;6.38;6.397;1338948
NL0000226223;03/09/15;6.479;6.678;6.428;6.624;2298692
NL0000226223;04/09/15;6.546;6.618;6.455;6.494;1891956
NL0000226223;07/09/15;6.564;6.595;6.429;6.572;1033267
NL0000226223;08/09/15;6.606;6.788;6.601;6.683;1404413
NL0000226223;09/09/15;6.877;6.879;6.372;6.427;4350559
NL0000226223;10/09/15;6.34;6.501;6.278;6.326;2143032
NL0000226223;11/09/15;6.358;6.358;6.194;6.194;1299427
NL0000226223;14/09/15;6.20;6.32;6.109;6.146;1821917
NL0000226223;15/09/15;6.139;6.314;6.139;6.291;2231953
NL0000226223;16/09/15;6.355;6.415;6.318;6.376;1223725
NL0000226223;17/09/15;6.425;6.444;6.311;6.377;1423555
NL0000226223;18/09/15;6.325;6.357;6.193;6.248;2376955
NL0000226223;21/09/15;6.199;6.217;6.089;6.19;2723142
NL0000226223;22/09/15;6.181;6.207;5.912;5.933;2527751
NL0000226223;23/09/15;5.908;6.053;5.862;5.964;1534982
NL0000226223;24/09/15;5.939;5.961;5.716;5.762;2181979
NL0000226223;25/09/15;5.867;6.031;5.835;5.964;1778244
NL0000226223;28/09/15;5.928;5.961;5.696;5.72;2426936
NL0000226223;29/09/15;5.624;5.87;5.60;5.803;2871080
NL0000226223;30/09/15;6.00;6.11;5.935;6.081;3490383
NL0000235190;01/09/15;56.59;57.00;55.53;56.51;3565711
NL0000235190;02/09/15;56.91;57.27;55.35;55.76;2587116
NL0000235190;03/09/15;56.33;57.98;56.10;57.44;3139748
NL0000235190;04/09/15;56.80;56.93;55.01;55.32;3001644
NL0000235190;07/09/15;55.96;56.14;55.00;55.33;1575189
NL0000235190;08/09/15;55.90;56.76;55.55;55.89;1699551
NL0000235190;09/09/15;57.49;58.25;57.09;57.32;2217048
NL0000235190;10/09/15;56.84;57.68;56.22;56.50;2119119
NL0000235190;11/09/15;56.83;56.89;55.11;55.57;2392723
NL0000235190;14/09/15;55.82;56.06;54.51;54.51;2651764
NL0000235190;15/09/15;54.83;55.43;54.20;55.06;2096065
NL0000235190;16/09/15;55.47;55.86;55.02;55.69;1949821
NL0000235190;17/09/15;55.95;56.60;54.97;56.32;1837043
NL0000235190;18/09/15;55.71;55.79;53.68;54.42;5360232
NL0000235190;21/09/15;54.40;55.25;54.34;55.00;2158121
NL0000235190;22/09/15;55.26;55.36;52.85;53.10;2900157
NL0000235190;23/09/15;53.01;54.41;52.91;53.29;1812314
NL0000235190;24/09/15;53.14;53.70;51.26;51.87;4420116
NL0000235190;25/09/15;52.85;54.98;52.62;54.16;3170974
NL0000235190;28/09/15;53.82;54.15;52.24;52.49;2614294
NL0000235190;29/09/15;51.50;53.02;51.34;52.26;2267480
NL0000235190;30/09/15;53.57;53.93;52.83;52.91;3710554
