FR0000045072;24/09/19;11.17;11.23;10.93;10.97;4394564
FR0000051732;24/09/19;64.56;65.84;64.08;65.70;411554
FR0000052292;24/09/19;627.80;631.60;625.00;625.00;38224
FR0000073272;24/09/19;141.45;142.50;140.75;141.55;494788
FR0000120073;24/09/19;130.85;130.90;129.90;130.05;540930
FR0000120172;24/09/19;16.325;16.385;15.985;16.04;2698389
FR0000120271;24/09/19;49.20;49.245;47.555;47.745;6678815
FR0000120321;24/09/19;246.80;249.60;245.90;248.80;384797
FR0000120404;24/09/19;38.84;39.11;38.76;38.97;490262
FR0000120503;24/09/19;35.24;35.43;34.88;34.90;542339
FR0000120578;24/09/19;84.00;85.33;83.78;85.09;3211508
FR0000120628;24/09/19;23.155;23.28;22.91;22.97;4551297
FR0000120644;24/09/19;80.68;81.24;80.52;80.90;913544
FR0000120693;24/09/19;164.50;166.15;164.05;165.60;394809
FR0000121014;24/09/19;366.95;371.25;366.15;370.05;390213
FR0000121220;24/09/19;99.92;100.55;99.54;100.05;180031
FR0000121261;24/09/19;101.05;101.70;100.10;100.25;356121
FR0000121329;24/09/19;103.80;105.05;103.25;104.50;359645
FR0000121485;24/09/19;456.70;461.25;453.70;458.30;158252
FR0000121501;24/09/19;22.97;23.18;22.81;22.92;1924287
FR0000121667;24/09/19;132.50;132.95;131.60;132.60;457991
FR0000121972;24/09/19;79.12;79.62;78.14;78.36;1044720
FR0000124141;24/09/19;22.52;22.93;22.48;22.70;1604112
FR0000125007;24/09/19;34.74;34.945;34.295;34.385;862312
FR0000125338;24/09/19;105.80;107.30;105.60;106.30;283209
FR0000125486;24/09/19;98.00;98.94;97.82;98.70;748155
FR0000127771;24/09/19;24.96;25.11;24.87;24.94;1711472
FR0000130577;24/09/19;45.74;46.06;45.13;45.13;645378
FR0000130650;24/09/19;127.00;127.30;125.40;126.05;352162
FR0000130809;24/09/19;25.50;25.63;24.965;25.01;4203002
FR0000131104;24/09/19;44.18;44.53;43.515;43.735;2733297
FR0000131906;24/09/19;55.00;55.14;54.35;54.46;656096
FR0000133308;24/09/19;14.305;14.355;14.25;14.25;3998300
FR0010208488;24/09/19;14.315;14.595;14.28;14.57;6153477
FR0010307819;24/09/19;65.08;65.42;64.60;64.80;315092
FR0013326246;24/09/19;130.05;130.30;128.00;128.50;587278
GB00BDSFG982;24/09/19;22.30;22.30;21.83;21.94;1073567
LU1598757687;24/09/19;13.076;13.17;12.756;12.78;8161260
NL0000226223;24/09/19;17.69;17.79;17.50;17.55;1545361
NL0000235190;24/09/19;119.88;120.04;117.80;118.80;998744
