BE0003470755;02/01/17;110.70;111.90;110.70;111.80;92712
BE0003470755;03/01/17;112.00;112.40;111.25;111.95;143295
BE0003470755;04/01/17;111.90;112.20;111.10;111.35;161452
BE0003470755;05/01/17;111.50;111.50;110.45;110.90;191227
BE0003470755;06/01/17;110.85;111.00;110.00;110.55;253793
BE0003470755;09/01/17;110.55;110.70;109.40;110.10;137960
BE0003470755;10/01/17;109.80;110.40;108.90;109.35;194598
BE0003470755;11/01/17;109.05;110.10;108.80;109.85;225703
BE0003470755;12/01/17;109.50;110.05;109.05;109.55;162441
BE0003470755;13/01/17;109.95;110.65;109.60;110.40;171471
BE0003470755;16/01/17;108.80;108.90;107.95;107.95;200537
BE0003470755;17/01/17;107.80;108.40;106.30;108.00;270060
BE0003470755;18/01/17;108.70;109.00;108.00;109.00;190921
BE0003470755;19/01/17;109.10;109.85;109.05;109.15;214617
BE0003470755;20/01/17;108.85;109.20;107.90;108.40;300631
BE0003470755;23/01/17;108.00;108.10;107.15;107.90;214397
BE0003470755;24/01/17;107.70;108.60;107.70;108.45;174778
BE0003470755;25/01/17;108.90;110.45;108.90;110.45;238740
BE0003470755;26/01/17;110.35;110.75;109.85;110.70;186659
BE0003470755;27/01/17;110.50;110.50;109.30;110.15;152661
BE0003470755;30/01/17;109.70;109.75;108.70;109.60;216549
BE0003470755;31/01/17;109.40;109.45;108.05;108.35;305070
CH0012214059;02/01/17;50.21;50.61;49.825;50.29;95458
CH0012214059;03/01/17;50.70;50.78;49.815;49.815;326416
CH0012214059;04/01/17;49.91;50.22;49.88;50.06;276687
CH0012214059;05/01/17;49.98;50.35;49.175;50.30;312309
CH0012214059;06/01/17;50.33;50.57;49.95;50.48;207590
CH0012214059;09/01/17;50.58;50.72;49.80;49.97;212286
CH0012214059;10/01/17;50.05;50.21;49.73;50.08;244419
CH0012214059;11/01/17;50.18;50.21;49.57;49.675;266466
CH0012214059;12/01/17;50.00;50.00;49.18;49.275;313314
CH0012214059;13/01/17;49.77;50.78;49.355;50.55;268908
CH0012214059;16/01/17;50.07;50.54;49.00;49.01;364054
CH0012214059;17/01/17;48.915;49.06;48.335;48.42;414400
CH0012214059;18/01/17;48.40;48.46;47.365;47.865;403223
CH0012214059;19/01/17;47.70;48.16;47.33;47.435;350267
CH0012214059;20/01/17;47.10;47.84;47.00;47.54;438033
CH0012214059;23/01/17;47.38;47.83;46.965;47.60;322941
CH0012214059;24/01/17;47.835;49.435;47.82;49.28;480974
CH0012214059;25/01/17;49.68;51.15;49.68;50.93;612433
CH0012214059;26/01/17;51.00;51.44;50.65;50.69;489234
CH0012214059;27/01/17;50.62;51.06;50.51;50.56;494604
CH0012214059;30/01/17;50.42;50.76;49.72;49.99;348705
CH0012214059;31/01/17;50.00;50.31;49.475;49.475;385253
FR0000045072;02/01/17;11.77;11.915;11.75;11.86;1770512
FR0000045072;03/01/17;11.935;12.315;11.895;12.245;5699550
FR0000045072;04/01/17;12.315;12.41;12.225;12.30;5019206
FR0000045072;05/01/17;12.295;12.54;12.20;12.33;6846325
FR0000045072;06/01/17;12.29;12.395;12.185;12.335;4525120
FR0000045072;09/01/17;12.325;12.335;12.025;12.125;4849070
FR0000045072;10/01/17;12.135;12.16;11.985;12.085;4828702
FR0000045072;11/01/17;12.045;12.135;11.955;12.065;4518023
FR0000045072;12/01/17;12.025;12.22;11.965;12.12;5418696
FR0000045072;13/01/17;12.18;12.59;12.165;12.59;7654632
FR0000045072;16/01/17;12.50;12.52;12.38;12.45;5595971
FR0000045072;17/01/17;12.38;12.60;12.325;12.44;7106625
FR0000045072;18/01/17;12.425;12.44;12.205;12.35;5891774
FR0000045072;19/01/17;12.34;12.475;12.305;12.385;6839214
FR0000045072;20/01/17;12.35;12.49;12.28;12.39;4783892
FR0000045072;23/01/17;12.17;12.255;12.02;12.055;8143297
FR0000045072;24/01/17;12.07;12.25;12.06;12.24;4387206
FR0000045072;25/01/17;12.34;12.59;12.33;12.505;7327358
FR0000045072;26/01/17;12.57;12.695;12.53;12.545;7071233
FR0000045072;27/01/17;12.52;12.52;12.365;12.475;4900875
FR0000045072;30/01/17;12.40;12.505;12.265;12.285;7321309
FR0000045072;31/01/17;12.30;12.58;12.26;12.265;7290344
FR0000051732;02/01/17;100.30;101.70;99.90;101.70;105355
FR0000051732;03/01/17;102.00;104.05;102.00;102.75;360859
FR0000051732;04/01/17;102.85;102.90;101.55;102.00;219129
FR0000051732;05/01/17;101.75;102.25;101.25;102.00;148004
FR0000051732;06/01/17;102.00;102.90;101.75;102.80;148616
FR0000051732;09/01/17;103.00;103.20;102.25;102.80;181777
FR0000051732;10/01/17;102.80;104.50;102.20;102.95;215969
FR0000051732;11/01/17;103.25;104.00;102.15;102.35;208646
FR0000051732;12/01/17;102.20;102.45;101.30;102.05;239818
FR0000051732;13/01/17;102.35;103.10;102.10;103.10;128431
FR0000051732;16/01/17;102.50;102.60;101.60;101.70;123792
FR0000051732;17/01/17;101.70;102.60;101.35;101.75;163584
FR0000051732;18/01/17;102.00;102.90;101.25;101.90;229203
FR0000051732;19/01/17;102.15;102.35;100.85;101.30;213612
FR0000051732;20/01/17;101.50;101.50;99.91;100.65;250452
FR0000051732;23/01/17;100.15;100.65;99.21;99.26;266358
FR0000051732;24/01/17;99.00;100.05;98.42;99.37;403321
FR0000051732;25/01/17;99.79;102.40;99.17;100.85;315414
FR0000051732;26/01/17;101.60;102.00;100.80;100.80;317603
FR0000051732;27/01/17;101.15;101.15;99.72;99.72;308015
FR0000051732;30/01/17;99.53;99.84;97.94;98.66;367975
FR0000051732;31/01/17;99.00;100.05;98.49;98.49;356108
FR0000073272;02/01/17;68.35;69.08;68.32;68.53;385610
FR0000073272;03/01/17;68.74;68.97;68.12;68.70;738562
FR0000073272;04/01/17;68.82;68.84;68.04;68.51;730113
FR0000073272;05/01/17;67.84;68.32;66.98;67.76;1074963
FR0000073272;06/01/17;67.70;67.82;66.99;67.70;927455
FR0000073272;09/01/17;67.80;67.80;67.02;67.61;595635
FR0000073272;10/01/17;67.60;67.80;67.18;67.33;687405
FR0000073272;11/01/17;67.34;67.99;67.06;67.63;459317
FR0000073272;12/01/17;67.60;67.84;67.14;67.21;641895
FR0000073272;13/01/17;67.35;67.66;67.19;67.65;865429
FR0000073272;16/01/17;67.15;67.60;67.15;67.20;461082
FR0000073272;17/01/17;67.17;67.44;66.82;67.12;715459
FR0000073272;18/01/17;67.19;67.41;66.75;67.27;794315
FR0000073272;19/01/17;67.75;69.87;63.44;63.62;6986452
FR0000073272;20/01/17;64.45;64.80;63.37;64.45;3801326
FR0000073272;23/01/17;64.46;65.58;63.88;65.53;1744086
FR0000073272;24/01/17;65.80;65.81;64.70;64.90;1169888
FR0000073272;25/01/17;65.14;65.62;64.87;64.92;1414145
FR0000073272;26/01/17;64.90;64.90;64.03;64.48;1212088
FR0000073272;27/01/17;63.83;64.15;63.07;63.63;1217523
FR0000073272;30/01/17;63.49;63.75;62.71;62.81;1117251
FR0000073272;31/01/17;62.90;63.36;62.70;62.70;1407253
FR0000120073;02/01/17;95.4545;96.0909;94.7727;95.8182;399179
FR0000120073;03/01/17;96.0455;96.3182;95.0909;96.0455;750187
FR0000120073;04/01/17;96.0455;96.2727;95.3182;95.9546;834515
FR0000120073;05/01/17;95.8182;96.0909;95.1364;96.00;850061
FR0000120073;06/01/17;96.3636;96.8636;96.1818;96.4091;1090978
FR0000120073;09/01/17;96.3636;96.3636;93.7273;95.1818;1137467
FR0000120073;10/01/17;95.4091;95.8182;94.5455;94.9545;770844
FR0000120073;11/01/17;95.0455;96.3182;94.7727;95.8636;1026461
FR0000120073;12/01/17;95.5909;95.6818;94.6364;94.7273;701353
FR0000120073;13/01/17;95.2273;95.4545;94.7273;95.4091;688105
FR0000120073;16/01/17;94.5909;94.9091;93.3636;93.5455;720556
FR0000120073;17/01/17;93.1818;93.5909;92.8182;93.1818;839721
FR0000120073;18/01/17;93.9545;94.2727;92.7273;93.0909;760282
FR0000120073;19/01/17;93.5909;94.0455;93.3182;93.8636;856306
FR0000120073;20/01/17;93.6364;94.3636;92.9091;93.6818;1354931
FR0000120073;23/01/17;93.2727;93.9545;92.8182;93.3182;679292
FR0000120073;24/01/17;93.3636;93.50;92.8182;93.4091;681486
FR0000120073;25/01/17;94.1818;94.6818;93.9091;94.2273;716966
FR0000120073;26/01/17;94.4091;94.7273;93.2727;94.0455;840842
FR0000120073;27/01/17;94.1364;94.1364;92.9545;92.9545;816479
FR0000120073;30/01/17;92.8182;92.9545;91.9091;92.0455;883276
FR0000120073;31/01/17;91.9545;92.3182;90.9091;90.9091;1077967
FR0000120172;02/01/17;22.96;23.445;22.95;23.32;1341293
FR0000120172;03/01/17;23.46;23.615;23.28;23.485;2644279
FR0000120172;04/01/17;23.58;23.715;23.37;23.45;2158454
FR0000120172;05/01/17;23.455;23.56;23.335;23.435;1451471
FR0000120172;06/01/17;23.40;23.42;23.225;23.325;1660173
FR0000120172;09/01/17;23.395;23.41;22.705;22.825;3603183
FR0000120172;10/01/17;22.97;23.04;22.65;22.97;2598150
FR0000120172;11/01/17;22.93;22.93;22.55;22.80;2094564
FR0000120172;12/01/17;22.76;22.76;22.49;22.54;2609633
FR0000120172;13/01/17;22.64;22.675;22.24;22.525;3446774
FR0000120172;16/01/17;22.55;22.73;22.36;22.61;2212317
FR0000120172;17/01/17;22.535;22.86;22.35;22.725;2627740
FR0000120172;18/01/17;22.83;23.04;22.60;22.94;3451824
FR0000120172;19/01/17;23.10;23.18;22.44;23.115;5319712
FR0000120172;20/01/17;23.035;24.08;22.76;23.61;8474479
FR0000120172;23/01/17;23.58;23.675;23.275;23.58;2914794
FR0000120172;24/01/17;23.65;23.75;23.555;23.59;2597565
FR0000120172;25/01/17;23.71;23.71;23.405;23.50;2244463
FR0000120172;26/01/17;23.55;23.56;23.21;23.30;2305956
FR0000120172;27/01/17;23.31;23.425;22.96;23.13;2190363
FR0000120172;30/01/17;23.04;23.065;22.81;22.855;2240261
FR0000120172;31/01/17;22.86;23.025;22.65;22.655;1883757
FR0000120271;02/01/17;48.50;48.805;48.465;48.80;2027830
FR0000120271;03/01/17;48.99;49.50;48.70;48.93;5238668
FR0000120271;04/01/17;49.00;49.12;48.57;48.905;5230702
FR0000120271;05/01/17;48.505;49.04;48.375;48.93;4539902
FR0000120271;06/01/17;48.77;48.85;48.515;48.77;3834273
FR0000120271;09/01/17;48.75;48.77;47.88;48.085;4256191
FR0000120271;10/01/17;48.225;48.425;47.995;48.23;4064314
FR0000120271;11/01/17;48.10;48.85;47.80;48.50;3714688
FR0000120271;12/01/17;48.295;48.84;48.275;48.695;4804025
FR0000120271;13/01/17;48.78;49.005;48.605;48.845;4031423
FR0000120271;16/01/17;48.59;48.67;48.185;48.46;3212439
FR0000120271;17/01/17;48.38;48.63;48.135;48.195;4207938
FR0000120271;18/01/17;48.155;48.42;47.815;48.255;4179201
FR0000120271;19/01/17;47.91;48.28;47.355;47.615;4529381
FR0000120271;20/01/17;47.75;48.34;47.515;48.115;8840723
FR0000120271;23/01/17;47.715;47.945;47.245;47.485;4070486
FR0000120271;24/01/17;47.60;47.915;47.52;47.64;3318995
FR0000120271;25/01/17;47.925;48.34;47.775;48.015;5167176
FR0000120271;26/01/17;47.995;48.165;47.61;47.80;4567474
FR0000120271;27/01/17;47.645;47.85;47.015;47.225;4441369
FR0000120271;30/01/17;47.015;47.10;46.385;46.705;4866424
FR0000120271;31/01/17;46.64;47.365;46.625;46.66;5725687
FR0000120321;02/01/17;172.65;173.60;171.95;173.45;165897
FR0000120321;03/01/17;173.95;174.00;170.15;170.15;690394
FR0000120321;04/01/17;170.75;170.75;169.15;169.85;594894
FR0000120321;05/01/17;169.65;170.30;168.45;170.30;440092
FR0000120321;06/01/17;170.00;170.25;168.90;170.25;482102
FR0000120321;09/01/17;170.70;171.65;169.40;171.35;344763
FR0000120321;10/01/17;171.65;172.55;169.70;171.05;419500
FR0000120321;11/01/17;173.00;173.35;170.40;171.85;547265
FR0000120321;12/01/17;171.35;171.50;170.05;170.40;521169
FR0000120321;13/01/17;170.65;171.45;170.25;171.45;790644
FR0000120321;16/01/17;170.00;171.75;169.70;170.80;445578
FR0000120321;17/01/17;170.55;170.70;169.05;169.60;673821
FR0000120321;18/01/17;170.65;171.35;169.05;169.55;502085
FR0000120321;19/01/17;170.00;170.70;168.90;170.50;650960
FR0000120321;20/01/17;170.55;171.35;169.20;170.05;743067
FR0000120321;23/01/17;169.70;171.45;168.85;171.15;555723
FR0000120321;24/01/17;171.00;171.90;170.45;171.30;489465
FR0000120321;25/01/17;172.00;172.75;171.40;171.55;464029
FR0000120321;26/01/17;171.95;171.95;170.45;171.30;543734
FR0000120321;27/01/17;171.85;172.15;171.15;171.30;442644
FR0000120321;30/01/17;170.60;171.30;169.25;171.00;454571
FR0000120321;31/01/17;170.75;171.05;168.35;168.35;785192
FR0000120404;02/01/17;35.545;35.835;35.17;35.715;353327
FR0000120404;03/01/17;35.945;37.005;35.945;36.585;1398057
FR0000120404;04/01/17;37.24;37.50;36.985;37.415;1690703
FR0000120404;05/01/17;37.34;37.99;37.295;37.99;1241250
FR0000120404;06/01/17;37.81;38.04;37.415;37.885;1037050
FR0000120404;09/01/17;38.00;38.08;37.605;38.08;954952
FR0000120404;10/01/17;38.33;39.03;38.24;38.315;1524332
FR0000120404;11/01/17;38.36;38.76;38.01;38.38;1304665
FR0000120404;12/01/17;38.075;38.27;37.57;38.17;1078919
FR0000120404;13/01/17;38.25;38.78;38.225;38.59;1075407
FR0000120404;16/01/17;38.325;38.325;37.90;38.005;607700
FR0000120404;17/01/17;38.01;38.705;37.69;38.445;1138880
FR0000120404;18/01/17;38.745;38.745;37.935;38.355;724634
FR0000120404;19/01/17;38.435;38.435;37.89;38.18;739621
FR0000120404;20/01/17;38.16;38.275;37.79;38.105;984781
FR0000120404;23/01/17;37.965;38.155;37.74;37.88;692169
FR0000120404;24/01/17;38.00;38.275;37.72;38.26;716564
FR0000120404;25/01/17;38.475;38.87;38.405;38.575;1301836
FR0000120404;26/01/17;38.595;38.675;38.375;38.405;896465
FR0000120404;27/01/17;38.50;38.95;38.375;38.71;861385
FR0000120404;30/01/17;38.485;38.55;37.96;38.145;761857
FR0000120404;31/01/17;38.20;38.305;37.505;37.505;911555
FR0000120503;02/01/17;34.045;34.42;34.01;34.195;353741
FR0000120503;03/01/17;34.30;34.555;34.20;34.375;653250
FR0000120503;04/01/17;34.415;34.47;34.07;34.155;478289
FR0000120503;05/01/17;34.15;34.16;33.85;33.99;445609
FR0000120503;06/01/17;33.99;34.135;33.82;34.10;373561
FR0000120503;09/01/17;34.12;34.19;33.76;33.93;407801
FR0000120503;10/01/17;33.995;34.11;33.635;33.87;501849
FR0000120503;11/01/17;34.005;34.325;33.76;34.22;711484
FR0000120503;12/01/17;34.185;34.21;33.86;33.885;639562
FR0000120503;13/01/17;34.06;35.59;33.93;35.28;1583918
FR0000120503;16/01/17;35.21;35.28;34.82;34.90;751549
FR0000120503;17/01/17;34.865;34.865;34.30;34.50;656312
FR0000120503;18/01/17;34.64;34.64;34.00;34.21;841858
FR0000120503;19/01/17;34.21;34.335;33.98;34.06;547595
FR0000120503;20/01/17;34.09;34.995;33.895;34.975;1156320
FR0000120503;23/01/17;35.08;35.19;34.78;34.94;777905
FR0000120503;24/01/17;34.98;35.10;34.72;34.965;457511
FR0000120503;25/01/17;35.145;35.45;34.98;35.055;761360
FR0000120503;26/01/17;35.06;35.21;34.615;34.71;673210
FR0000120503;27/01/17;34.715;34.995;34.48;34.69;564720
FR0000120503;30/01/17;34.80;34.845;34.155;34.155;717327
FR0000120503;31/01/17;34.18;34.335;33.655;33.655;895821
FR0000120578;02/01/17;76.45;78.34;76.45;77.84;1414149
FR0000120578;03/01/17;78.25;78.92;77.90;78.30;2325991
FR0000120578;04/01/17;78.29;78.60;77.93;78.30;2371916
FR0000120578;05/01/17;77.54;78.66;77.37;78.27;2402135
FR0000120578;06/01/17;77.00;77.11;75.53;76.69;3922003
FR0000120578;09/01/17;77.01;77.84;76.67;77.52;2248859
FR0000120578;10/01/17;77.78;78.80;77.77;78.31;2506692
FR0000120578;11/01/17;78.25;78.76;77.26;77.32;2309115
FR0000120578;12/01/17;76.78;76.86;76.01;76.54;3128988
FR0000120578;13/01/17;77.08;78.56;77.08;78.07;2488415
FR0000120578;16/01/17;77.51;78.16;76.71;76.81;1901516
FR0000120578;17/01/17;76.54;76.99;75.85;76.12;2378048
FR0000120578;18/01/17;76.40;76.89;76.13;76.50;1795829
FR0000120578;19/01/17;76.54;76.69;75.38;75.77;2026228
FR0000120578;20/01/17;75.63;76.43;75.20;75.62;3332301
FR0000120578;23/01/17;75.42;75.61;74.35;74.84;1841789
FR0000120578;24/01/17;75.00;75.00;73.39;73.89;2311334
FR0000120578;25/01/17;74.48;75.05;74.02;74.24;2872647
FR0000120578;26/01/17;74.59;75.62;74.18;74.62;2415573
FR0000120578;27/01/17;74.55;74.92;73.70;74.49;2202760
FR0000120578;30/01/17;74.03;75.15;73.94;74.79;2209597
FR0000120578;31/01/17;74.97;75.23;74.14;74.49;3352109
FR0000120628;02/01/17;23.965;24.23;23.79;24.14;2105855
FR0000120628;03/01/17;24.295;24.725;24.255;24.43;6527332
FR0000120628;04/01/17;24.53;24.79;24.515;24.715;5682216
FR0000120628;05/01/17;24.535;24.91;24.38;24.705;6149321
FR0000120628;06/01/17;24.63;25.00;24.48;25.00;6735160
FR0000120628;09/01/17;25.00;25.05;24.37;24.615;6047801
FR0000120628;10/01/17;24.585;24.595;24.105;24.285;5924477
FR0000120628;11/01/17;24.27;24.53;23.995;24.34;5319535
FR0000120628;12/01/17;24.17;24.255;23.885;23.92;6987895
FR0000120628;13/01/17;24.085;24.50;23.985;24.345;5333763
FR0000120628;16/01/17;23.805;23.93;23.62;23.75;5603036
FR0000120628;17/01/17;23.63;23.915;23.465;23.605;5304076
FR0000120628;18/01/17;23.715;23.75;22.97;23.15;9659249
FR0000120628;19/01/17;23.295;23.61;23.175;23.26;6132461
FR0000120628;20/01/17;23.315;23.37;23.02;23.10;10382704
FR0000120628;23/01/17;22.90;23.08;22.58;22.805;7166353
FR0000120628;24/01/17;22.76;22.955;22.475;22.72;7612723
FR0000120628;25/01/17;22.705;23.565;22.665;23.335;10862768
FR0000120628;26/01/17;23.60;23.835;23.33;23.40;6057174
FR0000120628;27/01/17;23.43;23.44;23.13;23.255;4963031
FR0000120628;30/01/17;23.12;23.245;22.77;22.91;5383210
FR0000120628;31/01/17;22.86;23.19;22.72;22.72;6958488
FR0000120644;02/01/17;60.10;60.56;59.90;60.24;503232
FR0000120644;03/01/17;60.50;60.52;59.68;60.04;1389880
FR0000120644;04/01/17;60.17;60.57;59.78;60.56;1451620
FR0000120644;05/01/17;60.26;61.15;60.26;61.15;1288330
FR0000120644;06/01/17;61.32;61.41;60.79;61.06;1174159
FR0000120644;09/01/17;61.22;61.51;60.94;61.49;1287298
FR0000120644;10/01/17;61.61;61.75;60.94;61.20;1673467
FR0000120644;11/01/17;61.09;61.25;60.39;60.80;1907975
FR0000120644;12/01/17;60.57;60.95;60.38;60.79;1411605
FR0000120644;13/01/17;61.00;61.03;60.27;60.53;2075268
FR0000120644;16/01/17;60.36;60.65;59.91;60.31;1421323
FR0000120644;17/01/17;60.23;60.29;59.58;59.94;1481750
FR0000120644;18/01/17;60.15;60.49;59.90;59.96;1150713
FR0000120644;19/01/17;59.90;60.05;59.41;59.69;1665454
FR0000120644;20/01/17;59.37;59.68;59.19;59.25;2556278
FR0000120644;23/01/17;59.02;59.48;58.87;59.05;1395309
FR0000120644;24/01/17;59.34;59.34;58.85;58.93;1597260
FR0000120644;25/01/17;59.39;59.41;58.78;58.95;1697011
FR0000120644;26/01/17;58.75;58.99;58.50;58.91;1509639
FR0000120644;27/01/17;59.10;59.10;58.40;58.60;1579045
FR0000120644;30/01/17;58.50;58.57;58.02;58.29;1465293
FR0000120644;31/01/17;58.58;58.59;57.99;57.99;2022269
FR0000120693;02/01/17;103.10;103.95;102.85;103.35;99360
FR0000120693;03/01/17;103.90;104.25;103.00;103.20;340359
FR0000120693;04/01/17;103.60;103.60;102.70;103.40;349501
FR0000120693;05/01/17;103.25;103.95;102.90;103.80;414022
FR0000120693;06/01/17;103.30;104.85;103.30;104.70;377526
FR0000120693;09/01/17;104.90;105.15;104.50;105.05;310893
FR0000120693;10/01/17;105.25;105.65;104.25;104.80;333369
FR0000120693;11/01/17;104.70;105.15;104.10;104.80;274883
FR0000120693;12/01/17;104.60;104.90;103.85;104.15;495751
FR0000120693;13/01/17;104.80;106.25;104.65;106.20;521492
FR0000120693;16/01/17;105.75;106.20;105.40;105.90;279399
FR0000120693;17/01/17;105.70;106.10;104.90;105.25;462421
FR0000120693;18/01/17;105.45;106.80;105.35;106.80;429498
FR0000120693;19/01/17;109.00;109.25;106.95;108.45;715852
FR0000120693;20/01/17;108.65;108.65;107.30;107.60;515872
FR0000120693;23/01/17;108.00;109.30;107.35;108.80;667282
FR0000120693;24/01/17;108.80;109.70;108.05;109.55;528868
FR0000120693;25/01/17;110.00;110.20;108.75;108.95;552166
FR0000120693;26/01/17;109.05;111.60;108.45;110.75;698409
FR0000120693;27/01/17;110.70;111.25;109.90;110.45;485915
FR0000120693;30/01/17;110.00;110.20;108.65;109.15;427384
FR0000120693;31/01/17;108.90;109.70;108.15;108.35;484395
FR0000121014;02/01/17;181.35;182.00;180.65;181.80;287802
FR0000121014;03/01/17;182.10;182.70;179.45;179.70;599351
FR0000121014;04/01/17;180.45;180.50;177.20;178.10;635790
FR0000121014;05/01/17;177.35;177.35;175.80;176.95;768148
FR0000121014;06/01/17;177.10;179.55;176.50;179.25;551130
FR0000121014;09/01/17;180.00;181.20;178.80;180.95;488220
FR0000121014;10/01/17;181.40;182.20;179.55;181.10;608715
FR0000121014;11/01/17;180.70;183.65;180.20;183.25;675381
FR0000121014;12/01/17;184.00;187.25;184.00;186.55;875845
FR0000121014;13/01/17;188.00;188.95;186.85;188.95;671907
FR0000121014;16/01/17;187.10;188.55;187.10;187.55;391099
FR0000121014;17/01/17;187.50;187.50;185.95;186.85;530172
FR0000121014;18/01/17;186.80;188.40;186.50;188.10;519075
FR0000121014;19/01/17;189.05;191.00;188.35;190.00;688581
FR0000121014;20/01/17;189.60;191.35;188.70;190.95;1040752
FR0000121014;23/01/17;190.10;191.65;189.10;190.35;631368
FR0000121014;24/01/17;190.45;190.70;187.95;189.05;842029
FR0000121014;25/01/17;190.00;192.20;190.00;191.40;781529
FR0000121014;26/01/17;193.30;193.35;189.00;190.45;716930
FR0000121014;27/01/17;193.00;193.00;185.55;186.85;1446775
FR0000121014;30/01/17;186.00;187.50;184.00;184.35;971553
FR0000121014;31/01/17;185.00;188.70;183.60;186.60;1093240
FR0000121220;02/01/17;108.95;110.15;108.80;110.05;80623
FR0000121220;03/01/17;110.20;111.15;109.55;109.55;237884
FR0000121220;04/01/17;110.15;110.40;109.05;109.05;252164
FR0000121220;05/01/17;108.80;109.25;108.30;108.65;231261
FR0000121220;06/01/17;108.70;109.30;108.10;108.30;212146
FR0000121220;09/01/17;108.65;109.45;108.50;109.10;255817
FR0000121220;10/01/17;109.35;110.10;108.65;109.00;257061
FR0000121220;11/01/17;108.95;109.40;107.95;107.95;227275
FR0000121220;12/01/17;104.80;107.60;103.40;104.45;550772
FR0000121220;13/01/17;104.00;104.90;102.25;103.75;702737
FR0000121220;16/01/17;103.20;104.70;102.90;104.40;239177
FR0000121220;17/01/17;104.20;104.55;103.25;103.70;313546
FR0000121220;18/01/17;104.10;104.10;102.60;102.80;333794
FR0000121220;19/01/17;102.70;103.80;102.25;103.15;344369
FR0000121220;20/01/17;103.15;103.15;102.00;102.90;291215
FR0000121220;23/01/17;102.80;103.65;102.35;103.15;307287
FR0000121220;24/01/17;103.00;103.50;102.70;103.00;329248
FR0000121220;25/01/17;103.65;104.25;103.45;103.65;281531
FR0000121220;26/01/17;103.70;104.40;103.50;104.40;297967
FR0000121220;27/01/17;104.45;104.70;103.60;104.25;200990
FR0000121220;30/01/17;104.00;104.00;102.85;103.20;244963
FR0000121220;31/01/17;103.15;103.45;102.25;102.35;316830
FR0000121261;02/01/17;105.50;107.00;105.40;106.90;155830
FR0000121261;03/01/17;107.00;107.90;106.45;106.45;500727
FR0000121261;04/01/17;105.00;105.35;103.65;104.00;604780
FR0000121261;05/01/17;104.05;104.70;103.05;104.65;550534
FR0000121261;06/01/17;104.50;105.10;104.10;104.75;370301
FR0000121261;09/01/17;106.15;106.50;105.15;105.75;458994
FR0000121261;10/01/17;104.00;105.55;103.85;104.50;552490
FR0000121261;11/01/17;104.45;106.40;104.45;105.95;494770
FR0000121261;12/01/17;105.55;106.05;104.20;104.50;447600
FR0000121261;13/01/17;105.20;106.25;104.60;105.90;433628
FR0000121261;16/01/17;105.00;105.40;103.25;104.05;415845
FR0000121261;17/01/17;103.85;104.55;102.85;104.25;417770
FR0000121261;18/01/17;104.20;104.50;103.15;103.60;480565
FR0000121261;19/01/17;103.55;104.10;102.85;103.15;561720
FR0000121261;20/01/17;102.55;102.95;101.20;102.05;667520
FR0000121261;23/01/17;101.55;101.90;100.65;100.95;533968
FR0000121261;24/01/17;100.90;101.60;99.93;101.15;525513
FR0000121261;25/01/17;101.55;102.70;101.35;102.40;806309
FR0000121261;26/01/17;102.85;102.85;101.25;101.65;493102
FR0000121261;27/01/17;102.00;102.15;101.15;101.70;376886
FR0000121261;30/01/17;101.00;101.15;99.80;100.00;525702
FR0000121261;31/01/17;100.15;100.75;99.38;99.38;601588
FR0000121485;02/01/17;213.00;217.15;213.00;216.65;72053
FR0000121485;03/01/17;217.30;218.45;214.05;214.15;158276
FR0000121485;04/01/17;214.50;214.50;210.25;211.30;224391
FR0000121485;05/01/17;210.55;210.55;208.55;209.60;192210
FR0000121485;06/01/17;209.00;214.10;208.90;212.95;181071
FR0000121485;09/01/17;213.10;216.35;212.40;216.35;183182
FR0000121485;10/01/17;216.65;218.20;214.85;216.65;231352
FR0000121485;11/01/17;220.10;224.80;220.05;223.00;366666
FR0000121485;12/01/17;223.75;227.70;223.75;226.45;225796
FR0000121485;13/01/17;227.55;228.75;225.60;228.75;175280
FR0000121485;16/01/17;225.65;227.35;224.55;226.25;208035
FR0000121485;17/01/17;225.30;225.50;223.25;224.90;139497
FR0000121485;18/01/17;225.80;226.50;224.25;226.35;115030
FR0000121485;19/01/17;228.95;230.10;226.75;230.10;213596
FR0000121485;20/01/17;230.00;230.20;228.55;228.90;232620
FR0000121485;23/01/17;228.30;228.30;226.50;227.05;212212
FR0000121485;24/01/17;227.25;228.05;226.10;227.10;190256
FR0000121485;25/01/17;228.90;231.15;228.90;230.30;192404
FR0000121485;26/01/17;230.40;230.95;227.35;228.55;168989
FR0000121485;27/01/17;231.60;232.90;224.65;226.25;264130
FR0000121485;30/01/17;225.45;225.45;223.25;224.45;186737
FR0000121485;31/01/17;225.00;225.70;220.20;220.20;405543
FR0000121501;02/01/17;15.44;15.725;15.39;15.655;1065007
FR0000121501;03/01/17;15.74;16.32;15.715;16.17;3729197
FR0000121501;04/01/17;16.25;16.30;15.955;16.155;2947690
FR0000121501;05/01/17;16.18;16.51;16.165;16.36;3146251
FR0000121501;06/01/17;16.31;16.525;16.30;16.52;2019785
FR0000121501;09/01/17;16.53;16.615;16.48;16.57;2359274
FR0000121501;10/01/17;16.60;16.80;16.515;16.705;2727972
FR0000121501;11/01/17;16.77;17.37;16.77;17.27;4808163
FR0000121501;12/01/17;17.265;17.425;16.815;16.935;4775257
FR0000121501;13/01/17;17.085;17.35;16.825;17.195;4852021
FR0000121501;16/01/17;16.995;17.065;16.71;16.875;3010866
FR0000121501;17/01/17;16.695;17.045;16.31;16.90;3690157
FR0000121501;18/01/17;16.90;16.97;16.585;16.89;2450879
FR0000121501;19/01/17;16.885;17.045;16.78;16.965;2504652
FR0000121501;20/01/17;16.935;17.02;16.74;17.01;2614830
FR0000121501;23/01/17;16.885;17.065;16.815;17.05;2473285
FR0000121501;24/01/17;17.05;17.785;17.045;17.68;4970087
FR0000121501;25/01/17;17.77;18.015;17.725;17.78;4046062
FR0000121501;26/01/17;17.85;17.925;17.525;17.65;2776033
FR0000121501;27/01/17;17.625;17.665;17.375;17.58;2730019
FR0000121501;30/01/17;17.475;17.595;17.21;17.335;2818301
FR0000121501;31/01/17;17.265;17.685;17.20;17.20;3007137
FR0000121667;02/01/17;107.45;107.95;107.10;107.30;194542
FR0000121667;03/01/17;107.60;107.80;106.30;106.30;437358
FR0000121667;04/01/17;106.75;106.80;104.95;105.40;584565
FR0000121667;05/01/17;105.20;105.60;104.85;105.40;426710
FR0000121667;06/01/17;105.35;105.95;105.00;105.80;315542
FR0000121667;09/01/17;106.20;106.20;103.95;105.25;464917
FR0000121667;10/01/17;105.50;106.05;104.50;105.05;354102
FR0000121667;11/01/17;105.05;105.45;103.60;104.50;437631
FR0000121667;12/01/17;102.95;103.05;101.45;101.80;901871
FR0000121667;13/01/17;102.50;102.55;101.60;102.10;487997
FR0000121667;16/01/17;118.00;121.15;113.50;114.20;3410147
FR0000121667;17/01/17;113.60;115.70;112.60;114.85;1256845
FR0000121667;18/01/17;115.00;115.25;113.30;113.50;862518
FR0000121667;19/01/17;113.55;113.60;109.75;109.90;1143705
FR0000121667;20/01/17;110.10;111.30;109.05;110.25;821340
FR0000121667;23/01/17;109.25;109.70;107.75;107.75;613973
FR0000121667;24/01/17;107.95;107.95;105.90;105.95;792220
FR0000121667;25/01/17;106.40;107.75;104.95;107.70;989675
FR0000121667;26/01/17;108.15;109.50;107.90;108.45;639105
FR0000121667;27/01/17;108.75;109.25;107.85;109.25;569182
FR0000121667;30/01/17;109.40;109.70;107.85;109.25;661582
FR0000121667;31/01/17;110.00;110.25;108.40;108.40;1024027
FR0000121972;02/01/17;65.70;66.43;65.51;66.10;409616
FR0000121972;03/01/17;66.56;66.69;65.40;65.63;1228369
FR0000121972;04/01/17;65.83;65.96;65.44;65.84;990902
FR0000121972;05/01/17;65.52;66.47;65.52;66.04;924917
FR0000121972;06/01/17;66.03;66.48;65.60;66.44;721696
FR0000121972;09/01/17;66.50;66.60;65.87;66.44;765351
FR0000121972;10/01/17;66.58;67.74;66.58;67.31;1385793
FR0000121972;11/01/17;66.82;67.65;66.49;66.97;1580741
FR0000121972;12/01/17;66.78;67.56;66.34;67.30;1206952
FR0000121972;13/01/17;67.50;67.85;67.27;67.85;1271306
FR0000121972;16/01/17;67.35;67.78;67.19;67.37;845457
FR0000121972;17/01/17;67.30;67.80;66.77;67.34;1074998
FR0000121972;18/01/17;67.37;67.56;66.78;67.41;1055392
FR0000121972;19/01/17;67.75;67.82;67.25;67.55;1180017
FR0000121972;20/01/17;67.30;67.83;66.96;67.55;1761260
FR0000121972;23/01/17;67.10;67.53;66.70;67.12;1255481
FR0000121972;24/01/17;67.28;67.71;67.20;67.70;1072347
FR0000121972;25/01/17;68.73;68.95;68.54;68.72;1792877
FR0000121972;26/01/17;68.69;68.92;68.17;68.39;1148458
FR0000121972;27/01/17;68.36;68.50;67.88;68.22;897697
FR0000121972;30/01/17;68.07;68.35;67.14;67.30;1021800
FR0000121972;31/01/17;67.21;67.64;66.22;66.22;1837032
FR0000124141;02/01/17;16.185;16.395;16.165;16.35;907627
FR0000124141;03/01/17;16.42;16.54;16.10;16.155;2530851
FR0000124141;04/01/17;16.21;16.215;16.035;16.10;1770225
FR0000124141;05/01/17;16.00;16.115;15.715;15.795;4141399
FR0000124141;06/01/17;15.805;15.845;15.61;15.635;2878575
FR0000124141;09/01/17;15.775;15.775;15.59;15.68;1844150
FR0000124141;10/01/17;15.675;15.74;15.155;15.19;4768130
FR0000124141;11/01/17;15.175;15.30;15.025;15.29;3678402
FR0000124141;12/01/17;15.325;15.34;15.155;15.31;2986482
FR0000124141;13/01/17;15.395;15.395;15.195;15.355;2609810
FR0000124141;16/01/17;15.375;15.385;15.205;15.285;1893473
FR0000124141;17/01/17;15.325;15.565;15.295;15.555;2745305
FR0000124141;18/01/17;15.65;15.735;15.385;15.46;2697142
FR0000124141;19/01/17;15.465;15.55;15.28;15.495;2206470
FR0000124141;20/01/17;15.53;15.60;15.395;15.475;1801448
FR0000124141;23/01/17;15.53;15.765;15.45;15.765;2736614
FR0000124141;24/01/17;15.85;15.975;15.695;15.785;2774547
FR0000124141;25/01/17;15.95;16.15;15.71;15.875;3876464
FR0000124141;26/01/17;15.91;16.01;15.85;15.915;3199511
FR0000124141;27/01/17;15.98;15.985;15.77;15.965;2312254
FR0000124141;30/01/17;15.95;15.995;15.735;15.81;3276824
FR0000124141;31/01/17;15.85;15.875;15.66;15.745;2236947
FR0000124711;02/01/17;225.45;228.00;225.05;226.50;111385
FR0000124711;03/01/17;226.50;226.50;221.60;222.60;358495
FR0000124711;04/01/17;223.00;223.15;220.75;223.15;300296
FR0000124711;05/01/17;222.85;224.25;222.05;224.10;348065
FR0000124711;06/01/17;223.90;226.80;223.90;225.80;234285
FR0000124711;09/01/17;226.00;226.80;223.35;223.95;197284
FR0000124711;10/01/17;224.50;225.45;221.90;222.55;248691
FR0000124711;11/01/17;222.80;224.05;221.80;222.30;169376
FR0000124711;12/01/17;222.75;223.15;221.15;222.10;262256
FR0000124711;13/01/17;223.35;223.90;220.70;221.15;295539
FR0000124711;16/01/17;219.60;220.60;218.50;218.50;242556
FR0000124711;17/01/17;217.95;218.90;216.55;216.70;311553
FR0000124711;18/01/17;217.20;217.95;215.50;217.60;271421
FR0000124711;19/01/17;218.10;218.70;213.60;214.25;341642
FR0000124711;20/01/17;214.25;216.45;212.70;214.05;455858
FR0000124711;23/01/17;214.10;215.45;213.35;215.45;307938
FR0000124711;24/01/17;216.45;216.45;212.80;213.00;227829
FR0000124711;25/01/17;214.35;215.00;211.40;211.95;314266
FR0000124711;26/01/17;212.25;215.00;210.50;212.60;349879
FR0000124711;27/01/17;213.05;213.10;210.85;212.30;243070
FR0000124711;30/01/17;212.80;213.35;209.65;211.10;323639
FR0000124711;31/01/17;211.00;213.20;210.65;212.95;479124
FR0000125007;02/01/17;44.02;44.53;43.98;44.325;626305
FR0000125007;03/01/17;44.50;45.05;44.36;44.835;1578066
FR0000125007;04/01/17;44.95;44.995;44.515;44.70;1300606
FR0000125007;05/01/17;44.62;44.815;44.315;44.58;1120930
FR0000125007;06/01/17;44.525;44.835;44.24;44.835;1054160
FR0000125007;09/01/17;44.79;44.875;44.29;44.875;1281984
FR0000125007;10/01/17;44.82;45.09;44.53;44.99;1467271
FR0000125007;11/01/17;44.895;45.215;44.635;44.84;1395116
FR0000125007;12/01/17;44.65;45.25;44.55;45.19;1603003
FR0000125007;13/01/17;45.40;45.61;44.98;45.60;1598305
FR0000125007;16/01/17;45.22;45.41;45.09;45.265;738686
FR0000125007;17/01/17;45.03;45.39;44.695;45.25;1188844
FR0000125007;18/01/17;45.26;45.63;44.985;45.63;1283374
FR0000125007;19/01/17;45.545;45.93;45.295;45.535;1481102
FR0000125007;20/01/17;45.465;46.85;45.36;46.505;2903635
FR0000125007;23/01/17;46.31;46.35;45.795;46.195;1544513
FR0000125007;24/01/17;46.42;46.815;46.15;46.815;1640452
FR0000125007;25/01/17;47.125;48.115;47.125;47.725;2670197
FR0000125007;26/01/17;47.565;47.66;46.795;47.00;2056664
FR0000125007;27/01/17;46.97;47.035;46.44;46.86;1290170
FR0000125007;30/01/17;46.76;46.795;45.76;45.845;1750252
FR0000125007;31/01/17;45.90;46.27;45.50;45.50;2213371
FR0000125338;02/01/17;80.00;80.90;79.41;80.66;512352
FR0000125338;03/01/17;81.00;81.74;80.00;80.00;713986
FR0000125338;04/01/17;80.25;80.93;79.89;80.20;644496
FR0000125338;05/01/17;80.07;80.89;80.07;80.47;459180
FR0000125338;06/01/17;80.20;80.35;79.58;80.16;491355
FR0000125338;09/01/17;80.55;80.87;80.12;80.77;464216
FR0000125338;10/01/17;80.75;81.58;80.75;81.38;614958
FR0000125338;11/01/17;81.12;81.14;80.06;80.12;558372
FR0000125338;12/01/17;80.05;80.44;79.52;80.12;541561
FR0000125338;13/01/17;80.00;80.80;79.55;80.58;543975
FR0000125338;16/01/17;80.04;80.36;79.28;79.38;392322
FR0000125338;17/01/17;79.34;79.93;78.21;78.67;632403
FR0000125338;18/01/17;78.98;79.08;76.54;77.53;934150
FR0000125338;19/01/17;77.80;79.55;77.64;77.94;673112
FR0000125338;20/01/17;78.16;78.17;76.77;76.87;532727
FR0000125338;23/01/17;76.98;76.98;76.01;76.09;457503
FR0000125338;24/01/17;76.15;76.70;74.05;75.90;1012169
FR0000125338;25/01/17;76.29;77.48;75.76;76.54;604160
FR0000125338;26/01/17;76.90;77.58;75.56;75.61;710299
FR0000125338;27/01/17;75.62;76.05;75.25;75.58;592969
FR0000125338;30/01/17;75.51;75.84;74.88;75.20;612892
FR0000125338;31/01/17;75.37;77.08;75.37;75.37;860830
FR0000125486;02/01/17;64.51;64.91;64.48;64.65;489504
FR0000125486;03/01/17;65.00;65.42;64.90;65.35;1270473
FR0000125486;04/01/17;65.50;65.53;64.63;64.91;1039802
FR0000125486;05/01/17;64.76;65.22;64.57;65.14;971938
FR0000125486;06/01/17;65.11;65.76;64.93;65.73;768607
FR0000125486;09/01/17;65.75;66.00;65.26;66.00;866657
FR0000125486;10/01/17;66.00;66.39;65.51;65.91;1060917
FR0000125486;11/01/17;65.85;66.09;65.40;65.57;1160686
FR0000125486;12/01/17;65.26;65.72;64.69;65.51;1540664
FR0000125486;13/01/17;65.74;65.99;65.28;65.72;1434547
FR0000125486;16/01/17;65.34;65.63;65.25;65.47;835389
FR0000125486;17/01/17;64.99;65.24;64.59;64.99;1035492
FR0000125486;18/01/17;65.16;65.27;64.56;65.16;1085945
FR0000125486;19/01/17;65.29;65.61;64.78;65.18;1342183
FR0000125486;20/01/17;65.03;66.23;64.97;65.84;1936532
FR0000125486;23/01/17;66.00;67.50;65.94;66.90;1742478
FR0000125486;24/01/17;66.95;67.09;66.30;66.56;1165066
FR0000125486;25/01/17;66.97;67.06;66.59;66.65;1277956
FR0000125486;26/01/17;66.79;66.79;65.54;65.85;1327903
FR0000125486;27/01/17;65.94;66.06;65.24;65.56;1130576
FR0000125486;30/01/17;65.53;65.76;64.74;64.94;960201
FR0000125486;31/01/17;65.01;65.34;64.90;64.90;1513707
FR0000127771;02/01/17;18.00;18.095;17.935;18.095;1384849
FR0000127771;03/01/17;18.145;18.245;18.02;18.11;2620262
FR0000127771;04/01/17;18.155;18.26;18.11;18.21;2366946
FR0000127771;05/01/17;18.225;18.38;18.175;18.24;2192128
FR0000127771;06/01/17;18.25;18.365;18.115;18.33;1944176
FR0000127771;09/01/17;18.315;18.33;18.105;18.275;1998120
FR0000127771;10/01/17;18.10;18.195;17.875;18.14;3532620
FR0000127771;11/01/17;18.155;18.20;17.99;18.05;3969473
FR0000127771;12/01/17;18.00;18.00;17.68;17.775;3727332
FR0000127771;13/01/17;17.77;18.335;17.655;18.27;5107358
FR0000127771;16/01/17;18.065;18.075;17.75;17.79;3709202
FR0000127771;17/01/17;17.685;17.78;17.53;17.65;3679424
FR0000127771;18/01/17;17.62;17.665;17.315;17.55;4054106
FR0000127771;19/01/17;17.30;17.64;17.215;17.625;4583865
FR0000127771;20/01/17;17.80;17.985;17.655;17.785;5120719
FR0000127771;23/01/17;17.71;18.015;17.605;17.735;3840337
FR0000127771;24/01/17;17.81;17.955;17.73;17.90;2691328
FR0000127771;25/01/17;17.71;17.82;17.50;17.51;5447805
FR0000127771;26/01/17;17.53;17.67;17.385;17.455;3102396
FR0000127771;27/01/17;17.435;17.475;17.25;17.29;2274630
FR0000127771;30/01/17;17.29;17.335;17.095;17.20;2395001
FR0000127771;31/01/17;17.245;17.315;16.94;16.94;3647152
FR0000130577;02/01/17;65.61;66.28;65.39;66.14;177425
FR0000130577;03/01/17;66.31;66.63;66.10;66.44;405272
FR0000130577;04/01/17;66.54;66.71;65.76;66.01;420938
FR0000130577;05/01/17;66.00;66.85;65.96;66.35;496171
FR0000130577;06/01/17;66.27;67.14;66.15;67.05;335254
FR0000130577;09/01/17;67.17;67.49;66.78;67.00;353078
FR0000130577;10/01/17;67.01;67.25;65.86;66.14;737805
FR0000130577;11/01/17;66.14;66.51;65.87;65.97;602774
FR0000130577;12/01/17;65.27;65.48;64.31;64.39;830343
FR0000130577;13/01/17;65.07;65.85;64.86;65.60;749384
FR0000130577;16/01/17;65.34;66.10;65.02;65.97;525357
FR0000130577;17/01/17;65.87;65.91;64.87;64.99;669118
FR0000130577;18/01/17;65.22;65.57;64.31;64.43;685256
FR0000130577;19/01/17;64.48;65.07;64.10;65.07;486771
FR0000130577;20/01/17;65.17;65.17;64.52;64.90;576478
FR0000130577;23/01/17;64.76;64.91;64.20;64.91;603521
FR0000130577;24/01/17;64.95;65.25;64.62;65.23;466715
FR0000130577;25/01/17;64.88;65.22;64.06;65.13;705916
FR0000130577;26/01/17;65.00;65.15;64.45;64.66;698557
FR0000130577;27/01/17;64.89;65.36;64.70;65.16;809486
FR0000130577;30/01/17;65.06;65.38;64.58;64.82;581540
FR0000130577;31/01/17;64.94;65.05;63.56;63.56;753419
FR0000130809;02/01/17;46.36;47.10;46.24;46.905;1188156
FR0000130809;03/01/17;47.38;49.20;47.255;48.665;4679150
FR0000130809;04/01/17;48.86;49.375;47.695;48.235;3862948
FR0000130809;05/01/17;47.44;47.915;46.875;47.10;5114756
FR0000130809;06/01/17;46.935;47.59;46.78;47.34;3199462
FR0000130809;09/01/17;47.37;47.41;45.84;46.205;4684341
FR0000130809;10/01/17;46.31;46.725;45.895;46.39;3571743
FR0000130809;11/01/17;46.265;46.615;45.95;46.395;2881873
FR0000130809;12/01/17;46.04;46.955;45.75;45.88;2696036
FR0000130809;13/01/17;46.26;47.60;46.255;47.475;2721939
FR0000130809;16/01/17;46.615;46.91;46.20;46.26;2731066
FR0000130809;17/01/17;46.015;46.73;45.51;45.825;3082366
FR0000130809;18/01/17;45.945;46.02;45.015;45.515;2546840
FR0000130809;19/01/17;45.825;46.275;45.445;45.70;2826312
FR0000130809;20/01/17;45.645;46.265;45.28;45.84;3810644
FR0000130809;23/01/17;45.34;45.34;44.62;44.835;3258841
FR0000130809;24/01/17;45.055;45.895;45.005;45.80;2755414
FR0000130809;25/01/17;46.30;48.185;46.30;47.78;4791673
FR0000130809;26/01/17;48.08;48.86;47.37;47.545;3618899
FR0000130809;27/01/17;47.505;47.775;46.975;47.37;3041706
FR0000130809;30/01/17;47.075;47.48;46.395;46.67;3051298
FR0000130809;31/01/17;46.62;47.205;45.255;45.255;4160672
FR0000131104;02/01/17;60.12;60.69;59.85;60.35;1259445
FR0000131104;03/01/17;60.93;62.48;60.56;61.92;3185009
FR0000131104;04/01/17;62.38;63.06;61.98;62.80;3705545
FR0000131104;05/01/17;62.32;63.04;61.59;62.22;3288420
FR0000131104;06/01/17;61.87;62.71;61.29;62.49;3017783
FR0000131104;09/01/17;62.48;62.48;60.65;61.19;3069806
FR0000131104;10/01/17;61.30;61.40;60.64;60.85;3176613
FR0000131104;11/01/17;60.87;61.14;60.37;60.62;2747204
FR0000131104;12/01/17;60.39;61.70;60.19;60.55;2660775
FR0000131104;13/01/17;61.09;62.51;61.02;62.16;3252712
FR0000131104;16/01/17;61.02;61.55;60.90;61.21;2079490
FR0000131104;17/01/17;60.84;61.91;60.51;60.56;2627533
FR0000131104;18/01/17;60.60;60.72;59.17;59.69;3151600
FR0000131104;19/01/17;60.11;60.46;59.42;59.76;2644796
FR0000131104;20/01/17;59.59;60.44;59.23;60.06;4119832
FR0000131104;23/01/17;59.50;59.78;58.93;59.18;2142810
FR0000131104;24/01/17;59.55;60.06;59.40;59.90;2029944
FR0000131104;25/01/17;60.68;62.54;60.60;62.39;4714420
FR0000131104;26/01/17;62.59;63.35;61.55;61.64;4045961
FR0000131104;27/01/17;61.54;61.57;60.61;61.45;2455773
FR0000131104;30/01/17;61.03;61.46;59.88;60.28;2726655
FR0000131104;31/01/17;60.43;61.45;59.18;59.18;3697937
FR0000131906;02/01/17;84.18;85.69;84.10;85.10;226330
FR0000131906;03/01/17;85.75;87.05;85.64;86.17;743763
FR0000131906;04/01/17;86.33;86.59;84.68;85.72;606840
FR0000131906;05/01/17;85.47;86.69;85.29;86.11;462276
FR0000131906;06/01/17;85.84;86.50;85.40;86.32;506983
FR0000131906;09/01/17;86.38;86.59;85.02;85.72;603737
FR0000131906;10/01/17;86.76;88.74;86.47;88.07;1067680
FR0000131906;11/01/17;88.15;89.16;87.79;88.55;757561
FR0000131906;12/01/17;88.30;88.70;85.21;86.25;1381454
FR0000131906;13/01/17;87.18;88.05;81.10;83.76;2536998
FR0000131906;16/01/17;82.92;83.48;81.94;83.19;780929
FR0000131906;17/01/17;82.65;85.25;82.06;84.39;1010940
FR0000131906;18/01/17;85.40;85.78;84.35;84.85;515859
FR0000131906;19/01/17;85.10;86.69;85.00;85.98;900083
FR0000131906;20/01/17;85.18;86.46;84.94;85.97;734403
FR0000131906;23/01/17;85.94;86.56;85.25;86.45;544300
FR0000131906;24/01/17;86.16;87.64;86.16;86.50;738555
FR0000131906;25/01/17;87.15;88.78;87.14;87.89;847413
FR0000131906;26/01/17;87.85;88.30;86.38;86.78;762379
FR0000131906;27/01/17;86.54;86.59;85.13;85.45;606763
FR0000131906;30/01/17;85.00;85.53;83.72;84.12;685294
FR0000131906;31/01/17;84.00;84.98;83.38;83.38;750695
FR0000133308;02/01/17;14.395;14.61;14.365;14.57;2306553
FR0000133308;03/01/17;14.625;14.635;14.475;14.59;4314413
FR0000133308;04/01/17;14.635;14.72;14.545;14.705;5563953
FR0000133308;05/01/17;14.62;14.835;14.605;14.795;4935238
FR0000133308;06/01/17;14.795;14.88;14.695;14.79;3823411
FR0000133308;09/01/17;14.83;14.83;14.62;14.78;3387678
FR0000133308;10/01/17;14.80;14.80;14.475;14.61;6318863
FR0000133308;11/01/17;14.64;14.69;14.465;14.65;5397032
FR0000133308;12/01/17;14.65;14.78;14.455;14.78;6750963
FR0000133308;13/01/17;14.78;15.045;14.735;14.99;7227458
FR0000133308;16/01/17;14.99;15.02;14.85;14.915;5216347
FR0000133308;17/01/17;14.865;14.985;14.70;14.96;4877165
FR0000133308;18/01/17;14.97;15.015;14.865;14.97;4385929
FR0000133308;19/01/17;14.93;14.98;14.775;14.865;5029653
FR0000133308;20/01/17;14.87;14.98;14.765;14.865;10153106
FR0000133308;23/01/17;14.78;14.79;14.655;14.725;3435106
FR0000133308;24/01/17;14.685;14.78;14.525;14.63;5458843
FR0000133308;25/01/17;14.74;14.76;14.485;14.53;6932402
FR0000133308;26/01/17;14.56;14.59;14.455;14.555;5153173
FR0000133308;27/01/17;14.57;14.57;14.345;14.45;5531957
FR0000133308;30/01/17;14.45;14.52;14.29;14.37;4133837
FR0000133308;31/01/17;14.355;14.485;14.325;14.325;5180508
FR0010208488;02/01/17;12.12;12.235;12.105;12.23;2649133
FR0010208488;03/01/17;12.275;12.29;12.125;12.19;3646180
FR0010208488;04/01/17;12.30;12.305;12.10;12.195;4533555
FR0010208488;05/01/17;12.145;12.22;12.065;12.175;4363921
FR0010208488;06/01/17;12.16;12.19;12.07;12.16;3850451
FR0010208488;09/01/17;12.21;12.215;11.985;12.05;4117845
FR0010208488;10/01/17;12.10;12.10;11.90;11.93;5929108
FR0010208488;11/01/17;11.51;11.60;11.475;11.575;21993551
FR0010208488;12/01/17;11.60;11.75;11.56;11.74;11222565
FR0010208488;13/01/17;11.795;11.815;11.60;11.67;12438301
FR0010208488;16/01/17;11.66;11.72;11.60;11.66;4755731
FR0010208488;17/01/17;11.695;11.835;11.665;11.79;7667738
FR0010208488;18/01/17;11.88;11.905;11.69;11.79;8796109
FR0010208488;19/01/17;11.75;11.76;11.60;11.67;7235365
FR0010208488;20/01/17;11.65;11.685;11.555;11.635;9495838
FR0010208488;23/01/17;11.65;11.735;11.56;11.665;4141618
FR0010208488;24/01/17;11.70;11.71;11.535;11.605;5191715
FR0010208488;25/01/17;11.675;11.69;11.46;11.49;6453739
FR0010208488;26/01/17;11.545;11.555;11.38;11.40;4836961
FR0010208488;27/01/17;11.45;11.45;11.235;11.235;6123789
FR0010208488;30/01/17;11.235;11.24;11.02;11.03;6668030
FR0010208488;31/01/17;11.125;11.15;11.02;11.065;6815171
FR0010307819;02/01/17;53.98;54.62;53.83;54.24;101956
FR0010307819;03/01/17;54.42;54.80;54.34;54.48;552227
FR0010307819;04/01/17;54.53;54.69;54.14;54.30;420932
FR0010307819;05/01/17;54.33;54.41;53.36;53.75;502711
FR0010307819;06/01/17;53.65;53.88;53.31;53.85;424652
FR0010307819;09/01/17;53.97;53.99;53.46;53.78;275915
FR0010307819;10/01/17;53.91;54.26;53.38;53.41;541988
FR0010307819;11/01/17;52.80;53.66;52.77;53.61;729095
FR0010307819;12/01/17;53.58;53.73;53.17;53.73;406077
FR0010307819;13/01/17;53.95;54.54;53.73;54.32;530478
FR0010307819;16/01/17;53.98;54.33;53.89;54.06;327278
FR0010307819;17/01/17;54.06;54.30;53.50;53.83;425774
FR0010307819;18/01/17;53.95;53.95;53.50;53.77;372700
FR0010307819;19/01/17;53.74;54.05;53.40;53.66;479389
FR0010307819;20/01/17;53.54;53.76;53.21;53.74;645705
FR0010307819;23/01/17;53.50;53.76;53.26;53.70;355274
FR0010307819;24/01/17;53.62;53.76;53.41;53.51;410086
FR0010307819;25/01/17;54.00;54.80;54.00;54.38;639460
FR0010307819;26/01/17;54.40;54.62;54.18;54.34;511148
FR0010307819;27/01/17;54.23;54.43;53.90;54.30;418641
FR0010307819;30/01/17;54.18;54.49;53.62;53.89;554838
FR0010307819;31/01/17;54.05;54.50;53.78;53.78;648326
FR0013176526;02/01/17;54.36;55.34;54.21;55.02;246434
FR0013176526;03/01/17;55.30;56.17;55.30;55.70;591657
FR0013176526;04/01/17;55.87;56.13;54.36;54.39;730909
FR0013176526;05/01/17;54.05;55.32;54.05;55.14;672049
FR0013176526;06/01/17;55.10;55.50;54.85;55.17;479961
FR0013176526;09/01/17;55.39;55.46;54.23;54.61;540124
FR0013176526;10/01/17;54.29;55.28;54.25;55.10;835148
FR0013176526;11/01/17;55.00;55.37;54.54;55.04;627439
FR0013176526;12/01/17;54.96;55.81;54.45;54.45;831292
FR0013176526;13/01/17;54.91;56.19;54.71;56.19;860753
FR0013176526;16/01/17;56.00;56.00;55.34;55.48;562370
FR0013176526;17/01/17;55.11;55.78;54.44;55.56;574892
FR0013176526;18/01/17;55.67;55.75;54.70;55.24;464113
FR0013176526;19/01/17;55.26;55.72;54.86;55.50;512371
FR0013176526;20/01/17;55.29;55.76;54.85;55.40;672078
FR0013176526;23/01/17;55.13;55.60;54.90;55.25;484728
FR0013176526;24/01/17;55.17;56.83;55.00;56.80;845857
FR0013176526;25/01/17;57.13;58.13;57.13;58.00;1004801
FR0013176526;26/01/17;58.01;58.35;57.68;58.03;549870
FR0013176526;27/01/17;57.97;58.26;57.45;57.66;399615
FR0013176526;30/01/17;57.41;57.44;56.49;56.49;531025
FR0013176526;31/01/17;57.18;57.55;56.52;56.52;923725
GB00BDSFG982;02/01/17;33.615;34.31;33.575;34.31;311874
GB00BDSFG982;03/01/17;34.425;35.19;34.345;35.02;1432996
GB00BDSFG982;04/01/17;34.985;35.06;34.62;34.88;1358356
GB00BDSFG982;05/01/17;34.655;35.01;34.35;34.575;1198934
GB00BDSFG982;06/01/17;34.58;34.63;33.965;34.245;1287104
GB00BDSFG982;09/01/17;34.455;35.00;33.91;34.20;1377438
GB00BDSFG982;10/01/17;34.15;34.20;33.52;34.01;1207048
GB00BDSFG982;11/01/17;33.99;34.93;33.66;34.75;1878002
GB00BDSFG982;12/01/17;34.505;35.00;34.09;34.20;2392890
GB00BDSFG982;13/01/17;33.99;34.025;33.10;33.565;18315216
GB00BDSFG982;16/01/17;33.68;34.005;33.465;33.70;8125894
GB00BDSFG982;18/01/17;33.00;33.19;32.03;32.71;3581403
GB00BDSFG982;19/01/17;32.56;32.85;32.19;32.20;2995189
GB00BDSFG982;20/01/17;31.90;32.265;31.72;32.05;2008444
GB00BDSFG982;23/01/17;31.31;31.615;31.025;31.23;2339880
GB00BDSFG982;24/01/17;31.325;31.59;30.94;31.55;2371634
GB00BDSFG982;25/01/17;31.85;32.635;31.85;32.525;1970193
GB00BDSFG982;26/01/17;32.51;33.11;32.435;33.11;1729619
GB00BDSFG982;27/01/17;33.10;33.40;33.00;33.255;1308562
GB00BDSFG982;30/01/17;32.80;32.99;31.36;31.36;1532497
GB00BDSFG982;31/01/17;30.89;31.07;30.36;30.36;1779419
LU1598757687;02/01/17;20.88;21.417;20.841;21.099;2641623
LU1598757687;03/01/17;21.213;21.642;21.165;21.372;5511589
LU1598757687;04/01/17;21.75;21.75;21.129;21.309;4805963
LU1598757687;05/01/17;21.87;22.311;21.48;22.035;7800257
LU1598757687;06/01/17;21.96;22.083;21.723;21.807;4430116
LU1598757687;09/01/17;21.99;22.158;21.345;21.669;4998495
LU1598757687;10/01/17;21.90;22.689;21.54;22.662;8276498
LU1598757687;11/01/17;22.86;23.355;22.821;23.145;6005097
LU1598757687;12/01/17;23.16;23.301;22.35;22.359;7045206
LU1598757687;13/01/17;22.35;22.863;22.332;22.863;4824268
LU1598757687;16/01/17;22.71;23.10;22.647;23.04;3337547
LU1598757687;17/01/17;22.80;22.827;22.449;22.56;4999711
LU1598757687;18/01/17;22.80;23.28;22.638;23.235;5572194
LU1598757687;19/01/17;23.28;23.685;22.806;22.821;5554097
LU1598757687;20/01/17;22.614;23.25;22.557;22.965;5092933
LU1598757687;23/01/17;22.872;23.121;22.623;22.845;3716274
LU1598757687;24/01/17;23.10;23.298;22.938;23.10;6859106
LU1598757687;25/01/17;23.40;23.532;22.599;22.599;8356654
LU1598757687;26/01/17;22.872;23.103;22.323;22.725;6703142
LU1598757687;27/01/17;22.689;23.046;22.527;22.812;5420120
LU1598757687;30/01/17;22.80;22.866;22.008;22.065;5282663
LU1598757687;31/01/17;22.20;22.29;21.54;21.567;6130288
NL0000226223;02/01/17;10.795;10.855;10.76;10.805;464252
NL0000226223;03/01/17;10.84;10.89;10.54;10.54;2067400
NL0000226223;04/01/17;10.335;10.415;10.165;10.415;3589923
NL0000226223;05/01/17;10.38;10.525;10.29;10.395;3046458
NL0000226223;06/01/17;10.40;10.40;10.01;10.21;2604361
NL0000226223;09/01/17;10.275;10.55;10.26;10.505;2610535
NL0000226223;10/01/17;10.57;10.81;10.56;10.715;2427419
NL0000226223;11/01/17;10.705;10.88;10.65;10.815;1820267
NL0000226223;12/01/17;10.78;10.79;10.59;10.67;1930781
NL0000226223;13/01/17;10.68;10.97;10.68;10.97;1593631
NL0000226223;16/01/17;10.94;11.08;10.74;10.78;1848984
NL0000226223;17/01/17;10.80;10.91;10.69;10.705;1925230
NL0000226223;18/01/17;10.70;10.82;10.56;10.82;2195190
NL0000226223;19/01/17;10.75;10.945;10.75;10.88;1978849
NL0000226223;20/01/17;10.975;10.975;10.775;10.85;1629232
NL0000226223;23/01/17;10.795;10.885;10.69;10.77;1399209
NL0000226223;24/01/17;10.855;11.095;10.85;11.03;2476557
NL0000226223;25/01/17;11.18;11.54;11.12;11.20;2235744
NL0000226223;26/01/17;11.70;12.315;11.49;12.055;5082810
NL0000226223;27/01/17;12.30;12.625;11.93;12.50;4523437
NL0000226223;30/01/17;12.57;12.81;12.435;12.495;3239733
NL0000226223;31/01/17;12.56;12.615;12.05;12.195;3221050
NL0000235190;02/01/17;62.68;63.33;62.31;62.82;594839
NL0000235190;03/01/17;63.10;63.94;62.98;63.50;2076307
NL0000235190;04/01/17;63.50;63.62;62.76;63.40;1734908
NL0000235190;05/01/17;64.41;65.39;64.21;64.60;2332246
NL0000235190;06/01/17;64.68;65.31;63.95;65.14;1962633
NL0000235190;09/01/17;65.06;65.29;64.19;65.28;1802559
NL0000235190;10/01/17;65.40;66.05;65.10;65.20;1851165
NL0000235190;11/01/17;65.01;65.77;64.55;65.46;2154981
NL0000235190;12/01/17;65.31;65.60;64.52;64.69;1754768
NL0000235190;13/01/17;65.00;65.64;64.46;65.64;1630054
NL0000235190;16/01/17;65.11;65.38;64.80;65.18;997832
NL0000235190;17/01/17;64.82;65.60;64.52;65.35;1819558
NL0000235190;18/01/17;65.46;65.60;64.32;64.84;1697190
NL0000235190;19/01/17;64.81;65.94;64.73;65.48;2143368
NL0000235190;20/01/17;65.23;65.92;65.00;65.34;2218246
NL0000235190;23/01/17;65.00;65.61;64.61;65.45;1615128
NL0000235190;24/01/17;65.40;65.79;65.24;65.56;1400523
NL0000235190;25/01/17;65.74;66.32;65.18;65.39;1932070
NL0000235190;26/01/17;65.50;65.54;64.45;64.91;1800381
NL0000235190;27/01/17;64.88;65.20;64.42;64.67;1136342
NL0000235190;30/01/17;64.54;64.71;63.19;63.29;1814170
NL0000235190;31/01/17;63.20;63.86;62.76;62.76;1919417
