BE0003470755;01/10/15;92.41;93.15;90.99;91.56;451748
BE0003470755;02/10/15;92.13;92.82;90.24;91.80;384199
BE0003470755;05/10/15;93.44;96.21;92.73;96.00;534212
BE0003470755;06/10/15;96.12;97.06;94.40;96.65;673412
BE0003470755;07/10/15;95.10;98.76;95.01;97.26;848065
BE0003470755;08/10/15;97.16;99.05;96.32;98.99;576856
BE0003470755;09/10/15;99.99;101.65;99.80;101.25;395569
BE0003470755;12/10/15;101.80;102.20;99.76;100.10;271646
BE0003470755;13/10/15;100.00;100.05;96.74;97.75;447621
BE0003470755;14/10/15;96.50;96.54;94.57;94.85;568377
BE0003470755;15/10/15;95.36;96.15;94.87;95.69;357872
BE0003470755;16/10/15;96.30;96.30;94.50;95.04;351509
BE0003470755;19/10/15;94.99;95.59;94.55;94.90;232496
BE0003470755;20/10/15;94.18;95.45;92.25;95.12;375579
BE0003470755;21/10/15;95.54;96.24;94.05;95.46;282786
BE0003470755;22/10/15;95.50;99.42;95.10;99.35;551677
BE0003470755;23/10/15;100.65;104.55;100.65;101.85;569759
BE0003470755;26/10/15;101.85;102.25;100.20;100.85;283484
BE0003470755;27/10/15;100.20;100.45;98.94;99.13;368680
BE0003470755;28/10/15;99.53;103.25;99.03;102.90;386336
BE0003470755;29/10/15;109.00;110.00;102.55;103.45;666663
BE0003470755;30/10/15;103.95;104.55;101.90;102.80;414917
CH0012214059;01/10/15;47.305;47.925;46.74;47.08;777498
CH0012214059;02/10/15;47.40;47.935;46.66;47.17;635726
CH0012214059;05/10/15;48.05;49.43;47.86;49.43;498664
CH0012214059;06/10/15;49.185;49.825;48.705;49.615;562756
CH0012214059;07/10/15;50.08;51.63;49.845;50.55;575874
CH0012214059;08/10/15;50.94;51.11;50.01;50.41;424819
CH0012214059;09/10/15;50.99;52.11;50.94;51.69;483230
CH0012214059;12/10/15;51.59;51.70;49.575;50.03;448456
CH0012214059;13/10/15;49.90;49.90;48.05;49.24;466722
CH0012214059;14/10/15;49.13;49.145;48.38;48.64;350608
CH0012214059;15/10/15;49.36;49.94;48.765;49.94;399182
CH0012214059;16/10/15;50.17;50.85;50.17;50.69;445009
CH0012214059;19/10/15;50.49;50.86;50.17;50.33;267645
CH0012214059;20/10/15;50.28;50.28;49.035;49.77;271970
CH0012214059;21/10/15;49.95;50.45;49.23;49.77;281258
CH0012214059;22/10/15;49.55;50.80;49.385;50.55;379452
CH0012214059;23/10/15;51.05;52.65;51.05;52.41;745959
CH0012214059;26/10/15;52.40;53.00;51.84;52.30;480736
CH0012214059;27/10/15;52.03;52.03;50.58;50.76;432128
CH0012214059;28/10/15;50.80;51.28;50.06;51.06;368377
CH0012214059;29/10/15;51.41;51.41;50.22;51.17;290310
CH0012214059;30/10/15;51.16;51.38;50.37;51.38;380194
FR0000045072;01/10/15;10.395;10.44;10.165;10.26;6536585
FR0000045072;02/10/15;10.355;10.55;10.18;10.315;6468788
FR0000045072;05/10/15;10.495;10.60;10.42;10.55;5891194
FR0000045072;06/10/15;10.595;11.065;10.56;10.98;12847989
FR0000045072;07/10/15;11.10;11.43;11.08;11.205;11545437
FR0000045072;08/10/15;11.10;11.265;10.99;11.205;8728082
FR0000045072;09/10/15;11.305;11.525;11.27;11.345;8531147
FR0000045072;12/10/15;11.39;11.525;11.175;11.245;5109575
FR0000045072;13/10/15;11.215;11.24;10.865;11.005;8950531
FR0000045072;14/10/15;10.91;11.095;10.855;10.935;5634287
FR0000045072;15/10/15;11.035;11.08;10.92;10.96;4599159
FR0000045072;16/10/15;11.05;11.15;11.00;11.095;5025091
FR0000045072;19/10/15;11.105;11.27;11.10;11.16;3738570
FR0000045072;20/10/15;11.175;11.21;10.965;11.05;3485950
FR0000045072;21/10/15;11.085;11.15;10.885;11.00;3587428
FR0000045072;22/10/15;11.00;11.26;10.94;11.155;5215425
FR0000045072;23/10/15;11.235;11.485;11.205;11.46;8926455
FR0000045072;26/10/15;11.475;11.665;11.40;11.59;6792335
FR0000045072;27/10/15;11.545;11.695;11.495;11.495;4326531
FR0000045072;28/10/15;11.495;11.635;11.41;11.565;4009147
FR0000045072;29/10/15;11.615;11.65;11.30;11.385;5275358
FR0000045072;30/10/15;11.40;11.565;11.40;11.52;4225145
FR0000051732;01/10/15;69.29;69.67;68.10;68.26;372865
FR0000051732;02/10/15;68.80;69.42;67.44;68.15;396987
FR0000051732;05/10/15;69.26;70.59;68.94;70.59;469303
FR0000051732;06/10/15;70.59;71.54;70.32;70.84;528175
FR0000051732;07/10/15;71.14;71.19;69.80;70.00;356360
FR0000051732;08/10/15;70.01;70.95;70.01;70.46;263251
FR0000051732;09/10/15;71.00;71.25;69.80;70.01;326398
FR0000051732;12/10/15;70.00;70.00;69.10;69.57;198290
FR0000051732;13/10/15;69.66;70.22;69.36;70.00;302581
FR0000051732;14/10/15;69.42;70.23;68.99;69.59;225779
FR0000051732;15/10/15;70.10;70.10;69.04;69.42;399605
FR0000051732;16/10/15;69.52;70.57;69.32;70.05;236593
FR0000051732;19/10/15;70.00;70.65;69.79;70.43;194688
FR0000051732;20/10/15;70.04;70.49;69.19;69.59;346354
FR0000051732;21/10/15;69.91;70.68;69.58;70.48;179446
FR0000051732;22/10/15;70.22;71.50;70.14;71.22;226250
FR0000051732;23/10/15;71.40;73.00;71.30;73.00;407244
FR0000051732;26/10/15;73.00;73.15;72.52;72.93;205594
FR0000051732;27/10/15;72.70;73.09;71.91;71.91;216304
FR0000051732;28/10/15;71.91;72.45;71.58;72.34;242249
FR0000051732;29/10/15;72.35;72.94;72.24;72.85;291292
FR0000051732;30/10/15;73.00;73.35;72.04;72.55;209897
FR0000073272;01/10/15;68.23;69.92;67.81;68.35;1863014
FR0000073272;02/10/15;69.08;69.75;68.05;69.16;1509861
FR0000073272;05/10/15;70.00;71.53;70.00;71.18;1551272
FR0000073272;06/10/15;71.07;72.06;70.85;71.75;1264327
FR0000073272;07/10/15;72.10;72.45;70.95;71.26;1452688
FR0000073272;08/10/15;71.22;71.67;70.75;71.00;1393464
FR0000073272;09/10/15;71.73;72.04;70.47;71.00;1246403
FR0000073272;12/10/15;70.10;70.40;67.11;67.40;2611642
FR0000073272;13/10/15;66.81;68.48;66.33;68.31;1477670
FR0000073272;14/10/15;67.72;68.07;67.10;67.23;1116863
FR0000073272;15/10/15;67.00;68.03;65.98;67.98;1709274
FR0000073272;16/10/15;68.30;69.59;67.32;69.09;2353039
FR0000073272;19/10/15;68.79;69.54;68.63;69.23;1167512
FR0000073272;20/10/15;69.22;69.31;68.30;69.14;1030822
FR0000073272;21/10/15;69.59;69.86;69.01;69.44;1442148
FR0000073272;22/10/15;70.00;70.00;66.61;69.01;2475007
FR0000073272;23/10/15;70.05;71.46;69.64;70.34;1883248
FR0000073272;26/10/15;70.00;70.05;69.12;69.49;1140908
FR0000073272;27/10/15;69.29;69.91;68.57;68.65;1237032
FR0000073272;28/10/15;68.50;69.19;68.08;68.11;1385269
FR0000073272;29/10/15;68.66;69.09;68.09;68.67;1234833
FR0000073272;30/10/15;69.08;69.39;68.14;69.11;1289684
FR0000120073;01/10/15;97.2273;97.4545;94.50;95.00;1502365
FR0000120073;02/10/15;95.50;97.0455;94.2727;96.0455;1024758
FR0000120073;05/10/15;98.0455;99.2273;97.5909;98.8182;967568
FR0000120073;06/10/15;98.8636;99.9545;98.0909;99.50;759412
FR0000120073;07/10/15;99.8636;100.5909;99.00;99.3182;984452
FR0000120073;08/10/15;99.0909;99.6364;98.2727;99.4545;958582
FR0000120073;09/10/15;100.5909;100.7727;99.8636;100.4091;853713
FR0000120073;12/10/15;100.7273;100.7727;99.6364;100.1364;580583
FR0000120073;13/10/15;99.5455;99.6818;97.8636;98.9091;849020
FR0000120073;14/10/15;98.00;98.5455;97.1818;97.5455;699326
FR0000120073;15/10/15;98.6364;99.9545;97.9091;99.9091;824994
FR0000120073;16/10/15;100.3636;100.7727;99.7273;100.3182;1006740
FR0000120073;19/10/15;100.0909;101.1364;99.9545;100.4091;557045
FR0000120073;20/10/15;100.00;100.1818;98.4546;99.0909;833851
FR0000120073;21/10/15;99.6364;100.0455;98.3636;99.6818;714208
FR0000120073;22/10/15;99.50;103.4546;99.1818;103.0455;1264656
FR0000120073;23/10/15;104.0454;105.9546;103.6818;105.3636;1224405
FR0000120073;26/10/15;104.7727;106.3636;104.4545;105.8182;932882
FR0000120073;27/10/15;105.8182;107.4545;105.6818;106.5909;1325062
FR0000120073;28/10/15;106.7727;108.3636;106.4091;107.7727;920777
FR0000120073;29/10/15;108.50;108.6364;106.6364;107.5909;824433
FR0000120073;30/10/15;107.9545;108.1818;106.2727;107.1818;820628
FR0000120172;01/10/15;26.67;26.765;26.075;26.145;3509083
FR0000120172;02/10/15;26.315;26.785;26.00;26.515;3187315
FR0000120172;05/10/15;26.985;27.94;26.96;27.855;4485181
FR0000120172;06/10/15;27.80;28.22;27.535;28.095;3032647
FR0000120172;07/10/15;28.135;28.46;28.01;28.16;3028443
FR0000120172;08/10/15;28.12;28.43;27.98;28.375;2329698
FR0000120172;09/10/15;28.595;28.745;28.365;28.435;2099285
FR0000120172;12/10/15;28.45;28.48;28.07;28.24;1709443
FR0000120172;13/10/15;28.235;28.25;27.565;27.63;3099091
FR0000120172;14/10/15;27.50;27.64;27.165;27.195;3327882
FR0000120172;15/10/15;27.25;27.50;27.085;27.185;4920047
FR0000120172;16/10/15;27.95;29.065;27.745;28.98;8110281
FR0000120172;19/10/15;28.90;29.28;28.44;28.675;2772219
FR0000120172;20/10/15;28.685;28.80;28.31;28.655;2211003
FR0000120172;21/10/15;28.645;29.03;28.455;28.71;2099670
FR0000120172;22/10/15;28.58;29.74;28.48;29.60;4541495
FR0000120172;23/10/15;29.74;30.545;29.595;30.20;3878710
FR0000120172;26/10/15;30.085;30.20;29.81;29.95;2223927
FR0000120172;27/10/15;29.89;30.07;29.55;29.55;2109809
FR0000120172;28/10/15;29.69;29.94;29.555;29.85;1612766
FR0000120172;29/10/15;29.90;30.095;29.72;29.885;2051278
FR0000120172;30/10/15;29.90;30.02;29.34;29.67;2066603
FR0000120271;01/10/15;40.75;41.645;40.255;40.375;8830351
FR0000120271;02/10/15;40.745;41.895;40.505;41.25;8110834
FR0000120271;05/10/15;42.255;43.49;42.045;42.975;10178577
FR0000120271;06/10/15;43.155;44.78;42.395;44.405;9254594
FR0000120271;07/10/15;44.805;46.44;44.70;45.40;13034301
FR0000120271;08/10/15;45.37;45.68;44.85;45.34;6359749
FR0000120271;09/10/15;45.935;46.395;45.085;45.25;8226028
FR0000120271;12/10/15;45.26;45.62;44.79;45.15;5180895
FR0000120271;13/10/15;44.84;45.15;43.89;44.91;7148401
FR0000120271;14/10/15;44.40;45.30;44.125;44.635;5615709
FR0000120271;15/10/15;45.35;45.505;44.935;45.115;5773201
FR0000120271;16/10/15;45.65;46.00;45.32;45.60;5960179
FR0000120271;19/10/15;45.525;45.785;44.59;44.965;5357074
FR0000120271;20/10/15;44.80;44.88;43.95;44.55;5439651
FR0000120271;21/10/15;44.785;45.285;44.26;44.91;5492185
FR0000120271;22/10/15;44.66;45.54;44.525;45.365;8676921
FR0000120271;23/10/15;45.90;46.075;45.235;45.50;9834836
FR0000120271;26/10/15;45.385;45.59;44.28;44.615;7946051
FR0000120271;27/10/15;44.39;44.60;43.21;43.64;7644877
FR0000120271;28/10/15;43.925;44.69;43.435;44.01;8010336
FR0000120271;29/10/15;45.00;45.18;43.33;44.33;7715439
FR0000120271;30/10/15;44.615;44.745;43.70;44.145;6902817
FR0000120321;01/10/15;157.00;157.25;152.50;152.75;853373
FR0000120321;02/10/15;154.10;156.15;152.15;155.55;1292841
FR0000120321;05/10/15;158.45;161.05;157.40;160.30;814787
FR0000120321;06/10/15;159.75;161.95;159.30;160.70;676273
FR0000120321;07/10/15;160.90;161.75;160.15;160.95;972618
FR0000120321;08/10/15;160.15;162.55;160.15;162.05;871653
FR0000120321;09/10/15;163.50;164.55;161.95;164.00;869995
FR0000120321;12/10/15;164.70;165.90;163.60;165.15;594009
FR0000120321;13/10/15;165.35;165.45;163.25;164.10;814071
FR0000120321;14/10/15;163.60;165.85;162.55;164.15;809609
FR0000120321;15/10/15;165.80;167.25;165.20;166.90;661249
FR0000120321;16/10/15;167.15;167.15;164.90;166.05;665526
FR0000120321;19/10/15;165.80;168.55;165.80;168.40;482420
FR0000120321;20/10/15;168.45;169.00;166.70;167.55;595444
FR0000120321;21/10/15;167.25;167.60;164.90;165.65;827345
FR0000120321;22/10/15;165.25;171.60;164.95;171.00;831461
FR0000120321;23/10/15;172.55;175.35;171.85;173.60;1082689
FR0000120321;26/10/15;172.60;172.80;170.35;171.00;1046368
FR0000120321;27/10/15;170.95;171.85;169.70;171.10;677452
FR0000120321;28/10/15;172.00;173.20;171.15;171.70;638510
FR0000120321;29/10/15;173.15;174.50;171.45;174.00;846063
FR0000120321;30/10/15;169.00;169.90;164.70;166.05;1566970
FR0000120404;01/10/15;42.48;43.79;41.675;42.005;1829057
FR0000120404;02/10/15;42.415;42.63;41.125;42.015;1065077
FR0000120404;05/10/15;42.82;44.265;42.82;44.255;1240955
FR0000120404;06/10/15;44.205;44.96;43.755;44.525;958249
FR0000120404;07/10/15;44.615;44.84;44.01;44.21;1148029
FR0000120404;08/10/15;44.195;44.725;43.80;44.725;1064438
FR0000120404;09/10/15;45.01;45.12;43.90;44.20;1045279
FR0000120404;12/10/15;44.25;44.25;43.29;43.83;938119
FR0000120404;13/10/15;44.21;44.21;42.63;43.505;852981
FR0000120404;14/10/15;43.065;43.34;42.23;42.735;1092021
FR0000120404;15/10/15;43.00;43.035;41.14;41.79;1460255
FR0000120404;16/10/15;42.195;42.585;41.97;42.13;819234
FR0000120404;19/10/15;42.135;42.635;41.90;42.31;499194
FR0000120404;20/10/15;42.40;42.815;42.10;42.50;577540
FR0000120404;21/10/15;42.67;43.045;41.86;42.85;716797
FR0000120404;22/10/15;42.675;44.275;42.50;44.265;928288
FR0000120404;23/10/15;44.485;45.45;44.465;45.09;1374484
FR0000120404;26/10/15;44.845;45.065;44.755;44.93;569083
FR0000120404;27/10/15;44.79;44.985;44.475;44.60;557436
FR0000120404;28/10/15;44.79;46.255;44.775;45.60;1633099
FR0000120404;29/10/15;45.80;46.22;45.655;46.05;1066106
FR0000120404;30/10/15;45.755;46.22;44.74;45.24;1297500
FR0000120503;01/10/15;32.17;32.355;31.705;31.85;1053173
FR0000120503;02/10/15;32.155;32.835;31.725;32.08;1250071
FR0000120503;05/10/15;32.625;33.165;32.44;32.875;891450
FR0000120503;06/10/15;33.08;34.25;33.03;34.06;1753363
FR0000120503;07/10/15;34.22;34.50;33.82;33.82;1396655
FR0000120503;08/10/15;33.765;33.935;33.485;33.905;783074
FR0000120503;09/10/15;34.13;34.355;33.85;33.90;965995
FR0000120503;12/10/15;33.88;34.205;33.03;33.175;1144443
FR0000120503;13/10/15;33.235;33.245;32.47;33.10;798609
FR0000120503;14/10/15;32.995;33.45;32.55;33.12;623407
FR0000120503;15/10/15;33.395;34.01;33.16;33.925;1095798
FR0000120503;16/10/15;34.00;34.335;33.865;34.025;517749
FR0000120503;19/10/15;33.915;34.50;33.885;33.975;595304
FR0000120503;20/10/15;34.005;34.255;33.745;33.97;531374
FR0000120503;21/10/15;34.35;34.61;33.965;34.29;762522
FR0000120503;22/10/15;34.30;34.92;34.015;34.69;1193376
FR0000120503;23/10/15;34.91;35.57;34.765;35.175;1043562
FR0000120503;26/10/15;35.02;35.20;34.835;35.19;609273
FR0000120503;27/10/15;35.075;35.12;34.745;34.745;622891
FR0000120503;28/10/15;34.79;35.065;34.575;34.89;704296
FR0000120503;29/10/15;34.90;34.975;34.24;34.835;988660
FR0000120503;30/10/15;34.94;35.055;34.185;34.465;975606
FR0000120578;01/10/15;86.22;86.22;84.35;84.61;3194214
FR0000120578;02/10/15;85.91;86.26;83.47;84.98;3170361
FR0000120578;05/10/15;86.47;88.28;86.25;87.62;2756688
FR0000120578;06/10/15;87.86;88.21;87.03;87.30;2634544
FR0000120578;07/10/15;87.43;87.51;84.83;85.30;3771569
FR0000120578;08/10/15;85.49;86.65;85.37;86.10;2864886
FR0000120578;09/10/15;86.89;86.92;85.54;86.03;2258304
FR0000120578;12/10/15;86.20;87.39;84.98;87.18;2976475
FR0000120578;13/10/15;86.75;87.41;85.72;86.15;2961475
FR0000120578;14/10/15;85.58;85.90;84.78;84.95;2671971
FR0000120578;15/10/15;86.00;88.42;85.81;88.05;3212169
FR0000120578;16/10/15;88.64;88.90;87.77;88.71;2686533
FR0000120578;19/10/15;88.35;89.46;88.00;89.11;1812111
FR0000120578;20/10/15;89.18;89.44;87.24;87.29;2493213
FR0000120578;21/10/15;87.25;87.71;86.34;87.00;1891518
FR0000120578;22/10/15;87.10;89.65;86.50;89.23;3166246
FR0000120578;23/10/15;90.29;92.93;89.90;92.45;3514177
FR0000120578;26/10/15;92.50;92.56;91.09;91.85;2294697
FR0000120578;27/10/15;91.44;91.98;91.01;91.53;2029845
FR0000120578;28/10/15;92.00;93.77;92.00;93.30;2382085
FR0000120578;29/10/15;89.58;90.99;88.00;90.99;5504886
FR0000120578;30/10/15;90.00;91.96;90.00;91.85;2464883
FR0000120628;01/10/15;21.995;22.02;21.395;21.535;6122777
FR0000120628;02/10/15;21.78;22.185;21.245;21.62;7607577
FR0000120628;05/10/15;21.985;22.60;21.955;22.50;8312747
FR0000120628;06/10/15;22.59;22.805;22.35;22.745;6767193
FR0000120628;07/10/15;22.885;23.13;22.685;22.735;6890969
FR0000120628;08/10/15;22.705;22.815;22.585;22.725;4403940
FR0000120628;09/10/15;22.97;23.115;22.655;22.67;5484838
FR0000120628;12/10/15;22.705;22.855;22.565;22.79;3270915
FR0000120628;13/10/15;22.64;22.675;22.14;22.355;5779528
FR0000120628;14/10/15;22.155;22.245;21.95;22.02;6143308
FR0000120628;15/10/15;22.21;22.46;22.17;22.41;4478062
FR0000120628;16/10/15;22.52;22.895;22.45;22.81;5317801
FR0000120628;19/10/15;22.76;23.12;22.76;22.89;3531769
FR0000120628;20/10/15;22.95;23.065;22.70;22.915;6081571
FR0000120628;21/10/15;23.00;23.235;22.90;23.095;5256266
FR0000120628;22/10/15;22.975;24.07;22.97;23.82;10793518
FR0000120628;23/10/15;24.00;24.355;23.885;24.05;9179947
FR0000120628;26/10/15;24.05;24.29;23.985;24.155;5089125
FR0000120628;27/10/15;24.04;24.07;23.805;23.825;6967546
FR0000120628;28/10/15;23.865;24.30;23.775;24.22;6907886
FR0000120628;29/10/15;24.365;24.42;24.08;24.36;6390543
FR0000120628;30/10/15;24.335;24.46;24.09;24.325;4553971
FR0000120644;01/10/15;56.96;57.17;55.78;55.89;1549323
FR0000120644;02/10/15;56.28;56.67;55.15;56.12;1834714
FR0000120644;05/10/15;57.20;58.44;57.01;58.33;2110354
FR0000120644;06/10/15;58.11;58.88;57.90;58.56;1239036
FR0000120644;07/10/15;58.98;58.98;57.26;57.39;2476849
FR0000120644;08/10/15;57.46;57.96;57.14;57.82;1182954
FR0000120644;09/10/15;58.27;58.27;57.75;57.95;998315
FR0000120644;12/10/15;57.95;58.65;57.72;58.59;1083928
FR0000120644;13/10/15;58.60;58.70;57.51;57.76;1675129
FR0000120644;14/10/15;57.54;57.88;57.21;57.60;1356817
FR0000120644;15/10/15;58.32;58.93;58.01;58.75;1593023
FR0000120644;16/10/15;58.70;58.74;58.03;58.27;2194087
FR0000120644;19/10/15;59.45;59.96;58.79;59.41;2520239
FR0000120644;20/10/15;59.32;59.53;58.66;59.00;1619535
FR0000120644;21/10/15;59.10;60.10;58.64;60.02;1911490
FR0000120644;22/10/15;59.76;62.30;59.56;61.95;2868586
FR0000120644;23/10/15;62.38;63.58;62.37;63.15;2492373
FR0000120644;26/10/15;62.80;63.38;62.53;63.17;1338678
FR0000120644;27/10/15;63.20;63.30;62.64;62.81;1517875
FR0000120644;28/10/15;63.12;63.55;62.89;63.24;1352580
FR0000120644;29/10/15;63.58;65.16;63.14;64.20;2845539
FR0000120644;30/10/15;64.26;64.35;62.85;63.41;1812660
FR0000120693;01/10/15;92.10;92.62;90.33;90.51;1016061
FR0000120693;02/10/15;91.32;92.51;90.57;91.80;1035978
FR0000120693;05/10/15;93.20;95.21;93.04;95.06;784289
FR0000120693;06/10/15;94.80;97.06;94.57;96.34;866956
FR0000120693;07/10/15;96.44;97.00;95.04;95.17;637142
FR0000120693;08/10/15;95.26;96.48;95.05;96.23;523529
FR0000120693;09/10/15;97.00;97.13;96.30;96.97;406163
FR0000120693;12/10/15;97.13;98.04;96.56;97.77;436396
FR0000120693;13/10/15;99.11;99.36;96.98;97.70;784326
FR0000120693;14/10/15;97.36;98.78;97.09;97.88;706487
FR0000120693;15/10/15;98.76;99.66;98.24;99.14;682724
FR0000120693;16/10/15;99.94;100.20;98.81;98.92;722541
FR0000120693;19/10/15;98.76;99.55;98.66;99.02;392623
FR0000120693;20/10/15;99.20;99.69;98.38;98.89;446696
FR0000120693;21/10/15;99.24;99.81;98.26;98.51;588211
FR0000120693;22/10/15;100.50;103.95;99.49;103.65;957778
FR0000120693;23/10/15;104.70;106.90;104.15;106.45;839898
FR0000120693;26/10/15;105.95;106.20;104.80;105.50;399045
FR0000120693;27/10/15;105.35;105.80;105.00;105.00;440946
FR0000120693;28/10/15;105.05;106.25;105.05;106.00;390004
FR0000120693;29/10/15;106.25;107.80;106.10;107.80;480552
FR0000120693;30/10/15;107.80;107.80;106.55;107.20;459618
FR0000121014;01/10/15;154.35;155.10;148.60;149.75;959134
FR0000121014;02/10/15;151.40;151.90;145.60;149.20;962834
FR0000121014;05/10/15;151.80;156.95;151.35;156.55;1031535
FR0000121014;06/10/15;156.55;160.40;156.10;159.25;795234
FR0000121014;07/10/15;159.60;163.05;158.85;161.00;1050937
FR0000121014;08/10/15;160.30;162.55;160.05;162.35;993995
FR0000121014;09/10/15;164.00;165.80;163.20;165.75;1061574
FR0000121014;12/10/15;165.70;167.00;164.55;166.50;806163
FR0000121014;13/10/15;162.40;162.60;159.50;161.25;1196339
FR0000121014;14/10/15;159.40;161.80;157.05;159.25;891550
FR0000121014;15/10/15;159.85;161.15;156.00;160.40;896870
FR0000121014;16/10/15;161.00;161.00;157.25;158.65;714985
FR0000121014;19/10/15;158.60;160.45;157.55;158.90;579570
FR0000121014;20/10/15;160.20;161.00;157.65;158.30;683064
FR0000121014;21/10/15;159.25;159.45;157.40;158.05;703555
FR0000121014;22/10/15;157.45;165.85;156.55;165.15;1104472
FR0000121014;23/10/15;167.15;171.35;166.05;170.65;1595903
FR0000121014;26/10/15;169.95;170.10;167.80;169.15;608005
FR0000121014;27/10/15;169.30;169.90;168.05;168.50;567237
FR0000121014;28/10/15;166.90;168.60;166.05;167.70;805220
FR0000121014;29/10/15;169.15;169.80;167.70;169.05;536243
FR0000121014;30/10/15;169.00;169.65;166.65;169.60;643622
FR0000121220;01/10/15;74.50;75.11;73.41;73.55;291231
FR0000121220;02/10/15;74.21;74.89;72.72;73.90;317930
FR0000121220;05/10/15;74.97;76.25;74.76;76.03;257162
FR0000121220;06/10/15;75.91;76.84;75.83;76.45;152363
FR0000121220;07/10/15;76.50;76.69;75.84;76.18;251821
FR0000121220;08/10/15;76.00;77.30;75.83;77.15;219918
FR0000121220;09/10/15;77.65;78.44;76.81;77.60;356966
FR0000121220;12/10/15;77.60;77.82;76.71;77.18;268854
FR0000121220;13/10/15;77.26;77.38;75.21;76.24;339061
FR0000121220;14/10/15;75.66;75.66;74.89;74.98;239039
FR0000121220;15/10/15;75.37;75.40;74.37;75.07;239922
FR0000121220;16/10/15;75.53;75.73;74.96;75.31;240646
FR0000121220;19/10/15;75.00;76.27;74.97;76.13;239645
FR0000121220;20/10/15;76.11;76.67;75.73;76.42;215198
FR0000121220;21/10/15;76.59;77.10;76.01;76.63;149168
FR0000121220;22/10/15;76.37;78.71;76.25;78.67;225333
FR0000121220;23/10/15;78.97;80.98;78.83;80.67;237701
FR0000121220;26/10/15;80.64;80.65;79.68;79.85;146375
FR0000121220;27/10/15;79.89;79.89;79.28;79.37;149946
FR0000121220;28/10/15;78.37;79.86;77.71;78.89;383482
FR0000121220;29/10/15;79.00;79.87;79.00;79.70;249415
FR0000121220;30/10/15;79.87;80.97;79.68;80.97;391251
FR0000121261;01/10/15;81.95;82.98;80.75;81.29;674631
FR0000121261;02/10/15;82.17;82.83;80.42;81.88;656896
FR0000121261;05/10/15;82.96;83.80;81.98;83.64;632727
FR0000121261;06/10/15;83.68;84.90;83.22;84.02;705672
FR0000121261;07/10/15;84.41;86.69;84.19;85.49;713329
FR0000121261;08/10/15;85.48;87.29;85.47;86.68;656223
FR0000121261;09/10/15;87.30;87.49;85.20;85.99;735537
FR0000121261;12/10/15;86.22;87.22;86.00;86.46;433281
FR0000121261;13/10/15;86.52;86.59;83.47;85.12;729012
FR0000121261;14/10/15;83.50;85.36;82.89;84.07;602304
FR0000121261;15/10/15;84.99;85.97;84.69;85.84;502837
FR0000121261;16/10/15;86.39;86.44;85.41;85.66;536765
FR0000121261;19/10/15;85.46;87.10;85.46;86.22;476367
FR0000121261;20/10/15;86.40;86.51;84.47;84.97;529131
FR0000121261;21/10/15;85.42;86.42;84.32;85.65;494598
FR0000121261;22/10/15;85.25;87.61;84.90;87.09;893741
FR0000121261;23/10/15;89.00;90.87;88.00;90.80;1273034
FR0000121261;26/10/15;90.80;91.13;89.87;90.27;585152
FR0000121261;27/10/15;90.30;90.40;88.73;89.45;518813
FR0000121261;28/10/15;89.69;90.41;89.29;90.08;458720
FR0000121261;29/10/15;90.25;90.73;89.23;89.72;521740
FR0000121261;30/10/15;90.00;90.78;89.64;90.60;555883
FR0000121485;01/10/15;147.35;148.30;141.75;142.40;484415
FR0000121485;02/10/15;143.55;146.25;141.95;144.70;338153
FR0000121485;05/10/15;147.25;152.95;147.10;152.20;418363
FR0000121485;06/10/15;152.30;154.35;151.15;153.95;320681
FR0000121485;07/10/15;154.40;158.95;153.45;157.15;336202
FR0000121485;08/10/15;156.75;159.60;156.10;159.25;231728
FR0000121485;09/10/15;160.50;162.75;159.70;162.20;305853
FR0000121485;12/10/15;162.35;164.05;161.35;162.80;298581
FR0000121485;13/10/15;162.15;162.45;156.15;157.85;369039
FR0000121485;14/10/15;156.40;157.40;155.10;155.80;286820
FR0000121485;15/10/15;153.00;154.55;151.20;154.30;478944
FR0000121485;16/10/15;154.00;154.00;148.90;150.00;499727
FR0000121485;19/10/15;149.80;151.60;149.75;150.85;320662
FR0000121485;20/10/15;151.20;151.80;149.00;150.00;214509
FR0000121485;21/10/15;151.10;152.65;149.20;151.55;274076
FR0000121485;22/10/15;151.00;157.35;150.15;156.20;382135
FR0000121485;23/10/15;165.00;174.40;164.15;172.75;1334815
FR0000121485;26/10/15;172.00;172.45;169.35;170.00;348694
FR0000121485;27/10/15;169.45;170.85;168.20;168.55;224202
FR0000121485;28/10/15;168.55;168.80;165.95;167.80;304013
FR0000121485;29/10/15;168.15;170.10;167.90;168.25;248463
FR0000121485;30/10/15;168.55;169.40;167.30;168.55;226045
FR0000121501;01/10/15;13.75;13.94;13.305;13.435;8451668
FR0000121501;02/10/15;13.60;13.665;12.925;13.255;8341929
FR0000121501;05/10/15;13.41;13.50;13.14;13.49;7986613
FR0000121501;06/10/15;13.555;14.045;13.44;14.02;7274144
FR0000121501;07/10/15;14.245;14.765;14.15;14.415;7806283
FR0000121501;08/10/15;14.40;14.885;14.375;14.425;6086902
FR0000121501;09/10/15;14.675;14.99;14.62;14.84;5820875
FR0000121501;12/10/15;14.885;15.12;14.815;14.86;4073912
FR0000121501;13/10/15;14.86;14.87;14.04;14.77;7135209
FR0000121501;14/10/15;14.55;15.015;14.28;14.785;5089136
FR0000121501;15/10/15;14.94;15.225;14.895;15.15;4977638
FR0000121501;16/10/15;15.26;15.26;14.855;14.885;4238834
FR0000121501;19/10/15;14.885;15.14;14.87;15.135;3447017
FR0000121501;20/10/15;15.095;15.215;14.785;15.14;3631808
FR0000121501;21/10/15;15.20;15.505;14.91;15.42;5401517
FR0000121501;22/10/15;15.37;15.86;15.21;15.845;4860470
FR0000121501;23/10/15;15.99;16.48;15.905;16.23;6418148
FR0000121501;26/10/15;16.00;16.06;15.505;15.64;6230377
FR0000121501;27/10/15;15.595;16.06;15.465;15.89;5565212
FR0000121501;28/10/15;15.93;16.095;15.795;15.97;3284012
FR0000121501;29/10/15;16.025;16.29;15.815;15.975;4108078
FR0000121501;30/10/15;15.915;16.15;15.805;16.025;4912569
FR0000121667;01/10/15;110.00;110.40;106.95;107.20;659135
FR0000121667;02/10/15;108.60;108.60;105.25;107.20;649333
FR0000121667;05/10/15;109.00;111.35;108.85;110.80;541686
FR0000121667;06/10/15;110.45;111.60;109.75;110.55;390021
FR0000121667;07/10/15;111.15;111.15;107.15;107.35;518900
FR0000121667;08/10/15;107.35;108.45;106.70;107.80;430568
FR0000121667;09/10/15;108.90;108.95;106.70;107.40;483655
FR0000121667;12/10/15;107.50;107.60;106.00;107.15;570056
FR0000121667;13/10/15;106.90;107.25;105.00;106.95;603311
FR0000121667;14/10/15;106.20;107.00;105.20;105.85;538790
FR0000121667;15/10/15;106.80;109.05;106.00;108.80;512343
FR0000121667;16/10/15;109.55;110.15;108.90;110.10;432481
FR0000121667;19/10/15;109.85;111.45;109.75;111.35;299135
FR0000121667;20/10/15;111.45;111.70;110.20;110.70;390512
FR0000121667;21/10/15;110.70;111.35;110.00;110.75;542362
FR0000121667;22/10/15;110.85;113.35;110.05;112.85;540610
FR0000121667;23/10/15;113.70;116.55;113.30;116.45;787209
FR0000121667;26/10/15;116.10;116.95;115.65;116.40;485025
FR0000121667;27/10/15;116.40;117.70;115.80;116.85;541231
FR0000121667;28/10/15;117.45;119.20;117.35;119.10;863681
FR0000121667;29/10/15;119.65;120.50;118.85;120.30;616009
FR0000121667;30/10/15;120.50;120.90;119.10;119.60;531197
FR0000121972;01/10/15;50.94;50.99;49.22;49.375;2025733
FR0000121972;02/10/15;49.765;50.62;49.02;49.365;2960856
FR0000121972;05/10/15;50.04;51.46;49.975;51.43;2776891
FR0000121972;06/10/15;51.43;52.27;51.00;51.93;1526888
FR0000121972;07/10/15;51.75;53.04;50.71;52.22;2230033
FR0000121972;08/10/15;52.23;52.30;51.37;51.63;2013629
FR0000121972;09/10/15;52.09;53.57;52.00;53.25;2529701
FR0000121972;12/10/15;53.30;53.83;52.57;52.67;1179628
FR0000121972;13/10/15;52.49;52.65;51.35;51.81;1515371
FR0000121972;14/10/15;51.58;51.58;50.63;50.64;2270129
FR0000121972;15/10/15;51.24;51.50;50.74;51.41;1495807
FR0000121972;16/10/15;51.65;51.84;49.985;50.25;2364395
FR0000121972;19/10/15;50.20;50.66;49.90;49.99;1294061
FR0000121972;20/10/15;50.09;50.40;49.315;50.08;1514396
FR0000121972;21/10/15;50.20;51.05;49.775;50.98;1591260
FR0000121972;22/10/15;50.82;52.97;50.67;52.69;2345008
FR0000121972;23/10/15;53.20;55.40;53.00;54.85;3345912
FR0000121972;26/10/15;54.60;55.40;54.52;55.22;1827301
FR0000121972;27/10/15;54.93;54.96;53.61;53.61;1884061
FR0000121972;28/10/15;53.60;54.64;53.43;53.96;2387201
FR0000121972;29/10/15;54.78;55.60;53.95;54.57;2884436
FR0000121972;30/10/15;54.75;55.08;54.30;55.08;2065012
FR0000124141;01/10/15;20.63;20.89;20.305;20.36;2748106
FR0000124141;02/10/15;20.61;20.61;20.105;20.41;2698748
FR0000124141;05/10/15;20.755;20.885;20.415;20.495;3144948
FR0000124141;06/10/15;20.535;20.625;20.30;20.46;2416284
FR0000124141;07/10/15;20.615;20.87;20.48;20.525;1966490
FR0000124141;08/10/15;20.475;20.57;20.03;20.245;2676721
FR0000124141;09/10/15;20.30;20.50;19.87;19.965;3329801
FR0000124141;12/10/15;20.035;20.07;19.54;19.605;2986728
FR0000124141;13/10/15;19.615;19.805;19.42;19.70;2892193
FR0000124141;14/10/15;19.575;19.88;19.44;19.71;2282961
FR0000124141;15/10/15;19.98;19.995;19.74;19.975;1891315
FR0000124141;16/10/15;20.115;20.51;20.07;20.46;2393214
FR0000124141;19/10/15;20.455;20.745;20.32;20.46;1223740
FR0000124141;20/10/15;20.46;20.725;20.445;20.67;1326871
FR0000124141;21/10/15;20.72;21.115;20.55;21.10;2463947
FR0000124141;22/10/15;21.015;21.335;20.89;21.12;2624111
FR0000124141;23/10/15;21.275;21.42;21.13;21.36;2264175
FR0000124141;26/10/15;21.30;21.475;21.11;21.425;1718704
FR0000124141;27/10/15;21.375;21.63;21.31;21.32;1720842
FR0000124141;28/10/15;21.38;21.56;21.33;21.365;1271062
FR0000124141;29/10/15;21.425;21.45;21.14;21.21;1492110
FR0000124141;30/10/15;21.25;21.285;20.975;21.175;1426837
FR0000124711;01/10/15;234.00;234.50;227.40;227.40;363452
FR0000124711;02/10/15;230.20;232.25;226.20;230.40;336754
FR0000124711;05/10/15;235.30;239.50;234.05;238.10;410836
FR0000124711;06/10/15;238.30;239.75;236.85;238.10;262679
FR0000124711;07/10/15;239.80;239.80;233.05;234.05;275120
FR0000124711;08/10/15;233.85;235.95;232.05;234.90;298506
FR0000124711;09/10/15;236.90;237.00;233.00;233.35;258363
FR0000124711;12/10/15;234.60;234.65;232.00;233.80;194824
FR0000124711;13/10/15;233.80;234.25;231.50;233.70;218538
FR0000124711;14/10/15;233.05;235.55;231.85;234.55;228083
FR0000124711;15/10/15;235.90;238.00;234.15;237.85;228688
FR0000124711;16/10/15;238.55;240.75;237.80;240.75;328893
FR0000124711;19/10/15;240.00;242.20;239.00;240.85;297778
FR0000124711;20/10/15;240.55;241.90;239.75;240.65;204253
FR0000124711;21/10/15;242.00;243.30;240.25;243.00;205472
FR0000124711;22/10/15;242.00;250.20;241.80;249.45;362087
FR0000124711;23/10/15;250.45;254.70;248.60;254.20;442463
FR0000124711;26/10/15;254.20;254.80;252.30;253.05;226496
FR0000124711;27/10/15;252.95;254.00;251.50;252.70;275106
FR0000124711;28/10/15;253.95;256.00;253.60;255.20;295678
FR0000124711;29/10/15;256.50;256.65;254.55;256.15;284844
FR0000124711;30/10/15;257.00;257.85;252.65;254.10;393848
FR0000125007;01/10/15;39.345;39.445;38.02;38.19;3015235
FR0000125007;02/10/15;38.56;39.38;37.93;38.645;2153759
FR0000125007;05/10/15;39.42;40.56;39.25;40.29;2455854
FR0000125007;06/10/15;40.29;40.875;39.895;40.52;1319002
FR0000125007;07/10/15;40.925;41.35;40.555;40.71;2143904
FR0000125007;08/10/15;40.595;40.87;40.11;40.305;2697600
FR0000125007;09/10/15;40.72;40.72;39.62;39.635;2826770
FR0000125007;12/10/15;39.68;39.905;39.035;39.175;2039015
FR0000125007;13/10/15;39.02;39.275;38.45;39.075;2302948
FR0000125007;14/10/15;38.81;38.94;38.255;38.585;2243641
FR0000125007;15/10/15;38.925;39.37;38.625;39.04;1727340
FR0000125007;16/10/15;39.33;39.33;38.315;38.57;2032826
FR0000125007;19/10/15;38.395;38.94;38.21;38.355;1016705
FR0000125007;20/10/15;37.735;37.90;36.925;37.08;3181478
FR0000125007;21/10/15;36.935;37.79;36.54;37.54;2585592
FR0000125007;22/10/15;37.36;38.22;36.80;38.035;2975010
FR0000125007;23/10/15;38.36;39.995;38.315;39.575;3419449
FR0000125007;26/10/15;39.41;39.42;38.67;39.14;1614731
FR0000125007;27/10/15;39.05;39.325;38.56;38.56;1464108
FR0000125007;28/10/15;38.685;39.61;38.49;39.43;1781457
FR0000125007;29/10/15;37.59;37.725;36.87;37.50;4884242
FR0000125007;30/10/15;37.59;38.23;37.51;38.18;3160691
FR0000125338;01/10/15;80.55;80.65;78.75;79.02;459582
FR0000125338;02/10/15;79.64;80.37;77.64;78.39;654061
FR0000125338;05/10/15;79.84;81.09;79.57;80.92;654794
FR0000125338;06/10/15;80.37;81.06;79.66;80.41;872859
FR0000125338;07/10/15;80.84;81.30;79.19;79.38;679159
FR0000125338;08/10/15;79.39;79.92;78.72;79.15;565866
FR0000125338;09/10/15;79.79;79.81;76.17;76.25;1147114
FR0000125338;12/10/15;76.39;76.39;73.56;74.81;1399202
FR0000125338;13/10/15;75.70;77.01;74.62;76.30;983110
FR0000125338;14/10/15;75.96;76.83;75.17;76.68;1002754
FR0000125338;15/10/15;77.62;78.35;76.46;77.86;889570
FR0000125338;16/10/15;78.07;78.22;77.60;77.98;545166
FR0000125338;19/10/15;77.80;78.85;77.77;78.66;515907
FR0000125338;20/10/15;78.27;79.23;78.04;78.41;718149
FR0000125338;21/10/15;78.65;79.21;77.70;78.45;740886
FR0000125338;22/10/15;78.11;80.06;78.01;79.79;602653
FR0000125338;23/10/15;80.14;82.58;79.95;82.45;659740
FR0000125338;26/10/15;82.44;82.47;81.50;82.27;580446
FR0000125338;27/10/15;82.22;82.56;80.80;80.80;471991
FR0000125338;28/10/15;80.92;81.20;80.22;80.44;545658
FR0000125338;29/10/15;80.51;82.92;79.98;82.92;994807
FR0000125338;30/10/15;82.92;83.37;80.19;81.03;791933
FR0000125486;01/10/15;57.66;57.66;56.10;56.47;1751571
FR0000125486;02/10/15;57.04;57.27;55.70;56.45;1984048
FR0000125486;05/10/15;57.37;59.00;57.35;58.77;2100814
FR0000125486;06/10/15;58.06;58.45;57.55;58.20;2736518
FR0000125486;07/10/15;58.31;58.52;57.88;58.01;1799200
FR0000125486;08/10/15;57.81;58.03;57.48;57.92;1654387
FR0000125486;09/10/15;58.28;58.40;56.77;56.94;2012126
FR0000125486;12/10/15;56.95;56.99;55.94;56.36;1338813
FR0000125486;13/10/15;56.05;57.35;55.80;57.28;1909788
FR0000125486;14/10/15;56.92;57.76;56.47;57.32;1532287
FR0000125486;15/10/15;57.80;58.14;57.17;57.85;1185366
FR0000125486;16/10/15;58.14;58.42;57.90;58.24;1799383
FR0000125486;19/10/15;58.00;58.51;57.59;57.69;1254089
FR0000125486;20/10/15;57.70;58.38;57.68;57.95;1259295
FR0000125486;21/10/15;58.30;58.58;57.94;58.27;1503702
FR0000125486;22/10/15;58.23;58.95;57.69;58.78;1956438
FR0000125486;23/10/15;59.33;60.64;59.25;60.12;4162389
FR0000125486;26/10/15;59.87;60.41;59.62;60.38;1332243
FR0000125486;27/10/15;60.10;60.30;59.74;59.96;1201908
FR0000125486;28/10/15;59.99;60.84;59.73;60.53;1086109
FR0000125486;29/10/15;60.70;61.08;60.00;61.08;1447364
FR0000125486;30/10/15;61.09;61.59;60.78;61.38;1560889
FR0000127771;01/10/15;21.375;21.38;20.735;20.795;4900034
FR0000127771;02/10/15;20.99;21.055;20.325;20.65;7879955
FR0000127771;05/10/15;21.00;21.16;20.825;20.95;6425187
FR0000127771;06/10/15;21.135;21.62;21.105;21.29;8757208
FR0000127771;07/10/15;21.47;21.705;21.29;21.39;5234330
FR0000127771;08/10/15;21.365;21.64;21.355;21.64;3179469
FR0000127771;09/10/15;21.82;21.915;21.645;21.79;4641232
FR0000127771;12/10/15;21.805;21.805;21.515;21.66;2363853
FR0000127771;13/10/15;21.65;21.70;21.355;21.515;2487008
FR0000127771;14/10/15;21.805;22.195;21.60;21.945;6469479
FR0000127771;15/10/15;22.185;22.245;21.725;21.87;4017320
FR0000127771;16/10/15;22.00;22.03;21.835;21.94;4695492
FR0000127771;19/10/15;21.95;22.03;21.10;21.475;6663851
FR0000127771;20/10/15;21.70;21.86;21.56;21.645;4488443
FR0000127771;21/10/15;21.675;21.775;21.545;21.59;2154362
FR0000127771;22/10/15;21.42;21.67;21.06;21.67;5670619
FR0000127771;23/10/15;21.80;22.525;21.78;22.49;4805421
FR0000127771;26/10/15;22.405;22.725;22.295;22.52;3347616
FR0000127771;27/10/15;22.54;22.665;22.38;22.385;3390214
FR0000127771;28/10/15;22.45;22.49;22.14;22.14;4949017
FR0000127771;29/10/15;22.15;22.335;21.96;22.335;4874646
FR0000127771;30/10/15;22.405;22.405;21.815;21.915;5918919
FR0000130577;01/10/15;61.42;62.00;60.31;60.44;957695
FR0000130577;02/10/15;61.02;61.69;60.02;60.93;862308
FR0000130577;05/10/15;61.94;62.57;61.79;62.38;766674
FR0000130577;06/10/15;62.43;63.51;62.21;62.75;612885
FR0000130577;07/10/15;62.90;63.40;62.53;62.79;740606
FR0000130577;08/10/15;62.70;64.35;62.69;64.25;908910
FR0000130577;09/10/15;64.77;65.24;63.84;64.90;1027589
FR0000130577;12/10/15;64.95;65.00;63.39;63.76;849726
FR0000130577;13/10/15;63.76;63.88;62.56;63.48;504173
FR0000130577;14/10/15;63.29;63.50;62.25;62.26;831537
FR0000130577;15/10/15;62.69;62.88;62.23;62.71;850176
FR0000130577;16/10/15;62.97;63.40;62.34;63.18;873819
FR0000130577;19/10/15;63.05;63.82;62.89;63.75;422480
FR0000130577;20/10/15;63.93;65.11;63.40;64.53;926622
FR0000130577;21/10/15;64.45;64.53;62.34;62.44;1632848
FR0000130577;22/10/15;57.50;58.60;55.60;58.05;5160184
FR0000130577;23/10/15;58.05;60.11;57.76;59.91;2212464
FR0000130577;26/10/15;59.77;60.16;59.35;60.00;1091244
FR0000130577;27/10/15;60.19;60.19;58.31;58.34;1295811
FR0000130577;28/10/15;58.14;58.63;57.93;58.12;1642363
FR0000130577;29/10/15;58.23;58.47;57.82;58.13;744688
FR0000130577;30/10/15;58.37;59.06;58.31;59.06;1070696
FR0000130809;01/10/15;40.48;40.495;39.32;39.635;3627423
FR0000130809;02/10/15;40.00;40.74;39.13;39.625;4297283
FR0000130809;05/10/15;40.435;41.25;40.225;41.095;4211014
FR0000130809;06/10/15;41.125;41.565;40.65;41.31;3276113
FR0000130809;07/10/15;41.855;42.595;41.385;41.87;3616613
FR0000130809;08/10/15;41.60;41.83;41.11;41.325;3608014
FR0000130809;09/10/15;41.84;42.375;41.60;41.895;3008367
FR0000130809;12/10/15;42.045;42.275;41.295;41.50;2509724
FR0000130809;13/10/15;41.31;41.385;40.37;41.035;3088397
FR0000130809;14/10/15;40.725;41.365;40.525;40.86;2572695
FR0000130809;15/10/15;41.19;41.465;41.115;41.255;2462544
FR0000130809;16/10/15;41.64;42.155;41.42;42.055;3372614
FR0000130809;19/10/15;42.125;42.50;41.52;41.845;2512873
FR0000130809;20/10/15;41.85;42.005;41.075;41.435;2182386
FR0000130809;21/10/15;41.54;41.745;40.79;41.38;2134469
FR0000130809;22/10/15;41.11;42.77;41.11;42.415;4190491
FR0000130809;23/10/15;42.725;43.73;42.62;43.30;4382942
FR0000130809;26/10/15;43.25;43.70;42.975;43.325;2256777
FR0000130809;27/10/15;43.185;43.605;43.025;43.05;2148876
FR0000130809;28/10/15;43.235;43.83;43.045;43.575;2388017
FR0000130809;29/10/15;43.90;43.92;41.63;41.985;5457167
FR0000130809;30/10/15;42.025;42.555;41.90;42.31;3114230
FR0000131104;01/10/15;53.39;53.40;51.52;51.72;4145270
FR0000131104;02/10/15;52.35;53.05;51.18;51.92;3298096
FR0000131104;05/10/15;52.99;54.11;52.77;54.01;4225505
FR0000131104;06/10/15;54.20;54.42;53.39;54.08;3075221
FR0000131104;07/10/15;54.60;54.90;53.77;54.05;3362004
FR0000131104;08/10/15;53.77;54.02;53.19;53.45;3062668
FR0000131104;09/10/15;54.00;54.62;53.60;53.81;2372600
FR0000131104;12/10/15;53.91;54.25;53.36;53.97;2305017
FR0000131104;13/10/15;53.78;53.96;52.52;53.38;2602052
FR0000131104;14/10/15;53.00;53.88;52.85;53.12;2470977
FR0000131104;15/10/15;53.81;54.14;53.61;53.97;2310701
FR0000131104;16/10/15;54.30;55.13;54.12;54.99;3069609
FR0000131104;19/10/15;54.97;55.61;54.60;55.09;1917696
FR0000131104;20/10/15;55.00;55.33;54.03;54.30;2267993
FR0000131104;21/10/15;54.42;54.63;53.66;54.40;2043670
FR0000131104;22/10/15;54.07;55.34;53.81;55.01;4590513
FR0000131104;23/10/15;55.40;56.43;55.18;55.91;4757484
FR0000131104;26/10/15;55.78;56.31;55.32;55.85;2168585
FR0000131104;27/10/15;55.65;56.00;55.45;55.47;2411209
FR0000131104;28/10/15;55.61;55.97;55.35;55.81;3253328
FR0000131104;29/10/15;56.29;56.40;53.66;54.30;4925434
FR0000131104;30/10/15;56.00;56.31;54.74;55.26;4678612
FR0000131906;01/10/15;65.55;67.11;64.28;64.85;2091052
FR0000131906;02/10/15;65.88;66.11;62.77;64.48;1368567
FR0000131906;05/10/15;65.66;66.00;64.15;65.70;1350256
FR0000131906;06/10/15;66.52;70.57;66.03;69.48;2668648
FR0000131906;07/10/15;70.10;76.19;70.10;74.19;3517200
FR0000131906;08/10/15;74.19;76.60;72.55;73.49;1951686
FR0000131906;09/10/15;74.19;75.83;74.12;74.75;1174615
FR0000131906;12/10/15;75.14;77.33;74.77;76.95;1405787
FR0000131906;13/10/15;76.67;77.18;74.56;77.01;1536622
FR0000131906;14/10/15;75.73;77.63;74.76;76.03;1588839
FR0000131906;15/10/15;76.85;79.27;76.80;78.54;1598335
FR0000131906;16/10/15;79.45;79.50;77.36;77.55;1783625
FR0000131906;19/10/15;77.39;79.06;77.27;78.10;875369
FR0000131906;20/10/15;78.05;78.57;76.28;78.04;1155622
FR0000131906;21/10/15;78.56;79.49;77.16;78.92;1255141
FR0000131906;22/10/15;78.66;81.79;77.68;81.17;1570616
FR0000131906;23/10/15;82.03;84.10;81.85;82.72;1486046
FR0000131906;26/10/15;82.64;82.78;81.18;81.84;1019869
FR0000131906;27/10/15;83.60;84.38;81.50;81.50;1414576
FR0000131906;28/10/15;81.00;81.76;80.31;81.40;1352080
FR0000131906;29/10/15;82.02;83.18;80.88;81.45;1156853
FR0000131906;30/10/15;83.08;87.58;83.07;85.73;2589459
FR0000133308;01/10/15;13.72;13.74;13.135;13.195;11798371
FR0000133308;02/10/15;13.325;13.38;12.795;13.19;11076057
FR0000133308;05/10/15;13.45;13.62;13.21;13.62;9058828
FR0000133308;06/10/15;13.60;13.935;13.545;13.88;8925386
FR0000133308;07/10/15;13.98;14.025;13.675;13.76;8382620
FR0000133308;08/10/15;13.685;13.70;13.505;13.64;7479432
FR0000133308;09/10/15;13.80;14.14;13.74;14.045;10636681
FR0000133308;12/10/15;14.05;14.055;13.80;13.945;6056919
FR0000133308;13/10/15;13.955;13.975;13.65;13.835;6826935
FR0000133308;14/10/15;13.715;13.895;13.54;13.645;7740536
FR0000133308;15/10/15;13.79;14.00;13.695;14.00;6732383
FR0000133308;16/10/15;14.085;14.125;13.94;14.09;6438547
FR0000133308;19/10/15;14.07;14.335;14.055;14.275;6834940
FR0000133308;20/10/15;14.32;14.555;14.24;14.315;8364832
FR0000133308;21/10/15;14.405;14.54;14.235;14.39;8929512
FR0000133308;22/10/15;14.88;15.62;14.70;15.475;24293571
FR0000133308;23/10/15;15.60;16.14;15.57;15.93;17857771
FR0000133308;26/10/15;15.93;16.145;15.85;16.03;7792467
FR0000133308;27/10/15;16.00;16.115;15.655;15.655;11342511
FR0000133308;28/10/15;15.695;15.885;15.67;15.81;8195084
FR0000133308;29/10/15;15.935;16.065;15.84;15.97;8160886
FR0000133308;30/10/15;16.06;16.10;15.84;16.035;6419094
FR0010208488;01/10/15;14.505;14.57;13.88;13.95;10123542
FR0010208488;02/10/15;14.105;14.275;13.80;14.03;9080314
FR0010208488;05/10/15;14.27;14.525;14.21;14.50;7303168
FR0010208488;06/10/15;14.545;14.765;14.415;14.715;5376104
FR0010208488;07/10/15;14.78;15.19;14.745;14.945;6794767
FR0010208488;08/10/15;14.915;15.055;14.71;15.055;4804337
FR0010208488;09/10/15;15.25;15.375;15.135;15.175;6080843
FR0010208488;12/10/15;15.31;15.40;15.12;15.245;5697053
FR0010208488;13/10/15;14.75;14.805;14.445;14.685;6723437
FR0010208488;14/10/15;14.645;15.27;14.55;15.03;9641358
FR0010208488;15/10/15;15.25;15.265;14.69;14.94;8034628
FR0010208488;16/10/15;15.03;15.315;14.975;15.145;5631857
FR0010208488;19/10/15;15.175;15.315;14.99;15.11;3468896
FR0010208488;20/10/15;15.135;15.375;15.05;15.26;5355111
FR0010208488;21/10/15;15.35;15.67;15.195;15.465;6914741
FR0010208488;22/10/15;15.375;16.02;15.335;15.81;8106438
FR0010208488;23/10/15;15.96;16.295;15.845;16.24;8934811
FR0010208488;26/10/15;16.21;16.235;16.03;16.10;4604827
FR0010208488;27/10/15;16.085;16.185;15.815;15.815;5826377
FR0010208488;28/10/15;15.82;16.185;15.805;16.09;4671947
FR0010208488;29/10/15;16.175;16.19;15.73;15.87;4689098
FR0010208488;30/10/15;15.87;15.985;15.80;15.955;3940532
FR0010307819;01/10/15;48.085;48.085;46.78;46.90;702571
FR0010307819;02/10/15;47.40;48.18;46.66;47.15;1334805
FR0010307819;05/10/15;47.76;48.785;47.675;48.605;805782
FR0010307819;06/10/15;48.455;48.915;48.245;48.71;487460
FR0010307819;07/10/15;48.705;48.71;47.61;47.66;1237774
FR0010307819;08/10/15;47.69;48.31;47.57;48.005;707425
FR0010307819;09/10/15;48.40;48.575;47.435;47.435;1103771
FR0010307819;12/10/15;47.445;47.58;46.895;47.29;567036
FR0010307819;13/10/15;47.145;47.86;47.00;47.355;936926
FR0010307819;14/10/15;47.115;47.16;46.56;46.57;631344
FR0010307819;15/10/15;46.905;47.63;46.415;47.445;606890
FR0010307819;16/10/15;47.60;47.60;46.79;46.95;878013
FR0010307819;19/10/15;46.71;47.44;46.71;47.03;403233
FR0010307819;20/10/15;47.24;47.38;46.695;46.89;583048
FR0010307819;21/10/15;47.035;47.79;46.70;47.605;612104
FR0010307819;22/10/15;47.35;48.555;47.175;48.505;833597
FR0010307819;23/10/15;48.905;50.51;48.715;50.45;938550
FR0010307819;26/10/15;50.26;50.53;49.87;50.20;721372
FR0010307819;27/10/15;50.01;50.31;49.60;49.60;604100
FR0010307819;28/10/15;49.70;50.40;49.55;50.35;525699
FR0010307819;29/10/15;50.23;50.31;49.605;50.00;783166
FR0010307819;30/10/15;50.00;50.25;49.555;49.94;700123
FR0013176526;01/10/15;40.7667;42.2167;40.5333;40.9167;2703105
FR0013176526;02/10/15;41.95;42.1333;40.2167;41.55;2103573
FR0013176526;05/10/15;42.1667;42.20;41.35;41.6833;1668216
FR0013176526;06/10/15;41.7167;42.2833;41.2833;41.80;1822512
FR0013176526;07/10/15;41.8167;43.15;41.75;42.3667;1810863
FR0013176526;08/10/15;42.45;43.40;42.4333;42.8833;1333485
FR0013176526;09/10/15;43.3333;44.4667;43.30;44.20;1762656
FR0013176526;12/10/15;44.3333;44.55;43.70;43.7833;1025106
FR0013176526;13/10/15;43.40;43.4667;41.6833;42.5833;2223870
FR0013176526;14/10/15;42.1833;42.9333;41.6667;42.15;1200738
FR0013176526;15/10/15;42.6667;43.3167;42.3667;43.2667;1192563
FR0013176526;16/10/15;43.5333;44.1333;43.2167;43.4333;2128695
FR0013176526;19/10/15;43.3333;44.00;43.0667;43.6667;972891
FR0013176526;20/10/15;43.6667;44.2667;43.30;43.8167;1010367
FR0013176526;21/10/15;44.05;45.3167;43.45;45.05;1232319
FR0013176526;22/10/15;44.00;45.5333;43.60;45.3167;2600370
FR0013176526;23/10/15;45.8333;47.80;45.65;47.4667;2278116
FR0013176526;26/10/15;47.3333;47.3333;45.80;45.9833;1901943
FR0013176526;27/10/15;46.0667;46.3333;45.5167;45.7667;1430838
FR0013176526;28/10/15;46.00;46.2833;45.6667;46.15;814392
FR0013176526;29/10/15;46.75;46.90;45.3667;45.6167;1350846
FR0013176526;30/10/15;45.8333;47.1333;45.7667;46.90;1266864
GB00BDSFG982;01/10/15;21.30;22.295;21.30;21.705;2998176
GB00BDSFG982;02/10/15;21.88;22.2875;21.4625;21.7475;1743370
GB00BDSFG982;05/10/15;22.295;23.515;22.295;23.39;2452878
GB00BDSFG982;06/10/15;23.435;24.3125;23.035;24.25;1924798
GB00BDSFG982;07/10/15;24.44;25.475;24.40;24.765;2514140
GB00BDSFG982;08/10/15;24.75;24.99;24.34;24.695;1798190
GB00BDSFG982;09/10/15;25.00;25.515;24.905;25.13;2316140
GB00BDSFG982;12/10/15;24.605;24.845;23.4975;23.775;2304332
GB00BDSFG982;13/10/15;23.585;23.585;22.8925;23.3325;1617492
GB00BDSFG982;14/10/15;23.085;23.6975;22.75;23.3975;1772056
GB00BDSFG982;15/10/15;23.585;23.7775;23.345;23.5075;1719656
GB00BDSFG982;16/10/15;23.8225;23.8475;22.885;23.025;1952952
GB00BDSFG982;19/10/15;23.00;23.115;22.505;22.5875;1701018
GB00BDSFG982;20/10/15;22.2925;22.5775;22.1925;22.5275;1329954
GB00BDSFG982;21/10/15;22.5775;22.8575;22.22;22.6975;1345052
GB00BDSFG982;22/10/15;22.605;23.73;22.57;23.6425;2496356
GB00BDSFG982;23/10/15;23.8725;24.26;23.7875;23.86;1465370
GB00BDSFG982;26/10/15;23.72;24.07;23.5725;23.6975;1630568
GB00BDSFG982;27/10/15;23.50;23.52;22.7575;22.8175;1573524
GB00BDSFG982;28/10/15;22.785;23.80;22.6525;23.6425;1821804
GB00BDSFG982;29/10/15;24.05;24.475;23.13;23.4375;2183898
GB00BDSFG982;30/10/15;23.2125;23.7525;22.9875;23.7525;1811336
LU1598757687;01/10/15;13.98;14.445;13.293;13.44;9539892
LU1598757687;02/10/15;13.542;14.358;13.38;14.325;8743056
LU1598757687;05/10/15;15.582;15.60;15.09;15.564;9815226
LU1598757687;06/10/15;15.60;15.675;14.979;15.54;7262408
LU1598757687;07/10/15;15.732;17.628;15.705;16.656;12517246
LU1598757687;08/10/15;16.503;17.184;16.29;16.869;6640016
LU1598757687;09/10/15;17.85;18.576;17.682;17.88;8912953
LU1598757687;12/10/15;17.997;18.444;17.217;17.289;6773549
LU1598757687;13/10/15;17.10;17.172;16.215;17.022;6709211
LU1598757687;14/10/15;16.776;17.376;16.383;17.085;6273505
LU1598757687;15/10/15;17.28;17.541;16.923;17.085;5667881
LU1598757687;16/10/15;17.295;17.295;16.812;16.905;4984555
LU1598757687;19/10/15;16.899;16.995;16.395;16.398;4753838
LU1598757687;20/10/15;16.311;16.323;15.669;15.924;6133021
LU1598757687;21/10/15;15.90;16.191;15.309;15.81;6108085
LU1598757687;22/10/15;15.75;16.293;15.525;16.17;6684582
LU1598757687;23/10/15;16.155;16.83;15.837;16.38;8814869
LU1598757687;26/10/15;16.41;16.734;15.888;16.032;5137605
LU1598757687;27/10/15;15.93;15.981;15.171;15.18;6388690
LU1598757687;28/10/15;15.21;15.807;14.838;15.741;6928431
LU1598757687;29/10/15;15.696;15.708;14.853;15.069;7750431
LU1598757687;30/10/15;15.117;15.30;14.886;15.219;5735764
NL0000226223;01/10/15;6.20;6.24;5.947;6.00;3095242
NL0000226223;02/10/15;6.045;6.177;5.941;6.036;3333560
NL0000226223;05/10/15;6.154;6.253;6.128;6.226;1926985
NL0000226223;06/10/15;6.25;6.408;6.24;6.346;3253673
NL0000226223;07/10/15;6.42;6.532;6.362;6.367;2718295
NL0000226223;08/10/15;6.381;6.50;6.366;6.451;1998701
NL0000226223;09/10/15;6.50;6.585;6.477;6.522;1570070
NL0000226223;12/10/15;6.551;6.596;6.334;6.381;2215294
NL0000226223;13/10/15;6.38;6.389;6.218;6.302;2114130
NL0000226223;14/10/15;6.226;6.302;6.152;6.201;2708650
NL0000226223;15/10/15;6.309;6.508;6.285;6.46;4015329
NL0000226223;16/10/15;6.52;6.56;6.465;6.524;1877939
NL0000226223;19/10/15;6.51;6.587;6.51;6.572;1524209
NL0000226223;20/10/15;6.587;6.621;6.491;6.592;1166111
NL0000226223;21/10/15;6.622;6.76;6.596;6.737;2060552
NL0000226223;22/10/15;6.78;6.944;6.755;6.923;3257594
NL0000226223;23/10/15;7.002;7.144;6.976;7.124;2930077
NL0000226223;26/10/15;7.104;7.119;6.719;6.774;4662333
NL0000226223;27/10/15;6.781;6.844;6.552;6.569;4934690
NL0000226223;28/10/15;6.619;6.707;6.44;6.475;4576076
NL0000226223;29/10/15;6.00;6.24;5.931;6.236;6498593
NL0000226223;30/10/15;6.257;6.304;6.208;6.297;3159070
NL0000235190;01/10/15;53.99;54.74;53.14;53.55;2783191
NL0000235190;02/10/15;54.24;55.29;53.17;54.68;2962933
NL0000235190;05/10/15;55.94;57.11;55.62;56.61;2436246
NL0000235190;06/10/15;56.75;57.52;56.32;56.96;1770373
NL0000235190;07/10/15;57.11;57.88;56.68;56.90;2090801
NL0000235190;08/10/15;55.72;57.20;55.70;57.09;1926533
NL0000235190;09/10/15;57.10;58.06;57.02;57.61;2561539
NL0000235190;12/10/15;57.35;57.36;55.54;56.20;2039239
NL0000235190;13/10/15;55.51;56.74;55.06;56.59;2008046
NL0000235190;14/10/15;55.50;57.09;55.50;56.12;1884917
NL0000235190;15/10/15;54.95;55.18;54.00;54.53;4109791
NL0000235190;16/10/15;55.20;55.68;54.87;55.53;3173294
NL0000235190;19/10/15;55.00;56.14;54.99;55.41;1519696
NL0000235190;20/10/15;54.96;55.67;54.45;55.03;1596520
NL0000235190;21/10/15;54.85;56.79;54.73;56.28;2253659
NL0000235190;22/10/15;55.88;58.27;55.12;57.52;3901564
NL0000235190;23/10/15;57.90;61.00;57.82;60.17;3922694
NL0000235190;26/10/15;59.72;60.65;59.25;59.95;2080517
NL0000235190;27/10/15;59.52;60.18;59.01;59.12;1798187
NL0000235190;28/10/15;58.50;59.66;58.42;59.62;2125416
NL0000235190;29/10/15;60.80;61.13;60.08;60.69;2625267
NL0000235190;30/10/15;62.30;64.50;62.00;63.36;4441193
