BE0003470755;23/02/18;115.00;115.05;114.20;114.60;180464
BE0003470755;26/02/18;114.95;116.35;114.85;116.15;270074
BE0003470755;27/02/18;116.10;117.25;115.55;117.25;281910
BE0003470755;28/02/18;115.70;115.95;113.00;113.10;465507
CH0012214059;23/02/18;48.28;48.31;47.97;48.31;106547
CH0012214059;26/02/18;48.35;48.43;47.78;48.30;98756
CH0012214059;27/02/18;48.35;48.61;47.96;48.61;104721
CH0012214059;28/02/18;48.41;48.92;47.99;48.11;131190
FR0000045072;23/02/18;14.01;14.07;13.905;13.95;4118679
FR0000045072;26/02/18;14.00;14.065;13.97;13.97;3756255
FR0000045072;27/02/18;14.005;14.24;13.985;14.175;5845297
FR0000045072;28/02/18;14.115;14.295;14.115;14.135;5412906
FR0000051732;23/02/18;113.70;113.70;110.05;110.70;615868
FR0000051732;26/02/18;111.00;111.90;110.05;110.30;517714
FR0000051732;27/02/18;110.50;110.80;107.65;108.45;584140
FR0000051732;28/02/18;108.35;109.25;107.15;108.50;635363
FR0000073272;23/02/18;90.16;90.52;89.76;90.30;640340
FR0000073272;26/02/18;90.40;90.66;89.86;89.90;877095
FR0000073272;27/02/18;89.00;91.38;87.38;91.36;1536436
FR0000073272;28/02/18;91.00;91.46;90.82;90.90;881791
FR0000120073;23/02/18;103.40;103.45;102.50;102.85;857274
FR0000120073;26/02/18;103.50;103.85;102.65;103.25;806953
FR0000120073;27/02/18;103.35;103.80;102.95;103.35;871561
FR0000120073;28/02/18;102.95;103.90;102.75;103.15;888482
FR0000120172;23/02/18;18.98;19.245;18.95;19.15;2503320
FR0000120172;26/02/18;19.16;19.30;19.075;19.125;1240671
FR0000120172;27/02/18;19.14;19.205;18.79;18.87;2598899
FR0000120172;28/02/18;18.75;18.95;18.605;18.95;3138912
FR0000120271;23/02/18;46.99;47.26;46.855;47.07;4115792
FR0000120271;26/02/18;47.475;47.585;47.16;47.37;4130822
FR0000120271;27/02/18;47.365;47.535;47.07;47.30;4347082
FR0000120271;28/02/18;47.00;47.47;46.775;46.97;8231213
FR0000120321;23/02/18;176.15;178.80;174.60;178.70;591522
FR0000120321;26/02/18;180.00;181.60;179.60;180.50;447450
FR0000120321;27/02/18;181.30;181.40;176.75;177.50;536067
FR0000120321;28/02/18;176.70;178.70;176.70;177.05;513735
FR0000120404;23/02/18;47.70;47.70;46.98;47.27;966285
FR0000120404;26/02/18;47.46;48.32;47.46;47.91;1132267
FR0000120404;27/02/18;48.05;48.38;47.85;48.15;1023877
FR0000120404;28/02/18;47.90;47.94;46.92;47.50;1913984
FR0000120503;23/02/18;43.35;43.35;42.34;42.84;868081
FR0000120503;26/02/18;42.93;42.93;41.88;42.17;1124139
FR0000120503;27/02/18;42.20;42.35;41.99;42.22;705499
FR0000120503;28/02/18;42.20;42.37;41.65;41.66;952231
FR0000120578;23/02/18;65.01;65.22;64.42;65.05;1434698
FR0000120578;26/02/18;65.32;65.87;65.28;65.52;2129385
FR0000120578;27/02/18;65.78;65.82;65.26;65.58;2323971
FR0000120578;28/02/18;65.20;65.73;64.84;65.03;2454644
FR0000120628;23/02/18;25.72;25.725;25.295;25.48;4140847
FR0000120628;26/02/18;25.615;25.78;25.55;25.65;5358863
FR0000120628;27/02/18;25.94;26.04;25.83;25.915;6506265
FR0000120628;28/02/18;25.92;26.17;25.825;25.86;6350607
FR0000120644;23/02/18;65.38;65.84;64.86;65.82;1483490
FR0000120644;26/02/18;66.43;67.73;66.21;67.31;2243395
FR0000120644;27/02/18;67.31;67.57;66.59;66.60;1417943
FR0000120644;28/02/18;66.34;66.74;65.75;65.75;1855577
FR0000120693;23/02/18;134.95;135.40;134.40;134.60;364955
FR0000120693;26/02/18;135.15;136.25;135.05;135.55;270610
FR0000120693;27/02/18;135.55;136.20;135.05;135.15;297400
FR0000120693;28/02/18;135.00;135.80;134.55;135.00;381198
FR0000121014;23/02/18;247.05;247.05;244.65;246.75;414841
FR0000121014;26/02/18;248.65;251.55;248.05;249.30;609192
FR0000121014;27/02/18;251.00;251.60;246.05;246.95;558630
FR0000121014;28/02/18;245.65;248.40;245.65;246.50;523128
FR0000121220;23/02/18;100.45;100.70;99.54;99.68;196791
FR0000121220;26/02/18;100.05;100.25;99.64;99.76;240662
FR0000121220;27/02/18;100.20;100.40;99.40;99.60;244696
FR0000121220;28/02/18;99.48;102.10;99.30;101.10;343121
FR0000121261;23/02/18;126.40;126.50;124.90;125.30;436643
FR0000121261;26/02/18;125.95;126.80;125.65;126.35;346893
FR0000121261;27/02/18;126.50;127.45;125.65;126.40;399691
FR0000121261;28/02/18;126.05;127.05;125.80;126.70;372246
FR0000121485;23/02/18;394.90;395.50;390.30;391.80;122010
FR0000121485;26/02/18;393.60;398.00;393.30;396.30;103523
FR0000121485;27/02/18;400.00;400.00;391.00;392.60;103208
FR0000121485;28/02/18;391.00;392.90;388.00;388.00;205664
FR0000121501;23/02/18;18.00;18.125;17.805;17.93;2834178
FR0000121501;26/02/18;17.99;18.17;17.945;18.045;2042605
FR0000121501;27/02/18;18.125;18.315;18.015;18.195;3075203
FR0000121501;28/02/18;18.075;18.67;18.065;18.615;4524067
FR0000121667;23/02/18;109.80;109.90;108.75;109.85;532668
FR0000121667;26/02/18;110.00;111.00;109.85;110.95;413645
FR0000121667;27/02/18;110.90;111.30;106.95;107.55;823549
FR0000121667;28/02/18;107.20;109.15;107.05;107.85;578107
FR0000121972;23/02/18;72.28;72.38;71.58;72.00;791648
FR0000121972;26/02/18;72.32;72.62;71.72;72.06;725537
FR0000121972;27/02/18;72.12;72.24;71.56;72.14;917125
FR0000121972;28/02/18;71.72;72.06;71.22;71.58;1549436
FR0000124141;23/02/18;19.87;20.28;19.755;20.12;2054768
FR0000124141;26/02/18;20.19;20.27;19.98;20.13;1556993
FR0000124141;27/02/18;20.33;20.40;20.01;20.06;1819396
FR0000124141;28/02/18;20.01;20.09;19.885;19.97;1538015
FR0000124711;23/02/18;191.00;193.45;190.10;192.55;315298
FR0000124711;26/02/18;193.40;194.65;192.15;193.25;299161
FR0000124711;27/02/18;194.15;194.35;189.65;190.25;329035
FR0000124711;28/02/18;189.60;191.95;188.30;191.75;414291
FR0000125007;23/02/18;45.28;45.825;44.665;45.375;2839063
FR0000125007;26/02/18;45.615;45.94;45.31;45.87;2246713
FR0000125007;27/02/18;45.855;46.815;45.85;46.75;3058338
FR0000125007;28/02/18;46.68;46.98;46.41;46.745;2790203
FR0000125338;23/02/18;102.20;102.20;101.20;101.65;473925
FR0000125338;26/02/18;102.50;103.65;101.90;102.40;618577
FR0000125338;27/02/18;102.80;103.10;101.85;102.45;331767
FR0000125338;28/02/18;102.65;103.10;101.85;102.95;413382
FR0000125486;23/02/18;82.62;83.20;82.40;82.90;1054426
FR0000125486;26/02/18;82.28;82.86;82.28;82.64;1350458
FR0000125486;27/02/18;83.00;83.12;82.52;82.68;1203867
FR0000125486;28/02/18;82.48;82.68;81.26;81.32;1639121
FR0000127771;23/02/18;21.00;21.25;20.85;20.90;3654398
FR0000127771;26/02/18;21.00;21.08;20.92;21.05;3273390
FR0000127771;27/02/18;21.10;21.38;21.03;21.11;3473784
FR0000127771;28/02/18;21.01;21.39;20.84;21.25;3830845
FR0000130577;23/02/18;60.98;61.22;60.58;60.92;526162
FR0000130577;26/02/18;61.12;62.04;61.02;61.44;420870
FR0000130577;27/02/18;61.58;61.86;61.20;61.26;396134
FR0000130577;28/02/18;61.00;62.36;61.00;62.04;699810
FR0000130809;23/02/18;46.70;46.74;46.35;46.535;1724395
FR0000130809;26/02/18;46.77;46.905;45.97;46.375;2619265
FR0000130809;27/02/18;46.435;47.24;46.25;46.875;3633190
FR0000130809;28/02/18;46.615;47.49;46.51;47.12;3698645
FR0000131104;23/02/18;65.23;65.29;64.56;64.89;1874015
FR0000131104;26/02/18;65.11;65.16;64.61;64.87;2018193
FR0000131104;27/02/18;65.22;65.82;64.93;65.52;3167938
FR0000131104;28/02/18;65.19;66.04;65.19;65.37;2931761
FR0000131906;23/02/18;87.28;88.25;86.64;87.79;872312
FR0000131906;26/02/18;88.25;88.86;87.34;87.61;798510
FR0000131906;27/02/18;87.96;88.70;87.09;88.67;1008507
FR0000131906;28/02/18;88.23;89.77;87.91;89.48;1376659
FR0000133308;23/02/18;13.885;14.025;13.80;14.015;7089370
FR0000133308;26/02/18;14.15;14.15;13.95;14.04;8017489
FR0000133308;27/02/18;14.09;14.15;13.865;13.97;7563001
FR0000133308;28/02/18;13.90;13.995;13.875;13.94;5571733
FR0010208488;23/02/18;12.835;13.04;12.765;12.975;7586501
FR0010208488;26/02/18;13.035;13.095;12.85;12.96;6826414
FR0010208488;27/02/18;12.995;13.13;12.895;13.07;7027313
FR0010208488;28/02/18;12.94;13.025;12.845;12.875;7691351
FR0010307819;23/02/18;64.26;64.40;63.72;64.40;520651
FR0010307819;26/02/18;64.50;64.90;64.40;64.88;467524
FR0010307819;27/02/18;64.94;64.98;64.32;64.88;411486
FR0010307819;28/02/18;64.00;64.80;63.60;64.54;786426
FR0013176526;23/02/18;56.20;57.06;54.16;54.82;4362404
FR0013176526;26/02/18;55.04;55.48;53.60;54.24;1735587
FR0013176526;27/02/18;54.24;55.18;54.16;54.52;1166111
FR0013176526;28/02/18;54.26;54.34;53.04;53.46;1615743
GB00BDSFG982;23/02/18;24.85;24.93;24.55;24.81;1308611
GB00BDSFG982;26/02/18;24.98;25.04;24.51;24.73;1100011
GB00BDSFG982;27/02/18;24.75;24.90;24.49;24.50;1155800
GB00BDSFG982;28/02/18;24.30;24.63;23.98;23.98;1551507
LU1598757687;23/02/18;28.61;28.745;28.125;28.19;2968893
LU1598757687;26/02/18;28.63;28.73;28.42;28.55;3958536
LU1598757687;27/02/18;28.68;28.795;28.48;28.72;3177216
LU1598757687;28/02/18;28.40;28.585;28.205;28.25;3987727
NL0000226223;23/02/18;18.505;18.665;18.285;18.64;1129212
NL0000226223;26/02/18;18.74;18.855;18.51;18.67;1847307
NL0000226223;27/02/18;18.755;19.03;18.61;18.885;1684776
NL0000226223;28/02/18;18.765;19.01;18.655;18.82;2251913
NL0000235190;23/02/18;97.94;98.30;97.33;98.30;1401492
NL0000235190;26/02/18;98.50;99.66;98.29;98.94;1854228
NL0000235190;27/02/18;99.05;99.97;98.35;98.71;2301316
NL0000235190;28/02/18;98.18;98.98;97.75;98.34;1713349
