BE0003470755;02/04/13;105.40;106.95;104.95;106.60;216838
BE0003470755;03/04/13;106.20;107.45;104.00;104.25;318677
BE0003470755;04/04/13;104.35;105.35;103.00;103.45;421049
BE0003470755;05/04/13;103.50;103.90;100.10;100.80;431088
BE0003470755;08/04/13;100.00;101.65;99.60;100.05;373330
BE0003470755;09/04/13;100.55;101.30;99.51;100.40;302352
BE0003470755;10/04/13;100.90;103.30;100.65;103.30;319652
BE0003470755;11/04/13;103.00;104.25;102.80;103.70;240611
BE0003470755;12/04/13;103.25;103.85;101.20;101.95;249884
BE0003470755;15/04/13;101.80;102.00;99.76;100.10;269374
BE0003470755;16/04/13;99.76;100.35;98.53;99.91;416352
BE0003470755;17/04/13;100.15;100.65;97.52;98.58;579827
BE0003470755;18/04/13;98.56;99.98;98.51;99.36;470990
BE0003470755;19/04/13;100.45;101.20;99.73;100.45;288278
BE0003470755;22/04/13;100.90;101.30;99.50;101.30;219543
BE0003470755;23/04/13;101.30;105.10;101.30;104.55;254569
BE0003470755;24/04/13;104.05;105.45;103.85;105.00;243286
BE0003470755;25/04/13;105.35;106.55;104.85;106.05;144794
BE0003470755;26/04/13;106.70;107.85;106.10;106.85;278889
BE0003470755;29/04/13;107.05;108.80;106.40;108.80;167308
BE0003470755;30/04/13;109.70;111.30;109.05;111.30;344372
FR0000045072;02/04/13;6.442;6.56;6.315;6.528;10141750
FR0000045072;03/04/13;6.505;6.523;6.342;6.36;8678439
FR0000045072;04/04/13;6.43;6.575;6.306;6.365;11285240
FR0000045072;05/04/13;6.381;6.425;6.165;6.266;9302735
FR0000045072;08/04/13;6.327;6.349;6.10;6.118;7967818
FR0000045072;09/04/13;6.175;6.31;6.156;6.219;6976017
FR0000045072;10/04/13;6.287;6.685;6.245;6.602;12987740
FR0000045072;11/04/13;6.588;6.743;6.525;6.693;9443977
FR0000045072;12/04/13;6.647;6.663;6.414;6.505;8993570
FR0000045072;15/04/13;6.50;6.573;6.271;6.385;7738926
FR0000045072;16/04/13;6.30;6.575;6.262;6.406;7903544
FR0000045072;17/04/13;6.497;6.50;6.179;6.21;11578030
FR0000045072;18/04/13;6.265;6.39;6.014;6.144;11780752
FR0000045072;19/04/13;6.253;6.294;6.153;6.236;7574284
FR0000045072;22/04/13;6.281;6.42;6.24;6.30;6185157
FR0000045072;23/04/13;6.284;6.75;6.282;6.73;17082539
FR0000045072;24/04/13;6.74;6.90;6.573;6.782;13715281
FR0000045072;25/04/13;6.763;6.901;6.714;6.867;5790897
FR0000045072;26/04/13;6.847;6.949;6.803;6.893;6042677
FR0000045072;29/04/13;6.92;7.094;6.92;7.047;6107619
FR0000045072;30/04/13;7.07;7.149;6.95;6.951;7022393
FR0000051732;02/04/13;53.94;54.12;52.70;54.12;407884
FR0000051732;03/04/13;54.14;54.34;53.83;54.29;308372
FR0000051732;04/04/13;54.50;54.55;52.75;52.84;365800
FR0000051732;05/04/13;53.22;53.34;51.98;52.23;288555
FR0000051732;08/04/13;52.43;53.01;52.37;52.57;208777
FR0000051732;09/04/13;53.06;53.10;51.66;52.28;272314
FR0000051732;10/04/13;52.58;53.11;52.07;52.90;300344
FR0000051732;11/04/13;52.92;53.70;52.82;53.42;268301
FR0000051732;12/04/13;52.20;52.76;51.70;51.96;380406
FR0000051732;15/04/13;51.96;52.03;50.77;50.81;448742
FR0000051732;16/04/13;50.46;51.05;49.525;50.85;686971
FR0000051732;17/04/13;51.25;51.25;49.805;50.41;315320
FR0000051732;18/04/13;50.42;51.12;50.36;50.70;351717
FR0000051732;19/04/13;50.61;50.79;50.20;50.60;241984
FR0000051732;22/04/13;50.62;51.01;50.12;50.44;220942
FR0000051732;23/04/13;50.70;51.95;50.36;51.55;322599
FR0000051732;24/04/13;51.57;52.00;50.94;52.00;449267
FR0000051732;25/04/13;52.42;54.92;52.32;54.43;1054774
FR0000051732;26/04/13;54.52;54.61;53.49;54.09;329010
FR0000051732;29/04/13;54.19;54.37;53.29;53.49;288425
FR0000051732;30/04/13;53.53;53.77;52.73;52.85;418414
FR0000073272;02/04/13;34.93;36.435;34.90;36.37;1573106
FR0000073272;03/04/13;36.455;36.80;35.79;35.80;957678
FR0000073272;04/04/13;35.815;35.955;35.14;35.23;813963
FR0000073272;05/04/13;35.125;35.20;34.175;34.455;1120198
FR0000073272;08/04/13;34.50;34.775;34.255;34.50;990008
FR0000073272;09/04/13;34.475;34.725;34.205;34.54;1128354
FR0000073272;10/04/13;34.675;35.10;34.535;34.995;639938
FR0000073272;11/04/13;34.955;35.58;34.875;35.405;546132
FR0000073272;12/04/13;35.285;35.485;34.95;35.04;614303
FR0000073272;15/04/13;34.97;35.235;34.58;34.865;628499
FR0000073272;16/04/13;34.68;35.27;33.88;34.38;1017913
FR0000073272;17/04/13;34.59;34.61;33.365;33.96;1267857
FR0000073272;18/04/13;33.875;34.755;33.775;34.405;996698
FR0000073272;19/04/13;34.50;35.06;34.305;34.965;822468
FR0000073272;22/04/13;35.00;35.39;34.805;35.01;819284
FR0000073272;23/04/13;35.81;37.18;35.80;36.97;2005263
FR0000073272;24/04/13;37.175;37.175;36.63;36.86;1142425
FR0000073272;25/04/13;37.525;37.96;37.33;37.46;1136925
FR0000073272;26/04/13;37.615;37.93;37.43;37.725;799035
FR0000073272;29/04/13;37.71;37.90;37.44;37.81;573801
FR0000073272;30/04/13;37.86;37.97;37.215;37.29;1085446
FR0000120073;02/04/13;78.1488;79.876;78.0992;79.8595;1257300
FR0000120073;03/04/13;79.5289;80.1653;79.1488;79.281;968269
FR0000120073;04/04/13;79.3967;80.0744;78.8182;79.0579;881172
FR0000120073;05/04/13;78.9422;79.5868;77.6364;78.0083;1094980
FR0000120073;08/04/13;78.2645;78.4463;77.0331;77.0496;882361
FR0000120073;09/04/13;77.6364;77.7438;76.6694;76.9339;740770
FR0000120073;10/04/13;77.2975;77.9091;76.8182;77.562;986208
FR0000120073;11/04/13;77.3388;78.2231;77.2893;77.3719;900730
FR0000120073;12/04/13;77.3306;77.686;76.2397;76.6446;1036040
FR0000120073;15/04/13;76.5289;76.7686;75.5124;76.438;787572
FR0000120073;16/04/13;76.1901;77.0992;75.9669;76.2975;696580
FR0000120073;17/04/13;76.4959;76.6942;74.8265;74.9587;1415139
FR0000120073;18/04/13;75.9091;77.0165;75.5289;76.1736;1243982
FR0000120073;19/04/13;77.0248;77.5372;76.6446;77.0909;1198838
FR0000120073;22/04/13;77.1074;77.1074;76.00;76.5289;724358
FR0000120073;23/04/13;76.4793;78.405;76.4463;78.281;1234148
FR0000120073;24/04/13;76.8595;79.595;76.6694;78.9256;1701001
FR0000120073;25/04/13;79.3388;79.4298;77.6529;77.9339;952990
FR0000120073;26/04/13;78.0248;79.0083;77.5868;78.719;1005086
FR0000120073;29/04/13;79.1984;79.719;78.6033;79.6694;930760
FR0000120073;30/04/13;79.7934;79.7934;78.8678;79.438;763635
FR0000120172;02/04/13;21.335;22.15;21.29;22.065;3519618
FR0000120172;03/04/13;21.865;22.245;21.525;21.525;3398202
FR0000120172;04/04/13;21.56;21.98;21.34;21.36;3243953
FR0000120172;05/04/13;21.275;21.53;20.505;20.685;3896371
FR0000120172;08/04/13;20.72;20.90;20.53;20.625;1920014
FR0000120172;09/04/13;20.70;21.00;20.645;20.855;2262661
FR0000120172;10/04/13;20.80;21.565;20.79;21.505;2679358
FR0000120172;11/04/13;21.37;21.995;21.36;21.90;2692563
FR0000120172;12/04/13;21.845;21.895;21.49;21.605;2125913
FR0000120172;15/04/13;21.45;21.66;21.21;21.38;1747496
FR0000120172;16/04/13;21.11;21.455;21.035;21.155;2190618
FR0000120172;17/04/13;21.215;21.26;20.595;20.625;3351170
FR0000120172;18/04/13;20.88;20.89;20.26;20.405;3596323
FR0000120172;19/04/13;20.37;21.10;20.37;21.055;3408705
FR0000120172;22/04/13;20.805;21.15;20.675;20.80;2600820
FR0000120172;23/04/13;20.83;21.97;20.815;21.955;4496431
FR0000120172;24/04/13;22.02;22.42;21.855;22.40;3518893
FR0000120172;25/04/13;22.35;22.51;22.17;22.395;2453313
FR0000120172;26/04/13;22.315;22.42;21.835;22.15;2457878
FR0000120172;29/04/13;22.195;22.88;22.17;22.805;2356253
FR0000120172;30/04/13;22.88;22.935;22.32;22.50;3142146
FR0000120271;02/04/13;37.565;38.345;37.50;38.20;6008285
FR0000120271;03/04/13;38.00;38.105;37.505;37.505;4551117
FR0000120271;04/04/13;37.56;38.12;37.27;37.32;4288695
FR0000120271;05/04/13;37.27;37.59;36.715;36.745;6078230
FR0000120271;08/04/13;36.905;37.215;36.75;36.75;3427195
FR0000120271;09/04/13;37.075;37.20;36.82;37.11;3350769
FR0000120271;10/04/13;37.25;37.67;37.20;37.46;4853079
FR0000120271;11/04/13;37.465;37.66;37.215;37.505;3698572
FR0000120271;12/04/13;37.535;37.745;37.07;37.19;4223265
FR0000120271;15/04/13;37.24;37.325;36.305;36.55;4676286
FR0000120271;16/04/13;36.325;36.73;36.185;36.185;3934258
FR0000120271;17/04/13;36.355;36.40;35.175;35.25;7069606
FR0000120271;18/04/13;35.68;35.70;35.225;35.28;4275417
FR0000120271;19/04/13;35.66;35.75;35.355;35.54;6406229
FR0000120271;22/04/13;35.89;35.985;35.52;35.79;3318954
FR0000120271;23/04/13;35.825;36.945;35.705;36.945;6115538
FR0000120271;24/04/13;36.995;37.945;36.97;37.765;6702717
FR0000120271;25/04/13;37.78;38.22;37.73;38.10;4783778
FR0000120271;26/04/13;37.515;37.85;37.20;37.55;5147859
FR0000120271;29/04/13;37.775;38.185;37.675;38.125;4071389
FR0000120271;30/04/13;38.25;38.33;37.765;38.27;5923009
FR0000120321;02/04/13;123.00;127.55;123.00;127.25;1034648
FR0000120321;03/04/13;127.15;130.00;127.00;127.30;1192669
FR0000120321;04/04/13;127.75;127.75;124.10;124.10;783847
FR0000120321;05/04/13;123.85;123.95;120.95;121.55;868399
FR0000120321;08/04/13;122.20;125.80;121.90;123.95;600302
FR0000120321;09/04/13;124.40;125.10;120.90;121.55;607575
FR0000120321;10/04/13;122.30;124.35;121.60;123.85;576401
FR0000120321;11/04/13;123.15;125.10;123.15;124.40;436540
FR0000120321;12/04/13;123.60;124.90;122.85;123.45;510255
FR0000120321;15/04/13;122.85;123.75;121.65;123.30;418869
FR0000120321;16/04/13;122.20;123.30;121.40;121.65;500637
FR0000120321;17/04/13;122.05;122.70;120.45;120.90;859819
FR0000120321;18/04/13;121.15;122.65;120.30;121.15;628375
FR0000120321;19/04/13;124.55;126.75;123.65;126.40;1103544
FR0000120321;22/04/13;127.00;127.00;124.00;125.30;532889
FR0000120321;23/04/13;125.90;130.80;125.35;130.80;1033731
FR0000120321;24/04/13;130.30;133.35;128.90;132.85;854373
FR0000120321;25/04/13;132.95;133.60;130.25;131.00;739449
FR0000120321;26/04/13;130.30;131.50;128.80;130.45;458868
FR0000120321;29/04/13;131.75;134.40;131.70;134.20;745285
FR0000120321;30/04/13;135.35;136.05;134.55;135.40;822296
FR0000120404;02/04/13;27.10;27.675;27.10;27.595;732504
FR0000120404;03/04/13;27.60;27.885;27.335;27.40;619149
FR0000120404;04/04/13;27.40;27.455;26.95;26.97;722782
FR0000120404;05/04/13;26.905;27.095;26.245;26.48;798625
FR0000120404;08/04/13;26.565;26.93;26.495;26.59;527269
FR0000120404;09/04/13;26.67;26.775;26.18;26.20;596407
FR0000120404;10/04/13;26.19;26.59;25.80;26.475;1302256
FR0000120404;11/04/13;26.385;26.925;26.385;26.80;543003
FR0000120404;12/04/13;26.74;26.80;26.335;26.74;831952
FR0000120404;15/04/13;25.87;25.92;25.26;25.615;1792188
FR0000120404;16/04/13;25.44;25.64;25.24;25.315;924182
FR0000120404;17/04/13;25.52;25.71;24.80;25.00;1373162
FR0000120404;18/04/13;24.80;25.515;24.75;25.39;1568956
FR0000120404;19/04/13;25.50;25.50;24.975;25.375;962284
FR0000120404;22/04/13;25.995;26.25;25.775;25.96;1248087
FR0000120404;23/04/13;25.84;25.96;25.025;25.405;2345580
FR0000120404;24/04/13;25.045;25.995;24.76;24.92;2689781
FR0000120404;25/04/13;24.83;25.545;24.77;25.53;1081118
FR0000120404;26/04/13;25.51;25.745;25.00;25.25;1508547
FR0000120404;29/04/13;25.40;25.615;25.31;25.455;807349
FR0000120404;30/04/13;25.46;25.51;24.95;25.10;1352027
FR0000120503;02/04/13;21.205;22.06;21.03;21.785;2065360
FR0000120503;03/04/13;21.72;21.72;20.88;20.92;1887925
FR0000120503;04/04/13;21.085;21.46;20.82;20.87;1304572
FR0000120503;05/04/13;20.835;21.02;20.41;20.58;1454484
FR0000120503;08/04/13;20.755;20.99;20.61;20.645;1052283
FR0000120503;09/04/13;20.89;21.04;20.71;20.92;1233575
FR0000120503;10/04/13;21.08;21.28;20.875;21.09;1803544
FR0000120503;11/04/13;21.165;21.61;21.075;21.55;1348773
FR0000120503;12/04/13;21.395;21.625;21.145;21.26;942123
FR0000120503;15/04/13;21.295;21.42;21.00;21.15;1258298
FR0000120503;16/04/13;20.985;21.26;20.96;21.13;1167841
FR0000120503;17/04/13;21.37;21.375;20.74;20.915;1547727
FR0000120503;18/04/13;20.96;21.025;20.42;20.645;1608251
FR0000120503;19/04/13;20.87;21.395;20.75;21.00;1808790
FR0000120503;22/04/13;21.12;21.19;20.905;21.02;861496
FR0000120503;23/04/13;21.095;21.825;21.025;21.725;1573206
FR0000120503;24/04/13;21.73;22.195;21.73;21.985;1341700
FR0000120503;25/04/13;22.115;22.265;21.985;22.135;1030002
FR0000120503;26/04/13;22.175;22.275;21.925;22.02;1000240
FR0000120503;29/04/13;22.14;22.43;22.10;22.335;1238244
FR0000120503;30/04/13;21.18;21.35;20.975;21.19;2235174
FR0000120578;02/04/13;79.00;81.00;78.82;81.00;3752894
FR0000120578;03/04/13;80.50;80.97;80.02;80.05;3043700
FR0000120578;04/04/13;80.42;80.56;78.74;79.08;2490407
FR0000120578;05/04/13;79.15;79.30;76.74;77.56;2412861
FR0000120578;08/04/13;77.67;78.55;77.56;77.81;1365306
FR0000120578;09/04/13;78.59;79.14;78.02;78.38;2455973
FR0000120578;10/04/13;79.00;79.62;78.05;79.62;2649231
FR0000120578;11/04/13;79.64;80.69;79.15;80.31;2325734
FR0000120578;12/04/13;80.05;80.10;79.01;79.50;2216771
FR0000120578;15/04/13;79.95;82.30;79.90;81.90;4203560
FR0000120578;16/04/13;82.44;82.71;81.72;82.35;3773954
FR0000120578;17/04/13;82.35;82.46;79.54;79.68;3718008
FR0000120578;18/04/13;80.20;80.72;79.98;80.09;2258204
FR0000120578;19/04/13;80.61;80.74;79.42;80.64;3773023
FR0000120578;22/04/13;81.14;81.54;79.70;80.22;1709086
FR0000120578;23/04/13;80.70;83.59;80.64;83.59;4675197
FR0000120578;24/04/13;83.60;84.79;83.33;84.60;3823385
FR0000120578;25/04/13;84.26;84.30;82.50;82.65;3216124
FR0000120578;26/04/13;82.33;82.95;81.92;82.22;2101732
FR0000120578;29/04/13;82.86;83.60;82.57;83.45;2310308
FR0000120578;30/04/13;84.00;84.25;82.41;83.22;2437870
FR0000120628;02/04/13;13.45;13.68;13.27;13.65;8366785
FR0000120628;03/04/13;13.58;13.62;13.34;13.385;5650282
FR0000120628;04/04/13;13.435;13.68;13.24;13.27;8603806
FR0000120628;05/04/13;13.275;13.575;12.98;13.165;7898380
FR0000120628;08/04/13;13.21;13.255;13.045;13.105;4373672
FR0000120628;09/04/13;13.21;13.285;13.115;13.21;4571572
FR0000120628;10/04/13;13.285;13.76;13.26;13.705;9204454
FR0000120628;11/04/13;13.715;14.015;13.66;13.925;7898368
FR0000120628;12/04/13;13.85;13.85;13.60;13.71;5611874
FR0000120628;15/04/13;13.71;13.895;13.50;13.735;6353369
FR0000120628;16/04/13;13.595;13.645;13.415;13.485;7203536
FR0000120628;17/04/13;13.605;13.675;13.03;13.105;9451081
FR0000120628;18/04/13;13.155;13.20;12.72;12.89;10370893
FR0000120628;19/04/13;13.015;13.125;12.85;12.995;7162491
FR0000120628;22/04/13;13.10;13.25;12.94;13.03;5124142
FR0000120628;23/04/13;13.025;13.68;13.01;13.65;11485768
FR0000120628;24/04/13;13.69;14.135;13.65;14.10;12241522
FR0000120628;25/04/13;14.155;14.39;14.09;14.36;7693131
FR0000120628;26/04/13;14.28;14.32;13.935;14.19;5956756
FR0000120628;29/04/13;14.225;14.445;14.215;14.425;5883262
FR0000120628;30/04/13;14.335;14.45;14.165;14.215;6873884
FR0000120644;02/04/13;54.25;55.15;54.19;55.09;1765685
FR0000120644;03/04/13;54.89;55.40;54.70;54.81;1324334
FR0000120644;04/04/13;55.06;55.30;54.54;54.71;1330867
FR0000120644;05/04/13;54.63;54.86;53.50;54.18;1845372
FR0000120644;08/04/13;54.17;54.98;54.02;54.27;1253711
FR0000120644;09/04/13;54.50;54.68;53.20;53.55;2114705
FR0000120644;10/04/13;53.51;53.79;52.98;53.67;2831229
FR0000120644;11/04/13;53.55;54.41;53.49;54.08;1617040
FR0000120644;12/04/13;54.00;54.54;53.89;54.27;1677834
FR0000120644;15/04/13;54.10;54.52;53.64;54.46;1779298
FR0000120644;16/04/13;56.30;56.67;55.68;55.68;5541795
FR0000120644;17/04/13;56.25;56.55;54.80;55.12;4483327
FR0000120644;18/04/13;55.24;56.75;55.19;56.60;4097419
FR0000120644;19/04/13;56.69;58.72;56.27;58.72;3842711
FR0000120644;22/04/13;58.60;59.07;58.00;58.63;2326432
FR0000120644;23/04/13;58.50;59.75;58.45;59.57;2909276
FR0000120644;24/04/13;59.50;59.52;58.88;59.25;2632498
FR0000120644;25/04/13;59.06;59.30;57.87;58.39;2287375
FR0000120644;26/04/13;58.08;58.39;57.50;57.62;1548623
FR0000120644;29/04/13;57.98;58.99;57.74;58.90;1453075
FR0000120644;30/04/13;58.91;59.18;57.85;58.01;1920894
FR0000120693;02/04/13;96.48;97.97;96.48;97.50;636743
FR0000120693;03/04/13;97.34;97.96;96.64;96.78;362954
FR0000120693;04/04/13;96.90;97.11;95.22;95.40;517035
FR0000120693;05/04/13;95.25;95.36;93.43;94.38;815329
FR0000120693;08/04/13;94.48;95.62;94.27;94.91;317947
FR0000120693;09/04/13;95.27;95.48;93.72;94.35;544582
FR0000120693;10/04/13;94.43;95.83;94.19;95.31;429641
FR0000120693;11/04/13;95.17;96.37;94.90;96.11;453356
FR0000120693;12/04/13;95.74;96.28;94.99;95.65;364560
FR0000120693;15/04/13;95.19;95.52;94.44;94.56;448333
FR0000120693;16/04/13;94.44;94.66;93.47;93.61;531517
FR0000120693;17/04/13;93.77;94.16;92.28;92.80;836682
FR0000120693;18/04/13;93.02;94.36;91.97;93.19;796918
FR0000120693;19/04/13;93.68;94.69;92.41;94.53;607501
FR0000120693;22/04/13;94.72;95.59;94.46;95.51;559366
FR0000120693;23/04/13;95.70;98.43;95.70;98.00;650643
FR0000120693;24/04/13;97.95;97.95;95.62;96.90;679994
FR0000120693;25/04/13;94.11;95.57;93.15;94.89;1047328
FR0000120693;26/04/13;94.00;94.21;91.34;92.10;940949
FR0000120693;29/04/13;92.32;93.62;91.47;93.33;471810
FR0000120693;30/04/13;93.85;94.39;93.19;94.00;482003
FR0000121014;02/04/13;133.35;136.75;133.35;136.70;1134144
FR0000121014;03/04/13;136.65;137.80;135.50;135.60;684384
FR0000121014;04/04/13;135.80;136.20;133.95;134.40;734492
FR0000121014;05/04/13;134.35;134.35;129.65;129.90;1198519
FR0000121014;08/04/13;130.50;132.15;130.15;131.75;522700
FR0000121014;09/04/13;132.30;132.80;129.05;129.80;752673
FR0000121014;10/04/13;130.45;132.40;130.40;132.00;656978
FR0000121014;11/04/13;131.95;133.90;131.85;133.00;630872
FR0000121014;12/04/13;132.90;133.60;130.45;130.85;694688
FR0000121014;15/04/13;130.75;131.50;129.25;131.25;599619
FR0000121014;16/04/13;127.70;128.90;126.00;126.25;1684072
FR0000121014;17/04/13;126.55;127.50;121.75;121.75;1574792
FR0000121014;18/04/13;122.30;122.45;120.35;120.80;1206918
FR0000121014;19/04/13;122.75;123.75;121.40;123.30;1245394
FR0000121014;22/04/13;122.00;122.80;121.05;121.85;792058
FR0000121014;23/04/13;122.40;125.65;122.15;125.10;1176346
FR0000121014;24/04/13;125.90;128.80;125.30;128.20;1170408
FR0000121014;25/04/13;128.85;129.95;128.50;129.85;664715
FR0000121014;26/04/13;129.00;130.00;127.85;129.15;559531
FR0000121014;29/04/13;129.80;131.50;128.90;131.40;610716
FR0000121014;30/04/13;132.00;132.00;130.35;131.50;674535
FR0000121220;02/04/13;72.53;74.91;72.53;74.55;262375
FR0000121220;03/04/13;74.54;74.89;73.56;73.81;146837
FR0000121220;04/04/13;73.31;74.29;72.35;72.44;166636
FR0000121220;05/04/13;72.31;72.90;71.11;71.27;188624
FR0000121220;08/04/13;71.38;73.36;71.38;72.55;277793
FR0000121220;09/04/13;73.13;73.27;71.50;71.61;252142
FR0000121220;10/04/13;71.56;72.53;71.10;72.53;260802
FR0000121220;11/04/13;72.11;74.07;72.11;73.13;185890
FR0000121220;12/04/13;73.16;73.30;71.96;72.60;210467
FR0000121220;15/04/13;71.62;72.47;71.39;72.09;183206
FR0000121220;16/04/13;71.59;72.12;71.06;71.43;163907
FR0000121220;17/04/13;71.96;72.17;70.38;70.79;192011
FR0000121220;18/04/13;67.04;67.18;63.61;64.03;1002831
FR0000121220;19/04/13;64.03;64.17;62.50;62.74;524802
FR0000121220;22/04/13;63.10;63.17;62.00;62.26;455462
FR0000121220;23/04/13;62.22;65.63;62.00;64.90;595898
FR0000121220;24/04/13;64.82;65.23;63.90;64.53;471331
FR0000121220;25/04/13;64.72;65.58;64.57;65.44;254298
FR0000121220;26/04/13;65.38;65.51;64.02;64.65;239834
FR0000121220;29/04/13;64.56;65.12;64.29;64.45;186832
FR0000121220;30/04/13;64.45;64.65;63.12;63.41;383432
FR0000121261;02/04/13;65.38;66.61;64.80;66.29;675828
FR0000121261;03/04/13;66.32;67.75;66.32;66.44;641693
FR0000121261;04/04/13;66.37;67.03;64.70;64.75;951931
FR0000121261;05/04/13;65.08;65.33;62.37;63.33;1144996
FR0000121261;08/04/13;63.34;63.57;62.10;62.80;901002
FR0000121261;09/04/13;63.20;63.70;62.54;63.01;751570
FR0000121261;10/04/13;62.11;63.55;61.89;62.75;1288063
FR0000121261;11/04/13;62.83;64.19;62.61;63.87;1045417
FR0000121261;12/04/13;63.64;63.95;62.10;62.40;914956
FR0000121261;15/04/13;62.16;62.36;59.97;60.59;1189424
FR0000121261;16/04/13;59.83;61.85;59.45;60.70;1050115
FR0000121261;17/04/13;61.42;61.45;59.14;59.84;861291
FR0000121261;18/04/13;60.01;60.22;58.91;59.20;699516
FR0000121261;19/04/13;59.24;60.63;58.86;60.05;891497
FR0000121261;22/04/13;60.12;60.62;59.49;60.00;927783
FR0000121261;23/04/13;58.10;62.27;57.23;62.20;1556808
FR0000121261;24/04/13;62.05;62.74;60.85;62.31;941740
FR0000121261;25/04/13;61.73;63.43;61.56;63.21;760357
FR0000121261;26/04/13;62.98;63.94;62.17;63.85;718306
FR0000121261;29/04/13;64.00;65.29;63.56;65.29;987614
FR0000121261;30/04/13;65.10;65.43;63.90;64.13;930819
FR0000121485;02/04/13;172.30;176.00;172.30;175.40;314875
FR0000121485;03/04/13;175.35;177.45;175.05;175.45;195135
FR0000121485;04/04/13;175.50;176.20;172.15;172.55;198575
FR0000121485;05/04/13;172.30;172.40;163.55;165.35;422627
FR0000121485;08/04/13;165.40;168.75;165.25;165.80;209135
FR0000121485;09/04/13;167.20;167.60;164.00;164.70;172317
FR0000121485;10/04/13;165.90;168.50;165.05;167.85;186831
FR0000121485;11/04/13;167.85;170.55;167.85;170.55;209852
FR0000121485;12/04/13;169.90;170.50;168.35;169.15;229718
FR0000121485;15/04/13;168.65;169.05;166.50;168.15;219984
FR0000121485;16/04/13;165.50;166.45;161.85;166.35;332441
FR0000121485;17/04/13;167.05;169.50;163.05;163.70;370336
FR0000121485;18/04/13;164.10;164.55;162.15;162.75;204608
FR0000121485;19/04/13;164.00;166.10;163.40;166.00;268863
FR0000121485;22/04/13;167.00;167.55;163.15;164.65;176074
FR0000121485;23/04/13;166.40;172.50;166.00;172.50;389840
FR0000121485;24/04/13;173.25;179.80;173.20;177.55;423327
FR0000121485;25/04/13;177.30;179.45;176.85;178.50;274596
FR0000121485;26/04/13;170.45;170.60;165.20;166.50;933205
FR0000121485;29/04/13;167.10;168.15;165.70;167.00;235202
FR0000121485;30/04/13;168.30;169.05;166.70;167.05;259828
FR0000121501;02/04/13;3.487;3.551;3.32;3.497;4887140
FR0000121501;03/04/13;3.508;3.589;3.392;3.44;4034745
FR0000121501;04/04/13;3.46;3.73;3.448;3.454;5122957
FR0000121501;05/04/13;3.518;3.59;3.307;3.36;4130659
FR0000121501;08/04/13;3.412;3.457;3.336;3.348;2492081
FR0000121501;09/04/13;3.40;3.528;3.375;3.43;3379859
FR0000121501;10/04/13;3.478;3.735;3.448;3.661;4709694
FR0000121501;11/04/13;3.68;3.70;3.576;3.64;3044128
FR0000121501;12/04/13;3.62;3.63;3.408;3.443;3463710
FR0000121501;15/04/13;3.448;3.515;3.30;3.325;3270406
FR0000121501;16/04/13;3.276;3.427;3.256;3.349;2946395
FR0000121501;17/04/13;3.411;3.411;3.076;3.137;4211506
FR0000121501;18/04/13;3.165;3.207;2.969;3.125;3411575
FR0000121501;19/04/13;3.24;3.267;3.08;3.15;4150574
FR0000121501;22/04/13;3.221;3.261;3.045;3.077;2562305
FR0000121501;23/04/13;3.076;3.25;3.03;3.247;4200451
FR0000121501;24/04/13;3.50;3.889;3.452;3.815;11879259
FR0000121501;25/04/13;3.87;4.116;3.73;3.949;7049647
FR0000121501;26/04/13;3.917;4.054;3.714;4.054;5357988
FR0000121501;29/04/13;4.068;4.068;3.879;3.909;4163234
FR0000121501;30/04/13;3.928;3.995;3.807;3.88;3801127
FR0000121667;02/04/13;85.44;89.04;85.44;89.02;703487
FR0000121667;03/04/13;88.76;89.26;87.08;87.15;527645
FR0000121667;04/04/13;87.77;87.80;85.81;85.85;510376
FR0000121667;05/04/13;85.37;85.60;82.23;82.64;887103
FR0000121667;08/04/13;83.05;84.54;82.80;83.85;311749
FR0000121667;09/04/13;84.23;84.33;82.47;82.94;412780
FR0000121667;10/04/13;83.50;84.88;82.66;84.86;600272
FR0000121667;11/04/13;84.59;86.11;84.56;85.36;395949
FR0000121667;12/04/13;84.79;85.16;83.49;84.18;503145
FR0000121667;15/04/13;84.04;84.83;83.61;84.51;487172
FR0000121667;16/04/13;84.24;84.46;82.94;82.94;411569
FR0000121667;17/04/13;83.33;83.77;79.90;79.90;872403
FR0000121667;18/04/13;80.48;83.26;80.43;82.50;702522
FR0000121667;19/04/13;83.19;83.36;81.73;82.99;648321
FR0000121667;22/04/13;83.14;83.60;81.06;81.74;424453
FR0000121667;23/04/13;81.95;85.08;81.86;85.06;634965
FR0000121667;24/04/13;85.48;86.72;84.95;86.15;680297
FR0000121667;25/04/13;85.64;85.79;83.93;85.42;695500
FR0000121667;26/04/13;85.05;85.62;84.36;84.75;380244
FR0000121667;29/04/13;85.00;85.95;84.83;85.50;468923
FR0000121667;30/04/13;86.00;86.00;84.35;85.44;470488
FR0000121972;02/04/13;56.80;58.42;56.79;58.25;1887252
FR0000121972;03/04/13;57.96;58.46;57.56;57.58;1358384
FR0000121972;04/04/13;57.70;58.41;56.83;57.05;1617680
FR0000121972;05/04/13;57.23;57.81;55.51;56.07;1579487
FR0000121972;08/04/13;56.35;56.81;55.85;55.85;1001878
FR0000121972;09/04/13;56.45;56.81;55.82;56.00;925290
FR0000121972;10/04/13;56.30;57.61;56.30;57.42;1453852
FR0000121972;11/04/13;57.09;58.27;57.09;58.10;1286122
FR0000121972;12/04/13;57.81;57.97;56.55;56.75;1508285
FR0000121972;15/04/13;56.78;56.91;54.81;55.00;1858675
FR0000121972;16/04/13;54.78;55.59;54.30;54.96;1480128
FR0000121972;17/04/13;55.34;55.62;52.80;52.91;2976588
FR0000121972;18/04/13;52.93;53.74;52.49;52.86;1530307
FR0000121972;19/04/13;53.43;53.78;52.74;53.15;1754502
FR0000121972;22/04/13;54.11;54.25;53.20;53.20;1613833
FR0000121972;23/04/13;53.40;56.44;53.32;56.35;3468131
FR0000121972;24/04/13;56.63;58.28;56.14;58.28;2369413
FR0000121972;25/04/13;58.00;58.56;57.72;58.33;1520462
FR0000121972;26/04/13;58.46;58.53;57.36;57.77;1462853
FR0000121972;29/04/13;57.70;58.55;57.53;58.11;1448482
FR0000121972;30/04/13;58.13;58.36;57.38;57.90;1413929
FR0000124141;02/04/13;9.896;10.075;9.872;9.955;3128871
FR0000124141;03/04/13;9.933;10.015;9.689;9.712;3091011
FR0000124141;04/04/13;9.741;9.936;9.69;9.775;4409711
FR0000124141;05/04/13;9.807;9.95;9.548;9.604;4165909
FR0000124141;08/04/13;9.654;9.72;9.505;9.553;2987468
FR0000124141;09/04/13;9.65;9.832;9.601;9.752;3497721
FR0000124141;10/04/13;9.829;10.185;9.81;10.155;4594051
FR0000124141;11/04/13;10.155;10.29;10.09;10.15;2401891
FR0000124141;12/04/13;10.205;10.395;10.165;10.275;4286818
FR0000124141;15/04/13;10.31;10.415;10.16;10.185;2883575
FR0000124141;16/04/13;10.14;10.22;9.952;10.00;3569868
FR0000124141;17/04/13;10.10;10.12;9.82;9.966;6090818
FR0000124141;18/04/13;10.00;10.015;9.45;9.50;8096656
FR0000124141;19/04/13;9.567;9.578;9.307;9.389;4697678
FR0000124141;22/04/13;9.37;9.74;9.37;9.498;4304007
FR0000124141;23/04/13;9.521;9.788;9.521;9.738;4319337
FR0000124141;24/04/13;9.718;9.947;9.717;9.856;3558902
FR0000124141;25/04/13;9.906;10.10;9.855;10.045;3458372
FR0000124141;26/04/13;10.03;10.28;9.996;10.135;4355259
FR0000124141;29/04/13;10.145;10.44;10.14;10.395;4741958
FR0000124141;30/04/13;10.445;10.55;10.40;10.465;3928889
FR0000124711;02/04/13;182.10;187.15;181.80;186.90;402898
FR0000124711;03/04/13;186.10;188.35;185.90;187.00;399199
FR0000124711;04/04/13;187.00;187.00;184.40;185.70;460294
FR0000124711;05/04/13;185.35;186.10;182.40;182.95;381607
FR0000124711;08/04/13;183.05;184.10;181.30;183.85;268810
FR0000124711;09/04/13;184.00;184.55;181.40;181.90;307684
FR0000124711;10/04/13;182.50;185.80;182.30;184.65;366110
FR0000124711;11/04/13;183.85;188.00;183.85;187.30;301546
FR0000124711;12/04/13;187.40;191.70;187.05;190.30;457399
FR0000124711;15/04/13;188.45;189.90;186.05;186.45;333087
FR0000124711;16/04/13;185.10;188.00;184.95;186.85;264642
FR0000124711;17/04/13;187.30;187.80;182.60;183.05;391047
FR0000124711;18/04/13;183.15;184.30;182.30;184.15;294432
FR0000124711;19/04/13;184.15;187.60;183.50;187.40;507179
FR0000124711;22/04/13;187.25;190.50;187.25;189.50;272497
FR0000124711;23/04/13;188.70;196.35;188.70;195.05;447613
FR0000124711;24/04/13;194.60;200.45;194.50;198.80;459512
FR0000124711;25/04/13;198.80;199.25;192.20;194.45;547492
FR0000124711;26/04/13;194.20;196.00;192.30;194.95;423082
FR0000124711;29/04/13;195.45;199.80;195.20;199.80;327739
FR0000124711;30/04/13;200.00;202.00;197.65;198.50;370399
FR0000125007;02/04/13;28.87;29.26;28.62;29.215;1947745
FR0000125007;03/04/13;28.91;28.93;28.05;28.10;3037561
FR0000125007;04/04/13;28.23;28.695;27.715;27.785;2592943
FR0000125007;05/04/13;27.805;27.94;27.105;27.425;2593300
FR0000125007;08/04/13;27.535;27.57;27.325;27.495;1385653
FR0000125007;09/04/13;27.72;27.905;27.455;27.82;1892662
FR0000125007;10/04/13;28.025;28.825;27.905;28.70;2457189
FR0000125007;11/04/13;28.58;29.085;28.40;29.005;1931024
FR0000125007;12/04/13;28.855;29.00;28.625;28.725;1657036
FR0000125007;15/04/13;29.24;29.57;28.85;28.975;2271675
FR0000125007;16/04/13;28.81;29.11;28.59;29.00;1646370
FR0000125007;17/04/13;29.255;29.26;28.165;28.38;2630495
FR0000125007;18/04/13;28.44;28.515;27.80;27.88;1705909
FR0000125007;19/04/13;28.08;28.53;27.935;28.37;2094492
FR0000125007;22/04/13;28.62;28.86;28.355;28.625;1604616
FR0000125007;23/04/13;28.325;29.52;28.31;29.395;2621515
FR0000125007;24/04/13;29.53;30.33;29.48;30.265;2753936
FR0000125007;25/04/13;30.12;30.78;30.12;30.545;1829264
FR0000125007;26/04/13;30.665;31.31;30.12;30.255;2023465
FR0000125007;29/04/13;30.22;30.555;29.97;30.475;1260090
FR0000125007;30/04/13;30.60;30.77;30.32;30.455;1011436
FR0000125338;02/04/13;35.60;35.79;35.095;35.575;1091109
FR0000125338;03/04/13;35.60;35.86;35.36;35.47;781321
FR0000125338;04/04/13;35.59;35.815;34.99;35.095;677901
FR0000125338;05/04/13;35.06;35.27;34.36;34.74;774474
FR0000125338;08/04/13;34.955;35.00;34.245;34.38;590987
FR0000125338;09/04/13;34.605;34.845;34.24;34.535;706212
FR0000125338;10/04/13;34.61;35.35;34.61;35.315;868277
FR0000125338;11/04/13;35.31;35.865;35.265;35.71;661608
FR0000125338;12/04/13;34.65;34.85;34.065;34.25;1917515
FR0000125338;15/04/13;34.195;34.525;33.91;34.30;1084023
FR0000125338;16/04/13;34.00;34.375;33.77;34.10;777696
FR0000125338;17/04/13;34.46;34.46;33.52;33.65;964628
FR0000125338;18/04/13;33.91;33.975;33.35;33.65;1005865
FR0000125338;19/04/13;33.65;33.71;32.915;33.685;1416722
FR0000125338;22/04/13;33.69;34.10;33.475;33.70;589737
FR0000125338;23/04/13;33.81;34.75;33.63;34.70;857237
FR0000125338;24/04/13;34.635;35.175;34.46;34.965;841811
FR0000125338;25/04/13;35.07;35.45;35.07;35.335;750466
FR0000125338;26/04/13;35.39;35.39;34.91;35.01;581298
FR0000125338;29/04/13;35.11;35.45;35.05;35.31;500607
FR0000125338;30/04/13;35.45;35.675;34.925;34.925;912561
FR0000125486;02/04/13;35.135;35.795;35.105;35.60;2017266
FR0000125486;03/04/13;35.405;35.80;35.28;35.31;1663074
FR0000125486;04/04/13;35.325;36.06;35.205;35.345;2199133
FR0000125486;05/04/13;35.21;35.565;34.58;35.10;2292229
FR0000125486;08/04/13;35.285;35.53;35.19;35.21;1581774
FR0000125486;09/04/13;35.42;35.51;35.24;35.36;1812644
FR0000125486;10/04/13;35.405;36.21;35.405;36.00;1799615
FR0000125486;11/04/13;35.83;36.505;35.83;36.275;1646382
FR0000125486;12/04/13;36.07;36.27;35.665;35.86;1722983
FR0000125486;15/04/13;35.705;35.955;35.435;35.715;1776770
FR0000125486;16/04/13;35.455;35.68;35.20;35.465;1870559
FR0000125486;17/04/13;35.69;35.77;34.305;34.62;3133460
FR0000125486;18/04/13;34.65;34.795;34.26;34.525;2120399
FR0000125486;19/04/13;34.715;34.815;34.42;34.58;2266103
FR0000125486;22/04/13;34.81;35.08;34.355;34.65;1873814
FR0000125486;23/04/13;33.945;34.41;33.25;34.33;2839437
FR0000125486;24/04/13;34.47;35.34;34.435;35.185;2919596
FR0000125486;25/04/13;35.27;35.87;35.27;35.50;1761461
FR0000125486;26/04/13;36.23;36.995;35.975;36.705;4350183
FR0000125486;29/04/13;36.72;37.245;36.66;37.245;1714582
FR0000125486;30/04/13;37.315;37.415;36.50;36.56;2016148
FR0000127771;02/04/13;16.075;16.40;16.075;16.31;6207562
FR0000127771;03/04/13;16.335;16.335;15.96;15.965;4883766
FR0000127771;04/04/13;15.96;16.38;15.96;16.145;6039578
FR0000127771;05/04/13;16.20;16.40;15.985;16.10;5402382
FR0000127771;08/04/13;16.24;16.355;16.11;16.22;4682564
FR0000127771;09/04/13;16.335;16.35;16.05;16.135;3717777
FR0000127771;10/04/13;16.125;16.365;16.08;16.305;4555429
FR0000127771;11/04/13;16.34;16.535;16.26;16.465;3665017
FR0000127771;12/04/13;16.43;16.46;16.135;16.135;4136785
FR0000127771;15/04/13;16.035;16.20;15.93;16.09;3664768
FR0000127771;16/04/13;15.95;16.245;15.95;16.08;2632790
FR0000127771;17/04/13;16.13;16.165;15.73;15.81;4881308
FR0000127771;18/04/13;15.865;16.18;15.85;15.905;5164432
FR0000127771;19/04/13;16.01;16.175;15.885;16.135;5070532
FR0000127771;22/04/13;16.255;16.305;16.155;16.225;3425832
FR0000127771;23/04/13;16.17;16.575;16.105;16.56;4232096
FR0000127771;24/04/13;16.59;17.045;16.57;17.00;8006832
FR0000127771;25/04/13;17.09;17.245;16.81;17.10;5514611
FR0000127771;26/04/13;16.945;17.075;16.82;17.00;4363244
FR0000127771;29/04/13;17.07;17.295;16.92;17.28;4585950
FR0000127771;30/04/13;17.255;17.36;17.03;17.20;5495402
FR0000130577;02/04/13;52.10;53.27;52.09;53.12;741589
FR0000130577;03/04/13;53.00;54.65;52.99;53.90;837465
FR0000130577;04/04/13;55.43;56.66;54.36;54.40;995513
FR0000130577;05/04/13;54.70;54.94;53.00;53.08;636054
FR0000130577;08/04/13;53.16;53.71;52.89;52.96;465668
FR0000130577;09/04/13;53.38;53.45;52.14;52.25;622125
FR0000130577;10/04/13;52.57;53.03;52.11;53.03;519858
FR0000130577;11/04/13;53.01;54.07;53.00;54.07;463590
FR0000130577;12/04/13;54.00;54.40;53.35;54.37;725348
FR0000130577;15/04/13;54.29;54.31;50.97;51.56;1568916
FR0000130577;16/04/13;51.43;52.75;51.32;51.53;1081469
FR0000130577;17/04/13;51.76;51.99;50.01;50.15;1092249
FR0000130577;18/04/13;50.18;51.12;50.02;50.60;827562
FR0000130577;19/04/13;51.00;51.25;50.42;50.79;602890
FR0000130577;22/04/13;50.86;51.67;50.70;51.27;532001
FR0000130577;23/04/13;51.28;52.98;50.69;52.58;854097
FR0000130577;24/04/13;52.80;53.34;52.63;53.24;607693
FR0000130577;25/04/13;53.37;54.00;53.30;53.86;595623
FR0000130577;26/04/13;53.83;53.87;52.65;52.91;410321
FR0000130577;29/04/13;52.99;53.81;52.95;53.69;414337
FR0000130577;30/04/13;53.37;53.95;52.58;52.82;663594
FR0000130809;02/04/13;25.735;26.605;25.575;26.54;5952746
FR0000130809;03/04/13;26.465;26.575;25.595;25.725;4630256
FR0000130809;04/04/13;25.895;26.325;25.275;25.42;6272183
FR0000130809;05/04/13;25.50;25.835;25.005;25.395;5494458
FR0000130809;08/04/13;25.56;25.715;24.88;25.095;3911100
FR0000130809;09/04/13;25.25;25.605;24.97;25.26;5121335
FR0000130809;10/04/13;25.50;27.13;25.40;26.805;8459926
FR0000130809;11/04/13;26.705;27.455;26.39;27.19;7283704
FR0000130809;12/04/13;27.00;27.095;26.13;26.40;6468370
FR0000130809;15/04/13;26.43;26.645;25.55;26.10;5217440
FR0000130809;16/04/13;25.825;26.64;25.51;26.155;5021053
FR0000130809;17/04/13;26.355;26.515;24.925;25.175;6637282
FR0000130809;18/04/13;25.265;25.66;23.44;24.30;10565090
FR0000130809;19/04/13;24.54;25.06;24.33;24.78;5610366
FR0000130809;22/04/13;25.135;25.50;24.825;24.995;4209774
FR0000130809;23/04/13;25.04;26.79;25.01;26.76;8136860
FR0000130809;24/04/13;26.965;27.085;26.165;26.785;5979315
FR0000130809;25/04/13;26.79;27.065;26.41;26.965;3575599
FR0000130809;26/04/13;26.815;26.915;26.36;26.725;4344947
FR0000130809;29/04/13;26.93;27.40;26.805;27.20;4239802
FR0000130809;30/04/13;27.45;28.195;27.445;27.58;7354200
FR0000131104;02/04/13;40.20;41.18;39.64;40.925;5077551
FR0000131104;03/04/13;40.64;41.01;39.885;40.095;4027245
FR0000131104;04/04/13;40.475;41.355;39.54;39.83;5128772
FR0000131104;05/04/13;39.99;40.20;38.515;39.265;5417445
FR0000131104;08/04/13;39.50;39.92;39.11;39.16;3129826
FR0000131104;09/04/13;39.51;39.905;39.155;39.365;3733712
FR0000131104;10/04/13;39.64;41.80;39.50;41.465;6544709
FR0000131104;11/04/13;41.585;42.42;41.30;41.975;5388852
FR0000131104;12/04/13;41.825;41.86;40.59;40.725;6182611
FR0000131104;15/04/13;40.90;41.175;39.885;40.33;3958824
FR0000131104;16/04/13;39.975;40.90;39.715;40.12;3522198
FR0000131104;17/04/13;40.40;40.67;38.01;38.295;7264982
FR0000131104;18/04/13;38.50;39.45;37.47;38.29;7728861
FR0000131104;19/04/13;38.955;39.45;38.56;38.965;5446174
FR0000131104;22/04/13;39.555;40.02;38.78;38.96;4409094
FR0000131104;23/04/13;39.00;41.25;39.00;41.06;7476587
FR0000131104;24/04/13;41.195;41.97;40.26;41.79;6611233
FR0000131104;25/04/13;41.945;42.17;41.185;41.80;3581832
FR0000131104;26/04/13;41.76;41.95;41.28;41.58;3638094
FR0000131104;29/04/13;41.72;42.48;41.595;42.35;4147788
FR0000131104;30/04/13;42.695;43.06;42.31;42.31;5113900
FR0000131906;02/04/13;48.40;49.23;48.22;49.10;1327140
FR0000131906;03/04/13;49.00;49.555;48.80;48.925;954293
FR0000131906;04/04/13;49.72;51.05;49.45;50.38;2111749
FR0000131906;05/04/13;50.99;51.51;48.785;49.60;1793369
FR0000131906;08/04/13;49.76;49.86;48.11;48.35;1205926
FR0000131906;09/04/13;48.745;49.065;48.06;48.63;1087983
FR0000131906;10/04/13;48.105;49.195;48.105;49.06;1518540
FR0000131906;11/04/13;49.36;50.58;49.25;50.56;1169212
FR0000131906;12/04/13;50.48;50.67;49.27;49.54;1137305
FR0000131906;15/04/13;49.72;49.735;47.21;47.395;1413966
FR0000131906;16/04/13;47.10;47.125;45.945;46.90;1677315
FR0000131906;17/04/13;47.42;47.425;44.965;45.215;1606242
FR0000131906;18/04/13;45.81;46.08;44.81;45.04;1074526
FR0000131906;19/04/13;45.635;46.745;45.24;46.57;1265452
FR0000131906;22/04/13;46.95;48.215;46.925;47.645;1437285
FR0000131906;23/04/13;47.11;49.49;47.10;49.49;1294051
FR0000131906;24/04/13;49.64;50.70;49.21;50.54;1503668
FR0000131906;25/04/13;50.22;52.71;49.955;52.19;1313570
FR0000131906;26/04/13;52.16;52.36;51.19;52.36;1161651
FR0000131906;29/04/13;53.90;54.22;53.17;53.92;1563306
FR0000131906;30/04/13;53.91;54.17;52.15;52.32;1391115
FR0000133308;02/04/13;7.883;8.057;7.837;8.017;10706484
FR0000133308;03/04/13;7.849;7.864;7.60;7.663;17556667
FR0000133308;04/04/13;7.674;7.827;7.663;7.719;10497005
FR0000133308;05/04/13;7.708;7.806;7.608;7.715;9228183
FR0000133308;08/04/13;7.755;7.755;7.557;7.574;7416216
FR0000133308;09/04/13;7.615;7.787;7.601;7.708;8136723
FR0000133308;10/04/13;7.516;7.82;7.516;7.82;13567987
FR0000133308;11/04/13;7.93;8.00;7.855;7.919;11445792
FR0000133308;12/04/13;7.922;7.951;7.815;7.82;7586905
FR0000133308;15/04/13;7.838;7.892;7.702;7.75;8277622
FR0000133308;16/04/13;7.687;7.74;7.592;7.605;8566654
FR0000133308;17/04/13;7.641;7.653;7.486;7.505;11228631
FR0000133308;18/04/13;7.56;7.654;7.50;7.556;10140694
FR0000133308;19/04/13;7.647;7.701;7.57;7.606;10662697
FR0000133308;22/04/13;7.686;7.697;7.591;7.641;6589011
FR0000133308;23/04/13;7.639;7.797;7.609;7.797;10938798
FR0000133308;24/04/13;7.839;8.099;7.799;8.01;16746187
FR0000133308;25/04/13;8.061;8.227;8.00;8.171;10020652
FR0000133308;26/04/13;8.093;8.183;8.041;8.141;6573946
FR0000133308;29/04/13;8.142;8.22;8.141;8.218;7751110
FR0000133308;30/04/13;8.28;8.283;8.068;8.124;8670646
FR0010208488;02/04/13;15.105;15.555;15.065;15.525;5318966
FR0010208488;03/04/13;15.46;15.46;15.15;15.235;4109126
FR0010208488;04/04/13;15.36;15.645;15.305;15.355;4398758
FR0010208488;05/04/13;15.385;15.69;15.225;15.425;6037804
FR0010208488;08/04/13;15.51;15.56;15.19;15.25;3408102
FR0010208488;09/04/13;15.395;15.495;15.255;15.44;3666228
FR0010208488;10/04/13;15.62;16.00;15.595;15.96;6333800
FR0010208488;11/04/13;16.00;16.295;15.89;16.225;5778503
FR0010208488;12/04/13;16.295;16.325;16.085;16.165;4223111
FR0010208488;15/04/13;16.195;16.48;16.06;16.155;4865903
FR0010208488;16/04/13;16.075;16.11;15.46;15.76;7882130
FR0010208488;17/04/13;15.925;15.95;15.47;15.47;6186569
FR0010208488;18/04/13;15.54;15.60;15.225;15.32;4377995
FR0010208488;19/04/13;15.39;15.695;15.31;15.66;5800115
FR0010208488;22/04/13;15.765;15.99;15.66;15.92;4421347
FR0010208488;23/04/13;16.00;16.305;15.915;16.305;7937829
FR0010208488;24/04/13;16.34;16.68;16.26;16.595;6594822
FR0010208488;25/04/13;15.90;16.25;15.81;16.165;5965971
FR0010208488;26/04/13;16.03;16.11;15.86;15.945;3367972
FR0010208488;29/04/13;15.99;16.395;15.99;16.355;4223067
FR0010208488;30/04/13;16.50;16.50;16.30;16.30;3821949
FR0010307819;02/04/13;33.78;34.715;33.78;34.68;856548
FR0010307819;03/04/13;34.53;34.95;34.27;34.415;652699
FR0010307819;04/04/13;34.39;34.56;33.835;33.97;582572
FR0010307819;05/04/13;33.99;34.15;32.875;33.045;789464
FR0010307819;08/04/13;33.12;33.40;33.07;33.16;384888
FR0010307819;09/04/13;33.21;33.455;33.115;33.345;542332
FR0010307819;10/04/13;33.42;34.06;33.235;34.05;674216
FR0010307819;11/04/13;33.855;34.53;33.85;34.50;499908
FR0010307819;12/04/13;34.335;34.435;33.805;34.00;639539
FR0010307819;15/04/13;33.91;34.06;33.60;33.88;527477
FR0010307819;16/04/13;33.67;34.05;33.42;33.64;570601
FR0010307819;17/04/13;33.725;33.825;32.81;32.97;874005
FR0010307819;18/04/13;32.925;33.585;32.79;33.01;700479
FR0010307819;19/04/13;33.11;33.48;32.865;33.20;559467
FR0010307819;22/04/13;33.205;33.535;32.965;33.075;335987
FR0010307819;23/04/13;33.145;34.15;32.94;34.13;894250
FR0010307819;24/04/13;34.125;34.65;33.91;34.50;713702
FR0010307819;25/04/13;34.49;35.11;34.49;35.065;488999
FR0010307819;26/04/13;35.075;35.24;34.855;35.045;469121
FR0010307819;29/04/13;35.06;35.595;35.06;35.52;516831
FR0010307819;30/04/13;35.605;35.705;35.125;35.385;729990
FR0013176526;02/04/13;14.07;14.185;13.8783;14.135;1227459
FR0013176526;03/04/13;14.19;14.38;14.1683;14.285;1195131
FR0013176526;04/04/13;14.3067;14.375;13.9617;14.0217;1407633
FR0013176526;05/04/13;14.0667;14.0667;13.6483;13.77;1821300
FR0013176526;08/04/13;13.8017;13.8767;13.6733;13.725;1253697
FR0013176526;09/04/13;13.7667;13.80;13.60;13.6383;1112400
FR0013176526;10/04/13;13.6033;14.0683;13.59;14.0033;1885833
FR0013176526;11/04/13;14.0367;14.1983;13.965;14.1267;841533
FR0013176526;12/04/13;14.10;14.1217;13.67;13.885;1541373
FR0013176526;15/04/13;13.8517;13.865;13.0433;13.245;2137236
FR0013176526;16/04/13;13.1917;13.315;13.0767;13.19;1182546
FR0013176526;17/04/13;13.3083;13.33;12.9467;13.0333;1440120
FR0013176526;18/04/13;13.0967;13.1967;12.8583;12.8983;1581903
FR0013176526;19/04/13;13.0133;13.0767;12.8833;13.015;974457
FR0013176526;22/04/13;13.0233;13.2533;12.9433;13.0683;968553
FR0013176526;23/04/13;13.0667;13.7833;13.0417;13.7833;1134423
FR0013176526;24/04/13;13.7683;14.0067;13.625;13.9917;1062789
FR0013176526;25/04/13;14.13;14.6167;14.1167;14.4533;2523483
FR0013176526;26/04/13;14.45;14.7533;14.2983;14.7333;1458474
FR0013176526;29/04/13;14.8033;14.9483;14.7617;14.9483;1155639
FR0013176526;30/04/13;14.9667;14.9667;14.465;14.70;1689372
GB00BDSFG982;02/04/13;40.51;41.39;40.50;41.005;1132338
GB00BDSFG982;03/04/13;41.465;42.41;41.375;41.945;1593368
GB00BDSFG982;04/04/13;41.915;42.095;41.54;41.76;852540
GB00BDSFG982;05/04/13;41.85;41.885;40.65;40.885;783888
GB00BDSFG982;08/04/13;41.51;42.085;41.395;41.985;908850
GB00BDSFG982;09/04/13;42.01;42.10;40.89;41.205;914156
GB00BDSFG982;10/04/13;41.495;41.56;41.16;41.235;1002040
GB00BDSFG982;11/04/13;41.17;41.495;41.11;41.24;634106
GB00BDSFG982;12/04/13;41.225;41.415;40.83;40.96;681234
GB00BDSFG982;15/04/13;40.905;41.16;39.50;39.725;823264
GB00BDSFG982;16/04/13;39.505;39.745;38.705;38.775;914268
GB00BDSFG982;17/04/13;39.545;39.55;37.92;38.18;1311278
GB00BDSFG982;18/04/13;38.02;38.215;37.515;37.515;811712
GB00BDSFG982;19/04/13;37.985;38.22;37.37;38.22;1195000
GB00BDSFG982;22/04/13;38.65;38.67;38.08;38.23;924562
GB00BDSFG982;23/04/13;38.015;38.70;38.005;38.645;779002
GB00BDSFG982;24/04/13;38.745;39.595;38.72;39.515;902410
GB00BDSFG982;25/04/13;39.19;41.97;39.19;41.735;1630344
GB00BDSFG982;26/04/13;41.58;41.63;41.195;41.375;612400
GB00BDSFG982;29/04/13;41.435;41.635;40.875;41.15;580460
GB00BDSFG982;30/04/13;41.445;41.45;40.675;40.75;835562
LU1598757687;02/04/13;30.045;30.15;28.818;28.851;7978715
LU1598757687;03/04/13;28.71;28.95;27.855;28.905;6310482
LU1598757687;04/04/13;28.998;29.598;28.539;28.539;6552590
LU1598757687;05/04/13;28.557;28.629;27.24;27.738;6912486
LU1598757687;08/04/13;27.939;28.215;27.384;27.891;3631987
LU1598757687;09/04/13;28.29;28.962;28.29;28.797;4290269
LU1598757687;10/04/13;28.923;29.319;28.698;28.803;4382818
LU1598757687;11/04/13;28.632;28.728;27.87;28.392;4383152
LU1598757687;12/04/13;28.455;29.031;27.927;27.99;3903486
LU1598757687;15/04/13;27.90;28.029;26.703;27.015;5916464
LU1598757687;16/04/13;26.94;27.54;26.805;27.00;4358400
LU1598757687;17/04/13;27.126;27.126;25.983;26.031;6759647
LU1598757687;18/04/13;26.121;26.565;25.56;25.95;5237215
LU1598757687;19/04/13;26.34;26.787;26.115;26.292;4940977
LU1598757687;22/04/13;26.565;26.718;26.115;26.28;3992959
LU1598757687;23/04/13;26.49;27.24;26.226;27.234;4611716
LU1598757687;24/04/13;27.267;28.14;27.24;28.068;3899255
LU1598757687;25/04/13;28.347;28.845;28.068;28.662;3501730
LU1598757687;26/04/13;28.698;28.698;27.684;27.87;2885899
LU1598757687;29/04/13;28.344;28.884;28.233;28.446;2427655
LU1598757687;30/04/13;28.656;28.737;27.486;27.876;3143879
NL0000226223;02/04/13;6.144;6.246;6.068;6.161;5171153
NL0000226223;03/04/13;6.093;6.199;6.057;6.17;3274235
NL0000226223;04/04/13;6.16;6.17;5.879;5.90;5325514
NL0000226223;05/04/13;5.961;5.97;5.721;5.77;4417800
NL0000226223;08/04/13;5.829;5.877;5.727;5.73;2754790
NL0000226223;09/04/13;5.75;5.814;5.737;5.765;2913318
NL0000226223;10/04/13;5.793;5.94;5.783;5.94;4067089
NL0000226223;11/04/13;5.94;6.138;5.94;6.138;2917283
NL0000226223;12/04/13;6.078;6.078;5.94;5.951;4807261
NL0000226223;15/04/13;5.951;5.973;5.896;5.93;3278006
NL0000226223;16/04/13;5.851;5.919;5.817;5.919;3685233
NL0000226223;17/04/13;5.851;5.88;5.548;5.59;7412983
NL0000226223;18/04/13;5.609;5.674;5.52;5.53;4422846
NL0000226223;19/04/13;5.65;5.67;5.507;5.539;3923493
NL0000226223;22/04/13;5.582;5.712;5.55;5.61;3433109
NL0000226223;23/04/13;5.629;6.165;5.61;6.102;8761688
NL0000226223;24/04/13;6.129;6.324;6.068;6.324;4934769
NL0000226223;25/04/13;6.305;6.496;6.20;6.421;3460081
NL0000226223;26/04/13;6.442;6.446;6.351;6.404;3828858
NL0000226223;29/04/13;6.399;6.541;6.377;6.46;3436044
NL0000226223;30/04/13;6.527;6.602;6.465;6.601;3651641
NL0000235190;02/04/13;39.93;41.23;39.90;41.115;2830362
NL0000235190;03/04/13;41.055;41.29;40.335;40.335;2481741
NL0000235190;04/04/13;40.00;40.395;39.14;39.25;3950693
NL0000235190;05/04/13;39.015;39.28;37.845;38.28;3755064
NL0000235190;08/04/13;38.28;39.405;38.24;38.71;2451022
NL0000235190;09/04/13;37.00;38.19;36.92;37.60;10143905
NL0000235190;10/04/13;37.80;38.475;37.62;38.475;3309975
NL0000235190;11/04/13;38.28;38.58;38.155;38.38;2367993
NL0000235190;12/04/13;38.255;38.385;37.18;37.655;2483289
NL0000235190;15/04/13;37.52;37.74;37.25;37.505;1809212
NL0000235190;16/04/13;37.165;37.89;37.045;37.195;2086546
NL0000235190;17/04/13;38.50;39.30;38.42;39.00;13373819
NL0000235190;18/04/13;39.00;39.09;38.58;38.795;4213754
NL0000235190;19/04/13;39.20;39.93;38.85;39.93;4647286
NL0000235190;22/04/13;40.50;40.59;39.20;39.395;3274549
NL0000235190;23/04/13;39.63;40.75;39.52;40.615;4458794
NL0000235190;24/04/13;40.825;41.02;40.115;40.91;2604375
NL0000235190;25/04/13;41.055;41.25;40.37;40.65;2138015
NL0000235190;26/04/13;39.90;40.11;39.65;40.00;5060324
NL0000235190;29/04/13;40.00;40.37;39.80;39.865;2619732
NL0000235190;30/04/13;40.195;40.295;39.67;40.105;2391942
