FR0000045072;03/12/18;11.19;11.238;11.028;11.084;4938826
FR0000045072;04/12/18;11.01;11.072;10.838;10.838;5139056
FR0000045072;05/12/18;10.734;10.864;10.588;10.73;4498923
FR0000045072;06/12/18;10.62;10.622;10.104;10.212;10857788
FR0000045072;07/12/18;10.228;10.306;10.138;10.192;6777552
FR0000045072;10/12/18;10.102;10.182;9.853;9.89;9204334
FR0000045072;11/12/18;9.911;10.08;9.861;9.886;8498017
FR0000045072;12/12/18;9.891;10.282;9.865;10.232;10620690
FR0000045072;13/12/18;10.348;10.462;10.222;10.242;6841428
FR0000045072;14/12/18;10.132;10.15;9.93;10.136;5595892
FR0000045072;17/12/18;10.116;10.148;9.911;9.911;6949562
FR0000045072;18/12/18;9.885;10.002;9.826;9.85;7193048
FR0000045072;19/12/18;9.90;9.992;9.872;9.872;5553581
FR0000045072;20/12/18;9.719;9.719;9.454;9.477;9753837
FR0000045072;21/12/18;9.474;9.475;9.192;9.435;16243363
FR0000045072;24/12/18;9.305;9.343;9.228;9.288;1894817
FR0000045072;27/12/18;9.40;9.49;9.098;9.173;7297581
FR0000045072;28/12/18;9.249;9.466;9.215;9.406;5979391
FR0000045072;31/12/18;9.44;9.45;9.369;9.43;1618681
FR0000051732;03/12/18;76.58;77.48;74.62;75.34;304630
FR0000051732;04/12/18;74.68;75.38;73.20;73.52;344755
FR0000051732;05/12/18;72.04;74.02;71.20;72.36;322920
FR0000051732;06/12/18;71.32;71.32;67.50;67.66;626704
FR0000051732;07/12/18;68.78;70.20;67.88;67.88;385205
FR0000051732;10/12/18;67.40;67.62;65.80;66.50;440355
FR0000051732;11/12/18;67.36;68.68;66.56;68.00;475230
FR0000051732;12/12/18;68.86;72.82;67.74;72.36;574462
FR0000051732;13/12/18;72.96;73.70;70.62;70.70;463782
FR0000051732;14/12/18;70.00;70.00;67.94;69.20;453201
FR0000051732;17/12/18;68.78;69.58;66.56;67.98;419422
FR0000051732;18/12/18;67.96;71.48;67.36;69.68;573404
FR0000051732;19/12/18;69.76;72.24;69.52;71.62;517501
FR0000051732;20/12/18;70.20;71.88;69.84;70.64;501616
FR0000051732;21/12/18;70.40;71.50;68.84;70.00;1037121
FR0000051732;24/12/18;68.90;69.54;68.00;68.58;126919
FR0000051732;27/12/18;70.00;71.60;67.42;68.50;550960
FR0000051732;28/12/18;69.50;71.10;68.42;70.64;343616
FR0000051732;31/12/18;71.10;71.70;69.90;71.48;113863
FR0000052292;03/12/18;487.10;496.60;486.00;493.70;81256
FR0000052292;04/12/18;489.90;498.60;489.90;495.80;67099
FR0000052292;05/12/18;490.30;495.10;487.30;487.50;53249
FR0000052292;06/12/18;485.10;486.20;476.40;478.10;98897
FR0000052292;07/12/18;480.00;488.70;479.40;482.10;75281
FR0000052292;10/12/18;480.20;480.20;470.60;472.30;82126
FR0000052292;11/12/18;473.00;481.70;472.20;479.00;69701
FR0000052292;12/12/18;481.60;483.00;474.80;481.30;77298
FR0000052292;13/12/18;484.30;492.70;483.80;490.50;87357
FR0000052292;14/12/18;485.50;488.30;480.70;485.80;81382
FR0000052292;17/12/18;483.20;485.20;475.00;476.80;95477
FR0000052292;18/12/18;474.20;479.50;472.90;474.10;68573
FR0000052292;19/12/18;474.10;482.40;473.20;477.30;58802
FR0000052292;20/12/18;472.50;477.80;471.70;473.30;58617
FR0000052292;21/12/18;471.30;478.90;470.10;475.40;105066
FR0000052292;24/12/18;473.50;473.70;463.50;463.50;26785
FR0000052292;27/12/18;468.00;475.00;464.00;469.30;73592
FR0000052292;28/12/18;470.40;477.70;469.60;476.80;56824
FR0000052292;31/12/18;478.30;484.80;478.30;484.80;24095
FR0000073272;03/12/18;112.55;112.55;110.45;112.15;790972
FR0000073272;04/12/18;112.05;112.70;111.45;111.75;953192
FR0000073272;05/12/18;110.75;110.95;109.05;109.10;669097
FR0000073272;06/12/18;108.00;108.30;105.85;106.00;1121908
FR0000073272;07/12/18;106.75;107.75;105.65;105.65;863398
FR0000073272;10/12/18;105.50;105.85;102.55;102.55;1039897
FR0000073272;11/12/18;103.05;105.65;102.45;105.30;1141061
FR0000073272;12/12/18;106.10;109.10;105.60;108.65;1061078
FR0000073272;13/12/18;108.75;109.60;108.10;108.60;709373
FR0000073272;14/12/18;107.60;108.90;107.00;108.20;706648
FR0000073272;17/12/18;108.20;108.60;106.75;107.60;795058
FR0000073272;18/12/18;107.50;108.50;106.60;107.20;794484
FR0000073272;19/12/18;107.00;107.70;105.95;106.35;811476
FR0000073272;20/12/18;105.40;105.45;103.25;104.10;1139693
FR0000073272;21/12/18;103.45;103.60;101.30;102.65;1926257
FR0000073272;24/12/18;101.70;102.55;101.05;101.60;218348
FR0000073272;27/12/18;102.50;102.75;99.98;100.70;812107
FR0000073272;28/12/18;101.25;103.85;101.00;103.10;677330
FR0000073272;31/12/18;103.40;105.40;103.10;105.40;240481
FR0000120073;03/12/18;109.50;109.80;106.75;107.00;882198
FR0000120073;04/12/18;107.00;107.70;106.30;107.20;828305
FR0000120073;05/12/18;106.15;106.70;105.90;106.10;633489
FR0000120073;06/12/18;105.85;106.30;103.50;104.10;1486038
FR0000120073;07/12/18;104.85;106.90;104.65;105.45;1012062
FR0000120073;10/12/18;104.60;106.70;103.80;105.35;1145982
FR0000120073;11/12/18;105.75;107.60;105.65;106.10;939390
FR0000120073;12/12/18;106.70;108.45;106.40;107.30;1000583
FR0000120073;13/12/18;107.30;107.95;106.30;107.40;979784
FR0000120073;14/12/18;106.60;107.80;106.05;107.20;714662
FR0000120073;17/12/18;107.00;107.55;105.80;106.35;726886
FR0000120073;18/12/18;105.75;106.40;105.25;105.25;888743
FR0000120073;19/12/18;105.80;107.65;105.15;107.65;1214358
FR0000120073;20/12/18;106.15;106.85;105.45;106.80;1227988
FR0000120073;21/12/18;106.55;107.90;106.20;107.60;1937650
FR0000120073;24/12/18;106.80;107.05;106.20;106.80;208104
FR0000120073;27/12/18;107.50;107.80;104.15;104.85;1031010
FR0000120073;28/12/18;105.60;106.90;105.40;106.25;653823
FR0000120073;31/12/18;107.05;108.45;106.90;108.45;267446
FR0000120172;03/12/18;16.04;16.10;14.98;14.98;8562743
FR0000120172;04/12/18;15.19;15.605;15.155;15.30;5630580
FR0000120172;05/12/18;15.145;15.26;14.91;14.91;4419817
FR0000120172;06/12/18;14.90;14.945;14.25;14.395;6667851
FR0000120172;07/12/18;14.47;14.865;14.395;14.58;3717234
FR0000120172;10/12/18;14.58;14.80;14.42;14.67;4970299
FR0000120172;11/12/18;14.80;15.26;14.795;14.855;5167133
FR0000120172;12/12/18;14.99;15.205;14.845;15.145;3504110
FR0000120172;13/12/18;15.225;15.30;15.01;15.23;2984882
FR0000120172;14/12/18;15.05;15.13;14.86;14.925;3266033
FR0000120172;17/12/18;14.85;15.01;14.61;14.61;3539549
FR0000120172;18/12/18;14.60;14.82;14.40;14.645;4195477
FR0000120172;19/12/18;14.60;15.03;14.60;14.91;4103040
FR0000120172;20/12/18;14.79;14.935;14.74;14.85;3733445
FR0000120172;21/12/18;14.85;14.90;14.38;14.83;6014637
FR0000120172;24/12/18;14.59;14.73;14.485;14.51;1242298
FR0000120172;27/12/18;14.73;14.875;14.36;14.505;2048421
FR0000120172;28/12/18;14.505;15.00;14.50;14.825;2473519
FR0000120172;31/12/18;14.90;14.99;14.78;14.91;810176
FR0000120271;03/12/18;50.99;50.99;49.755;49.815;7597964
FR0000120271;04/12/18;49.89;50.17;49.395;49.495;6614091
FR0000120271;05/12/18;49.09;49.205;48.725;48.805;5430691
FR0000120271;06/12/18;48.435;48.57;47.125;47.385;11426116
FR0000120271;07/12/18;47.525;49.26;47.525;48.165;9268952
FR0000120271;10/12/18;47.87;48.23;47.11;47.34;7871712
FR0000120271;11/12/18;47.535;48.315;47.41;47.765;7313051
FR0000120271;12/12/18;47.91;48.775;47.84;48.47;7733000
FR0000120271;13/12/18;48.145;49.14;48.10;48.94;8408843
FR0000120271;14/12/18;48.605;49.495;48.605;49.10;8072261
FR0000120271;17/12/18;48.82;49.185;48.505;48.615;6245522
FR0000120271;18/12/18;47.81;47.975;46.755;46.755;10947130
FR0000120271;19/12/18;46.67;47.03;46.51;46.83;8106645
FR0000120271;20/12/18;46.33;46.33;45.575;45.895;8366364
FR0000120271;21/12/18;45.90;46.045;45.085;46.045;13466366
FR0000120271;24/12/18;45.98;46.04;45.23;45.23;1570694
FR0000120271;27/12/18;46.195;46.195;44.78;45.35;7100497
FR0000120271;28/12/18;45.555;46.505;45.53;46.085;5778811
FR0000120271;31/12/18;46.59;46.755;46.16;46.18;2060626
FR0000120321;03/12/18;212.10;214.10;210.20;212.20;708277
FR0000120321;04/12/18;211.20;214.30;211.10;212.50;544884
FR0000120321;05/12/18;210.50;211.90;209.00;209.20;455354
FR0000120321;06/12/18;208.00;209.10;202.00;202.90;808536
FR0000120321;07/12/18;204.50;209.40;203.90;206.00;617331
FR0000120321;10/12/18;206.50;209.80;205.90;206.50;553515
FR0000120321;11/12/18;208.00;209.90;207.30;207.70;540588
FR0000120321;12/12/18;209.60;211.80;209.30;209.50;568523
FR0000120321;13/12/18;210.20;211.90;206.80;207.00;761896
FR0000120321;14/12/18;205.90;207.00;203.30;204.30;686736
FR0000120321;17/12/18;204.10;205.30;202.40;203.30;462495
FR0000120321;18/12/18;203.20;203.70;201.70;202.50;553302
FR0000120321;19/12/18;203.60;204.00;202.00;203.10;570313
FR0000120321;20/12/18;202.00;203.50;200.90;201.60;588414
FR0000120321;21/12/18;201.00;201.70;198.05;200.70;1223003
FR0000120321;24/12/18;198.80;200.50;197.10;197.65;141658
FR0000120321;27/12/18;199.15;199.80;193.20;195.60;595549
FR0000120321;28/12/18;196.95;199.45;196.45;198.10;399520
FR0000120321;31/12/18;198.05;201.30;197.50;201.20;157403
FR0000120404;03/12/18;40.04;40.35;38.41;38.93;1484480
FR0000120404;04/12/18;39.10;39.40;38.68;38.88;1024510
FR0000120404;05/12/18;38.54;38.90;38.29;38.51;634364
FR0000120404;06/12/18;38.24;38.31;36.94;36.98;1435362
FR0000120404;07/12/18;37.36;38.15;37.36;37.64;993421
FR0000120404;10/12/18;37.48;37.77;36.74;36.74;1068406
FR0000120404;11/12/18;36.60;38.07;36.60;37.55;877155
FR0000120404;12/12/18;37.77;38.55;37.46;38.48;1103028
FR0000120404;13/12/18;38.69;38.75;37.95;37.95;663107
FR0000120404;14/12/18;37.91;37.91;37.37;37.77;742522
FR0000120404;17/12/18;37.81;38.07;37.65;37.92;547228
FR0000120404;18/12/18;37.93;37.94;36.36;36.36;1280555
FR0000120404;19/12/18;36.50;37.12;36.50;36.61;903020
FR0000120404;20/12/18;36.30;36.77;35.76;36.14;1227977
FR0000120404;21/12/18;36.04;36.10;35.48;35.73;1468349
FR0000120404;24/12/18;35.46;36.20;35.30;36.20;441361
FR0000120404;27/12/18;36.12;36.20;35.36;35.62;972935
FR0000120404;28/12/18;35.75;36.53;35.70;36.44;608698
FR0000120404;31/12/18;36.73;37.11;36.60;37.11;220390
FR0000120503;03/12/18;34.70;34.70;33.58;33.76;1355854
FR0000120503;04/12/18;33.68;34.01;33.27;33.50;1096319
FR0000120503;05/12/18;33.21;33.83;32.91;33.36;846893
FR0000120503;06/12/18;33.25;33.27;31.77;31.77;1765569
FR0000120503;07/12/18;32.12;33.26;32.09;32.99;1289140
FR0000120503;10/12/18;32.84;32.94;32.08;32.08;985851
FR0000120503;11/12/18;32.45;33.28;32.44;33.04;1006851
FR0000120503;12/12/18;33.29;34.00;33.02;33.75;1162743
FR0000120503;13/12/18;33.74;34.05;33.07;33.17;964051
FR0000120503;14/12/18;32.87;33.20;32.63;33.10;760788
FR0000120503;17/12/18;33.27;33.30;32.50;32.50;944656
FR0000120503;18/12/18;32.50;32.61;31.85;31.85;1023409
FR0000120503;19/12/18;31.80;32.11;31.71;31.90;1252080
FR0000120503;20/12/18;31.48;31.48;30.39;30.39;1848433
FR0000120503;21/12/18;30.21;30.94;30.04;30.84;2014464
FR0000120503;24/12/18;30.80;30.99;30.62;30.91;425940
FR0000120503;27/12/18;31.31;31.45;30.06;30.26;767731
FR0000120503;28/12/18;30.11;31.03;30.10;30.99;631761
FR0000120503;31/12/18;31.09;31.42;30.85;31.34;300635
FR0000120578;03/12/18;79.49;80.10;77.87;78.22;2973138
FR0000120578;04/12/18;78.25;79.71;77.99;79.09;2186534
FR0000120578;05/12/18;78.57;78.82;77.85;78.07;1989208
FR0000120578;06/12/18;77.57;77.79;75.04;75.62;3416670
FR0000120578;07/12/18;75.98;77.86;75.87;76.55;3122152
FR0000120578;10/12/18;76.84;77.85;76.73;76.91;2832186
FR0000120578;11/12/18;79.49;79.50;77.94;78.09;2815967
FR0000120578;12/12/18;78.23;80.17;77.98;79.79;3138234
FR0000120578;13/12/18;80.10;80.12;78.08;78.60;3543604
FR0000120578;14/12/18;78.20;78.82;77.73;78.24;2680637
FR0000120578;17/12/18;77.86;78.24;77.01;77.42;2309919
FR0000120578;18/12/18;77.01;77.18;76.05;76.21;2574330
FR0000120578;19/12/18;76.54;77.21;76.31;76.81;2910194
FR0000120578;20/12/18;75.99;76.45;75.48;76.15;3016900
FR0000120578;21/12/18;75.33;75.68;73.85;75.68;5530148
FR0000120578;24/12/18;75.05;75.13;74.24;74.24;609704
FR0000120578;27/12/18;74.50;75.21;72.92;73.76;2308799
FR0000120578;28/12/18;74.14;75.49;74.14;75.22;1798526
FR0000120578;31/12/18;75.48;75.77;74.97;75.66;614547
FR0000120628;03/12/18;21.995;22.00;21.55;21.58;6511305
FR0000120628;04/12/18;21.415;21.48;21.10;21.24;7751295
FR0000120628;05/12/18;21.02;21.06;20.575;20.65;10353216
FR0000120628;06/12/18;20.51;20.535;19.722;19.972;16183099
FR0000120628;07/12/18;20.00;20.075;19.72;19.72;9399788
FR0000120628;10/12/18;19.61;19.72;19.162;19.36;13416978
FR0000120628;11/12/18;19.364;19.518;18.86;19.192;12442985
FR0000120628;12/12/18;19.292;19.53;19.242;19.354;8560870
FR0000120628;13/12/18;19.464;19.622;19.28;19.316;7423100
FR0000120628;14/12/18;19.246;19.258;18.96;19.198;8178725
FR0000120628;17/12/18;19.114;19.196;18.928;19.02;8420881
FR0000120628;18/12/18;18.916;19.246;18.908;18.97;9023020
FR0000120628;19/12/18;18.982;19.04;18.928;18.952;8302830
FR0000120628;20/12/18;18.566;18.764;18.51;18.688;12785328
FR0000120628;21/12/18;18.56;18.858;18.55;18.796;16983133
FR0000120628;24/12/18;18.692;18.784;18.612;18.768;2247153
FR0000120628;27/12/18;18.888;18.978;18.398;18.54;9632752
FR0000120628;28/12/18;18.57;18.984;18.558;18.78;7163725
FR0000120628;31/12/18;18.974;18.998;18.802;18.858;1756034
FR0000120644;03/12/18;66.69;66.69;65.07;65.42;1853694
FR0000120644;04/12/18;65.11;65.96;65.11;65.53;1257407
FR0000120644;05/12/18;65.36;65.42;64.37;64.59;1517939
FR0000120644;06/12/18;64.05;65.04;63.02;63.43;2648248
FR0000120644;07/12/18;63.78;64.60;63.61;63.80;1471758
FR0000120644;10/12/18;63.81;64.08;62.67;62.97;1761133
FR0000120644;11/12/18;63.22;63.47;62.81;62.81;2044040
FR0000120644;12/12/18;63.34;64.44;63.19;64.13;2233377
FR0000120644;13/12/18;64.45;64.50;63.76;64.32;1350327
FR0000120644;14/12/18;64.21;64.47;63.72;64.08;1500913
FR0000120644;17/12/18;63.75;64.06;62.99;63.23;1232271
FR0000120644;18/12/18;63.31;63.52;62.46;62.69;1661003
FR0000120644;19/12/18;62.89;63.02;62.43;62.82;1694844
FR0000120644;20/12/18;62.27;62.50;61.72;62.26;2020619
FR0000120644;21/12/18;62.20;62.40;61.24;62.23;3930811
FR0000120644;24/12/18;61.68;61.84;61.03;61.62;472704
FR0000120644;27/12/18;61.75;61.89;59.72;60.28;1947443
FR0000120644;28/12/18;60.20;61.04;60.20;60.67;1736288
FR0000120644;31/12/18;60.52;61.51;60.52;61.51;392518
FR0000120693;03/12/18;143.55;143.90;140.45;141.00;353079
FR0000120693;04/12/18;140.70;142.75;140.65;142.30;433013
FR0000120693;05/12/18;141.70;143.60;141.30;142.00;315736
FR0000120693;06/12/18;141.20;141.40;137.35;137.95;654839
FR0000120693;07/12/18;138.15;140.05;137.95;138.00;446991
FR0000120693;10/12/18;137.75;138.85;137.40;137.45;460061
FR0000120693;11/12/18;137.65;141.30;137.20;140.50;565198
FR0000120693;12/12/18;145.15;148.80;144.30;148.80;1182117
FR0000120693;13/12/18;149.95;150.40;147.60;148.20;608543
FR0000120693;14/12/18;147.40;149.70;146.50;148.40;512300
FR0000120693;17/12/18;147.85;149.00;146.65;146.65;513248
FR0000120693;18/12/18;146.70;147.90;144.85;144.85;757225
FR0000120693;19/12/18;145.50;146.25;144.95;145.60;594363
FR0000120693;20/12/18;145.30;145.90;143.75;144.00;797346
FR0000120693;21/12/18;143.95;144.10;141.80;142.30;1351340
FR0000120693;24/12/18;140.80;142.85;139.55;141.65;176448
FR0000120693;27/12/18;142.20;143.35;138.85;139.85;588753
FR0000120693;28/12/18;139.90;142.50;139.90;141.40;415694
FR0000120693;31/12/18;141.50;143.30;141.50;143.30;113277
FR0000121014;03/12/18;260.50;269.05;260.10;265.25;1373047
FR0000121014;04/12/18;261.15;264.45;258.80;261.85;797446
FR0000121014;05/12/18;257.50;262.05;256.90;259.50;445436
FR0000121014;06/12/18;256.00;256.00;246.55;247.90;1196304
FR0000121014;07/12/18;249.95;254.70;249.50;249.50;648880
FR0000121014;10/12/18;246.85;248.25;242.30;243.25;846742
FR0000121014;11/12/18;248.35;254.20;245.55;249.25;906181
FR0000121014;12/12/18;250.75;256.15;248.40;254.35;622217
FR0000121014;13/12/18;256.20;256.85;252.35;255.85;632507
FR0000121014;14/12/18;248.90;253.85;248.00;251.95;836436
FR0000121014;17/12/18;250.00;250.90;247.50;250.10;647287
FR0000121014;18/12/18;248.00;256.05;247.80;252.00;954683
FR0000121014;19/12/18;253.60;256.30;251.85;252.40;734756
FR0000121014;20/12/18;248.90;253.85;248.45;250.10;823637
FR0000121014;21/12/18;249.35;254.70;246.85;253.45;1487377
FR0000121014;24/12/18;250.90;250.90;243.50;245.15;223339
FR0000121014;27/12/18;252.50;252.50;243.20;247.15;639884
FR0000121014;28/12/18;250.75;254.35;248.40;252.75;554727
FR0000121014;31/12/18;253.55;259.25;253.55;258.20;207853
FR0000121220;03/12/18;92.30;93.14;91.32;91.34;309417
FR0000121220;04/12/18;91.26;91.68;89.46;90.28;300643
FR0000121220;05/12/18;89.98;90.20;89.34;89.46;197993
FR0000121220;06/12/18;89.02;89.24;87.08;87.82;329719
FR0000121220;07/12/18;88.42;90.58;87.96;88.22;233777
FR0000121220;10/12/18;88.00;89.52;88.00;88.52;251720
FR0000121220;11/12/18;89.04;90.74;88.88;89.22;315267
FR0000121220;12/12/18;89.80;92.64;88.94;92.04;392683
FR0000121220;13/12/18;92.10;92.70;90.96;91.46;325343
FR0000121220;14/12/18;91.32;91.50;89.86;90.44;327880
FR0000121220;17/12/18;90.62;91.20;90.14;90.26;244600
FR0000121220;18/12/18;90.44;90.56;89.32;89.50;361801
FR0000121220;19/12/18;90.24;91.36;89.78;91.16;284925
FR0000121220;20/12/18;90.40;90.66;88.52;88.52;349310
FR0000121220;21/12/18;88.50;89.22;86.94;88.74;638487
FR0000121220;24/12/18;88.24;88.50;87.04;87.04;46850
FR0000121220;27/12/18;88.00;88.24;85.90;86.40;290798
FR0000121220;28/12/18;86.74;88.72;86.68;87.80;211883
FR0000121220;31/12/18;87.88;89.58;87.88;89.50;67919
FR0000121261;03/12/18;96.10;96.46;92.34;92.56;860574
FR0000121261;04/12/18;92.30;92.58;90.38;90.94;725006
FR0000121261;05/12/18;90.08;91.24;89.84;90.36;480928
FR0000121261;06/12/18;89.28;89.46;86.70;86.90;839557
FR0000121261;07/12/18;87.32;88.02;86.20;86.20;481329
FR0000121261;10/12/18;85.78;86.76;85.02;85.16;570498
FR0000121261;11/12/18;85.84;87.78;85.06;86.36;737064
FR0000121261;12/12/18;87.22;89.48;86.30;89.08;639749
FR0000121261;13/12/18;89.30;89.40;87.94;88.52;543388
FR0000121261;14/12/18;87.62;87.98;85.56;87.10;665547
FR0000121261;17/12/18;86.82;87.88;85.36;85.86;586728
FR0000121261;18/12/18;85.50;88.02;85.30;86.14;959576
FR0000121261;19/12/18;86.32;87.18;85.68;86.54;770634
FR0000121261;20/12/18;85.24;86.08;84.34;84.82;703438
FR0000121261;21/12/18;84.58;85.14;83.24;84.50;1327648
FR0000121261;24/12/18;83.88;85.38;83.84;85.38;352140
FR0000121261;27/12/18;85.22;87.02;82.68;83.22;697792
FR0000121261;28/12/18;84.24;85.30;83.68;84.62;383384
FR0000121261;31/12/18;84.70;86.86;84.70;86.70;205767
FR0000121329;03/12/18;108.90;109.85;107.75;109.70;319582
FR0000121329;04/12/18;109.40;109.65;106.15;106.70;373798
FR0000121329;05/12/18;106.00;106.20;104.45;106.00;251824
FR0000121329;06/12/18;105.45;105.90;103.45;103.85;327708
FR0000121329;07/12/18;104.75;106.45;104.10;104.10;218182
FR0000121329;10/12/18;103.70;104.05;101.80;102.10;292798
FR0000121329;11/12/18;102.90;105.10;102.75;104.65;283660
FR0000121329;12/12/18;104.85;107.90;104.60;107.90;366294
FR0000121329;13/12/18;108.60;108.70;105.35;105.65;235774
FR0000121329;14/12/18;105.00;105.35;103.70;103.95;245325
FR0000121329;17/12/18;104.30;105.10;102.55;102.80;252272
FR0000121329;18/12/18;102.95;103.70;102.25;103.50;358426
FR0000121329;19/12/18;103.00;104.30;102.70;102.80;294444
FR0000121329;20/12/18;102.00;102.20;100.75;102.10;356850
FR0000121329;21/12/18;102.00;102.10;100.35;101.00;365935
FR0000121329;24/12/18;99.22;100.40;99.00;99.14;81504
FR0000121329;27/12/18;100.00;100.55;98.38;99.22;200238
FR0000121329;28/12/18;100.05;101.10;99.44;100.80;196603
FR0000121329;31/12/18;101.00;102.00;100.75;102.00;68991
FR0000121485;03/12/18;400.00;417.40;399.10;413.50;534587
FR0000121485;04/12/18;408.00;411.50;404.80;405.40;294500
FR0000121485;05/12/18;397.90;406.60;395.20;403.20;244230
FR0000121485;06/12/18;397.40;397.70;388.10;390.90;296269
FR0000121485;07/12/18;395.00;404.10;394.50;395.30;265008
FR0000121485;10/12/18;391.00;393.90;387.00;389.30;274945
FR0000121485;11/12/18;393.70;405.10;391.10;399.40;310015
FR0000121485;12/12/18;407.00;411.70;400.40;409.70;282308
FR0000121485;13/12/18;414.00;419.80;408.00;411.40;297358
FR0000121485;14/12/18;405.00;408.60;399.80;404.40;262035
FR0000121485;17/12/18;402.00;404.60;395.70;403.10;231527
FR0000121485;18/12/18;401.10;409.90;395.50;402.50;283563
FR0000121485;19/12/18;404.20;410.60;401.10;407.70;250714
FR0000121485;20/12/18;400.20;406.20;398.20;399.90;310176
FR0000121485;21/12/18;397.60;402.30;389.50;396.10;446817
FR0000121485;24/12/18;393.90;393.90;385.50;387.00;63035
FR0000121485;27/12/18;395.60;396.80;377.60;385.50;319230
FR0000121485;28/12/18;387.20;399.50;386.50;397.50;188940
FR0000121485;31/12/18;400.80;411.60;399.60;411.60;87912
FR0000121501;03/12/18;19.95;20.06;19.025;19.22;3346304
FR0000121501;04/12/18;19.03;19.465;19.03;19.33;2512812
FR0000121501;05/12/18;19.205;19.205;18.53;18.665;3403144
FR0000121501;06/12/18;18.38;18.515;17.94;18.11;4390838
FR0000121501;07/12/18;18.185;18.195;17.825;17.915;3359534
FR0000121501;10/12/18;17.795;17.875;17.17;17.20;3796337
FR0000121501;11/12/18;17.375;17.70;17.17;17.425;3492524
FR0000121501;12/12/18;17.50;18.38;17.43;18.235;4511732
FR0000121501;13/12/18;18.355;18.475;18.06;18.295;2553189
FR0000121501;14/12/18;18.075;18.275;17.76;18.235;2817963
FR0000121501;17/12/18;18.20;18.465;17.875;18.10;2181999
FR0000121501;18/12/18;17.995;18.695;17.85;18.36;3650822
FR0000121501;19/12/18;18.425;18.75;18.405;18.645;3640817
FR0000121501;20/12/18;18.26;18.545;18.06;18.135;3180568
FR0000121501;21/12/18;18.015;18.66;17.985;18.60;6956881
FR0000121501;24/12/18;18.495;18.595;18.11;18.165;714584
FR0000121501;27/12/18;18.655;18.76;17.89;18.095;2393690
FR0000121501;28/12/18;18.22;18.40;18.08;18.26;1279358
FR0000121501;31/12/18;18.45;18.675;18.425;18.645;675641
FR0000121667;03/12/18;113.00;114.55;112.50;113.50;1846944
FR0000121667;04/12/18;113.70;114.00;112.25;112.85;871664
FR0000121667;05/12/18;112.60;113.35;112.00;112.10;960885
FR0000121667;06/12/18;111.55;112.20;109.70;110.25;4758778
FR0000121667;07/12/18;110.50;110.85;109.60;109.90;1358093
FR0000121667;10/12/18;109.95;110.60;109.20;109.30;1064331
FR0000121667;11/12/18;109.70;110.20;109.10;109.60;955620
FR0000121667;12/12/18;110.40;111.05;109.95;111.05;1232229
FR0000121667;13/12/18;111.70;111.70;110.50;110.75;902011
FR0000121667;14/12/18;110.25;110.45;109.75;110.05;1066945
FR0000121667;17/12/18;109.95;110.10;109.15;109.50;763345
FR0000121667;18/12/18;109.00;109.45;108.75;109.00;941709
FR0000121667;19/12/18;109.65;109.90;109.15;109.90;993018
FR0000121667;20/12/18;108.90;110.25;108.70;109.95;944652
FR0000121667;21/12/18;109.75;110.35;108.75;110.35;2233381
FR0000121667;24/12/18;109.90;109.90;109.50;109.65;168678
FR0000121667;27/12/18;110.00;110.10;108.05;108.80;912158
FR0000121667;28/12/18;109.35;110.20;108.90;109.75;632464
FR0000121667;31/12/18;110.35;110.85;110.20;110.45;308720
FR0000121972;03/12/18;66.14;67.00;65.36;65.44;2075009
FR0000121972;04/12/18;65.02;65.22;64.32;64.40;1309645
FR0000121972;05/12/18;63.50;63.96;63.04;63.52;915936
FR0000121972;06/12/18;62.60;62.70;60.36;60.72;2141532
FR0000121972;07/12/18;61.18;62.48;60.94;61.36;1334552
FR0000121972;10/12/18;61.18;61.50;60.70;61.06;1659732
FR0000121972;11/12/18;61.12;62.52;61.12;61.74;1358432
FR0000121972;12/12/18;62.24;63.36;61.72;63.18;1411787
FR0000121972;13/12/18;63.36;63.86;62.84;62.84;1349099
FR0000121972;14/12/18;62.18;62.18;60.72;61.00;2369186
FR0000121972;17/12/18;60.72;61.36;60.18;60.36;1495613
FR0000121972;18/12/18;60.12;61.08;60.06;60.48;1568552
FR0000121972;19/12/18;60.76;60.98;60.10;60.22;1547770
FR0000121972;20/12/18;59.04;59.62;58.12;59.10;2465015
FR0000121972;21/12/18;58.74;58.74;57.62;58.06;4450947
FR0000121972;24/12/18;57.74;58.54;57.58;57.98;307798
FR0000121972;27/12/18;58.76;59.22;57.54;58.22;1570091
FR0000121972;28/12/18;58.64;59.60;58.52;59.32;1021997
FR0000121972;31/12/18;59.42;60.06;59.40;59.72;380815
FR0000124141;03/12/18;18.90;19.17;18.745;18.79;1787716
FR0000124141;04/12/18;18.82;18.91;18.71;18.76;1562287
FR0000124141;05/12/18;18.63;18.685;18.365;18.54;2059834
FR0000124141;06/12/18;18.425;18.485;17.915;18.01;2948843
FR0000124141;07/12/18;18.065;18.255;18.00;18.005;2034366
FR0000124141;10/12/18;17.905;18.01;17.565;17.595;2102991
FR0000124141;11/12/18;17.775;18.29;17.665;18.045;2800835
FR0000124141;12/12/18;18.145;18.455;18.105;18.40;1934080
FR0000124141;13/12/18;18.29;18.64;18.20;18.60;1663781
FR0000124141;14/12/18;18.555;18.57;18.32;18.515;1919615
FR0000124141;17/12/18;18.37;18.81;18.36;18.56;2054602
FR0000124141;18/12/18;18.55;18.55;18.18;18.195;2300478
FR0000124141;19/12/18;18.165;18.595;18.15;18.39;2112921
FR0000124141;20/12/18;18.155;18.425;18.035;18.27;2461992
FR0000124141;21/12/18;18.27;18.32;18.04;18.095;6290811
FR0000124141;24/12/18;18.115;18.23;17.99;17.99;648053
FR0000124141;27/12/18;17.99;18.115;17.40;17.495;2360691
FR0000124141;28/12/18;17.605;17.875;17.525;17.77;1124696
FR0000124141;31/12/18;17.845;17.955;17.79;17.955;429970
FR0000125007;03/12/18;33.455;33.575;32.245;32.32;2318901
FR0000125007;04/12/18;32.135;32.29;31.905;32.005;1607964
FR0000125007;05/12/18;31.375;31.45;30.635;31.05;2459976
FR0000125007;06/12/18;30.715;30.72;29.50;29.805;2778046
FR0000125007;07/12/18;30.01;30.33;29.58;29.94;1660510
FR0000125007;10/12/18;29.715;29.76;29.375;29.55;2198100
FR0000125007;11/12/18;29.735;30.595;29.685;30.325;2241032
FR0000125007;12/12/18;30.33;30.755;30.01;30.605;1786526
FR0000125007;13/12/18;30.735;30.99;30.145;30.325;2022343
FR0000125007;14/12/18;30.02;30.02;29.42;29.595;1790942
FR0000125007;17/12/18;29.585;29.755;28.82;29.00;1912656
FR0000125007;18/12/18;28.775;29.21;28.75;28.785;1790941
FR0000125007;19/12/18;28.80;29.02;28.78;28.885;1697914
FR0000125007;20/12/18;28.495;28.87;28.18;28.485;2363707
FR0000125007;21/12/18;28.38;28.645;28.285;28.60;3339845
FR0000125007;24/12/18;28.405;28.515;28.23;28.38;626855
FR0000125007;27/12/18;28.735;28.825;27.985;28.155;1943279
FR0000125007;28/12/18;28.42;29.095;28.38;29.00;1548418
FR0000125007;31/12/18;29.155;29.315;29.085;29.165;437315
FR0000125338;03/12/18;106.20;107.35;105.25;106.05;571574
FR0000125338;04/12/18;105.35;105.35;104.00;104.35;462025
FR0000125338;05/12/18;102.95;103.95;102.05;103.25;411182
FR0000125338;06/12/18;100.75;100.90;94.80;96.62;1693679
FR0000125338;07/12/18;98.54;99.38;96.48;96.48;595869
FR0000125338;10/12/18;95.88;96.32;94.00;94.00;688027
FR0000125338;11/12/18;95.00;98.14;94.44;96.80;593079
FR0000125338;12/12/18;97.54;99.14;96.28;98.46;582937
FR0000125338;13/12/18;98.60;98.62;95.72;95.78;729759
FR0000125338;14/12/18;95.08;95.32;93.32;94.22;577492
FR0000125338;17/12/18;93.44;93.84;91.42;92.02;522962
FR0000125338;18/12/18;91.38;92.24;90.02;90.04;819033
FR0000125338;19/12/18;89.90;91.64;89.06;91.18;705292
FR0000125338;20/12/18;89.46;89.74;87.30;87.30;1237551
FR0000125338;21/12/18;87.00;88.12;85.40;86.00;1147582
FR0000125338;24/12/18;85.24;85.98;84.18;84.18;174558
FR0000125338;27/12/18;85.40;86.06;84.12;84.70;555929
FR0000125338;28/12/18;85.30;86.28;83.88;85.92;461400
FR0000125338;31/12/18;86.06;87.06;85.92;86.80;176721
FR0000125486;03/12/18;78.32;78.34;74.64;75.40;2086704
FR0000125486;04/12/18;76.14;76.74;75.52;76.66;1464955
FR0000125486;05/12/18;76.04;76.14;74.66;74.66;1289965
FR0000125486;06/12/18;73.58;73.78;70.98;70.98;2541701
FR0000125486;07/12/18;71.24;73.46;71.24;72.68;1821018
FR0000125486;10/12/18;72.54;72.78;71.40;71.66;1679373
FR0000125486;11/12/18;72.20;73.88;72.10;73.70;1809049
FR0000125486;12/12/18;73.38;75.14;72.86;74.78;1722988
FR0000125486;13/12/18;75.46;75.60;74.36;74.50;1166551
FR0000125486;14/12/18;73.72;73.92;73.02;73.52;1260594
FR0000125486;17/12/18;73.28;73.70;72.36;72.36;1184866
FR0000125486;18/12/18;72.38;72.50;71.34;71.34;1495296
FR0000125486;19/12/18;71.46;72.00;71.24;71.60;1237664
FR0000125486;20/12/18;70.76;71.72;70.00;71.42;1544190
FR0000125486;21/12/18;71.00;71.68;70.58;71.42;2393620
FR0000125486;24/12/18;71.10;71.12;70.50;70.50;222408
FR0000125486;27/12/18;70.10;71.68;69.98;70.64;1321250
FR0000125486;28/12/18;71.00;72.34;71.00;71.96;936902
FR0000125486;31/12/18;72.68;73.00;71.84;72.02;402143
FR0000127771;03/12/18;22.50;22.65;22.16;22.45;3723676
FR0000127771;04/12/18;22.31;22.47;22.01;22.01;3200762
FR0000127771;05/12/18;21.78;21.96;21.62;21.80;2783436
FR0000127771;06/12/18;21.70;21.73;21.05;21.10;4194622
FR0000127771;07/12/18;21.22;21.79;21.22;21.25;3739345
FR0000127771;10/12/18;21.20;21.30;20.93;20.93;4562042
FR0000127771;11/12/18;21.11;21.39;21.06;21.10;2693897
FR0000127771;12/12/18;21.25;21.57;21.21;21.45;3123264
FR0000127771;13/12/18;21.60;21.60;21.25;21.46;2163709
FR0000127771;14/12/18;21.38;21.49;21.16;21.29;2786573
FR0000127771;17/12/18;21.12;21.28;21.03;21.03;2428588
FR0000127771;18/12/18;21.00;21.31;21.00;21.07;3746032
FR0000127771;19/12/18;21.00;21.47;21.00;21.34;3445866
FR0000127771;20/12/18;21.05;21.12;20.99;20.99;5789223
FR0000127771;21/12/18;21.02;21.32;20.90;21.22;7268106
FR0000127771;24/12/18;21.02;21.19;21.00;21.00;967934
FR0000127771;27/12/18;21.05;21.19;20.81;20.97;3966145
FR0000127771;28/12/18;21.06;21.20;20.97;21.02;2919190
FR0000127771;31/12/18;20.95;21.28;20.93;21.28;619875
FR0000130577;03/12/18;52.68;53.16;52.20;52.34;602314
FR0000130577;04/12/18;51.88;52.38;50.78;50.80;732840
FR0000130577;05/12/18;50.60;50.62;49.15;49.26;904371
FR0000130577;06/12/18;49.12;49.17;47.79;48.64;985418
FR0000130577;07/12/18;49.02;49.37;48.45;48.45;788412
FR0000130577;10/12/18;48.34;48.57;47.16;48.26;1344162
FR0000130577;11/12/18;49.23;49.83;48.68;48.89;870420
FR0000130577;12/12/18;49.33;49.86;48.48;49.70;1083471
FR0000130577;13/12/18;49.66;50.06;49.22;49.66;619764
FR0000130577;14/12/18;49.60;50.16;49.14;49.98;666457
FR0000130577;17/12/18;49.79;50.42;49.51;50.10;652443
FR0000130577;18/12/18;50.00;50.02;49.18;49.47;1346638
FR0000130577;19/12/18;49.60;50.72;49.56;50.58;735649
FR0000130577;20/12/18;50.74;50.74;49.51;49.71;939661
FR0000130577;21/12/18;49.67;50.06;48.90;49.96;1486180
FR0000130577;24/12/18;49.19;49.45;48.17;48.64;339458
FR0000130577;27/12/18;49.22;49.53;47.77;48.08;773621
FR0000130577;28/12/18;48.21;49.71;48.21;49.25;503584
FR0000130577;31/12/18;49.16;50.08;49.02;50.08;274088
FR0000130650;03/12/18;108.10;111.65;108.10;111.65;570613
FR0000130650;04/12/18;110.85;111.15;107.40;107.40;360788
FR0000130650;05/12/18;106.00;106.85;105.50;106.05;260591
FR0000130650;06/12/18;105.00;106.30;103.15;104.70;590216
FR0000130650;07/12/18;105.65;107.25;104.70;104.75;405094
FR0000130650;10/12/18;103.60;105.20;103.10;103.45;282619
FR0000130650;11/12/18;105.60;109.35;104.60;108.60;490705
FR0000130650;12/12/18;109.10;111.35;108.50;111.10;391223
FR0000130650;13/12/18;111.45;112.10;108.90;109.60;416892
FR0000130650;14/12/18;108.50;108.75;104.70;105.10;506559
FR0000130650;17/12/18;105.00;105.25;102.65;102.70;419856
FR0000130650;18/12/18;102.70;103.25;101.45;101.80;406751
FR0000130650;19/12/18;102.15;104.40;101.65;104.30;372311
FR0000130650;20/12/18;102.40;103.05;100.75;100.80;419232
FR0000130650;21/12/18;100.50;102.25;99.76;100.15;741496
FR0000130650;24/12/18;99.16;100.30;98.30;99.70;94654
FR0000130650;27/12/18;101.05;102.10;99.38;100.60;417373
FR0000130650;28/12/18;101.45;103.10;100.85;101.85;265317
FR0000130650;31/12/18;103.25;104.25;101.95;103.70;103719
FR0000130809;03/12/18;33.09;33.305;32.71;32.85;3562528
FR0000130809;04/12/18;32.55;32.805;32.04;32.165;4014052
FR0000130809;05/12/18;31.86;32.135;31.495;31.775;2747591
FR0000130809;06/12/18;31.50;31.575;30.195;30.555;6166212
FR0000130809;07/12/18;30.615;31.02;30.425;30.455;3424940
FR0000130809;10/12/18;30.375;30.53;29.37;29.525;5379063
FR0000130809;11/12/18;29.575;30.08;29.45;29.59;4135303
FR0000130809;12/12/18;29.745;30.595;29.60;30.41;6339584
FR0000130809;13/12/18;30.785;31.01;30.325;30.485;4257082
FR0000130809;14/12/18;30.33;30.435;29.665;29.85;4526748
FR0000130809;17/12/18;29.81;29.855;28.925;29.025;5597321
FR0000130809;18/12/18;28.945;29.455;28.805;28.805;6856018
FR0000130809;19/12/18;28.83;29.195;28.725;28.90;4138610
FR0000130809;20/12/18;28.50;28.535;27.92;27.93;5851413
FR0000130809;21/12/18;27.90;28.145;27.33;28.09;10376298
FR0000130809;24/12/18;27.855;27.87;27.43;27.61;1433232
FR0000130809;27/12/18;27.80;28.00;27.02;27.215;4749060
FR0000130809;28/12/18;27.43;27.845;27.305;27.795;4611655
FR0000130809;31/12/18;27.895;27.98;27.685;27.82;1217144
FR0000131104;03/12/18;45.265;45.34;44.62;44.845;3980279
FR0000131104;04/12/18;44.47;44.76;43.86;43.86;3685207
FR0000131104;05/12/18;43.52;43.855;42.715;43.42;3785572
FR0000131104;06/12/18;42.91;43.00;41.60;41.785;5681412
FR0000131104;07/12/18;42.02;42.90;41.595;41.595;4154885
FR0000131104;10/12/18;41.415;41.765;40.385;40.40;5651231
FR0000131104;11/12/18;40.615;41.265;40.295;40.68;4980366
FR0000131104;12/12/18;40.86;42.16;40.74;41.905;7030808
FR0000131104;13/12/18;42.50;42.91;42.04;42.19;6246238
FR0000131104;14/12/18;42.02;42.045;40.945;41.595;4273220
FR0000131104;17/12/18;41.47;41.51;40.485;40.58;4368951
FR0000131104;18/12/18;40.50;41.215;40.335;40.555;5427091
FR0000131104;19/12/18;40.97;41.18;40.765;40.88;4505844
FR0000131104;20/12/18;40.015;40.30;39.40;39.40;7228027
FR0000131104;21/12/18;39.43;39.58;38.715;39.50;10927515
FR0000131104;24/12/18;39.175;39.215;38.71;38.79;1161447
FR0000131104;27/12/18;39.66;39.80;38.18;38.545;4383112
FR0000131104;28/12/18;38.76;39.575;38.665;39.375;3343656
FR0000131104;31/12/18;39.51;39.85;39.20;39.475;1055466
FR0000131906;03/12/18;63.00;63.69;61.86;61.86;1714311
FR0000131906;04/12/18;61.75;61.81;60.25;60.50;1423234
FR0000131906;05/12/18;60.00;60.36;59.24;59.89;1078404
FR0000131906;06/12/18;59.07;59.28;57.00;57.39;1960889
FR0000131906;07/12/18;57.65;58.43;57.17;57.57;1236328
FR0000131906;10/12/18;57.00;57.11;54.65;55.28;1959016
FR0000131906;11/12/18;54.83;56.25;54.67;55.26;1741788
FR0000131906;12/12/18;55.50;56.65;54.90;56.31;1865193
FR0000131906;13/12/18;56.71;58.50;56.25;57.07;1592197
FR0000131906;14/12/18;56.47;56.47;54.85;55.65;1783426
FR0000131906;17/12/18;55.56;56.08;54.44;54.66;1419230
FR0000131906;18/12/18;54.22;55.71;54.02;54.41;1909392
FR0000131906;19/12/18;54.84;55.17;53.97;54.52;1317668
FR0000131906;20/12/18;53.97;55.32;53.01;54.45;2057080
FR0000131906;21/12/18;54.10;55.95;53.94;55.14;2742036
FR0000131906;24/12/18;54.51;55.15;54.18;54.90;435274
FR0000131906;27/12/18;55.58;56.17;53.29;53.68;1285109
FR0000131906;28/12/18;53.92;54.34;53.60;54.03;806341
FR0000131906;31/12/18;54.12;55.03;54.12;54.55;324399
FR0000133308;03/12/18;15.25;15.25;14.975;14.975;9317241
FR0000133308;04/12/18;14.715;14.80;14.67;14.73;8137570
FR0000133308;05/12/18;14.62;14.94;14.51;14.79;8265242
FR0000133308;06/12/18;14.735;14.75;14.475;14.535;11822323
FR0000133308;07/12/18;14.60;14.795;14.585;14.66;8329037
FR0000133308;10/12/18;14.635;14.70;14.415;14.495;7919332
FR0000133308;11/12/18;14.50;14.77;14.475;14.595;8647115
FR0000133308;12/12/18;14.71;14.91;14.69;14.775;7059748
FR0000133308;13/12/18;14.89;14.905;14.55;14.595;7690336
FR0000133308;14/12/18;14.52;14.585;14.425;14.54;7538194
FR0000133308;17/12/18;14.48;14.63;14.38;14.435;6092533
FR0000133308;18/12/18;14.44;14.48;14.165;14.225;12843755
FR0000133308;19/12/18;14.28;14.385;14.24;14.355;10173737
FR0000133308;20/12/18;14.205;14.32;14.11;14.265;9422323
FR0000133308;21/12/18;14.26;14.30;14.05;14.175;14170125
FR0000133308;24/12/18;14.155;14.16;14.03;14.105;1920983
FR0000133308;27/12/18;14.125;14.18;13.815;13.95;6619981
FR0000133308;28/12/18;13.98;14.175;13.945;14.08;4772263
FR0000133308;31/12/18;14.165;14.185;14.105;14.155;1487407
FR0010208488;03/12/18;12.605;12.685;12.48;12.55;4572413
FR0010208488;04/12/18;12.625;12.625;12.325;12.35;6087967
FR0010208488;05/12/18;12.27;12.49;12.195;12.365;4411658
FR0010208488;06/12/18;12.28;12.31;12.04;12.08;7233038
FR0010208488;07/12/18;12.11;12.245;12.09;12.125;5291928
FR0010208488;10/12/18;12.12;12.20;11.98;11.99;6667469
FR0010208488;11/12/18;12.015;12.37;11.94;12.26;6428465
FR0010208488;12/12/18;12.35;12.69;12.35;12.65;8047894
FR0010208488;13/12/18;12.645;12.835;12.61;12.775;5032586
FR0010208488;14/12/18;12.735;12.905;12.68;12.905;7247770
FR0010208488;17/12/18;12.815;13.06;12.815;12.865;6952171
FR0010208488;18/12/18;12.82;12.855;12.67;12.67;7577211
FR0010208488;19/12/18;12.60;12.855;12.535;12.795;7837403
FR0010208488;20/12/18;12.675;12.685;12.405;12.465;8339489
FR0010208488;21/12/18;12.38;12.595;12.35;12.51;14361692
FR0010208488;24/12/18;12.41;12.475;12.28;12.28;1758894
FR0010208488;27/12/18;12.425;12.50;11.915;12.02;6997522
FR0010208488;28/12/18;12.08;12.325;12.035;12.275;4998651
FR0010208488;31/12/18;12.345;12.525;12.23;12.525;2960053
FR0010307819;03/12/18;54.24;54.84;52.70;53.06;1098452
FR0010307819;04/12/18;52.84;53.18;52.16;52.20;844581
FR0010307819;05/12/18;51.74;52.16;51.48;52.00;630843
FR0010307819;06/12/18;51.48;51.56;50.56;50.56;1084975
FR0010307819;07/12/18;50.90;51.22;50.48;50.48;675218
FR0010307819;10/12/18;50.36;50.44;49.51;49.75;693515
FR0010307819;11/12/18;49.93;50.68;49.93;50.22;661446
FR0010307819;12/12/18;50.48;51.18;50.24;51.08;614244
FR0010307819;13/12/18;51.18;51.40;48.99;49.92;1475625
FR0010307819;14/12/18;49.76;50.14;49.50;49.69;834174
FR0010307819;17/12/18;49.57;49.84;49.27;49.33;644624
FR0010307819;18/12/18;49.39;49.61;48.91;49.21;511181
FR0010307819;19/12/18;49.33;49.40;48.69;48.94;564019
FR0010307819;20/12/18;48.35;48.80;48.00;48.70;768897
FR0010307819;21/12/18;48.35;48.70;48.13;48.53;935665
FR0010307819;24/12/18;48.16;48.66;48.16;48.43;149754
FR0010307819;27/12/18;48.92;49.10;47.75;48.09;489874
FR0010307819;28/12/18;48.52;49.28;48.34;49.28;520716
FR0010307819;31/12/18;49.47;49.55;49.17;49.30;162477
FR0013326246;03/12/18;153.80;154.36;149.18;149.60;620120
FR0013326246;04/12/18;149.22;149.76;147.58;147.74;536602
FR0013326246;05/12/18;147.02;148.84;145.34;146.76;430805
FR0013326246;06/12/18;145.72;146.04;141.68;142.90;839278
FR0013326246;07/12/18;143.76;145.94;143.58;144.74;554947
FR0013326246;10/12/18;144.90;145.48;142.50;143.08;536321
FR0013326246;11/12/18;142.36;144.40;141.54;143.22;567964
FR0013326246;12/12/18;144.80;148.04;144.56;147.32;627753
FR0013326246;13/12/18;147.90;148.04;145.04;146.14;634660
FR0013326246;14/12/18;143.96;145.34;142.70;144.62;517687
FR0013326246;17/12/18;144.00;144.74;142.56;142.56;445157
FR0013326246;18/12/18;139.98;140.58;139.10;139.40;792460
FR0013326246;19/12/18;139.94;141.00;138.74;140.40;811200
FR0013326246;20/12/18;138.00;138.72;136.34;137.54;1018834
FR0013326246;21/12/18;134.98;137.90;131.10;137.90;1786060
FR0013326246;24/12/18;137.00;137.44;134.54;134.54;223255
FR0013326246;27/12/18;136.56;136.96;131.44;132.40;585255
FR0013326246;28/12/18;133.00;134.06;131.42;133.26;520989
FR0013326246;31/12/18;133.74;135.82;133.18;135.40;178981
GB00BDSFG982;03/12/18;21.23;21.97;21.19;21.32;1704080
GB00BDSFG982;04/12/18;21.30;21.64;20.96;21.04;1222055
GB00BDSFG982;05/12/18;20.61;20.61;20.31;20.31;1335723
GB00BDSFG982;06/12/18;20.05;20.07;18.785;19.155;3526464
GB00BDSFG982;07/12/18;18.915;20.00;18.545;19.135;3111274
GB00BDSFG982;10/12/18;18.60;18.815;18.195;18.26;2115693
GB00BDSFG982;11/12/18;18.30;18.99;18.275;18.67;1504058
GB00BDSFG982;12/12/18;18.29;18.98;18.25;18.905;2313549
GB00BDSFG982;13/12/18;18.55;19.46;18.06;18.605;2551057
GB00BDSFG982;14/12/18;18.865;18.955;18.315;18.385;2041000
GB00BDSFG982;17/12/18;17.92;17.975;17.285;17.57;3343812
GB00BDSFG982;18/12/18;17.30;17.64;17.02;17.05;2990621
GB00BDSFG982;19/12/18;16.99;17.455;16.80;17.285;2017803
GB00BDSFG982;20/12/18;16.90;17.065;16.555;16.695;2683988
GB00BDSFG982;21/12/18;16.60;16.99;16.565;16.99;2500651
GB00BDSFG982;24/12/18;16.985;17.06;16.46;16.46;482856
GB00BDSFG982;27/12/18;17.21;17.36;16.47;16.755;1921793
GB00BDSFG982;28/12/18;17.01;17.57;16.93;17.30;1813778
GB00BDSFG982;31/12/18;17.645;17.725;17.45;17.65;284175
LU1598757687;03/12/18;21.60;21.725;20.82;20.82;8145603
LU1598757687;04/12/18;20.745;20.82;20.22;20.44;4674718
LU1598757687;05/12/18;20.145;20.235;19.82;20.14;4110949
LU1598757687;06/12/18;19.776;19.806;18.90;18.96;8056242
LU1598757687;07/12/18;19.19;19.796;18.988;19.298;6444253
LU1598757687;10/12/18;18.90;19.102;18.514;18.57;6035109
LU1598757687;11/12/18;19.064;19.45;18.84;19.202;5746426
LU1598757687;12/12/18;19.278;19.822;19.168;19.724;5327685
LU1598757687;13/12/18;19.75;19.978;19.504;19.538;4219975
LU1598757687;14/12/18;19.308;19.488;18.864;19.42;4707769
LU1598757687;17/12/18;19.30;19.674;19.066;19.424;3872786
LU1598757687;18/12/18;19.00;19.562;18.956;19.082;5027519
LU1598757687;19/12/18;19.198;19.562;19.166;19.44;5564742
LU1598757687;20/12/18;18.676;18.956;18.59;18.614;7060766
LU1598757687;21/12/18;18.542;18.63;18.282;18.456;8310871
LU1598757687;24/12/18;18.18;18.40;17.966;17.966;1504178
LU1598757687;27/12/18;18.498;18.562;17.618;17.80;4819328
LU1598757687;28/12/18;18.01;18.246;17.886;17.988;3097606
LU1598757687;31/12/18;18.18;18.368;18.00;18.14;1442201
NL0000226223;03/12/18;13.63;14.02;13.62;13.71;5663536
NL0000226223;04/12/18;13.42;13.64;13.28;13.325;2663706
NL0000226223;05/12/18;13.045;13.155;12.855;12.88;2877449
NL0000226223;06/12/18;12.55;12.58;12.04;12.11;5585767
NL0000226223;07/12/18;12.29;12.365;11.94;11.965;3825079
NL0000226223;10/12/18;11.70;11.975;11.41;11.645;4294414
NL0000226223;11/12/18;11.845;12.235;11.80;11.995;3976472
NL0000226223;12/12/18;12.11;12.255;11.885;12.24;4491835
NL0000226223;13/12/18;12.32;12.395;12.20;12.235;2616837
NL0000226223;14/12/18;12.08;12.30;11.81;12.23;3279746
NL0000226223;17/12/18;12.175;12.22;11.915;12.095;2695775
NL0000226223;18/12/18;11.84;12.335;11.815;12.11;2924532
NL0000226223;19/12/18;12.02;12.13;11.815;12.03;3972413
NL0000226223;20/12/18;11.68;12.00;11.60;11.68;3959220
NL0000226223;21/12/18;11.68;12.17;11.62;12.03;5431349
NL0000226223;24/12/18;12.03;12.065;11.805;11.85;507639
NL0000226223;27/12/18;12.12;12.28;11.77;11.87;2928411
NL0000226223;28/12/18;11.97;12.295;11.955;12.235;2221346
NL0000226223;31/12/18;12.32;12.53;12.25;12.485;822584
NL0000235190;03/12/18;97.27;97.30;95.06;95.70;1246570
NL0000235190;04/12/18;95.39;95.67;94.26;94.27;1354279
NL0000235190;05/12/18;93.11;93.51;92.03;92.31;1192729
NL0000235190;06/12/18;90.94;91.05;88.15;88.64;2054120
NL0000235190;07/12/18;90.05;90.86;89.07;89.07;1425234
NL0000235190;10/12/18;88.61;89.56;87.39;87.49;1787443
NL0000235190;11/12/18;88.08;89.85;87.44;88.60;1605717
NL0000235190;12/12/18;89.18;91.77;88.61;91.48;2067671
NL0000235190;13/12/18;91.57;92.30;89.73;89.97;1739620
NL0000235190;14/12/18;89.29;89.79;88.32;88.67;2106031
NL0000235190;17/12/18;88.43;88.90;86.96;87.65;1315537
NL0000235190;18/12/18;87.58;89.27;87.06;88.65;1654569
NL0000235190;19/12/18;88.83;88.99;87.04;87.20;1731092
NL0000235190;20/12/18;85.60;85.60;78.83;83.33;3558647
NL0000235190;21/12/18;82.75;84.21;82.05;83.10;3670837
NL0000235190;24/12/18;81.54;82.58;81.20;81.63;392591
NL0000235190;27/12/18;82.92;83.73;81.06;82.10;1611466
NL0000235190;28/12/18;82.98;84.33;82.56;83.76;1257945
NL0000235190;31/12/18;83.83;84.22;83.27;83.96;426473
