BE0003470755;01/02/13;115.65;118.30;115.65;118.15;248577
BE0003470755;04/02/13;116.95;116.95;113.80;114.45;402616
BE0003470755;05/02/13;114.00;115.60;113.50;115.20;200704
BE0003470755;06/02/13;115.20;115.80;112.60;114.25;271645
BE0003470755;07/02/13;114.25;115.85;113.30;114.45;195001
BE0003470755;08/02/13;114.70;115.90;113.80;115.45;150202
BE0003470755;11/02/13;115.20;115.60;114.05;114.60;139952
BE0003470755;12/02/13;114.25;115.50;114.00;115.30;168697
BE0003470755;13/02/13;115.15;118.50;115.00;118.25;261449
BE0003470755;14/02/13;118.00;119.50;115.15;117.15;437379
BE0003470755;15/02/13;116.65;117.15;111.35;111.45;489895
BE0003470755;18/02/13;111.00;111.00;108.35;108.65;316997
BE0003470755;19/02/13;108.35;112.70;108.35;112.30;323327
BE0003470755;20/02/13;112.20;113.40;111.50;112.10;191626
BE0003470755;21/02/13;110.40;110.50;106.10;107.90;513497
BE0003470755;22/02/13;108.15;110.10;108.10;109.70;237190
BE0003470755;25/02/13;109.40;112.55;109.40;111.55;346246
BE0003470755;26/02/13;108.05;110.70;107.50;109.30;255370
BE0003470755;27/02/13;109.30;110.05;107.90;109.85;209551
BE0003470755;28/02/13;110.15;111.15;108.75;109.45;239813
FR0000045072;01/02/13;7.10;7.58;7.06;7.525;20500091
FR0000045072;04/02/13;7.567;7.58;7.067;7.117;16206023
FR0000045072;05/02/13;7.083;7.293;7.01;7.227;10829835
FR0000045072;06/02/13;7.254;7.285;6.869;6.959;20664452
FR0000045072;07/02/13;6.974;7.075;6.84;6.874;10460602
FR0000045072;08/02/13;6.90;7.43;6.879;7.35;21992262
FR0000045072;11/02/13;7.39;7.487;7.316;7.414;9807156
FR0000045072;12/02/13;7.414;7.65;7.35;7.636;11508149
FR0000045072;13/02/13;7.616;7.628;7.432;7.532;9041146
FR0000045072;14/02/13;7.49;7.55;7.276;7.391;10329299
FR0000045072;15/02/13;7.35;7.351;7.186;7.189;8783245
FR0000045072;18/02/13;7.334;7.34;7.191;7.251;5934131
FR0000045072;19/02/13;7.248;7.378;7.213;7.323;7273977
FR0000045072;20/02/13;7.24;7.995;7.20;7.608;26652895
FR0000045072;21/02/13;7.55;7.559;7.221;7.271;17629441
FR0000045072;22/02/13;7.386;7.425;7.18;7.277;13426766
FR0000045072;25/02/13;7.336;7.648;7.302;7.475;15470992
FR0000045072;26/02/13;7.04;7.173;6.98;7.037;24445248
FR0000045072;27/02/13;7.123;7.14;6.92;7.095;15092338
FR0000045072;28/02/13;7.215;7.219;7.041;7.20;11710247
FR0000051732;01/02/13;54.00;55.45;53.93;55.15;178066
FR0000051732;04/02/13;55.34;55.61;54.68;54.74;183526
FR0000051732;05/02/13;54.53;55.23;54.53;54.80;222947
FR0000051732;06/02/13;54.92;55.55;54.69;55.16;231931
FR0000051732;07/02/13;55.29;56.24;55.01;55.49;200255
FR0000051732;08/02/13;55.62;56.90;55.59;56.17;201188
FR0000051732;11/02/13;55.99;56.07;55.19;55.69;123501
FR0000051732;12/02/13;55.62;56.55;55.62;56.53;110489
FR0000051732;13/02/13;56.36;56.75;56.20;56.40;135337
FR0000051732;14/02/13;56.22;56.61;56.05;56.60;133898
FR0000051732;15/02/13;56.46;57.30;56.45;56.90;125024
FR0000051732;18/02/13;56.70;57.29;56.59;57.07;144596
FR0000051732;19/02/13;57.00;57.88;57.00;57.62;155106
FR0000051732;20/02/13;57.60;57.92;57.13;57.24;207977
FR0000051732;21/02/13;57.35;57.95;55.45;56.38;470461
FR0000051732;22/02/13;56.70;58.80;56.46;58.29;391616
FR0000051732;25/02/13;58.45;59.22;58.29;58.70;381826
FR0000051732;26/02/13;57.77;58.99;57.47;58.43;313380
FR0000051732;27/02/13;58.65;58.90;57.32;57.35;291922
FR0000051732;28/02/13;57.75;57.77;56.85;56.89;329139
FR0000073272;01/02/13;33.79;34.375;33.56;34.10;1017503
FR0000073272;04/02/13;34.03;34.04;33.25;33.25;750706
FR0000073272;05/02/13;33.17;33.965;33.155;33.95;708236
FR0000073272;06/02/13;34.00;34.18;33.60;33.705;770227
FR0000073272;07/02/13;33.735;33.995;33.56;33.59;690070
FR0000073272;08/02/13;33.735;33.845;33.56;33.745;630121
FR0000073272;11/02/13;33.61;33.765;33.23;33.40;646242
FR0000073272;12/02/13;33.305;33.38;33.065;33.325;585609
FR0000073272;13/02/13;33.40;33.66;33.18;33.44;634500
FR0000073272;14/02/13;33.40;33.93;33.23;33.845;633074
FR0000073272;15/02/13;33.725;34.315;33.70;34.215;783745
FR0000073272;18/02/13;34.145;34.34;34.035;34.25;536185
FR0000073272;19/02/13;34.20;35.545;34.10;35.455;899367
FR0000073272;20/02/13;35.00;35.43;34.81;35.07;740006
FR0000073272;21/02/13;35.07;35.07;33.225;34.00;1640186
FR0000073272;22/02/13;34.115;34.33;33.88;34.195;1033196
FR0000073272;25/02/13;34.30;34.715;34.24;34.63;1021348
FR0000073272;26/02/13;33.98;34.565;33.81;34.34;699873
FR0000073272;27/02/13;34.47;34.82;34.205;34.795;771823
FR0000073272;28/02/13;35.00;35.385;34.995;35.08;1436659
FR0000120073;01/02/13;77.8017;79.5455;77.6198;79.3058;1054771
FR0000120073;04/02/13;79.3471;79.7107;76.7603;76.7603;1412917
FR0000120073;05/02/13;76.8512;77.5289;76.7769;77.2562;715999
FR0000120073;06/02/13;77.3554;77.6033;75.6777;76.0331;1131018
FR0000120073;07/02/13;76.281;76.5537;75.00;75.00;883336
FR0000120073;08/02/13;75.0744;76.0331;75.0413;75.7438;820392
FR0000120073;11/02/13;75.8512;76.0331;75.2397;75.5785;631561
FR0000120073;12/02/13;75.3471;75.8265;75.2314;75.6281;822749
FR0000120073;13/02/13;76.0331;76.8512;75.9587;76.1983;843934
FR0000120073;14/02/13;77.2727;77.5207;75.0165;75.0165;1532792
FR0000120073;15/02/13;74.7934;74.9256;74.1736;74.4711;1381719
FR0000120073;18/02/13;74.5124;74.5785;73.8099;73.8926;984090
FR0000120073;19/02/13;73.8017;75.4876;73.719;75.0992;1722078
FR0000120073;20/02/13;75.1736;75.5124;74.5124;74.876;891683
FR0000120073;21/02/13;74.438;74.7934;73.1818;74.157;1376817
FR0000120073;22/02/13;74.3967;76.5785;74.1653;76.5785;1286839
FR0000120073;25/02/13;76.2397;77.6116;76.2397;76.686;1402009
FR0000120073;26/02/13;74.6116;76.00;74.5951;75.2562;1460567
FR0000120073;27/02/13;75.3389;76.8347;74.843;76.7603;1143195
FR0000120073;28/02/13;77.1405;77.281;76.4959;77.0248;960454
FR0000120172;01/02/13;21.085;21.43;20.985;21.06;3104270
FR0000120172;04/02/13;21.075;21.44;20.61;20.61;3168107
FR0000120172;05/02/13;20.605;21.00;20.55;20.825;2328746
FR0000120172;06/02/13;20.815;20.975;20.515;20.72;2974464
FR0000120172;07/02/13;20.755;21.065;20.74;20.80;2016186
FR0000120172;08/02/13;20.85;20.96;20.71;20.86;2520093
FR0000120172;11/02/13;20.785;21.025;20.705;20.845;1208214
FR0000120172;12/02/13;20.84;21.05;20.70;21.025;2414842
FR0000120172;13/02/13;21.00;21.00;20.64;20.75;2736550
FR0000120172;14/02/13;20.62;20.73;20.18;20.18;2851754
FR0000120172;15/02/13;20.19;20.30;19.86;20.00;3705030
FR0000120172;18/02/13;19.94;20.185;19.865;20.075;2400383
FR0000120172;19/02/13;20.07;20.995;19.99;20.995;4285461
FR0000120172;20/02/13;21.00;21.05;20.65;20.79;2466373
FR0000120172;21/02/13;20.545;20.79;20.30;20.49;3917012
FR0000120172;22/02/13;20.53;21.18;20.465;21.00;2743512
FR0000120172;25/02/13;21.00;21.35;20.63;20.83;2900532
FR0000120172;26/02/13;20.36;20.63;20.285;20.295;3500777
FR0000120172;27/02/13;20.315;20.76;20.31;20.725;2321400
FR0000120172;28/02/13;20.72;20.945;20.67;20.88;2057658
FR0000120271;01/02/13;39.95;40.48;39.645;40.16;4301432
FR0000120271;04/02/13;40.19;40.33;39.00;39.00;6059056
FR0000120271;05/02/13;39.01;39.73;38.96;39.45;4293289
FR0000120271;06/02/13;39.425;39.585;38.665;38.895;4988713
FR0000120271;07/02/13;39.11;39.43;38.37;38.405;5377081
FR0000120271;08/02/13;38.405;38.71;38.21;38.38;4840068
FR0000120271;11/02/13;38.22;38.335;37.98;38.16;4141133
FR0000120271;12/02/13;38.11;38.37;38.03;38.36;4485462
FR0000120271;13/02/13;38.89;38.895;38.12;38.505;5527988
FR0000120271;14/02/13;38.205;38.405;37.625;37.735;6334387
FR0000120271;15/02/13;37.83;37.905;37.16;37.30;7321322
FR0000120271;18/02/13;37.49;37.63;37.04;37.445;3110931
FR0000120271;19/02/13;37.32;38.47;37.315;38.30;6366987
FR0000120271;20/02/13;38.40;38.445;37.86;37.955;4250184
FR0000120271;21/02/13;37.655;37.70;37.165;37.23;6141478
FR0000120271;22/02/13;37.525;38.24;37.50;38.06;5461439
FR0000120271;25/02/13;38.18;39.18;38.15;38.41;6305883
FR0000120271;26/02/13;37.725;37.915;37.17;37.195;8304812
FR0000120271;27/02/13;37.53;38.05;37.325;38.005;5475658
FR0000120271;28/02/13;38.15;38.375;37.725;38.295;5121760
FR0000120321;01/02/13;109.70;112.00;109.70;111.90;609056
FR0000120321;04/02/13;112.00;112.00;108.60;108.60;681996
FR0000120321;05/02/13;108.50;111.10;108.40;111.00;655908
FR0000120321;06/02/13;111.00;111.10;108.95;109.40;554605
FR0000120321;07/02/13;108.05;109.75;107.55;108.10;591186
FR0000120321;08/02/13;108.10;109.05;107.70;108.60;674006
FR0000120321;11/02/13;109.95;110.00;107.75;107.95;581458
FR0000120321;12/02/13;110.00;114.00;109.80;112.05;1187214
FR0000120321;13/02/13;110.00;113.00;109.95;112.50;537499
FR0000120321;14/02/13;112.30;112.95;111.10;111.10;543829
FR0000120321;15/02/13;110.85;111.95;110.35;110.50;533995
FR0000120321;18/02/13;110.00;110.45;109.35;110.05;412232
FR0000120321;19/02/13;109.50;112.00;109.25;111.70;542260
FR0000120321;20/02/13;111.85;112.90;111.50;111.80;490521
FR0000120321;21/02/13;110.25;110.70;109.20;109.75;699336
FR0000120321;22/02/13;110.00;112.60;109.95;112.60;518423
FR0000120321;25/02/13;112.60;115.90;112.25;114.70;974360
FR0000120321;26/02/13;112.30;113.60;111.45;111.95;886552
FR0000120321;27/02/13;112.30;114.00;111.55;113.45;651522
FR0000120321;28/02/13;113.70;114.55;113.40;114.55;602212
FR0000120404;01/02/13;28.74;29.45;28.625;29.355;871722
FR0000120404;04/02/13;29.305;29.315;28.44;28.45;800385
FR0000120404;05/02/13;28.435;28.91;28.335;28.83;428144
FR0000120404;06/02/13;28.81;29.19;28.585;28.905;504256
FR0000120404;07/02/13;28.985;29.13;28.785;28.85;452425
FR0000120404;08/02/13;28.985;29.295;28.955;29.27;503440
FR0000120404;11/02/13;29.145;29.225;28.945;29.195;379333
FR0000120404;12/02/13;29.10;29.275;28.825;29.24;355539
FR0000120404;13/02/13;29.34;29.615;29.16;29.425;801626
FR0000120404;14/02/13;29.265;29.475;29.08;29.26;459560
FR0000120404;15/02/13;29.205;29.625;29.125;29.575;730215
FR0000120404;18/02/13;29.50;29.50;28.82;28.84;635757
FR0000120404;19/02/13;28.725;29.07;28.51;29.045;843976
FR0000120404;20/02/13;28.80;28.86;27.59;28.00;1936799
FR0000120404;21/02/13;28.245;28.245;27.58;27.70;934158
FR0000120404;22/02/13;27.855;28.36;27.78;28.22;634468
FR0000120404;25/02/13;28.075;28.425;27.525;27.685;1345024
FR0000120404;26/02/13;27.445;27.865;27.21;27.38;997936
FR0000120404;27/02/13;27.455;27.665;27.26;27.50;822987
FR0000120404;28/02/13;27.575;28.07;27.575;27.63;1146534
FR0000120503;01/02/13;20.825;21.42;20.74;21.34;1506867
FR0000120503;04/02/13;21.30;21.33;20.355;20.38;1868399
FR0000120503;05/02/13;20.305;20.785;20.30;20.655;1538595
FR0000120503;06/02/13;20.66;20.86;20.16;20.29;1458840
FR0000120503;07/02/13;20.32;20.85;20.215;20.215;1253862
FR0000120503;08/02/13;20.21;20.55;20.17;20.48;943306
FR0000120503;11/02/13;20.50;20.63;20.43;20.50;706665
FR0000120503;12/02/13;20.495;20.50;20.115;20.155;1162934
FR0000120503;13/02/13;20.195;20.495;20.06;20.06;1671874
FR0000120503;14/02/13;20.04;20.06;19.675;19.87;1703433
FR0000120503;15/02/13;19.845;20.70;19.69;20.45;2195916
FR0000120503;18/02/13;20.48;20.48;19.79;19.89;1601339
FR0000120503;19/02/13;19.895;20.27;19.80;20.25;1357746
FR0000120503;20/02/13;20.20;20.515;20.07;20.16;1402711
FR0000120503;21/02/13;20.02;20.045;19.455;19.545;1957221
FR0000120503;22/02/13;19.675;20.15;19.58;20.10;1404221
FR0000120503;25/02/13;20.185;20.505;20.005;20.12;1584860
FR0000120503;26/02/13;19.96;19.965;19.315;19.39;1764769
FR0000120503;27/02/13;20.55;21.955;20.20;21.955;6601410
FR0000120503;28/02/13;21.96;22.105;21.46;21.64;2200529
FR0000120578;01/02/13;71.98;72.42;71.67;72.10;1768780
FR0000120578;04/02/13;72.19;72.30;69.68;69.68;3353904
FR0000120578;05/02/13;69.84;71.64;69.84;70.69;2850050
FR0000120578;06/02/13;70.50;71.13;68.86;69.37;3492738
FR0000120578;07/02/13;67.00;67.94;65.91;66.60;7979711
FR0000120578;08/02/13;67.69;69.05;66.93;69.05;4425326
FR0000120578;11/02/13;71.86;72.40;70.81;71.40;5885180
FR0000120578;12/02/13;71.60;72.50;71.10;72.50;2442376
FR0000120578;13/02/13;72.52;73.49;72.10;73.39;3106648
FR0000120578;14/02/13;72.89;73.17;71.63;72.03;3430158
FR0000120578;15/02/13;72.17;72.80;71.84;71.90;2729472
FR0000120578;18/02/13;71.32;72.40;71.25;72.26;1245069
FR0000120578;19/02/13;71.88;74.20;71.75;74.10;2983991
FR0000120578;20/02/13;73.86;74.13;73.48;73.77;2515940
FR0000120578;21/02/13;73.27;73.40;71.02;71.19;3898256
FR0000120578;22/02/13;71.43;72.86;71.43;72.84;2694648
FR0000120578;25/02/13;73.24;74.14;72.35;72.48;3284969
FR0000120578;26/02/13;70.17;72.16;70.10;70.90;4599339
FR0000120578;27/02/13;71.01;71.42;70.15;71.42;2984080
FR0000120578;28/02/13;71.97;72.58;70.94;72.58;3164642
FR0000120628;01/02/13;13.715;13.875;13.70;13.805;6565001
FR0000120628;04/02/13;13.845;13.855;13.215;13.285;10026872
FR0000120628;05/02/13;13.25;13.52;13.24;13.385;5574582
FR0000120628;06/02/13;13.405;13.465;12.94;13.04;9639184
FR0000120628;07/02/13;13.31;13.365;13.005;13.005;6543021
FR0000120628;08/02/13;13.01;13.32;13.005;13.255;5268944
FR0000120628;11/02/13;13.19;13.38;13.12;13.17;3428675
FR0000120628;12/02/13;13.12;13.495;13.08;13.495;6334374
FR0000120628;13/02/13;13.475;13.66;13.33;13.615;5271594
FR0000120628;14/02/13;13.52;13.67;13.465;13.55;6000899
FR0000120628;15/02/13;13.50;13.68;13.45;13.45;7029424
FR0000120628;18/02/13;13.425;13.765;13.355;13.705;5207635
FR0000120628;19/02/13;13.68;13.975;13.645;13.93;7972421
FR0000120628;20/02/13;13.955;13.965;13.655;13.70;6393273
FR0000120628;21/02/13;13.525;13.62;13.12;13.27;12185279
FR0000120628;22/02/13;13.32;13.615;13.32;13.605;8746385
FR0000120628;25/02/13;13.65;14.105;13.53;13.67;10560760
FR0000120628;26/02/13;13.025;13.33;12.90;13.15;15242199
FR0000120628;27/02/13;13.20;13.22;12.915;13.19;8040293
FR0000120628;28/02/13;13.25;13.365;13.105;13.305;6786445
FR0000120644;01/02/13;51.18;51.68;51.12;51.23;1542450
FR0000120644;04/02/13;51.34;51.56;50.30;50.30;1849305
FR0000120644;05/02/13;50.10;50.67;49.875;49.96;1858860
FR0000120644;06/02/13;49.89;50.40;49.655;49.895;2508475
FR0000120644;07/02/13;50.00;51.08;49.98;50.21;2455845
FR0000120644;08/02/13;50.42;51.06;50.40;50.99;1648475
FR0000120644;11/02/13;50.84;51.28;50.64;50.90;1010042
FR0000120644;12/02/13;50.23;50.39;49.81;50.35;1966420
FR0000120644;13/02/13;50.41;50.65;50.20;50.36;1434658
FR0000120644;14/02/13;49.985;50.68;49.285;50.37;2642742
FR0000120644;15/02/13;50.26;50.84;49.97;50.13;1569536
FR0000120644;18/02/13;49.93;50.30;49.655;50.19;1326064
FR0000120644;19/02/13;52.00;53.41;51.76;53.15;4497048
FR0000120644;20/02/13;53.00;53.50;52.86;53.06;2018731
FR0000120644;21/02/13;52.81;53.00;52.28;52.40;2085701
FR0000120644;22/02/13;52.33;53.49;52.13;53.49;1697522
FR0000120644;25/02/13;53.47;54.31;53.33;53.72;2092361
FR0000120644;26/02/13;52.18;53.01;52.11;52.18;2236945
FR0000120644;27/02/13;52.41;53.04;52.14;52.95;1395827
FR0000120644;28/02/13;52.91;53.35;52.34;53.19;1692035
FR0000120693;01/02/13;92.18;94.45;91.59;94.08;611641
FR0000120693;04/02/13;93.98;94.05;92.40;92.80;521242
FR0000120693;05/02/13;91.51;92.23;91.16;92.05;672066
FR0000120693;06/02/13;91.98;92.45;91.44;91.90;452758
FR0000120693;07/02/13;91.98;92.32;91.65;91.65;430265
FR0000120693;08/02/13;90.43;91.47;90.40;91.23;455772
FR0000120693;11/02/13;90.82;90.95;90.05;90.31;435923
FR0000120693;12/02/13;91.05;92.23;90.80;91.91;646910
FR0000120693;13/02/13;92.19;94.05;91.71;94.05;673081
FR0000120693;14/02/13;94.99;97.47;94.70;96.03;1404995
FR0000120693;15/02/13;95.01;96.96;95.01;96.44;708172
FR0000120693;18/02/13;96.02;96.13;95.53;96.03;477178
FR0000120693;19/02/13;95.69;98.35;95.61;98.08;723066
FR0000120693;20/02/13;97.60;98.28;97.22;98.05;572840
FR0000120693;21/02/13;97.01;97.86;96.49;96.99;540094
FR0000120693;22/02/13;97.08;97.98;96.88;97.88;503733
FR0000120693;25/02/13;97.94;98.65;97.48;98.25;611439
FR0000120693;26/02/13;96.72;97.98;96.38;97.30;589199
FR0000120693;27/02/13;97.12;98.40;96.14;98.22;570723
FR0000120693;28/02/13;98.30;99.44;97.79;99.39;566640
FR0000121014;01/02/13;136.85;140.85;136.00;139.85;1208341
FR0000121014;04/02/13;140.05;140.10;134.00;134.00;1289711
FR0000121014;05/02/13;133.55;135.85;133.55;135.00;718668
FR0000121014;06/02/13;135.35;135.45;131.20;132.00;1144697
FR0000121014;07/02/13;131.70;132.75;130.20;130.75;912662
FR0000121014;08/02/13;130.90;133.80;130.55;133.10;741442
FR0000121014;11/02/13;132.30;133.00;130.75;131.35;563749
FR0000121014;12/02/13;131.10;133.45;131.00;133.00;703214
FR0000121014;13/02/13;134.00;134.50;132.20;133.55;659214
FR0000121014;14/02/13;133.70;133.70;131.70;131.95;540273
FR0000121014;15/02/13;131.40;134.20;131.30;133.00;855806
FR0000121014;18/02/13;132.60;132.60;131.35;132.35;453890
FR0000121014;19/02/13;131.80;134.40;131.75;133.80;737534
FR0000121014;20/02/13;133.40;134.65;131.80;132.50;613914
FR0000121014;21/02/13;131.30;131.70;129.05;130.55;926400
FR0000121014;22/02/13;131.20;132.70;131.00;132.45;621747
FR0000121014;25/02/13;132.75;135.45;132.50;133.60;924470
FR0000121014;26/02/13;129.60;132.00;129.10;130.75;1005852
FR0000121014;27/02/13;130.95;131.40;129.55;131.40;781034
FR0000121014;28/02/13;132.10;132.65;131.20;131.90;757773
FR0000121220;01/02/13;66.07;66.27;65.44;65.83;322171
FR0000121220;04/02/13;65.80;66.37;65.43;65.51;265518
FR0000121220;05/02/13;65.37;66.40;65.37;66.32;200880
FR0000121220;06/02/13;66.49;67.16;66.26;66.26;208166
FR0000121220;07/02/13;66.17;67.49;66.17;66.88;256923
FR0000121220;08/02/13;66.77;67.79;66.71;67.45;236337
FR0000121220;11/02/13;67.15;67.47;67.00;67.11;91853
FR0000121220;12/02/13;66.54;67.40;66.54;67.16;155404
FR0000121220;13/02/13;66.99;68.00;66.93;67.92;178309
FR0000121220;14/02/13;67.04;68.40;67.03;68.25;215299
FR0000121220;15/02/13;68.07;69.08;67.91;69.00;199960
FR0000121220;18/02/13;68.79;69.33;68.77;69.29;155977
FR0000121220;19/02/13;69.40;70.55;69.16;70.55;213913
FR0000121220;20/02/13;70.11;70.49;69.59;70.03;210058
FR0000121220;21/02/13;69.83;70.13;69.22;69.72;152529
FR0000121220;22/02/13;70.00;70.63;69.80;70.63;215573
FR0000121220;25/02/13;70.36;70.59;69.73;70.08;216905
FR0000121220;26/02/13;68.84;70.13;68.84;69.96;143775
FR0000121220;27/02/13;70.01;70.66;70.01;70.60;139905
FR0000121220;28/02/13;70.66;71.00;70.52;70.94;213809
FR0000121261;01/02/13;68.50;71.46;68.50;71.10;1121591
FR0000121261;04/02/13;71.46;71.70;68.56;68.56;904399
FR0000121261;05/02/13;68.60;69.49;68.11;68.83;547497
FR0000121261;06/02/13;68.55;69.38;67.74;68.63;713246
FR0000121261;07/02/13;68.78;69.80;68.59;69.01;663551
FR0000121261;08/02/13;69.54;71.54;69.50;71.10;880340
FR0000121261;11/02/13;71.20;72.70;70.90;72.70;921371
FR0000121261;12/02/13;70.55;71.28;68.86;69.55;2153161
FR0000121261;13/02/13;69.88;70.13;68.84;68.93;854235
FR0000121261;14/02/13;68.98;69.09;66.81;66.91;1626698
FR0000121261;15/02/13;66.50;67.13;65.67;66.51;1272292
FR0000121261;18/02/13;66.11;66.96;65.89;66.12;543317
FR0000121261;19/02/13;66.08;68.44;66.05;67.96;1257178
FR0000121261;20/02/13;67.77;69.38;67.29;68.75;885335
FR0000121261;21/02/13;68.47;68.47;67.01;67.01;653031
FR0000121261;22/02/13;67.55;67.76;66.28;66.41;803501
FR0000121261;25/02/13;66.70;67.91;66.51;67.18;726256
FR0000121261;26/02/13;66.00;66.98;65.90;66.22;911967
FR0000121261;27/02/13;66.36;68.49;66.01;68.49;771888
FR0000121261;28/02/13;68.89;68.99;67.56;68.44;678263
FR0000121485;01/02/13;158.55;163.50;158.05;163.50;311486
FR0000121485;04/02/13;163.20;163.40;159.90;161.05;289808
FR0000121485;05/02/13;160.60;162.85;160.50;161.25;206921
FR0000121485;06/02/13;161.75;161.80;159.00;159.40;318998
FR0000121485;07/02/13;159.40;160.05;156.50;156.50;342621
FR0000121485;08/02/13;157.75;160.80;157.25;160.80;205738
FR0000121485;11/02/13;160.00;160.35;156.65;157.15;238432
FR0000121485;12/02/13;157.00;159.10;156.10;159.10;227304
FR0000121485;13/02/13;159.60;160.90;158.45;160.50;164963
FR0000121485;14/02/13;160.55;161.25;159.25;159.80;298315
FR0000121485;15/02/13;164.40;174.75;163.95;172.00;1309017
FR0000121485;18/02/13;172.00;174.85;170.95;172.85;342319
FR0000121485;19/02/13;172.30;175.05;171.45;173.65;369946
FR0000121485;20/02/13;173.50;174.90;172.15;174.55;233804
FR0000121485;21/02/13;173.05;173.40;168.30;168.30;482376
FR0000121485;22/02/13;168.75;171.55;168.60;171.55;344026
FR0000121485;25/02/13;172.30;173.00;170.60;171.75;222427
FR0000121485;26/02/13;166.85;168.85;165.00;166.95;399378
FR0000121485;27/02/13;167.25;169.60;166.30;169.30;251910
FR0000121485;28/02/13;170.05;172.15;169.80;171.70;260561
FR0000121501;01/02/13;3.531;3.769;3.42;3.683;5137270
FR0000121501;04/02/13;3.745;3.753;3.46;3.467;3062593
FR0000121501;05/02/13;3.45;3.518;3.317;3.471;3594922
FR0000121501;06/02/13;3.487;3.69;3.434;3.61;4374292
FR0000121501;07/02/13;3.65;3.70;3.565;3.673;3279265
FR0000121501;08/02/13;3.603;3.97;3.368;3.788;11121797
FR0000121501;11/02/13;3.79;4.01;3.651;3.816;6122937
FR0000121501;12/02/13;3.80;3.81;3.623;3.765;2923159
FR0000121501;13/02/13;4.05;4.23;3.85;4.20;15034111
FR0000121501;14/02/13;4.19;4.30;4.062;4.176;6056011
FR0000121501;15/02/13;4.004;4.252;4.00;4.188;4472456
FR0000121501;18/02/13;4.30;4.345;4.124;4.151;3095072
FR0000121501;19/02/13;4.103;4.195;4.028;4.032;2699619
FR0000121501;20/02/13;4.006;4.09;3.903;3.91;3384386
FR0000121501;21/02/13;3.862;3.87;3.586;3.656;5070897
FR0000121501;22/02/13;3.665;3.747;3.509;3.524;3918992
FR0000121501;25/02/13;3.563;3.714;3.484;3.551;4427218
FR0000121501;26/02/13;3.355;3.545;3.322;3.45;3770635
FR0000121501;27/02/13;3.508;3.598;3.355;3.578;2651347
FR0000121501;28/02/13;3.628;3.66;3.501;3.598;2435088
FR0000121667;01/02/13;75.09;76.75;75.09;76.06;572410
FR0000121667;04/02/13;76.18;76.40;73.62;73.62;598667
FR0000121667;05/02/13;73.70;74.42;73.58;74.23;544202
FR0000121667;06/02/13;74.44;74.44;72.37;73.38;524545
FR0000121667;07/02/13;73.41;74.01;72.44;73.01;423631
FR0000121667;08/02/13;73.39;73.71;72.50;73.12;464558
FR0000121667;11/02/13;72.83;73.43;72.65;72.91;335696
FR0000121667;12/02/13;72.74;73.74;72.70;73.38;402263
FR0000121667;13/02/13;73.62;74.39;73.19;73.63;483196
FR0000121667;14/02/13;73.34;74.84;73.17;73.64;479792
FR0000121667;15/02/13;73.51;74.02;72.66;72.76;547145
FR0000121667;18/02/13;72.53;73.02;71.90;72.85;414526
FR0000121667;19/02/13;72.85;73.39;72.69;73.24;466850
FR0000121667;20/02/13;73.39;73.97;72.92;73.90;576686
FR0000121667;21/02/13;73.02;73.14;71.90;72.65;612644
FR0000121667;22/02/13;73.02;75.80;72.74;75.73;820154
FR0000121667;25/02/13;75.84;77.07;75.71;75.90;648722
FR0000121667;26/02/13;74.16;75.16;73.85;74.20;708001
FR0000121667;27/02/13;74.58;75.24;74.14;74.62;649859
FR0000121667;28/02/13;76.00;80.79;74.73;79.05;1829438
FR0000121972;01/02/13;56.25;56.60;56.13;56.60;1447385
FR0000121972;04/02/13;56.67;56.70;54.99;55.25;2034696
FR0000121972;05/02/13;55.15;55.97;55.15;55.97;1481575
FR0000121972;06/02/13;56.01;56.07;54.73;54.90;1614810
FR0000121972;07/02/13;55.23;55.74;54.24;54.25;1314148
FR0000121972;08/02/13;54.31;54.81;54.15;54.81;953150
FR0000121972;11/02/13;54.58;54.98;54.11;54.48;611773
FR0000121972;12/02/13;54.29;55.12;54.15;55.02;783858
FR0000121972;13/02/13;55.15;55.69;55.00;55.24;822187
FR0000121972;14/02/13;54.96;55.20;54.31;54.31;1095216
FR0000121972;15/02/13;54.00;54.89;53.97;54.49;1345150
FR0000121972;18/02/13;54.35;54.35;53.75;54.04;707398
FR0000121972;19/02/13;53.76;55.71;53.50;55.46;1422145
FR0000121972;20/02/13;55.31;56.32;55.09;55.39;1538154
FR0000121972;21/02/13;57.00;57.95;56.45;56.67;3493129
FR0000121972;22/02/13;57.03;59.19;56.94;59.09;2455819
FR0000121972;25/02/13;59.40;60.00;58.36;58.40;2164720
FR0000121972;26/02/13;56.18;57.82;56.03;56.31;2444433
FR0000121972;27/02/13;56.49;57.97;56.48;57.94;1739018
FR0000121972;28/02/13;58.14;59.09;57.97;58.92;1687437
FR0000124141;01/02/13;9.539;9.625;9.418;9.457;2988568
FR0000124141;04/02/13;9.519;9.785;9.303;9.309;5593409
FR0000124141;05/02/13;9.284;9.578;9.257;9.437;3013590
FR0000124141;06/02/13;9.508;9.654;9.372;9.514;5598501
FR0000124141;07/02/13;9.526;9.90;9.493;9.612;5734076
FR0000124141;08/02/13;9.646;9.796;9.594;9.70;4019868
FR0000124141;11/02/13;9.715;9.759;9.526;9.564;2843755
FR0000124141;12/02/13;9.584;9.711;9.482;9.708;2581806
FR0000124141;13/02/13;9.708;9.813;9.595;9.716;2414121
FR0000124141;14/02/13;9.677;9.70;9.281;9.281;6765823
FR0000124141;15/02/13;9.27;9.44;9.106;9.375;4156749
FR0000124141;18/02/13;9.362;9.55;9.304;9.471;1917658
FR0000124141;19/02/13;9.45;9.637;9.44;9.561;2599980
FR0000124141;20/02/13;9.56;9.566;9.343;9.371;3094350
FR0000124141;21/02/13;9.30;9.301;9.03;9.03;4062067
FR0000124141;22/02/13;9.118;9.217;9.03;9.145;3697143
FR0000124141;25/02/13;9.186;9.541;9.147;9.252;7160748
FR0000124141;26/02/13;9.03;9.294;9.00;9.038;5451889
FR0000124141;27/02/13;9.125;9.561;9.05;9.513;6574304
FR0000124141;28/02/13;10.02;10.305;9.429;9.638;14138376
FR0000124711;01/02/13;174.50;174.60;172.60;172.75;316129
FR0000124711;04/02/13;172.50;173.05;169.25;170.55;443341
FR0000124711;05/02/13;170.95;174.30;170.90;173.15;304557
FR0000124711;06/02/13;173.00;174.00;170.50;170.65;295932
FR0000124711;07/02/13;171.20;172.30;170.10;170.10;258626
FR0000124711;08/02/13;170.35;172.25;170.15;172.15;250693
FR0000124711;11/02/13;172.25;172.25;170.85;171.05;206053
FR0000124711;12/02/13;171.00;173.25;170.65;173.25;264555
FR0000124711;13/02/13;173.75;176.05;172.40;174.70;316689
FR0000124711;14/02/13;174.05;174.70;173.20;173.55;240630
FR0000124711;15/02/13;173.40;174.25;172.15;172.60;327833
FR0000124711;18/02/13;173.50;176.35;173.00;176.05;275590
FR0000124711;19/02/13;177.00;177.55;176.10;177.00;271374
FR0000124711;20/02/13;177.15;177.30;174.60;174.60;267561
FR0000124711;21/02/13;173.45;174.00;170.80;171.35;414889
FR0000124711;22/02/13;172.65;173.85;171.90;173.50;221358
FR0000124711;25/02/13;174.45;176.15;173.45;174.50;321876
FR0000124711;26/02/13;171.00;174.00;170.00;172.45;338531
FR0000124711;27/02/13;172.60;174.60;171.50;174.00;279781
FR0000124711;28/02/13;174.00;177.20;173.15;176.80;353765
FR0000125007;01/02/13;30.395;30.505;30.27;30.395;2034161
FR0000125007;04/02/13;30.49;30.645;29.825;29.825;2498523
FR0000125007;05/02/13;29.63;30.295;29.50;30.19;1941059
FR0000125007;06/02/13;30.155;30.35;29.55;29.86;3016489
FR0000125007;07/02/13;29.995;30.29;29.82;29.925;2724802
FR0000125007;08/02/13;29.91;30.17;29.67;30.00;1721623
FR0000125007;11/02/13;29.85;30.05;29.53;29.72;1643516
FR0000125007;12/02/13;29.615;29.765;29.295;29.765;1439118
FR0000125007;13/02/13;29.66;30.365;29.20;30.07;2866307
FR0000125007;14/02/13;29.83;30.555;29.75;30.375;2157356
FR0000125007;15/02/13;30.21;30.825;29.92;30.565;2143354
FR0000125007;18/02/13;30.425;31.18;30.15;31.18;2186299
FR0000125007;19/02/13;31.05;31.88;30.98;31.58;2707044
FR0000125007;20/02/13;31.50;31.815;31.16;31.41;1825125
FR0000125007;21/02/13;31.55;32.39;30.52;30.61;3791131
FR0000125007;22/02/13;30.855;31.665;30.74;31.48;1953068
FR0000125007;25/02/13;31.695;32.29;31.235;31.48;2281535
FR0000125007;26/02/13;30.225;30.885;29.75;30.42;3047069
FR0000125007;27/02/13;30.505;30.975;30.07;30.865;1931973
FR0000125007;28/02/13;30.885;31.17;30.37;30.555;1876863
FR0000125338;01/02/13;35.52;36.215;35.51;36.12;699777
FR0000125338;04/02/13;36.265;36.265;35.235;35.28;932629
FR0000125338;05/02/13;35.17;35.395;35.00;35.12;630490
FR0000125338;06/02/13;35.18;35.83;35.025;35.40;762757
FR0000125338;07/02/13;35.38;36.04;35.305;35.54;570077
FR0000125338;08/02/13;35.65;35.83;35.515;35.775;389321
FR0000125338;11/02/13;35.63;35.65;35.345;35.61;412813
FR0000125338;12/02/13;35.50;35.84;35.49;35.84;463454
FR0000125338;13/02/13;35.89;36.23;35.59;36.07;497705
FR0000125338;14/02/13;36.00;36.18;35.66;35.775;528695
FR0000125338;15/02/13;35.70;36.08;35.64;35.775;484293
FR0000125338;18/02/13;35.78;35.82;35.54;35.70;318915
FR0000125338;19/02/13;35.665;36.685;35.66;36.63;720004
FR0000125338;20/02/13;36.525;37.43;36.525;36.86;767114
FR0000125338;21/02/13;36.48;37.99;36.15;36.89;1857360
FR0000125338;22/02/13;37.23;38.15;37.145;38.035;1279709
FR0000125338;25/02/13;38.15;38.565;37.825;38.165;1061522
FR0000125338;26/02/13;37.36;38.07;37.23;37.575;1173166
FR0000125338;27/02/13;37.79;38.54;37.55;38.365;1086498
FR0000125338;28/02/13;38.445;38.50;37.695;37.695;1196141
FR0000125486;01/02/13;37.505;38.22;37.50;37.98;1565427
FR0000125486;04/02/13;38.00;38.00;36.20;36.225;2739863
FR0000125486;05/02/13;36.205;36.97;36.18;36.615;1808766
FR0000125486;06/02/13;36.195;36.245;35.09;35.405;3553431
FR0000125486;07/02/13;35.58;35.85;35.00;35.065;2291131
FR0000125486;08/02/13;35.175;35.745;35.09;35.50;1708029
FR0000125486;11/02/13;35.54;35.775;35.16;35.40;1091787
FR0000125486;12/02/13;35.385;35.915;35.21;35.915;1317350
FR0000125486;13/02/13;36.08;36.08;35.45;35.59;1228621
FR0000125486;14/02/13;35.415;35.835;35.355;35.735;1509230
FR0000125486;15/02/13;35.51;35.765;35.005;35.005;2090127
FR0000125486;18/02/13;35.005;35.26;34.70;35.26;1071780
FR0000125486;19/02/13;35.10;35.81;35.035;35.81;1631366
FR0000125486;20/02/13;35.715;35.795;35.19;35.225;1541464
FR0000125486;21/02/13;34.87;34.995;34.15;34.495;2222563
FR0000125486;22/02/13;34.565;35.61;34.565;35.61;1869617
FR0000125486;25/02/13;35.745;36.515;35.67;35.95;2334062
FR0000125486;26/02/13;34.915;35.315;34.675;34.80;2720313
FR0000125486;27/02/13;34.95;35.62;34.63;35.60;1835987
FR0000125486;28/02/13;35.885;35.94;35.315;35.45;1589658
FR0000127771;01/02/13;15.76;15.98;15.75;15.86;3137816
FR0000127771;04/02/13;15.955;16.05;15.465;15.465;4805759
FR0000127771;05/02/13;15.46;15.785;15.27;15.70;3424712
FR0000127771;06/02/13;15.775;15.795;15.385;15.65;3697315
FR0000127771;07/02/13;15.725;15.855;15.435;15.435;3028917
FR0000127771;08/02/13;15.855;15.895;15.60;15.765;3889720
FR0000127771;11/02/13;15.74;15.945;15.655;15.75;2332366
FR0000127771;12/02/13;15.70;15.79;15.525;15.70;2466572
FR0000127771;13/02/13;15.665;15.685;15.395;15.49;4550897
FR0000127771;14/02/13;15.45;15.515;15.235;15.405;3386682
FR0000127771;15/02/13;15.42;15.86;15.39;15.695;5053591
FR0000127771;18/02/13;15.765;15.865;15.64;15.82;2124111
FR0000127771;19/02/13;15.78;15.99;15.73;15.83;3760851
FR0000127771;20/02/13;15.845;15.925;15.435;15.465;3696099
FR0000127771;21/02/13;15.32;15.335;14.84;14.85;5789119
FR0000127771;22/02/13;14.915;15.45;14.905;15.45;4948891
FR0000127771;25/02/13;15.945;16.15;15.805;15.945;6908516
FR0000127771;26/02/13;15.405;16.295;15.355;15.665;9233987
FR0000127771;27/02/13;15.72;16.285;15.70;16.11;5113833
FR0000127771;28/02/13;15.95;16.12;15.905;16.12;4340189
FR0000130577;01/02/13;48.49;49.675;48.385;49.175;557380
FR0000130577;04/02/13;49.09;49.13;48.17;48.23;459028
FR0000130577;05/02/13;48.03;48.465;47.83;48.335;433755
FR0000130577;06/02/13;48.35;48.915;47.96;48.56;993736
FR0000130577;07/02/13;48.60;48.79;48.255;48.36;464613
FR0000130577;08/02/13;48.56;48.80;48.25;48.775;385022
FR0000130577;11/02/13;48.605;48.765;48.085;48.285;401840
FR0000130577;12/02/13;48.14;48.66;48.055;48.585;658326
FR0000130577;13/02/13;48.67;48.78;48.13;48.69;533289
FR0000130577;14/02/13;48.82;49.90;48.55;49.11;1113935
FR0000130577;15/02/13;49.215;50.32;48.95;50.00;1027193
FR0000130577;18/02/13;49.97;50.76;49.86;50.69;548683
FR0000130577;19/02/13;50.60;51.22;50.35;51.19;435646
FR0000130577;20/02/13;51.13;51.60;51.00;51.45;509197
FR0000130577;21/02/13;51.03;51.10;50.23;50.33;521781
FR0000130577;22/02/13;50.39;51.11;50.27;50.48;433973
FR0000130577;25/02/13;50.36;50.67;50.28;50.45;521451
FR0000130577;26/02/13;49.60;50.11;49.20;49.97;560831
FR0000130577;27/02/13;49.95;50.23;49.69;50.23;492420
FR0000130577;28/02/13;50.35;50.79;50.24;50.62;491411
FR0000130809;01/02/13;33.39;33.98;32.995;33.74;4867928
FR0000130809;04/02/13;33.95;33.955;32.125;32.125;6047655
FR0000130809;05/02/13;32.12;32.97;31.82;32.655;3907931
FR0000130809;06/02/13;32.69;32.80;31.125;31.50;6421780
FR0000130809;07/02/13;31.54;32.155;31.05;31.055;3955642
FR0000130809;08/02/13;31.12;32.155;31.11;31.95;4032334
FR0000130809;11/02/13;31.865;32.285;31.45;31.555;3211505
FR0000130809;12/02/13;31.41;32.825;31.225;32.665;4659391
FR0000130809;13/02/13;31.755;31.80;31.31;31.50;8306761
FR0000130809;14/02/13;31.26;31.39;30.00;30.405;9133944
FR0000130809;15/02/13;30.31;30.60;29.915;29.99;5177802
FR0000130809;18/02/13;29.98;30.515;29.52;30.495;3690444
FR0000130809;19/02/13;30.40;31.255;30.27;31.155;4828595
FR0000130809;20/02/13;31.24;31.48;30.67;30.67;4571762
FR0000130809;21/02/13;30.255;30.39;29.225;29.28;5995119
FR0000130809;22/02/13;29.505;30.12;29.425;29.82;4729682
FR0000130809;25/02/13;30.00;31.27;29.515;29.825;8477421
FR0000130809;26/02/13;28.19;28.95;27.64;28.20;10833607
FR0000130809;27/02/13;28.46;29.31;28.07;29.175;5134397
FR0000130809;28/02/13;29.305;29.79;29.00;29.41;4619219
FR0000131104;01/02/13;46.465;47.25;46.34;46.755;4383272
FR0000131104;04/02/13;46.89;47.06;44.695;44.695;5469874
FR0000131104;05/02/13;44.415;45.97;44.30;45.525;3976399
FR0000131104;06/02/13;45.59;45.655;43.68;44.365;4596269
FR0000131104;07/02/13;44.595;45.20;43.52;43.565;3735901
FR0000131104;08/02/13;43.80;44.915;43.72;44.595;3663641
FR0000131104;11/02/13;44.50;45.20;44.235;44.75;2576821
FR0000131104;12/02/13;44.585;46.13;44.40;46.035;4071394
FR0000131104;13/02/13;46.03;46.12;45.28;45.845;3801811
FR0000131104;14/02/13;46.30;47.50;46.20;46.75;7947608
FR0000131104;15/02/13;46.56;47.215;46.005;46.005;4882090
FR0000131104;18/02/13;45.975;46.00;45.14;45.38;3166507
FR0000131104;19/02/13;45.20;45.80;45.175;45.625;2862682
FR0000131104;20/02/13;45.50;45.875;44.325;44.525;3690876
FR0000131104;21/02/13;44.10;44.15;42.42;42.50;5896415
FR0000131104;22/02/13;42.80;43.89;42.76;43.63;4350851
FR0000131104;25/02/13;43.895;45.65;43.385;43.69;6306810
FR0000131104;26/02/13;41.17;42.70;40.35;41.67;9597217
FR0000131104;27/02/13;42.155;43.38;41.41;43.155;6154542
FR0000131104;28/02/13;43.51;43.70;42.37;43.105;4455634
FR0000131906;01/02/13;44.175;45.285;44.00;45.035;1272947
FR0000131906;04/02/13;45.15;45.21;43.13;43.56;1740274
FR0000131906;05/02/13;43.41;44.15;42.965;43.70;1157542
FR0000131906;06/02/13;44.00;44.94;43.465;44.39;1436636
FR0000131906;07/02/13;44.565;44.73;43.78;44.12;1078161
FR0000131906;08/02/13;43.63;43.945;42.96;43.60;1192531
FR0000131906;11/02/13;43.54;43.54;42.665;43.30;963799
FR0000131906;12/02/13;43.025;43.17;42.55;42.90;822347
FR0000131906;13/02/13;42.805;43.445;42.705;43.195;646385
FR0000131906;14/02/13;44.70;46.685;44.51;46.50;2770258
FR0000131906;15/02/13;47.05;48.895;46.99;48.115;2197323
FR0000131906;18/02/13;48.00;48.88;47.765;48.595;1009254
FR0000131906;19/02/13;48.27;49.29;47.975;49.005;1158759
FR0000131906;20/02/13;48.955;49.32;48.395;49.24;1355126
FR0000131906;21/02/13;48.825;48.83;47.315;47.395;1696296
FR0000131906;22/02/13;47.845;48.82;46.95;47.37;1595948
FR0000131906;25/02/13;47.715;48.595;47.32;47.665;1456279
FR0000131906;26/02/13;46.00;47.43;45.61;46.63;1526978
FR0000131906;27/02/13;46.895;47.74;45.925;47.74;864715
FR0000131906;28/02/13;48.00;48.72;47.80;48.615;1171071
FR0000133308;01/02/13;8.40;8.469;8.353;8.37;7339398
FR0000133308;04/02/13;8.369;8.38;8.00;8.028;14392293
FR0000133308;05/02/13;8.00;8.106;7.857;8.028;11248358
FR0000133308;06/02/13;8.033;8.045;7.82;7.851;13796882
FR0000133308;07/02/13;7.991;8.06;7.885;7.888;10247973
FR0000133308;08/02/13;7.885;7.951;7.832;7.886;8772750
FR0000133308;11/02/13;7.88;7.946;7.84;7.883;5391873
FR0000133308;12/02/13;7.831;7.855;7.625;7.83;14473815
FR0000133308;13/02/13;7.839;7.85;7.689;7.74;10048724
FR0000133308;14/02/13;7.70;7.735;7.605;7.665;8432555
FR0000133308;15/02/13;7.614;7.66;7.561;7.561;9293708
FR0000133308;18/02/13;7.511;7.651;7.433;7.60;9504408
FR0000133308;19/02/13;7.602;7.748;7.557;7.721;10180139
FR0000133308;20/02/13;7.841;7.99;7.50;7.56;18155987
FR0000133308;21/02/13;7.506;7.539;7.284;7.292;12594642
FR0000133308;22/02/13;7.373;7.535;7.351;7.521;9865392
FR0000133308;25/02/13;7.555;7.678;7.42;7.479;12714612
FR0000133308;26/02/13;7.292;7.387;7.231;7.26;14775343
FR0000133308;27/02/13;7.286;7.542;7.275;7.507;13740021
FR0000133308;28/02/13;7.522;7.54;7.321;7.419;10391339
FR0010208488;01/02/13;15.175;15.295;15.09;15.165;4100711
FR0010208488;04/02/13;15.18;15.35;14.72;14.72;5585110
FR0010208488;05/02/13;14.72;15.145;14.715;15.005;4292209
FR0010208488;06/02/13;15.01;15.085;14.68;14.775;4340178
FR0010208488;07/02/13;14.84;15.00;14.73;14.73;3883852
FR0010208488;08/02/13;14.80;14.83;14.565;14.76;4402955
FR0010208488;11/02/13;14.72;15.04;14.635;14.89;3403840
FR0010208488;12/02/13;14.90;14.98;14.73;14.97;3548384
FR0010208488;13/02/13;14.985;15.085;14.865;14.925;3641444
FR0010208488;14/02/13;14.885;14.955;14.585;14.63;4533744
FR0010208488;15/02/13;14.66;14.68;14.52;14.58;4819222
FR0010208488;18/02/13;14.59;14.66;14.51;14.66;2848258
FR0010208488;19/02/13;14.605;14.82;14.55;14.765;3833633
FR0010208488;20/02/13;14.75;14.76;14.415;14.465;4025959
FR0010208488;21/02/13;14.39;14.39;14.12;14.12;6404920
FR0010208488;22/02/13;14.245;14.71;14.215;14.69;5354987
FR0010208488;25/02/13;14.69;15.04;14.66;14.845;6332355
FR0010208488;26/02/13;14.40;14.55;14.18;14.205;7653108
FR0010208488;27/02/13;14.275;14.465;14.165;14.41;5199240
FR0010208488;28/02/13;14.75;14.89;14.25;14.48;9412656
FR0010307819;01/02/13;33.36;33.95;33.36;33.755;756345
FR0010307819;04/02/13;33.70;33.75;32.97;33.085;830699
FR0010307819;05/02/13;33.03;33.21;32.91;33.14;645776
FR0010307819;06/02/13;33.19;33.305;32.78;32.83;661792
FR0010307819;07/02/13;32.98;32.985;32.405;32.405;535370
FR0010307819;08/02/13;32.395;33.395;32.35;33.26;618861
FR0010307819;11/02/13;33.26;33.515;33.01;33.33;594754
FR0010307819;12/02/13;33.38;34.12;33.33;34.075;843377
FR0010307819;13/02/13;34.195;34.25;33.805;34.045;608756
FR0010307819;14/02/13;33.30;33.865;33.20;33.56;1007123
FR0010307819;15/02/13;33.54;34.08;33.325;33.915;736354
FR0010307819;18/02/13;33.875;34.15;33.855;34.03;365001
FR0010307819;19/02/13;33.975;34.535;33.90;34.35;592891
FR0010307819;20/02/13;34.255;34.455;34.255;34.35;659852
FR0010307819;21/02/13;34.07;34.28;33.53;33.84;563478
FR0010307819;22/02/13;33.87;35.395;33.72;35.04;1312499
FR0010307819;25/02/13;35.00;35.44;34.95;35.23;1312625
FR0010307819;26/02/13;34.585;35.025;34.405;34.815;928713
FR0010307819;27/02/13;34.87;35.265;34.45;35.26;928765
FR0010307819;28/02/13;35.31;35.43;35.02;35.215;593087
FR0013176526;01/02/13;13.27;13.785;13.2483;13.78;1069008
FR0013176526;04/02/13;13.8267;13.8267;13.22;13.24;980112
FR0013176526;05/02/13;13.2017;13.3267;12.9717;13.2117;854238
FR0013176526;06/02/13;13.15;13.335;13.045;13.1617;625332
FR0013176526;07/02/13;13.175;13.4667;13.175;13.2683;803223
FR0013176526;08/02/13;13.3133;13.5367;13.2967;13.5033;838710
FR0013176526;11/02/13;13.4767;13.5667;13.3233;13.4667;629955
FR0013176526;12/02/13;13.4783;13.49;13.2717;13.435;703371
FR0013176526;13/02/13;13.4633;13.5333;13.42;13.50;892089
FR0013176526;14/02/13;13.50;13.64;13.50;13.6283;999003
FR0013176526;15/02/13;13.645;13.7833;13.595;13.73;912885
FR0013176526;18/02/13;13.67;13.725;13.5717;13.605;429663
FR0013176526;19/02/13;13.63;13.8817;13.5467;13.77;751296
FR0013176526;20/02/13;13.7833;13.895;13.6667;13.70;692544
FR0013176526;21/02/13;13.66;13.6917;13.4233;13.5117;928995
FR0013176526;22/02/13;13.7833;14.16;13.56;13.82;2369073
FR0013176526;25/02/13;13.9483;14.315;13.7633;14.11;1573233
FR0013176526;26/02/13;14.00;14.3267;13.9117;13.9667;1813287
FR0013176526;27/02/13;14.00;14.3217;13.765;14.2683;1437144
FR0013176526;28/02/13;14.3333;14.50;14.1683;14.4267;1210311
GB00BDSFG982;01/02/13;39.75;40.72;39.735;40.50;1728734
GB00BDSFG982;04/02/13;40.625;40.675;40.325;40.40;1776314
GB00BDSFG982;05/02/13;40.125;40.725;40.08;40.625;912172
GB00BDSFG982;06/02/13;40.77;41.00;40.40;40.50;1479728
GB00BDSFG982;07/02/13;40.56;40.79;40.095;40.10;1387574
GB00BDSFG982;08/02/13;40.07;40.25;39.715;39.995;908288
GB00BDSFG982;11/02/13;40.00;40.02;39.13;39.19;846290
GB00BDSFG982;12/02/13;39.21;39.36;38.915;39.07;724112
GB00BDSFG982;13/02/13;39.30;39.625;38.965;39.445;884024
GB00BDSFG982;14/02/13;39.25;39.775;39.12;39.225;936730
GB00BDSFG982;15/02/13;40.00;40.39;39.915;40.01;1423548
GB00BDSFG982;18/02/13;40.01;40.175;39.425;39.84;559272
GB00BDSFG982;19/02/13;39.75;40.20;39.365;40.00;819516
GB00BDSFG982;20/02/13;40.16;40.27;39.475;39.475;815238
GB00BDSFG982;21/02/13;40.45;41.68;39.61;41.17;2421908
GB00BDSFG982;22/02/13;41.54;41.80;41.155;41.715;1305572
GB00BDSFG982;25/02/13;41.92;42.20;41.445;41.615;1221850
GB00BDSFG982;26/02/13;40.84;42.16;40.635;41.645;1076882
GB00BDSFG982;27/02/13;41.735;41.75;41.13;41.675;893644
GB00BDSFG982;28/02/13;42.005;42.035;41.48;41.48;1002008
LU1598757687;01/02/13;37.965;38.70;37.95;38.415;2180158
LU1598757687;04/02/13;38.43;38.535;37.11;37.155;2826422
LU1598757687;05/02/13;37.095;37.47;36.945;37.29;2176173
LU1598757687;06/02/13;37.50;38.535;37.05;37.68;5009269
LU1598757687;07/02/13;37.95;37.98;36.60;36.69;3473980
LU1598757687;08/02/13;36.87;37.08;36.42;36.735;2239735
LU1598757687;11/02/13;36.75;36.84;36.45;36.705;1571560
LU1598757687;12/02/13;36.60;36.78;36.15;36.78;1714093
LU1598757687;13/02/13;36.84;37.50;36.78;37.065;1929082
LU1598757687;14/02/13;36.915;37.23;36.33;36.63;2287332
LU1598757687;15/02/13;36.915;37.35;36.30;36.33;2430551
LU1598757687;18/02/13;36.495;36.615;36.30;36.495;1322314
LU1598757687;19/02/13;36.42;37.62;36.315;37.365;3138251
LU1598757687;20/02/13;37.08;37.26;35.835;35.865;3256064
LU1598757687;21/02/13;35.40;35.40;34.365;34.455;5340333
LU1598757687;22/02/13;35.085;35.37;34.41;34.56;3243731
LU1598757687;25/02/13;34.77;35.745;34.545;34.80;3690177
LU1598757687;26/02/13;33.87;34.455;33.66;33.945;4088479
LU1598757687;27/02/13;34.35;34.80;33.57;34.725;2843088
LU1598757687;28/02/13;34.83;35.235;33.90;34.545;3250959
NL0000226223;01/02/13;6.489;6.702;6.45;6.642;10289892
NL0000226223;04/02/13;6.643;6.687;6.468;6.468;4623737
NL0000226223;05/02/13;6.425;6.498;6.322;6.359;4266180
NL0000226223;06/02/13;6.347;6.42;6.216;6.382;4206033
NL0000226223;07/02/13;6.382;6.397;6.225;6.229;3686924
NL0000226223;08/02/13;6.247;6.367;6.241;6.357;2083838
NL0000226223;11/02/13;6.33;6.351;6.26;6.304;2144112
NL0000226223;12/02/13;6.323;6.426;6.265;6.426;2626478
NL0000226223;13/02/13;6.403;6.457;6.355;6.435;1901224
NL0000226223;14/02/13;6.385;6.486;6.328;6.459;2969085
NL0000226223;15/02/13;6.428;6.432;6.341;6.369;3018399
NL0000226223;18/02/13;6.308;6.38;6.222;6.235;2005028
NL0000226223;19/02/13;6.194;6.31;6.192;6.25;2866421
NL0000226223;20/02/13;6.274;6.329;6.21;6.24;1928397
NL0000226223;21/02/13;6.19;6.19;6.018;6.019;4003714
NL0000226223;22/02/13;6.078;6.12;5.996;6.023;3005948
NL0000226223;25/02/13;6.04;6.273;6.018;6.09;4348647
NL0000226223;26/02/13;5.874;5.995;5.839;5.906;3344812
NL0000226223;27/02/13;5.92;6.157;5.90;6.15;3827805
NL0000226223;28/02/13;6.18;6.18;6.013;6.107;2734598
NL0000235190;01/02/13;34.47;35.53;34.425;35.19;2514467
NL0000235190;04/02/13;35.02;35.19;34.335;34.82;1943529
NL0000235190;05/02/13;34.94;35.23;34.60;34.935;1378391
NL0000235190;06/02/13;34.94;35.515;34.735;34.825;1711206
NL0000235190;07/02/13;34.735;35.445;34.72;35.305;1507660
NL0000235190;08/02/13;35.30;35.42;34.865;35.045;1065432
NL0000235190;11/02/13;34.55;34.895;34.33;34.765;1292085
NL0000235190;12/02/13;34.85;34.995;34.58;34.97;1232483
NL0000235190;13/02/13;34.995;35.245;34.72;35.175;1060598
NL0000235190;14/02/13;35.18;35.305;34.885;34.885;1219593
NL0000235190;15/02/13;34.38;35.105;34.35;34.895;1513167
NL0000235190;18/02/13;34.785;35.26;34.69;35.20;1022608
NL0000235190;19/02/13;35.105;35.78;34.95;35.76;1539428
NL0000235190;20/02/13;35.75;36.80;35.30;36.25;2201378
NL0000235190;21/02/13;35.81;35.985;35.12;35.30;1539162
NL0000235190;22/02/13;35.50;35.89;34.50;35.89;1835389
NL0000235190;25/02/13;36.00;36.185;35.43;35.54;1311746
NL0000235190;26/02/13;34.66;35.26;34.33;34.865;1866903
NL0000235190;27/02/13;36.40;37.735;36.055;37.14;7513622
NL0000235190;28/02/13;38.00;39.25;37.52;39.18;7819501
