BE0003470755;01/11/13;115.45;116.25;115.00;115.40;91737
BE0003470755;04/11/13;116.05;117.15;115.40;117.00;127044
BE0003470755;05/11/13;117.00;117.55;115.05;115.95;188338
BE0003470755;06/11/13;116.00;117.00;115.10;116.40;128091
BE0003470755;07/11/13;116.05;118.65;115.95;117.60;215046
BE0003470755;08/11/13;117.00;117.45;115.60;116.30;237552
BE0003470755;11/11/13;116.20;117.00;115.85;116.60;82911
BE0003470755;12/11/13;116.45;116.60;115.10;115.55;127532
BE0003470755;13/11/13;115.00;115.75;113.30;114.55;187985
BE0003470755;14/11/13;115.25;116.10;114.75;114.90;112546
BE0003470755;15/11/13;115.00;116.45;114.55;116.30;127455
BE0003470755;18/11/13;116.00;116.45;115.45;115.75;116086
BE0003470755;19/11/13;115.25;115.75;114.35;114.55;165486
BE0003470755;20/11/13;114.15;114.55;112.05;114.00;251968
BE0003470755;21/11/13;113.75;113.75;111.80;112.80;171931
BE0003470755;22/11/13;112.50;112.95;108.40;110.00;346906
BE0003470755;25/11/13;110.50;113.00;110.10;112.80;186731
BE0003470755;26/11/13;112.65;114.30;112.65;113.80;194802
BE0003470755;27/11/13;111.80;112.50;110.50;110.95;383244
BE0003470755;28/11/13;110.60;112.10;109.95;111.05;160590
BE0003470755;29/11/13;111.05;112.35;110.75;112.10;108102
FR0000045072;01/11/13;8.938;9.017;8.859;8.90;3833566
FR0000045072;04/11/13;8.956;8.97;8.78;8.797;4590019
FR0000045072;05/11/13;8.806;8.837;8.60;8.754;5775785
FR0000045072;06/11/13;8.76;8.848;8.73;8.805;4522018
FR0000045072;07/11/13;8.995;9.50;8.90;9.16;19763475
FR0000045072;08/11/13;9.058;9.18;8.961;9.118;8511907
FR0000045072;11/11/13;9.14;9.17;9.025;9.097;3824509
FR0000045072;12/11/13;9.126;9.156;9.00;9.011;4297919
FR0000045072;13/11/13;9.00;9.00;8.772;8.899;5489144
FR0000045072;14/11/13;9.013;9.05;8.711;8.864;6518505
FR0000045072;15/11/13;8.916;8.924;8.767;8.791;4398007
FR0000045072;18/11/13;8.776;8.965;8.716;8.921;4360155
FR0000045072;19/11/13;8.881;8.905;8.723;8.789;4942479
FR0000045072;20/11/13;8.757;8.86;8.721;8.779;5371981
FR0000045072;21/11/13;8.719;8.87;8.681;8.827;3879984
FR0000045072;22/11/13;8.844;8.919;8.765;8.867;5045206
FR0000045072;25/11/13;8.892;8.999;8.854;8.862;4032148
FR0000045072;26/11/13;8.84;8.967;8.809;8.83;4282597
FR0000045072;27/11/13;8.861;8.948;8.824;8.904;4605129
FR0000045072;28/11/13;8.902;8.974;8.87;8.944;3439509
FR0000045072;29/11/13;9.05;9.392;9.037;9.23;15255380
FR0000051732;01/11/13;62.87;63.60;62.72;63.21;233807
FR0000051732;04/11/13;63.29;64.59;63.28;64.05;412743
FR0000051732;05/11/13;64.04;64.05;63.17;63.30;460576
FR0000051732;06/11/13;63.50;64.95;63.50;64.41;393607
FR0000051732;07/11/13;64.50;65.39;64.31;64.92;331929
FR0000051732;08/11/13;64.86;65.08;64.20;64.61;231520
FR0000051732;11/11/13;64.81;65.65;64.69;65.53;222258
FR0000051732;12/11/13;65.57;65.64;64.70;64.92;170762
FR0000051732;13/11/13;65.65;66.70;64.21;64.40;497822
FR0000051732;14/11/13;64.96;65.70;64.13;64.71;377909
FR0000051732;15/11/13;65.46;67.78;64.48;64.69;739547
FR0000051732;18/11/13;64.89;65.22;64.00;64.50;316558
FR0000051732;19/11/13;64.49;64.76;64.06;64.40;293279
FR0000051732;20/11/13;64.40;64.45;63.80;64.33;319225
FR0000051732;21/11/13;61.40;62.20;60.78;61.70;2008320
FR0000051732;22/11/13;61.72;62.43;61.61;62.39;429515
FR0000051732;25/11/13;63.09;63.27;62.54;62.91;401826
FR0000051732;26/11/13;62.84;63.21;62.07;62.20;927258
FR0000051732;27/11/13;62.23;62.30;61.64;61.90;294330
FR0000051732;28/11/13;61.98;62.60;61.76;62.15;288498
FR0000051732;29/11/13;62.12;62.42;61.50;62.30;382441
FR0000073272;01/11/13;47.355;47.355;46.805;47.035;458256
FR0000073272;04/11/13;47.00;47.46;46.95;47.255;345721
FR0000073272;05/11/13;47.465;47.465;46.635;46.915;378023
FR0000073272;06/11/13;46.885;47.855;46.885;47.525;429828
FR0000073272;07/11/13;47.63;47.875;47.085;47.465;565088
FR0000073272;08/11/13;47.13;47.46;46.71;47.40;408570
FR0000073272;11/11/13;47.405;47.70;47.195;47.65;256442
FR0000073272;12/11/13;47.71;47.75;47.25;47.435;303662
FR0000073272;13/11/13;47.24;47.56;46.83;47.34;369092
FR0000073272;14/11/13;47.55;48.185;47.51;48.035;553255
FR0000073272;15/11/13;46.50;46.70;45.94;46.18;4734576
FR0000073272;18/11/13;46.31;46.725;46.125;46.68;1729278
FR0000073272;19/11/13;46.70;46.765;46.33;46.435;1068011
FR0000073272;20/11/13;46.48;46.48;46.115;46.30;914158
FR0000073272;21/11/13;46.22;46.755;46.01;46.595;1107106
FR0000073272;22/11/13;46.765;46.795;46.355;46.70;711985
FR0000073272;25/11/13;47.395;47.40;46.905;47.40;1527849
FR0000073272;26/11/13;48.00;48.37;47.465;48.15;2148452
FR0000073272;27/11/13;48.15;48.725;47.92;48.645;878536
FR0000073272;28/11/13;48.72;48.885;48.49;48.785;383168
FR0000073272;29/11/13;48.755;48.81;48.44;48.455;467652
FR0000120073;01/11/13;83.0579;83.1405;82.2975;82.686;417263
FR0000120073;04/11/13;82.8512;83.5124;82.8099;83.1405;407305
FR0000120073;05/11/13;83.1405;83.3884;82.1901;82.6364;546779
FR0000120073;06/11/13;82.4463;83.2231;82.2727;83.0579;566146
FR0000120073;07/11/13;82.9339;83.8017;82.2397;82.5868;800608
FR0000120073;08/11/13;81.9587;82.5537;81.5785;82.3058;721591
FR0000120073;11/11/13;82.3058;83.2645;81.9008;83.0165;560828
FR0000120073;12/11/13;82.9752;83.2645;82.5537;82.686;483469
FR0000120073;13/11/13;82.3967;82.8926;81.9008;82.0992;717022
FR0000120073;14/11/13;82.8926;83.3471;82.3802;83.1405;1058929
FR0000120073;15/11/13;83.0579;83.8843;82.8512;83.6777;747652
FR0000120073;18/11/13;83.2645;84.2975;83.0165;84.1736;577559
FR0000120073;19/11/13;83.719;84.0909;83.5537;83.719;554029
FR0000120073;20/11/13;83.6364;84.7107;83.4711;84.2562;490118
FR0000120073;21/11/13;83.8843;84.0909;83.1405;83.719;495805
FR0000120073;22/11/13;83.719;84.1322;83.4711;84.0083;441378
FR0000120073;25/11/13;84.2975;84.7107;83.9669;84.3802;519157
FR0000120073;26/11/13;84.4628;84.5868;84.0083;84.2149;608003
FR0000120073;27/11/13;84.4628;84.9587;84.1322;84.8347;693339
FR0000120073;28/11/13;84.7521;85.2893;84.5041;84.8347;430108
FR0000120073;29/11/13;84.6281;85.0413;84.4215;84.7934;411744
FR0000120172;01/11/13;26.895;27.245;26.55;26.935;1511306
FR0000120172;04/11/13;26.98;27.19;26.85;27.075;1109633
FR0000120172;05/11/13;27.15;27.18;26.69;26.985;1428079
FR0000120172;06/11/13;27.145;27.585;27.045;27.46;1748335
FR0000120172;07/11/13;27.19;27.89;27.02;27.135;2507940
FR0000120172;08/11/13;26.96;27.00;26.485;26.88;2295795
FR0000120172;11/11/13;26.85;27.045;26.58;26.98;1277419
FR0000120172;12/11/13;27.015;27.565;26.99;27.40;2467376
FR0000120172;13/11/13;27.245;27.39;26.87;27.19;1689144
FR0000120172;14/11/13;27.50;27.575;27.265;27.565;1723255
FR0000120172;15/11/13;27.56;27.66;27.195;27.38;1790818
FR0000120172;18/11/13;27.275;27.735;27.115;27.735;1715175
FR0000120172;19/11/13;27.58;27.62;27.205;27.485;1699693
FR0000120172;20/11/13;27.385;27.79;27.325;27.66;1419341
FR0000120172;21/11/13;27.50;27.64;27.135;27.53;1567218
FR0000120172;22/11/13;27.755;27.975;27.41;27.97;2578591
FR0000120172;25/11/13;28.00;28.47;27.885;28.40;2441647
FR0000120172;26/11/13;28.425;28.78;28.40;28.555;2678737
FR0000120172;27/11/13;28.605;28.985;28.505;28.985;2750802
FR0000120172;28/11/13;28.98;29.135;28.845;29.015;1430569
FR0000120172;29/11/13;28.785;29.11;28.70;28.96;1418476
FR0000120271;01/11/13;44.97;45.14;44.60;44.755;3199150
FR0000120271;04/11/13;44.755;44.80;44.21;44.50;3924747
FR0000120271;05/11/13;44.705;44.80;44.105;44.315;3137014
FR0000120271;06/11/13;44.275;44.715;44.275;44.575;3069893
FR0000120271;07/11/13;44.435;44.905;44.00;44.325;4873203
FR0000120271;08/11/13;43.88;43.955;43.44;43.80;6089988
FR0000120271;11/11/13;43.99;44.205;43.91;44.135;3162557
FR0000120271;12/11/13;44.17;44.17;43.885;43.89;3004883
FR0000120271;13/11/13;43.73;43.98;43.475;43.85;3342039
FR0000120271;14/11/13;44.38;44.40;43.915;44.02;4555407
FR0000120271;15/11/13;44.20;44.44;44.105;44.24;3753160
FR0000120271;18/11/13;44.155;44.81;44.035;44.66;3575324
FR0000120271;19/11/13;44.48;44.49;44.15;44.205;3398327
FR0000120271;20/11/13;44.025;44.635;43.96;44.35;2614883
FR0000120271;21/11/13;44.17;44.57;44.045;44.46;3057021
FR0000120271;22/11/13;44.455;44.90;44.315;44.88;3362102
FR0000120271;25/11/13;44.99;45.00;44.605;44.78;2745390
FR0000120271;26/11/13;44.84;44.985;44.58;44.58;3966706
FR0000120271;27/11/13;44.60;44.94;44.58;44.68;4405136
FR0000120271;28/11/13;44.745;44.88;44.50;44.56;2387984
FR0000120271;29/11/13;44.495;44.65;44.32;44.595;2865893
FR0000120321;01/11/13;125.35;125.65;124.35;125.10;370009
FR0000120321;04/11/13;125.20;126.00;124.65;124.95;352800
FR0000120321;05/11/13;125.10;125.40;123.15;123.65;530069
FR0000120321;06/11/13;124.20;125.50;123.50;124.40;514432
FR0000120321;07/11/13;124.45;125.50;123.20;124.00;679501
FR0000120321;08/11/13;123.75;124.10;122.55;123.85;600260
FR0000120321;11/11/13;121.00;124.40;120.80;123.90;451692
FR0000120321;12/11/13;124.20;124.70;123.40;124.05;553336
FR0000120321;13/11/13;123.70;124.25;122.50;122.85;553858
FR0000120321;14/11/13;124.50;125.40;124.25;125.25;684808
FR0000120321;15/11/13;124.35;125.35;124.10;125.35;741261
FR0000120321;18/11/13;124.50;126.10;123.20;125.85;641358
FR0000120321;19/11/13;125.25;125.45;123.80;124.90;546475
FR0000120321;20/11/13;125.10;126.50;124.50;125.55;459770
FR0000120321;21/11/13;124.75;125.35;123.75;124.80;454116
FR0000120321;22/11/13;125.40;125.90;124.35;124.90;444356
FR0000120321;25/11/13;125.75;125.75;124.50;124.80;462252
FR0000120321;26/11/13;124.85;124.85;123.50;123.50;613027
FR0000120321;27/11/13;123.90;124.25;122.80;123.85;655369
FR0000120321;28/11/13;123.55;124.00;123.00;123.85;335767
FR0000120321;29/11/13;123.60;124.05;123.05;123.15;436683
FR0000120404;01/11/13;33.185;33.40;32.755;33.18;461469
FR0000120404;04/11/13;33.31;33.35;32.825;33.06;519459
FR0000120404;05/11/13;33.185;33.185;32.505;32.795;666307
FR0000120404;06/11/13;32.95;33.05;32.63;32.91;982632
FR0000120404;07/11/13;32.955;33.28;32.595;32.64;758423
FR0000120404;08/11/13;32.595;32.855;32.455;32.755;654498
FR0000120404;11/11/13;32.825;33.295;32.82;33.11;441817
FR0000120404;12/11/13;33.18;33.18;32.915;32.94;420117
FR0000120404;13/11/13;32.83;33.07;32.54;32.885;505547
FR0000120404;14/11/13;33.14;33.305;32.89;33.265;775916
FR0000120404;15/11/13;33.31;33.50;33.21;33.42;912039
FR0000120404;18/11/13;33.41;33.515;33.08;33.425;972354
FR0000120404;19/11/13;33.375;33.625;33.315;33.51;885563
FR0000120404;20/11/13;33.45;33.645;33.355;33.53;1042314
FR0000120404;21/11/13;33.45;33.56;33.26;33.415;678264
FR0000120404;22/11/13;33.35;34.00;33.35;33.895;920205
FR0000120404;25/11/13;34.00;34.32;33.64;33.655;805463
FR0000120404;26/11/13;33.51;33.725;33.18;33.56;1060884
FR0000120404;27/11/13;32.10;32.745;30.95;31.05;5445228
FR0000120404;28/11/13;30.945;31.50;30.395;31.415;2446901
FR0000120404;29/11/13;31.58;32.46;31.535;32.29;1994427
FR0000120503;01/11/13;28.935;29.245;28.71;29.01;642188
FR0000120503;04/11/13;29.03;29.705;28.93;29.11;616361
FR0000120503;05/11/13;29.005;29.15;27.955;28.24;1193994
FR0000120503;06/11/13;28.24;28.59;28.24;28.555;653138
FR0000120503;07/11/13;28.49;28.715;27.87;27.87;904945
FR0000120503;08/11/13;27.74;27.83;27.38;27.70;737597
FR0000120503;11/11/13;27.85;28.54;27.745;28.32;825880
FR0000120503;12/11/13;28.50;28.795;28.175;28.175;678841
FR0000120503;13/11/13;28.14;28.44;27.61;27.785;683978
FR0000120503;14/11/13;29.50;30.025;29.305;29.515;2858132
FR0000120503;15/11/13;29.465;29.485;29.06;29.08;1263635
FR0000120503;18/11/13;29.075;29.41;28.855;29.215;902755
FR0000120503;19/11/13;29.11;29.115;28.47;28.49;742599
FR0000120503;20/11/13;28.455;28.65;28.39;28.53;574204
FR0000120503;21/11/13;28.355;28.39;28.01;28.285;760692
FR0000120503;22/11/13;28.265;28.495;27.61;27.785;1004442
FR0000120503;25/11/13;27.995;28.02;27.755;27.805;592826
FR0000120503;26/11/13;27.70;27.905;27.62;27.74;744585
FR0000120503;27/11/13;27.845;27.965;27.665;27.75;663818
FR0000120503;28/11/13;27.70;28.03;27.70;27.925;489606
FR0000120503;29/11/13;27.93;27.955;27.75;27.76;350980
FR0000120578;01/11/13;78.76;79.12;77.48;77.60;2044571
FR0000120578;04/11/13;77.75;78.55;77.73;77.96;1572594
FR0000120578;05/11/13;77.99;78.70;77.61;77.92;2461378
FR0000120578;06/11/13;77.80;79.62;77.80;79.39;2815427
FR0000120578;07/11/13;79.00;80.09;78.43;78.66;2910557
FR0000120578;08/11/13;78.41;78.84;76.66;78.02;3400963
FR0000120578;11/11/13;78.03;78.97;78.00;78.86;1428098
FR0000120578;12/11/13;78.50;78.82;78.24;78.41;1694156
FR0000120578;13/11/13;78.21;78.58;77.45;77.78;1739578
FR0000120578;14/11/13;78.75;79.07;78.14;78.85;2305503
FR0000120578;15/11/13;78.85;79.91;78.58;79.91;2659119
FR0000120578;18/11/13;79.93;80.74;79.32;80.20;2206931
FR0000120578;19/11/13;79.90;80.37;78.65;78.81;2061590
FR0000120578;20/11/13;78.61;79.66;78.43;79.06;1504868
FR0000120578;21/11/13;78.85;79.20;77.85;78.45;1988208
FR0000120578;22/11/13;78.65;78.92;77.90;78.13;2228769
FR0000120578;25/11/13;78.21;78.89;78.21;78.53;1564001
FR0000120578;26/11/13;78.31;78.82;77.82;78.19;2500187
FR0000120578;27/11/13;78.15;78.39;77.80;78.13;2542608
FR0000120578;28/11/13;78.00;78.76;77.80;78.57;1269472
FR0000120578;29/11/13;78.31;78.78;77.84;77.84;1660332
FR0000120628;01/11/13;18.445;18.515;18.29;18.345;2944940
FR0000120628;04/11/13;18.48;18.56;18.37;18.435;2425365
FR0000120628;05/11/13;18.525;18.525;17.795;17.985;5920322
FR0000120628;06/11/13;18.10;18.315;18.03;18.21;4434119
FR0000120628;07/11/13;18.225;18.655;18.01;18.095;6969663
FR0000120628;08/11/13;17.985;18.28;17.545;18.125;9744554
FR0000120628;11/11/13;18.22;18.64;18.10;18.63;6034397
FR0000120628;12/11/13;18.59;18.65;18.38;18.40;4794736
FR0000120628;13/11/13;18.305;18.375;18.02;18.245;4423293
FR0000120628;14/11/13;18.49;18.64;18.37;18.60;4998198
FR0000120628;15/11/13;18.60;18.69;18.45;18.495;4261741
FR0000120628;18/11/13;18.415;18.73;18.24;18.70;4170875
FR0000120628;19/11/13;18.615;18.615;18.36;18.455;4079315
FR0000120628;20/11/13;18.385;18.60;18.34;18.44;3784504
FR0000120628;21/11/13;18.245;18.87;18.135;18.825;6422028
FR0000120628;22/11/13;18.89;19.095;18.835;19.01;5725701
FR0000120628;25/11/13;19.11;19.315;19.06;19.145;4149575
FR0000120628;26/11/13;19.125;19.295;18.99;18.99;5597643
FR0000120628;27/11/13;19.11;19.26;19.03;19.165;4476278
FR0000120628;28/11/13;19.11;19.335;19.11;19.30;2405649
FR0000120628;29/11/13;19.21;19.425;19.21;19.285;3444183
FR0000120644;01/11/13;54.83;54.87;54.18;54.31;751331
FR0000120644;04/11/13;54.00;54.33;53.80;53.86;1251187
FR0000120644;05/11/13;54.04;54.04;53.00;53.42;1454612
FR0000120644;06/11/13;53.53;54.08;53.42;53.79;1342215
FR0000120644;07/11/13;53.70;54.40;53.46;53.60;1397166
FR0000120644;08/11/13;53.40;53.91;53.19;53.72;1272533
FR0000120644;11/11/13;53.75;54.32;53.71;54.12;805071
FR0000120644;12/11/13;54.00;54.40;53.91;53.96;927389
FR0000120644;13/11/13;53.98;54.37;53.62;54.03;976055
FR0000120644;14/11/13;54.72;54.87;54.22;54.55;1147788
FR0000120644;15/11/13;54.42;55.16;53.96;55.03;2556405
FR0000120644;18/11/13;55.20;55.98;54.90;55.70;1697558
FR0000120644;19/11/13;55.64;55.68;55.23;55.52;1067137
FR0000120644;20/11/13;55.51;55.83;55.12;55.32;1227232
FR0000120644;21/11/13;55.49;55.49;54.46;54.66;1563513
FR0000120644;22/11/13;54.89;55.11;54.41;54.86;949664
FR0000120644;25/11/13;55.19;55.20;54.76;54.89;982831
FR0000120644;26/11/13;54.79;54.85;53.74;53.78;1974533
FR0000120644;27/11/13;53.94;54.06;53.19;53.64;1767644
FR0000120644;28/11/13;53.51;54.07;53.51;53.68;806945
FR0000120644;29/11/13;53.52;53.89;53.42;53.48;1273961
FR0000120693;01/11/13;88.54;88.81;87.16;87.57;411175
FR0000120693;04/11/13;87.70;88.82;87.70;88.59;361598
FR0000120693;05/11/13;88.78;88.79;86.10;86.75;636300
FR0000120693;06/11/13;86.75;87.42;86.60;86.96;477048
FR0000120693;07/11/13;86.83;87.85;86.09;87.32;759393
FR0000120693;08/11/13;87.10;88.67;86.87;88.60;743706
FR0000120693;11/11/13;88.58;89.31;88.50;89.20;432866
FR0000120693;12/11/13;88.20;88.48;87.18;87.41;545438
FR0000120693;13/11/13;87.40;88.17;87.23;87.41;499832
FR0000120693;14/11/13;87.84;88.25;86.98;87.35;573532
FR0000120693;15/11/13;87.26;88.07;86.35;87.82;640362
FR0000120693;18/11/13;87.66;88.68;87.40;88.25;652617
FR0000120693;19/11/13;87.82;87.93;86.92;87.25;535479
FR0000120693;20/11/13;87.11;87.16;86.03;86.53;516275
FR0000120693;21/11/13;86.53;86.53;85.03;85.45;584663
FR0000120693;22/11/13;86.98;87.13;86.30;86.82;557127
FR0000120693;25/11/13;87.00;87.01;86.44;86.58;423769
FR0000120693;26/11/13;85.03;85.58;83.68;84.33;1440380
FR0000120693;27/11/13;84.50;84.84;83.97;84.58;596309
FR0000120693;28/11/13;84.57;84.85;84.00;84.09;294978
FR0000120693;29/11/13;84.00;84.58;83.32;83.43;476205
FR0000121014;01/11/13;142.60;142.60;140.80;141.20;310728
FR0000121014;04/11/13;141.90;142.55;141.65;141.85;421383
FR0000121014;05/11/13;142.35;142.45;138.80;139.65;736973
FR0000121014;06/11/13;140.10;140.80;139.30;139.85;484314
FR0000121014;07/11/13;140.05;142.45;139.20;139.75;684611
FR0000121014;08/11/13;138.55;139.85;137.45;139.40;817264
FR0000121014;11/11/13;139.90;140.95;139.05;140.35;375934
FR0000121014;12/11/13;140.65;140.85;139.25;139.45;523670
FR0000121014;13/11/13;139.05;140.00;137.65;138.30;657721
FR0000121014;14/11/13;139.50;140.25;138.35;139.65;659398
FR0000121014;15/11/13;139.70;140.45;139.05;140.35;770775
FR0000121014;18/11/13;139.65;142.75;138.95;142.55;779650
FR0000121014;19/11/13;142.25;142.25;140.55;141.15;502854
FR0000121014;20/11/13;140.80;141.35;139.55;140.95;612236
FR0000121014;21/11/13;139.20;139.90;138.40;139.45;586317
FR0000121014;22/11/13;140.00;140.50;138.85;140.00;531723
FR0000121014;25/11/13;141.00;142.35;140.35;142.15;601749
FR0000121014;26/11/13;141.30;141.80;140.30;140.95;762820
FR0000121014;27/11/13;141.25;142.15;140.15;141.65;561407
FR0000121014;28/11/13;140.70;141.75;140.40;140.70;395245
FR0000121014;29/11/13;140.00;140.70;138.75;138.75;592024
FR0000121220;01/11/13;71.82;72.09;70.85;71.99;126611
FR0000121220;04/11/13;72.03;72.45;71.97;72.05;141813
FR0000121220;05/11/13;72.48;72.48;71.05;71.66;154038
FR0000121220;06/11/13;72.08;73.90;71.83;73.70;309624
FR0000121220;07/11/13;73.80;73.80;72.70;73.04;246477
FR0000121220;08/11/13;72.45;73.69;72.45;73.25;150851
FR0000121220;11/11/13;73.59;75.00;73.43;74.20;143777
FR0000121220;12/11/13;74.32;74.38;73.20;73.60;204070
FR0000121220;13/11/13;73.23;73.57;72.04;72.33;194782
FR0000121220;14/11/13;73.11;74.62;71.85;74.25;380826
FR0000121220;15/11/13;73.07;73.89;72.85;73.72;328543
FR0000121220;18/11/13;73.20;74.08;72.91;73.92;191203
FR0000121220;19/11/13;73.56;73.97;72.63;73.73;225649
FR0000121220;20/11/13;73.51;73.81;72.87;73.04;229232
FR0000121220;21/11/13;71.46;72.39;70.73;72.20;178687
FR0000121220;22/11/13;71.88;72.74;71.88;72.29;136439
FR0000121220;25/11/13;72.73;73.76;72.69;73.45;182225
FR0000121220;26/11/13;73.33;74.09;73.30;73.34;283570
FR0000121220;27/11/13;73.37;74.75;73.36;73.89;264801
FR0000121220;28/11/13;74.00;74.00;73.20;73.57;160612
FR0000121220;29/11/13;73.86;74.15;73.43;73.94;118065
FR0000121261;01/11/13;77.35;77.54;76.32;76.60;408361
FR0000121261;04/11/13;78.25;78.25;76.73;77.31;451597
FR0000121261;05/11/13;77.66;77.75;76.22;76.37;569869
FR0000121261;06/11/13;76.49;77.42;76.44;76.78;419440
FR0000121261;07/11/13;76.80;79.40;76.80;78.58;1053350
FR0000121261;08/11/13;78.10;78.57;77.40;78.43;507894
FR0000121261;11/11/13;78.56;78.87;78.27;78.58;245474
FR0000121261;12/11/13;78.28;79.05;78.15;78.58;330356
FR0000121261;13/11/13;78.26;78.54;76.92;78.09;433741
FR0000121261;14/11/13;78.80;78.81;78.17;78.44;385671
FR0000121261;15/11/13;78.85;79.55;78.80;79.41;646813
FR0000121261;18/11/13;79.52;81.37;79.19;81.05;625028
FR0000121261;19/11/13;80.66;81.17;79.87;80.25;503407
FR0000121261;20/11/13;80.08;80.89;79.97;80.66;386371
FR0000121261;21/11/13;79.16;79.65;78.70;79.00;541212
FR0000121261;22/11/13;79.02;80.75;79.02;80.55;495130
FR0000121261;25/11/13;80.00;80.73;79.94;80.45;517398
FR0000121261;26/11/13;79.83;80.76;79.70;79.70;789944
FR0000121261;27/11/13;80.10;80.34;79.61;80.11;577928
FR0000121261;28/11/13;80.01;80.49;79.81;80.09;306658
FR0000121261;29/11/13;79.61;80.02;79.61;79.95;414456
FR0000121485;01/11/13;168.25;168.35;166.65;167.65;139234
FR0000121485;04/11/13;168.15;168.60;167.55;168.35;122474
FR0000121485;05/11/13;168.30;168.95;164.80;165.30;250318
FR0000121485;06/11/13;165.95;166.30;165.05;165.10;127754
FR0000121485;07/11/13;164.50;166.85;164.40;164.90;235738
FR0000121485;08/11/13;164.55;166.35;163.70;165.65;171362
FR0000121485;11/11/13;165.90;165.90;164.75;165.10;71375
FR0000121485;12/11/13;165.00;165.45;164.30;164.30;191545
FR0000121485;13/11/13;163.70;165.10;163.25;163.25;210608
FR0000121485;14/11/13;161.90;164.00;161.10;162.10;456120
FR0000121485;15/11/13;162.45;163.65;161.90;161.90;235037
FR0000121485;18/11/13;161.40;163.45;161.25;162.40;166446
FR0000121485;19/11/13;162.50;162.55;161.55;162.15;125331
FR0000121485;20/11/13;162.25;164.60;161.85;163.85;162128
FR0000121485;21/11/13;163.20;164.40;161.95;164.05;163219
FR0000121485;22/11/13;164.15;164.85;163.60;164.80;89187
FR0000121485;25/11/13;165.05;166.65;165.05;166.45;99100
FR0000121485;26/11/13;165.60;166.45;164.65;164.65;161570
FR0000121485;27/11/13;164.30;165.55;164.15;164.35;167309
FR0000121485;28/11/13;164.85;166.15;164.50;165.10;72376
FR0000121485;29/11/13;164.80;165.20;163.05;163.25;122713
FR0000121501;01/11/13;7.61;7.85;7.49;7.791;4727571
FR0000121501;04/11/13;7.905;8.035;7.701;7.89;4046925
FR0000121501;05/11/13;7.975;8.075;7.84;7.88;3909194
FR0000121501;06/11/13;7.985;8.115;7.915;8.075;2439448
FR0000121501;07/11/13;8.11;8.345;7.98;8.21;3734315
FR0000121501;08/11/13;7.85;8.01;7.651;7.671;5318854
FR0000121501;11/11/13;7.721;8.00;7.654;7.96;2391145
FR0000121501;12/11/13;7.99;8.09;7.815;7.83;2043749
FR0000121501;13/11/13;7.765;7.79;7.531;7.75;2240308
FR0000121501;14/11/13;7.855;7.89;7.721;7.865;1568841
FR0000121501;15/11/13;7.98;8.205;7.85;8.04;3114253
FR0000121501;18/11/13;8.34;8.78;8.23;8.685;7449256
FR0000121501;19/11/13;8.69;8.79;8.565;8.725;1829467
FR0000121501;20/11/13;8.80;8.84;7.72;7.965;8324235
FR0000121501;21/11/13;7.81;8.145;7.72;8.105;3095333
FR0000121501;22/11/13;8.13;8.145;7.875;8.03;1903555
FR0000121501;25/11/13;8.445;8.58;8.30;8.55;4771589
FR0000121501;26/11/13;8.60;8.795;8.485;8.72;3122880
FR0000121501;27/11/13;8.775;9.275;8.725;9.215;4533175
FR0000121501;28/11/13;9.285;9.60;9.005;9.50;4901861
FR0000121501;29/11/13;9.46;9.645;9.41;9.49;2024195
FR0000121667;01/11/13;79.32;79.47;76.66;77.21;632501
FR0000121667;04/11/13;77.50;77.86;76.31;76.54;539518
FR0000121667;05/11/13;76.89;76.93;75.22;76.02;495060
FR0000121667;06/11/13;76.01;77.65;76.01;76.20;703814
FR0000121667;07/11/13;76.29;76.43;75.21;75.39;833360
FR0000121667;08/11/13;75.40;76.51;75.20;76.25;713628
FR0000121667;11/11/13;76.36;76.67;76.00;76.45;286303
FR0000121667;12/11/13;76.65;77.80;76.35;77.17;669028
FR0000121667;13/11/13;76.82;77.42;76.21;77.04;340578
FR0000121667;14/11/13;77.95;77.95;77.10;77.39;553440
FR0000121667;15/11/13;77.34;77.40;76.21;76.88;622935
FR0000121667;18/11/13;76.85;77.99;76.58;77.69;447566
FR0000121667;19/11/13;77.36;77.98;76.89;77.76;388719
FR0000121667;20/11/13;77.56;78.34;77.50;77.64;321598
FR0000121667;21/11/13;77.20;77.56;76.41;77.30;304200
FR0000121667;22/11/13;77.79;78.44;77.04;77.55;427757
FR0000121667;25/11/13;77.84;78.16;76.35;76.84;718328
FR0000121667;26/11/13;76.65;76.83;75.12;75.57;777381
FR0000121667;27/11/13;75.71;76.86;75.59;76.59;520235
FR0000121667;28/11/13;76.59;77.50;76.39;77.32;317937
FR0000121667;29/11/13;77.12;77.83;76.93;77.21;410394
FR0000121972;01/11/13;62.24;62.45;61.92;62.21;1089694
FR0000121972;04/11/13;62.17;62.94;62.17;62.84;999120
FR0000121972;05/11/13;62.77;62.84;61.57;61.68;1450002
FR0000121972;06/11/13;61.67;62.41;61.57;61.95;946176
FR0000121972;07/11/13;62.09;63.26;61.76;62.30;1837308
FR0000121972;08/11/13;62.01;62.01;60.89;61.72;1437652
FR0000121972;11/11/13;61.80;62.16;61.30;62.05;851479
FR0000121972;12/11/13;62.06;62.24;61.40;61.40;843374
FR0000121972;13/11/13;61.03;61.43;60.52;61.04;1327417
FR0000121972;14/11/13;61.95;62.11;61.10;61.77;1554783
FR0000121972;15/11/13;61.17;61.81;60.97;61.66;1202570
FR0000121972;18/11/13;61.25;62.54;61.15;62.13;1092636
FR0000121972;19/11/13;61.78;61.95;60.55;60.55;1380191
FR0000121972;20/11/13;60.50;60.79;59.93;60.36;1339435
FR0000121972;21/11/13;60.00;60.00;59.31;59.31;1531649
FR0000121972;22/11/13;59.50;61.08;59.41;60.79;1750245
FR0000121972;25/11/13;61.36;61.77;60.89;61.57;1223683
FR0000121972;26/11/13;61.73;61.73;61.27;61.37;1306937
FR0000121972;27/11/13;61.50;62.51;61.34;62.35;1562224
FR0000121972;28/11/13;62.44;62.70;61.87;62.24;651646
FR0000121972;29/11/13;61.97;62.49;61.86;62.31;768964
FR0000124141;01/11/13;12.705;12.705;12.405;12.42;1716223
FR0000124141;04/11/13;12.465;12.62;12.43;12.57;1888502
FR0000124141;05/11/13;12.38;12.505;12.225;12.275;2706030
FR0000124141;06/11/13;12.285;12.365;12.15;12.20;3815603
FR0000124141;07/11/13;12.76;13.17;12.54;12.62;9116737
FR0000124141;08/11/13;12.575;12.59;12.305;12.43;3469146
FR0000124141;11/11/13;12.41;12.575;12.33;12.565;1221842
FR0000124141;12/11/13;12.525;12.63;12.46;12.57;1231536
FR0000124141;13/11/13;12.53;12.66;12.395;12.575;1621925
FR0000124141;14/11/13;12.655;12.665;12.165;12.295;2978836
FR0000124141;15/11/13;12.335;12.515;12.30;12.505;1992009
FR0000124141;18/11/13;12.45;12.71;12.35;12.525;1848060
FR0000124141;19/11/13;12.455;12.595;12.405;12.445;1755299
FR0000124141;20/11/13;12.425;12.425;12.10;12.195;2050278
FR0000124141;21/11/13;12.17;12.25;12.045;12.08;2239000
FR0000124141;22/11/13;12.135;12.38;12.10;12.34;2001945
FR0000124141;25/11/13;12.40;12.49;12.30;12.31;1618028
FR0000124141;26/11/13;12.31;12.36;12.185;12.185;2233869
FR0000124141;27/11/13;12.10;12.10;11.795;11.82;8995958
FR0000124141;28/11/13;11.88;12.025;11.835;11.98;2103884
FR0000124141;29/11/13;11.97;12.07;11.875;11.92;1839255
FR0000124711;01/11/13;194.05;194.05;191.50;192.35;192894
FR0000124711;04/11/13;192.75;193.35;191.70;192.60;128069
FR0000124711;05/11/13;192.50;192.95;190.75;192.85;213930
FR0000124711;06/11/13;194.45;194.45;191.60;192.60;229772
FR0000124711;07/11/13;191.90;193.70;190.00;192.30;400672
FR0000124711;08/11/13;191.75;192.60;190.60;191.15;208239
FR0000124711;11/11/13;192.25;192.90;190.10;192.40;136678
FR0000124711;12/11/13;193.10;193.10;191.45;192.00;219092
FR0000124711;13/11/13;191.05;192.15;190.20;190.55;255310
FR0000124711;14/11/13;192.15;192.50;190.95;191.70;253972
FR0000124711;15/11/13;192.25;192.85;191.25;192.35;265559
FR0000124711;18/11/13;191.80;193.90;191.05;193.70;236703
FR0000124711;19/11/13;193.20;193.50;191.20;191.90;192706
FR0000124711;20/11/13;191.15;193.10;190.45;192.05;205009
FR0000124711;21/11/13;190.40;191.80;189.65;191.50;214574
FR0000124711;22/11/13;191.75;193.20;190.80;192.00;209873
FR0000124711;25/11/13;193.45;194.00;192.25;193.45;151495
FR0000124711;26/11/13;192.85;194.00;192.30;192.55;347239
FR0000124711;27/11/13;192.45;193.20;191.80;192.50;260139
FR0000124711;28/11/13;192.50;193.30;191.70;192.50;138625
FR0000124711;29/11/13;193.10;193.25;191.50;192.45;184304
FR0000125007;01/11/13;38.745;38.805;38.25;38.31;773042
FR0000125007;04/11/13;38.355;38.81;38.24;38.535;978213
FR0000125007;05/11/13;38.60;39.265;38.50;38.96;1455853
FR0000125007;06/11/13;39.145;39.895;39.125;39.545;1571503
FR0000125007;07/11/13;39.315;40.325;39.085;39.205;1834044
FR0000125007;08/11/13;38.98;39.175;38.52;38.975;1475437
FR0000125007;11/11/13;39.00;39.46;38.895;39.27;1004317
FR0000125007;12/11/13;39.42;39.85;38.915;38.955;1295841
FR0000125007;13/11/13;38.80;39.135;38.54;38.785;1094350
FR0000125007;14/11/13;39.235;39.415;38.86;39.33;994538
FR0000125007;15/11/13;39.265;39.52;38.995;39.24;971626
FR0000125007;18/11/13;38.995;39.00;38.61;38.75;1360171
FR0000125007;19/11/13;38.525;38.63;37.795;37.92;1534785
FR0000125007;20/11/13;37.75;38.52;37.645;38.225;1121138
FR0000125007;21/11/13;37.92;38.535;37.73;38.305;1547896
FR0000125007;22/11/13;38.45;38.81;38.32;38.675;1411686
FR0000125007;25/11/13;39.165;39.215;38.725;39.03;1224931
FR0000125007;26/11/13;38.95;39.21;38.835;39.00;2102109
FR0000125007;27/11/13;39.15;39.20;38.655;39.00;2266593
FR0000125007;28/11/13;39.45;39.97;39.15;39.24;1649011
FR0000125007;29/11/13;39.20;39.59;39.04;39.14;1306915
FR0000125338;01/11/13;48.52;48.585;47.81;47.985;490099
FR0000125338;04/11/13;48.00;48.295;47.84;47.885;438350
FR0000125338;05/11/13;47.85;47.965;47.065;47.205;718196
FR0000125338;06/11/13;46.755;47.32;46.005;46.185;1236294
FR0000125338;07/11/13;46.19;48.97;46.17;48.255;2535119
FR0000125338;08/11/13;48.315;48.40;47.655;48.185;584351
FR0000125338;11/11/13;48.51;49.00;48.12;48.41;594299
FR0000125338;12/11/13;48.48;48.525;47.195;47.285;684688
FR0000125338;13/11/13;47.505;47.77;46.795;47.135;526086
FR0000125338;14/11/13;47.42;47.68;46.90;47.135;603618
FR0000125338;15/11/13;47.26;48.095;47.26;47.695;966208
FR0000125338;18/11/13;47.68;47.815;47.36;47.475;433245
FR0000125338;19/11/13;47.255;47.87;47.22;47.70;650741
FR0000125338;20/11/13;47.555;47.58;47.03;47.37;655533
FR0000125338;21/11/13;47.00;47.365;46.71;47.255;596986
FR0000125338;22/11/13;47.24;48.59;47.24;47.78;625151
FR0000125338;25/11/13;48.095;48.345;47.87;48.22;442177
FR0000125338;26/11/13;47.975;48.43;47.97;47.97;618105
FR0000125338;27/11/13;48.035;48.29;47.705;47.92;454241
FR0000125338;28/11/13;47.96;48.48;47.955;48.20;235163
FR0000125338;29/11/13;48.13;48.39;47.94;48.00;418055
FR0000125486;01/11/13;47.255;47.59;47.00;47.33;776429
FR0000125486;04/11/13;47.585;47.745;47.105;47.625;955802
FR0000125486;05/11/13;47.745;47.89;47.22;47.37;1389897
FR0000125486;06/11/13;47.495;47.845;47.345;47.695;862760
FR0000125486;07/11/13;47.635;47.95;46.93;47.055;1702703
FR0000125486;08/11/13;46.765;46.965;46.10;46.88;1520054
FR0000125486;11/11/13;46.39;46.90;46.19;46.83;965120
FR0000125486;12/11/13;46.975;47.335;46.85;47.03;1417403
FR0000125486;13/11/13;46.95;47.045;46.115;46.44;1244769
FR0000125486;14/11/13;46.88;47.50;46.88;47.50;1491298
FR0000125486;15/11/13;47.495;47.60;47.02;47.16;1410924
FR0000125486;18/11/13;47.035;47.49;46.75;47.27;986419
FR0000125486;19/11/13;47.01;47.195;46.18;46.22;1438529
FR0000125486;20/11/13;46.15;46.155;45.455;45.70;1666405
FR0000125486;21/11/13;45.585;46.52;45.135;46.35;1682485
FR0000125486;22/11/13;46.36;46.455;45.77;46.125;1321158
FR0000125486;25/11/13;46.34;46.82;46.225;46.73;912712
FR0000125486;26/11/13;46.55;47.35;46.545;47.01;2071116
FR0000125486;27/11/13;47.14;47.435;46.845;47.28;1500566
FR0000125486;28/11/13;47.23;47.585;47.23;47.565;862981
FR0000125486;29/11/13;47.42;47.555;47.265;47.325;1137726
FR0000127771;01/11/13;18.70;18.875;18.56;18.615;1638092
FR0000127771;04/11/13;18.59;18.71;18.53;18.71;1708744
FR0000127771;05/11/13;18.98;18.98;18.555;18.665;4567490
FR0000127771;06/11/13;18.75;18.845;18.635;18.725;2820828
FR0000127771;07/11/13;18.635;18.92;18.445;18.53;4532524
FR0000127771;08/11/13;18.40;18.67;18.325;18.55;3741078
FR0000127771;11/11/13;18.605;18.605;18.345;18.56;2298949
FR0000127771;12/11/13;18.525;18.575;18.32;18.345;2999481
FR0000127771;13/11/13;18.285;18.33;18.095;18.14;4973923
FR0000127771;14/11/13;18.30;18.40;18.18;18.23;4336748
FR0000127771;15/11/13;18.74;19.105;18.63;18.735;8535207
FR0000127771;18/11/13;18.69;18.97;18.64;18.85;4204906
FR0000127771;19/11/13;18.795;18.835;18.645;18.68;3119127
FR0000127771;20/11/13;18.615;18.655;18.41;18.465;3254025
FR0000127771;21/11/13;18.445;18.68;18.37;18.535;3280231
FR0000127771;22/11/13;18.62;18.885;18.565;18.62;4076480
FR0000127771;25/11/13;18.75;18.82;18.625;18.75;3224208
FR0000127771;26/11/13;18.795;18.845;18.585;18.595;4211183
FR0000127771;27/11/13;19.00;19.245;18.75;18.765;7248193
FR0000127771;28/11/13;18.765;18.855;18.705;18.795;1825983
FR0000127771;29/11/13;18.81;18.83;18.695;18.695;2537722
FR0000130577;01/11/13;61.43;62.07;61.27;61.85;747698
FR0000130577;04/11/13;62.04;62.87;61.62;62.80;884333
FR0000130577;05/11/13;63.17;64.00;63.00;63.93;1285436
FR0000130577;06/11/13;64.33;65.27;64.07;64.51;736191
FR0000130577;07/11/13;64.45;65.20;63.87;64.69;1013349
FR0000130577;08/11/13;64.57;64.64;63.72;64.36;562450
FR0000130577;11/11/13;64.65;65.27;64.12;64.56;360965
FR0000130577;12/11/13;64.55;64.73;63.82;63.92;368830
FR0000130577;13/11/13;63.51;64.14;62.62;63.08;690586
FR0000130577;14/11/13;63.45;63.83;62.86;62.93;607541
FR0000130577;15/11/13;63.17;65.69;63.09;63.94;1225668
FR0000130577;18/11/13;63.72;64.06;63.27;63.84;521631
FR0000130577;19/11/13;63.53;63.64;62.87;63.54;763466
FR0000130577;20/11/13;63.40;64.17;63.32;63.81;533120
FR0000130577;21/11/13;64.70;65.05;63.69;64.48;649353
FR0000130577;22/11/13;64.36;65.51;64.14;65.27;855277
FR0000130577;25/11/13;65.60;65.96;64.41;64.78;915182
FR0000130577;26/11/13;64.83;65.45;64.70;64.84;1098215
FR0000130577;27/11/13;65.16;65.16;64.60;64.73;745644
FR0000130577;28/11/13;65.03;65.49;64.13;64.25;493750
FR0000130577;29/11/13;64.39;65.34;64.24;65.06;655416
FR0000130809;01/11/13;41.83;42.35;41.465;41.62;2566377
FR0000130809;04/11/13;41.975;41.98;41.185;41.425;2290328
FR0000130809;05/11/13;41.595;41.62;39.755;40.35;5257422
FR0000130809;06/11/13;40.51;40.70;40.08;40.57;3406835
FR0000130809;07/11/13;40.615;42.97;40.49;41.745;10360452
FR0000130809;08/11/13;41.015;41.25;40.095;40.77;7427562
FR0000130809;11/11/13;40.90;41.17;40.38;40.98;3107091
FR0000130809;12/11/13;40.98;41.45;40.745;40.765;2683949
FR0000130809;13/11/13;40.685;40.97;40.115;40.715;3952266
FR0000130809;14/11/13;41.60;41.695;40.135;41.04;3838203
FR0000130809;15/11/13;41.39;41.92;41.22;41.475;4146636
FR0000130809;18/11/13;41.45;42.32;41.24;41.72;3799818
FR0000130809;19/11/13;41.345;41.62;40.72;40.945;3802972
FR0000130809;20/11/13;40.85;40.925;40.135;40.46;5269803
FR0000130809;21/11/13;40.00;40.57;39.855;40.425;4256209
FR0000130809;22/11/13;40.555;40.79;40.395;40.565;2632320
FR0000130809;25/11/13;40.79;41.51;40.74;41.49;4501932
FR0000130809;26/11/13;41.51;41.845;41.345;41.45;3352284
FR0000130809;27/11/13;41.55;42.15;41.48;41.995;3304215
FR0000130809;28/11/13;42.00;42.47;41.995;42.26;1938574
FR0000130809;29/11/13;42.345;42.76;42.31;42.335;2285655
FR0000131104;01/11/13;54.60;55.14;54.00;54.15;2960284
FR0000131104;04/11/13;54.65;54.90;53.80;53.98;2479166
FR0000131104;05/11/13;54.02;54.18;52.77;53.23;3788456
FR0000131104;06/11/13;53.65;53.87;53.26;53.41;2597764
FR0000131104;07/11/13;53.28;55.51;53.12;53.62;6630692
FR0000131104;08/11/13;53.18;53.45;52.34;53.10;4656858
FR0000131104;11/11/13;52.97;53.77;52.77;53.55;2229699
FR0000131104;12/11/13;53.62;53.99;53.25;53.27;2102678
FR0000131104;13/11/13;53.19;53.46;52.47;52.91;2991922
FR0000131104;14/11/13;54.00;54.48;53.67;54.43;4956920
FR0000131104;15/11/13;54.50;54.89;54.33;54.48;3185874
FR0000131104;18/11/13;54.86;55.07;54.41;54.75;3413173
FR0000131104;19/11/13;54.31;54.39;53.63;53.79;3183212
FR0000131104;20/11/13;53.84;54.40;53.64;53.91;3211189
FR0000131104;21/11/13;53.52;54.41;53.29;54.11;2146023
FR0000131104;22/11/13;54.29;54.75;53.99;54.67;2255819
FR0000131104;25/11/13;54.94;55.06;54.65;54.93;2788630
FR0000131104;26/11/13;54.75;55.21;54.75;54.83;2646246
FR0000131104;27/11/13;55.02;55.30;54.87;54.96;2732236
FR0000131104;28/11/13;54.83;55.37;54.78;55.20;1986484
FR0000131104;29/11/13;55.50;55.82;55.25;55.25;2537366
FR0000131906;01/11/13;62.50;63.07;60.72;61.29;2860952
FR0000131906;04/11/13;61.10;61.28;60.04;61.21;1420485
FR0000131906;05/11/13;60.50;60.50;58.75;59.85;2020073
FR0000131906;06/11/13;60.25;60.73;59.74;60.30;1737186
FR0000131906;07/11/13;60.30;63.00;60.25;61.61;1688418
FR0000131906;08/11/13;61.21;61.74;60.65;61.10;1449576
FR0000131906;11/11/13;61.20;61.36;60.78;61.19;738361
FR0000131906;12/11/13;61.33;62.33;61.22;61.46;959307
FR0000131906;13/11/13;61.23;61.86;60.01;61.13;836196
FR0000131906;14/11/13;61.81;62.37;60.71;61.07;1007080
FR0000131906;15/11/13;61.40;61.64;60.63;61.64;874099
FR0000131906;18/11/13;61.74;63.12;61.00;62.48;1332587
FR0000131906;19/11/13;62.36;63.38;61.90;63.20;940983
FR0000131906;20/11/13;63.06;63.63;61.82;62.24;809807
FR0000131906;21/11/13;61.95;63.15;61.64;63.07;700225
FR0000131906;22/11/13;63.36;64.93;63.20;64.43;891078
FR0000131906;25/11/13;65.20;65.82;65.01;65.33;613355
FR0000131906;26/11/13;65.00;65.40;64.55;64.82;682821
FR0000131906;27/11/13;65.08;65.34;64.64;65.05;516774
FR0000131906;28/11/13;65.10;65.39;64.64;64.75;322464
FR0000131906;29/11/13;64.50;65.33;64.50;65.29;569161
FR0000133308;01/11/13;10.16;10.27;10.075;10.145;5505815
FR0000133308;04/11/13;10.16;10.215;10.11;10.15;4046763
FR0000133308;05/11/13;10.00;10.05;9.603;9.75;29059422
FR0000133308;06/11/13;9.795;9.834;9.654;9.743;10290468
FR0000133308;07/11/13;9.705;9.886;9.60;9.658;12311054
FR0000133308;08/11/13;9.542;9.747;9.525;9.692;8782116
FR0000133308;11/11/13;9.701;9.78;9.632;9.757;4669571
FR0000133308;12/11/13;9.77;9.784;9.65;9.713;6079577
FR0000133308;13/11/13;9.66;9.719;9.621;9.68;8925742
FR0000133308;14/11/13;9.76;9.796;9.60;9.661;10644719
FR0000133308;15/11/13;9.662;9.774;9.577;9.687;10279699
FR0000133308;18/11/13;9.631;9.784;9.62;9.743;7682150
FR0000133308;19/11/13;9.702;9.731;9.64;9.661;5018163
FR0000133308;20/11/13;9.629;9.685;9.484;9.507;11690871
FR0000133308;21/11/13;9.378;9.464;9.301;9.418;10738610
FR0000133308;22/11/13;9.417;9.558;9.367;9.522;11344930
FR0000133308;25/11/13;9.577;9.639;9.509;9.544;5835934
FR0000133308;26/11/13;9.515;9.574;9.466;9.532;6824791
FR0000133308;27/11/13;9.571;9.599;9.49;9.515;7337524
FR0000133308;28/11/13;9.515;9.607;9.49;9.566;4931199
FR0000133308;29/11/13;9.574;9.642;9.541;9.615;5140393
FR0010208488;01/11/13;18.415;18.415;18.255;18.305;1768623
FR0010208488;04/11/13;18.275;18.485;18.225;18.405;2589386
FR0010208488;05/11/13;18.49;18.59;18.265;18.325;3431241
FR0010208488;06/11/13;18.44;18.895;18.43;18.81;6521175
FR0010208488;07/11/13;18.835;19.065;18.585;18.68;6397942
FR0010208488;08/11/13;18.575;18.70;18.445;18.645;4319228
FR0010208488;11/11/13;18.70;18.71;18.53;18.655;3072786
FR0010208488;12/11/13;18.66;18.69;18.46;18.485;3969725
FR0010208488;13/11/13;18.445;18.645;18.08;18.625;9915548
FR0010208488;14/11/13;18.71;18.795;18.225;18.535;7062471
FR0010208488;15/11/13;17.765;17.865;17.605;17.63;8054206
FR0010208488;18/11/13;17.59;17.825;17.455;17.69;5157303
FR0010208488;19/11/13;17.645;17.74;17.415;17.445;4662860
FR0010208488;20/11/13;17.36;17.495;17.195;17.27;4612421
FR0010208488;21/11/13;17.305;17.305;17.00;17.15;5236538
FR0010208488;22/11/13;17.23;17.40;17.105;17.30;4279260
FR0010208488;25/11/13;17.365;17.42;17.275;17.36;2629331
FR0010208488;26/11/13;17.415;17.415;17.12;17.125;4675402
FR0010208488;27/11/13;17.16;17.23;17.07;17.12;3948623
FR0010208488;28/11/13;17.115;17.14;17.025;17.085;3487991
FR0010208488;29/11/13;17.09;17.16;17.025;17.07;2500594
FR0010307819;01/11/13;41.975;42.005;41.40;41.80;322159
FR0010307819;04/11/13;41.75;42.065;41.705;41.905;285088
FR0010307819;05/11/13;41.905;42.22;41.78;41.81;434412
FR0010307819;06/11/13;42.14;42.20;41.915;42.125;536659
FR0010307819;07/11/13;41.50;41.50;40.445;40.525;1432098
FR0010307819;08/11/13;40.25;40.275;39.655;40.02;930365
FR0010307819;11/11/13;39.985;40.265;39.785;40.105;804248
FR0010307819;12/11/13;40.19;40.815;40.09;40.50;494360
FR0010307819;13/11/13;40.395;40.55;40.18;40.42;466346
FR0010307819;14/11/13;40.69;41.16;40.635;41.085;504273
FR0010307819;15/11/13;41.03;41.175;40.90;41.045;568365
FR0010307819;18/11/13;40.845;41.10;40.805;40.955;642407
FR0010307819;19/11/13;40.82;41.025;40.74;40.785;427236
FR0010307819;20/11/13;40.73;40.73;39.99;40.05;708732
FR0010307819;21/11/13;39.975;40.085;39.50;39.90;734836
FR0010307819;22/11/13;39.90;40.29;39.765;39.86;546071
FR0010307819;25/11/13;40.115;40.115;39.77;39.91;503721
FR0010307819;26/11/13;39.865;40.135;39.665;40.005;712586
FR0010307819;27/11/13;40.155;40.74;40.07;40.595;682797
FR0010307819;28/11/13;40.525;40.775;40.50;40.655;232436
FR0010307819;29/11/13;40.70;40.835;40.60;40.625;300810
FR0013176526;01/11/13;24.54;24.5967;24.2567;24.3867;541986
FR0013176526;04/11/13;24.4767;24.61;24.28;24.51;846831
FR0013176526;05/11/13;24.4567;24.6067;24.20;24.28;780861
FR0013176526;06/11/13;23.8667;24.4467;23.75;24.1967;1281036
FR0013176526;07/11/13;24.1967;25.0167;24.11;24.6167;1193346
FR0013176526;08/11/13;24.4733;25.0367;24.4133;24.62;1425204
FR0013176526;11/11/13;24.7733;24.95;24.5533;24.8633;826053
FR0013176526;12/11/13;25.01;25.0133;24.70;24.72;755433
FR0013176526;13/11/13;24.6767;24.77;24.1667;24.54;907650
FR0013176526;14/11/13;24.8367;25.0333;24.70;24.9533;725211
FR0013176526;15/11/13;25.0667;25.1967;24.8333;25.0567;882927
FR0013176526;18/11/13;25.0833;25.71;24.8667;25.50;794781
FR0013176526;19/11/13;25.42;25.5333;25.29;25.3167;1035078
FR0013176526;20/11/13;25.3167;25.3733;24.6933;25.28;1438731
FR0013176526;21/11/13;25.1433;25.2067;24.76;25.0067;1181904
FR0013176526;22/11/13;25.1067;25.4033;25.0933;25.40;987231
FR0013176526;25/11/13;25.70;26.16;25.6233;25.9533;1066515
FR0013176526;26/11/13;25.9667;26.5733;25.7167;26.3333;14089257
FR0013176526;27/11/13;26.2867;26.2933;25.90;26.0433;1361049
FR0013176526;28/11/13;26.1333;26.36;25.90;25.9167;745380
FR0013176526;29/11/13;25.9833;26.18;25.7867;26.0867;825768
GB00BDSFG982;01/11/13;38.45;38.45;37.905;38.025;2662876
GB00BDSFG982;04/11/13;37.85;38.645;37.835;38.605;1555430
GB00BDSFG982;05/11/13;38.96;38.975;38.555;38.615;1344954
GB00BDSFG982;06/11/13;38.875;39.135;38.705;38.90;1075054
GB00BDSFG982;07/11/13;38.75;38.97;38.065;38.215;1282954
GB00BDSFG982;08/11/13;38.00;38.725;37.81;38.71;1363084
GB00BDSFG982;11/11/13;38.90;39.735;38.785;39.645;1166324
GB00BDSFG982;12/11/13;39.57;39.66;39.32;39.55;885660
GB00BDSFG982;13/11/13;39.43;39.615;39.105;39.41;703244
GB00BDSFG982;14/11/13;39.75;39.82;39.43;39.55;824784
GB00BDSFG982;15/11/13;39.565;39.79;39.11;39.15;825046
GB00BDSFG982;18/11/13;39.30;39.32;38.615;38.81;1021152
GB00BDSFG982;19/11/13;38.81;39.03;38.71;39.015;629398
GB00BDSFG982;20/11/13;38.82;38.91;37.70;37.705;1690260
GB00BDSFG982;21/11/13;37.64;37.695;36.625;36.625;1827958
GB00BDSFG982;22/11/13;36.825;37.215;36.82;36.97;1269836
GB00BDSFG982;25/11/13;37.15;37.155;36.71;36.845;1048432
GB00BDSFG982;26/11/13;36.755;36.84;35.635;35.635;2122006
GB00BDSFG982;27/11/13;35.635;35.905;35.275;35.29;1637230
GB00BDSFG982;28/11/13;35.355;35.84;35.275;35.815;784250
GB00BDSFG982;29/11/13;35.965;37.02;35.875;36.84;1656348
LU1598757687;01/11/13;34.92;35.16;34.635;34.815;1525306
LU1598757687;04/11/13;35.145;35.955;35.115;35.745;2855077
LU1598757687;05/11/13;36.15;36.405;35.58;36.045;3061957
LU1598757687;06/11/13;36.12;36.285;35.685;35.865;2504810
LU1598757687;07/11/13;37.26;38.595;36.99;37.245;9005824
LU1598757687;08/11/13;37.275;38.55;37.095;38.505;5230798
LU1598757687;11/11/13;38.79;38.805;37.995;38.535;2477194
LU1598757687;12/11/13;38.595;38.67;37.575;37.575;3014049
LU1598757687;13/11/13;37.14;37.35;36.075;36.735;4930476
LU1598757687;14/11/13;37.32;37.65;36.81;37.365;2977426
LU1598757687;15/11/13;37.44;37.905;37.005;37.41;2635595
LU1598757687;18/11/13;37.605;37.98;37.20;37.20;3851136
LU1598757687;19/11/13;37.095;37.545;37.005;37.47;2617102
LU1598757687;20/11/13;37.20;38.04;37.20;37.89;2656662
LU1598757687;21/11/13;37.635;37.83;37.215;37.575;1800894
LU1598757687;22/11/13;37.725;37.86;37.305;37.485;1887136
LU1598757687;25/11/13;37.44;37.68;37.215;37.32;1924890
LU1598757687;26/11/13;37.20;37.38;36.81;36.825;2091549
LU1598757687;27/11/13;36.855;37.755;36.855;37.665;2309076
LU1598757687;28/11/13;37.695;38.085;37.53;37.995;1502854
LU1598757687;29/11/13;37.86;38.415;37.80;38.04;1967519
NL0000226223;01/11/13;5.692;5.702;5.618;5.652;2551560
NL0000226223;04/11/13;5.686;5.785;5.671;5.742;2922688
NL0000226223;05/11/13;5.76;5.773;5.64;5.693;2669934
NL0000226223;06/11/13;5.719;5.736;5.646;5.66;1920155
NL0000226223;07/11/13;5.67;5.812;5.631;5.677;4064319
NL0000226223;08/11/13;5.651;5.68;5.538;5.592;4395459
NL0000226223;11/11/13;5.595;5.663;5.593;5.653;1447767
NL0000226223;12/11/13;5.639;5.70;5.518;5.55;5007410
NL0000226223;13/11/13;5.513;5.621;5.513;5.614;2241431
NL0000226223;14/11/13;5.68;5.688;5.37;5.472;7667218
NL0000226223;15/11/13;5.499;5.561;5.488;5.522;3661108
NL0000226223;18/11/13;5.54;5.702;5.509;5.677;3656058
NL0000226223;19/11/13;5.667;5.742;5.62;5.663;3023476
NL0000226223;20/11/13;5.651;5.915;5.594;5.899;5754474
NL0000226223;21/11/13;5.889;5.93;5.72;5.815;5055329
NL0000226223;22/11/13;5.846;5.895;5.793;5.80;3212461
NL0000226223;25/11/13;5.83;5.899;5.815;5.889;1621694
NL0000226223;26/11/13;5.892;5.962;5.845;5.923;3153732
NL0000226223;27/11/13;5.945;5.95;5.88;5.88;1996442
NL0000226223;28/11/13;5.88;5.915;5.855;5.859;1815927
NL0000226223;29/11/13;5.887;5.916;5.79;5.79;2339666
NL0000235190;01/11/13;50.51;51.80;50.33;50.61;2296864
NL0000235190;04/11/13;50.91;52.42;50.71;52.01;2118902
NL0000235190;05/11/13;52.01;53.19;51.90;52.66;2525203
NL0000235190;06/11/13;52.90;53.89;52.75;53.51;2026409
NL0000235190;07/11/13;53.53;54.50;53.15;53.64;2557302
NL0000235190;08/11/13;53.35;53.54;52.41;53.44;2599071
NL0000235190;11/11/13;53.40;54.19;53.26;53.80;1446062
NL0000235190;12/11/13;53.73;53.75;52.32;52.35;2519023
NL0000235190;13/11/13;52.37;52.62;50.97;51.76;3134271
NL0000235190;14/11/13;51.05;53.20;50.71;52.74;4986239
NL0000235190;15/11/13;52.50;52.72;51.74;51.95;2479068
NL0000235190;18/11/13;53.27;53.97;53.00;53.21;3006263
NL0000235190;19/11/13;53.16;53.20;52.30;52.36;1631002
NL0000235190;20/11/13;52.36;52.39;51.86;52.18;1237379
NL0000235190;21/11/13;51.97;51.97;50.81;51.41;1998864
NL0000235190;22/11/13;51.29;51.80;51.16;51.74;1575006
NL0000235190;25/11/13;52.09;52.66;52.00;52.23;1242264
NL0000235190;26/11/13;52.23;52.38;51.53;51.53;1983578
NL0000235190;27/11/13;51.70;52.50;51.68;52.37;1648019
NL0000235190;28/11/13;52.49;52.74;52.20;52.67;900327
NL0000235190;29/11/13;52.65;52.73;52.26;52.26;1021293
