FR0000045072;01/02/19;9.965;10.00;9.802;9.911;6331535
FR0000045072;04/02/19;9.922;9.95;9.641;9.713;6869649
FR0000045072;05/02/19;9.713;9.984;9.689;9.96;7224751
FR0000045072;06/02/19;9.871;10.204;9.84;10.17;8061865
FR0000045072;07/02/19;10.15;10.27;9.856;9.862;8200263
FR0000045072;08/02/19;9.842;9.842;9.402;9.551;8618873
FR0000045072;11/02/19;9.61;9.684;9.557;9.636;4727510
FR0000045072;12/02/19;9.748;9.89;9.645;9.802;6680512
FR0000045072;13/02/19;9.80;9.964;9.749;9.885;6894345
FR0000045072;14/02/19;10.018;10.108;9.719;9.80;7754263
FR0000045072;15/02/19;9.757;10.234;9.706;10.196;10726137
FR0000045072;18/02/19;10.20;10.504;10.196;10.446;8112985
FR0000045072;19/02/19;10.468;10.494;10.328;10.456;6428297
FR0000045072;20/02/19;10.49;10.616;10.376;10.59;7322661
FR0000045072;21/02/19;10.64;10.64;10.462;10.492;8018992
FR0000045072;22/02/19;10.492;10.692;10.472;10.562;6668831
FR0000045072;25/02/19;10.68;10.828;10.62;10.754;6227377
FR0000045072;26/02/19;10.688;10.846;10.592;10.81;5643232
FR0000045072;27/02/19;10.772;11.14;10.772;11.10;9250990
FR0000045072;28/02/19;11.042;11.286;10.934;11.232;8690230
FR0000051732;01/02/19;79.52;80.46;79.18;79.74;419040
FR0000051732;04/02/19;80.10;80.62;79.16;80.40;328263
FR0000051732;05/02/19;80.64;83.06;80.04;81.12;570215
FR0000051732;06/02/19;81.06;82.42;80.46;81.90;473673
FR0000051732;07/02/19;81.42;81.80;78.00;78.00;652815
FR0000051732;08/02/19;77.58;79.70;77.18;78.00;533167
FR0000051732;11/02/19;78.70;80.90;78.08;80.30;395834
FR0000051732;12/02/19;81.36;81.62;79.34;79.42;413614
FR0000051732;13/02/19;79.98;81.54;79.74;81.16;350320
FR0000051732;14/02/19;82.10;83.48;81.46;82.20;417631
FR0000051732;15/02/19;81.66;83.52;80.86;82.82;545379
FR0000051732;18/02/19;82.88;83.30;82.14;82.78;222468
FR0000051732;19/02/19;83.00;83.70;82.50;83.08;512243
FR0000051732;20/02/19;83.36;84.12;82.30;82.86;469785
FR0000051732;21/02/19;80.02;84.34;80.02;83.04;543718
FR0000051732;22/02/19;83.70;86.20;83.70;85.80;428800
FR0000051732;25/02/19;86.36;87.32;86.22;86.40;414056
FR0000051732;26/02/19;86.00;86.66;85.30;85.60;438342
FR0000051732;27/02/19;85.02;85.28;84.46;85.02;383769
FR0000051732;28/02/19;84.32;84.72;83.76;84.42;551475
FR0000052292;01/02/19;524.00;527.80;523.20;525.00;48643
FR0000052292;04/02/19;525.00;525.00;519.20;520.00;44697
FR0000052292;05/02/19;522.00;534.00;520.00;534.00;46416
FR0000052292;06/02/19;531.80;533.80;528.00;529.60;35851
FR0000052292;07/02/19;530.80;532.80;520.40;520.40;52328
FR0000052292;08/02/19;527.20;529.80;523.20;528.00;58699
FR0000052292;11/02/19;530.80;536.00;528.00;533.80;47820
FR0000052292;12/02/19;536.20;542.40;535.00;541.00;42987
FR0000052292;13/02/19;545.00;549.00;543.00;546.00;69096
FR0000052292;14/02/19;549.40;552.00;541.40;541.40;47172
FR0000052292;15/02/19;541.00;544.40;538.20;540.80;55411
FR0000052292;18/02/19;541.60;544.80;540.20;544.00;27228
FR0000052292;19/02/19;545.00;547.40;542.80;545.40;38398
FR0000052292;20/02/19;546.80;551.60;545.20;549.00;51754
FR0000052292;21/02/19;551.60;557.20;548.80;551.40;58885
FR0000052292;22/02/19;552.20;554.20;549.20;553.80;37578
FR0000052292;25/02/19;554.20;562.40;553.40;556.60;54242
FR0000052292;26/02/19;556.60;559.00;553.20;556.20;44277
FR0000052292;27/02/19;554.40;558.60;553.20;558.20;52265
FR0000052292;28/02/19;555.20;560.80;552.60;556.80;71068
FR0000073272;01/02/19;115.00;115.50;114.30;114.90;647172
FR0000073272;04/02/19;115.05;115.85;114.60;115.25;604123
FR0000073272;05/02/19;115.15;117.10;114.40;116.45;869946
FR0000073272;06/02/19;116.15;116.50;114.70;114.70;772029
FR0000073272;07/02/19;114.65;115.35;113.15;113.15;962356
FR0000073272;08/02/19;113.40;114.20;112.05;112.25;824683
FR0000073272;11/02/19;112.60;113.75;112.40;113.55;498249
FR0000073272;12/02/19;114.65;114.95;113.60;113.60;568833
FR0000073272;13/02/19;113.90;115.20;113.80;114.85;691584
FR0000073272;14/02/19;116.05;116.70;114.20;114.20;652415
FR0000073272;15/02/19;114.50;115.65;114.00;115.15;845737
FR0000073272;18/02/19;115.30;116.45;115.15;115.55;635173
FR0000073272;19/02/19;115.70;116.35;114.65;115.80;742831
FR0000073272;20/02/19;115.95;118.15;115.50;117.50;787282
FR0000073272;21/02/19;117.75;118.40;117.25;118.25;774167
FR0000073272;22/02/19;118.70;120.00;118.20;120.00;696755
FR0000073272;25/02/19;119.90;120.10;118.95;119.80;612868
FR0000073272;26/02/19;119.50;120.60;118.40;120.30;789172
FR0000073272;27/02/19;119.00;120.50;117.85;120.00;1103521
FR0000073272;28/02/19;119.60;120.20;118.60;119.90;865694
FR0000120073;01/02/19;106.00;106.75;104.90;106.50;925067
FR0000120073;04/02/19;105.95;106.15;105.25;106.15;590493
FR0000120073;05/02/19;105.75;107.00;105.70;107.00;798644
FR0000120073;06/02/19;106.35;106.75;105.60;105.85;843303
FR0000120073;07/02/19;105.10;105.90;105.10;105.10;894817
FR0000120073;08/02/19;105.05;105.75;104.15;104.40;720953
FR0000120073;11/02/19;105.00;105.40;104.65;105.05;736025
FR0000120073;12/02/19;105.80;106.40;105.30;106.00;813484
FR0000120073;13/02/19;106.35;107.00;105.90;106.45;919053
FR0000120073;14/02/19;106.90;107.00;104.45;106.00;1291904
FR0000120073;15/02/19;106.00;107.05;105.45;106.85;1079170
FR0000120073;18/02/19;106.70;107.60;106.60;107.00;594557
FR0000120073;19/02/19;106.95;106.95;106.15;106.80;722634
FR0000120073;20/02/19;107.00;108.45;106.40;108.20;895404
FR0000120073;21/02/19;107.95;108.85;107.65;108.85;825017
FR0000120073;22/02/19;109.00;110.25;108.80;109.50;646915
FR0000120073;25/02/19;109.50;109.85;108.90;109.40;484835
FR0000120073;26/02/19;109.90;110.85;109.35;110.60;788771
FR0000120073;27/02/19;110.40;110.40;109.10;109.50;639735
FR0000120073;28/02/19;109.40;109.95;109.25;109.65;746510
FR0000120172;01/02/19;17.375;17.45;17.175;17.375;1716496
FR0000120172;04/02/19;17.395;17.41;17.055;17.23;1828018
FR0000120172;05/02/19;17.30;17.66;17.21;17.66;2203773
FR0000120172;06/02/19;17.80;18.175;17.80;18.075;4367676
FR0000120172;07/02/19;18.00;18.04;17.49;17.49;2360031
FR0000120172;08/02/19;17.475;17.74;17.455;17.485;2088586
FR0000120172;11/02/19;17.595;17.62;17.425;17.505;1323566
FR0000120172;12/02/19;17.665;17.84;17.495;17.79;2659048
FR0000120172;13/02/19;17.785;18.065;17.715;17.925;2926613
FR0000120172;14/02/19;17.96;18.03;17.61;17.755;1773045
FR0000120172;15/02/19;17.655;18.135;17.63;18.135;2405130
FR0000120172;18/02/19;18.09;18.12;17.86;17.985;1373025
FR0000120172;19/02/19;18.00;18.095;17.715;18.07;2992183
FR0000120172;20/02/19;17.95;18.095;17.85;17.90;2511746
FR0000120172;21/02/19;17.95;18.055;17.645;17.77;2445180
FR0000120172;22/02/19;17.755;17.99;17.725;17.95;1852845
FR0000120172;25/02/19;17.98;18.08;17.695;17.795;2184805
FR0000120172;26/02/19;17.80;17.975;17.705;17.755;2426467
FR0000120172;27/02/19;17.785;17.855;17.535;17.555;3422980
FR0000120172;28/02/19;17.80;18.095;17.57;18.00;4435937
FR0000120271;01/02/19;47.775;48.28;47.385;48.21;6748382
FR0000120271;04/02/19;48.24;48.66;47.63;48.09;5268831
FR0000120271;05/02/19;48.425;48.985;48.245;48.90;6851452
FR0000120271;06/02/19;48.875;49.00;48.40;48.78;4938521
FR0000120271;07/02/19;48.93;48.93;48.04;48.045;6484582
FR0000120271;08/02/19;48.00;48.615;47.805;48.43;7067305
FR0000120271;11/02/19;48.67;49.165;48.49;48.72;5193717
FR0000120271;12/02/19;49.38;49.395;48.795;48.795;5827624
FR0000120271;13/02/19;49.305;49.33;48.775;48.91;5852872
FR0000120271;14/02/19;49.25;49.295;48.74;48.985;6344567
FR0000120271;15/02/19;48.90;49.97;48.855;49.695;6794198
FR0000120271;18/02/19;49.595;49.73;49.36;49.51;3302092
FR0000120271;19/02/19;49.33;49.72;49.325;49.51;4182611
FR0000120271;20/02/19;49.51;49.78;49.325;49.63;4342157
FR0000120271;21/02/19;49.61;49.735;49.43;49.735;5454505
FR0000120271;22/02/19;49.41;50.25;49.35;49.955;4826550
FR0000120271;25/02/19;49.955;50.25;49.51;49.51;4565311
FR0000120271;26/02/19;49.415;49.84;49.215;49.70;4585896
FR0000120271;27/02/19;49.705;50.17;49.705;50.02;4704225
FR0000120271;28/02/19;49.72;49.99;49.505;49.99;8271068
FR0000120321;01/02/19;211.40;212.20;209.60;211.80;452185
FR0000120321;04/02/19;211.80;212.10;210.40;211.80;397348
FR0000120321;05/02/19;211.30;219.90;210.60;219.90;851196
FR0000120321;06/02/19;217.20;219.20;216.40;217.20;534654
FR0000120321;07/02/19;215.80;218.70;215.30;216.10;585357
FR0000120321;08/02/19;216.00;218.90;214.20;218.80;859055
FR0000120321;11/02/19;218.10;222.40;218.10;221.20;604137
FR0000120321;12/02/19;221.50;224.80;219.20;224.50;741627
FR0000120321;13/02/19;224.00;226.00;221.80;222.80;612710
FR0000120321;14/02/19;221.60;224.30;220.50;220.50;502512
FR0000120321;15/02/19;220.10;224.00;220.00;221.80;627913
FR0000120321;18/02/19;221.50;224.90;221.50;224.70;329962
FR0000120321;19/02/19;225.00;225.40;222.50;223.10;358026
FR0000120321;20/02/19;222.90;224.40;222.20;224.40;309340
FR0000120321;21/02/19;224.80;226.70;224.40;225.50;364498
FR0000120321;22/02/19;225.80;225.90;223.70;225.10;405238
FR0000120321;25/02/19;224.90;225.70;223.50;224.10;300787
FR0000120321;26/02/19;224.10;225.00;223.00;224.10;298602
FR0000120321;27/02/19;223.00;223.00;218.90;220.30;569031
FR0000120321;28/02/19;218.60;222.10;218.50;221.90;500769
FR0000120404;01/02/19;38.05;38.25;37.91;38.09;664391
FR0000120404;04/02/19;38.11;38.41;37.85;37.96;552084
FR0000120404;05/02/19;38.08;39.05;37.87;39.05;899158
FR0000120404;06/02/19;39.75;39.78;39.25;39.36;830361
FR0000120404;07/02/19;39.10;39.18;38.52;38.52;999799
FR0000120404;08/02/19;38.43;38.43;37.82;37.82;944071
FR0000120404;11/02/19;38.28;38.51;38.02;38.45;557399
FR0000120404;12/02/19;38.74;38.76;38.26;38.26;550452
FR0000120404;13/02/19;38.18;39.51;38.18;39.40;1002388
FR0000120404;14/02/19;39.48;39.59;39.16;39.27;843589
FR0000120404;15/02/19;39.29;39.73;39.04;39.65;821718
FR0000120404;18/02/19;39.74;39.92;39.44;39.79;406634
FR0000120404;19/02/19;39.93;40.14;39.57;39.85;862761
FR0000120404;20/02/19;39.87;40.14;39.75;40.06;584891
FR0000120404;21/02/19;39.24;39.31;38.15;38.58;1767752
FR0000120404;22/02/19;38.50;38.50;37.90;37.94;1323518
FR0000120404;25/02/19;38.00;38.34;37.90;38.06;902098
FR0000120404;26/02/19;37.97;38.08;37.57;37.80;1122460
FR0000120404;27/02/19;37.63;37.81;37.21;37.29;1155504
FR0000120404;28/02/19;37.20;37.42;36.94;37.12;1390500
FR0000120503;01/02/19;31.05;31.09;30.56;31.03;932510
FR0000120503;04/02/19;30.99;31.10;30.58;30.66;593929
FR0000120503;05/02/19;30.77;31.25;30.56;31.15;738320
FR0000120503;06/02/19;31.20;31.32;30.98;31.13;618421
FR0000120503;07/02/19;31.09;31.29;30.60;30.60;807515
FR0000120503;08/02/19;30.54;30.61;29.64;29.64;1051490
FR0000120503;11/02/19;29.91;30.11;29.68;29.97;546969
FR0000120503;12/02/19;30.24;30.26;29.80;29.98;726749
FR0000120503;13/02/19;30.00;30.26;29.89;30.16;723495
FR0000120503;14/02/19;30.30;30.39;29.80;30.09;734044
FR0000120503;15/02/19;30.13;31.07;29.95;31.00;1107079
FR0000120503;18/02/19;31.01;31.29;30.84;31.25;618987
FR0000120503;19/02/19;31.25;31.44;30.53;30.82;945499
FR0000120503;20/02/19;31.04;32.08;30.99;31.57;1376778
FR0000120503;21/02/19;32.80;33.30;32.16;32.71;2515718
FR0000120503;22/02/19;32.90;33.00;32.06;32.80;1109099
FR0000120503;25/02/19;32.85;33.00;32.79;32.87;1027002
FR0000120503;26/02/19;32.76;32.99;32.46;32.85;901049
FR0000120503;27/02/19;32.60;33.15;32.55;32.99;912040
FR0000120503;28/02/19;32.77;33.26;32.77;33.25;1186030
FR0000120578;01/02/19;76.19;76.23;74.89;75.40;2324746
FR0000120578;04/02/19;75.70;76.06;75.21;76.06;1547305
FR0000120578;05/02/19;75.99;76.84;75.76;76.84;2431383
FR0000120578;06/02/19;76.15;76.44;75.63;76.04;1905175
FR0000120578;07/02/19;75.45;77.40;74.60;74.83;3224335
FR0000120578;08/02/19;74.73;75.92;74.73;75.26;2480430
FR0000120578;11/02/19;75.37;75.90;74.93;75.34;1792200
FR0000120578;12/02/19;75.72;75.94;75.14;75.53;1780564
FR0000120578;13/02/19;75.27;75.37;73.85;73.88;2941715
FR0000120578;14/02/19;73.59;74.13;72.08;73.39;3769911
FR0000120578;15/02/19;73.57;75.38;73.57;75.24;2966322
FR0000120578;18/02/19;75.08;75.44;74.31;75.39;1435243
FR0000120578;19/02/19;75.10;75.76;74.67;74.67;1653767
FR0000120578;20/02/19;74.66;74.75;74.15;74.20;1923365
FR0000120578;21/02/19;74.27;74.28;72.95;73.10;2443884
FR0000120578;22/02/19;72.99;73.03;72.33;72.57;2222303
FR0000120578;25/02/19;72.56;72.89;72.22;72.74;1900353
FR0000120578;26/02/19;72.50;73.02;72.29;72.74;2151984
FR0000120578;27/02/19;72.95;73.33;72.26;72.73;2074918
FR0000120578;28/02/19;72.54;73.64;72.44;73.50;3102965
FR0000120628;01/02/19;20.28;20.40;20.14;20.355;6282069
FR0000120628;04/02/19;20.30;20.415;20.11;20.39;5343311
FR0000120628;05/02/19;20.40;20.63;20.34;20.515;6294560
FR0000120628;06/02/19;20.43;20.65;20.41;20.57;5405380
FR0000120628;07/02/19;20.55;20.67;20.21;20.285;7949161
FR0000120628;08/02/19;20.23;20.325;19.936;20.11;7608486
FR0000120628;11/02/19;20.24;20.465;20.18;20.27;4884342
FR0000120628;12/02/19;20.545;20.545;20.325;20.355;4891038
FR0000120628;13/02/19;20.41;20.625;20.345;20.505;5803790
FR0000120628;14/02/19;20.60;20.695;20.315;20.37;6526896
FR0000120628;15/02/19;20.395;20.83;20.265;20.745;8683110
FR0000120628;18/02/19;20.80;20.84;20.71;20.78;3532156
FR0000120628;19/02/19;20.73;20.86;20.66;20.79;5071549
FR0000120628;20/02/19;20.89;21.18;20.855;21.16;8727531
FR0000120628;21/02/19;21.15;21.645;21.11;21.39;10853364
FR0000120628;22/02/19;21.405;21.815;21.33;21.635;7412218
FR0000120628;25/02/19;21.715;21.92;21.66;21.80;8303627
FR0000120628;26/02/19;21.65;21.86;21.495;21.825;7009770
FR0000120628;27/02/19;21.765;22.16;21.755;22.105;9302942
FR0000120628;28/02/19;22.01;22.375;21.97;22.295;8291004
FR0000120644;01/02/19;63.81;64.37;63.46;64.09;1566797
FR0000120644;04/02/19;64.00;64.37;63.81;64.26;1172588
FR0000120644;05/02/19;64.11;65.05;63.90;64.89;1450301
FR0000120644;06/02/19;64.59;65.08;64.59;64.80;1354093
FR0000120644;07/02/19;64.42;65.08;64.37;64.39;1690599
FR0000120644;08/02/19;64.78;64.88;64.27;64.41;1764888
FR0000120644;11/02/19;64.50;65.12;64.45;64.80;1072418
FR0000120644;12/02/19;65.39;65.43;64.62;64.80;1106294
FR0000120644;13/02/19;64.67;65.44;64.64;65.13;1434168
FR0000120644;14/02/19;65.18;66.12;65.18;65.26;1338076
FR0000120644;15/02/19;65.39;65.91;65.14;65.69;1411089
FR0000120644;18/02/19;65.60;66.13;65.50;65.91;997437
FR0000120644;19/02/19;65.37;66.69;64.71;66.39;2372280
FR0000120644;20/02/19;66.53;67.12;66.27;66.88;1546259
FR0000120644;21/02/19;67.00;67.90;66.87;67.80;1938886
FR0000120644;22/02/19;67.37;67.76;67.24;67.48;1199001
FR0000120644;25/02/19;67.43;67.60;67.12;67.37;1272549
FR0000120644;26/02/19;67.24;67.73;66.99;67.64;1731492
FR0000120644;27/02/19;67.33;67.43;66.23;66.42;1461323
FR0000120644;28/02/19;66.05;66.61;66.05;66.33;1564668
FR0000120693;01/02/19;145.75;147.15;144.65;146.35;276217
FR0000120693;04/02/19;145.70;146.45;145.15;145.50;320551
FR0000120693;05/02/19;146.10;148.80;145.15;148.80;392040
FR0000120693;06/02/19;148.00;149.00;147.00;147.65;370607
FR0000120693;07/02/19;151.20;151.90;148.75;149.45;604269
FR0000120693;08/02/19;150.00;150.95;146.90;150.55;531076
FR0000120693;11/02/19;150.00;150.50;148.95;149.80;348810
FR0000120693;12/02/19;150.20;150.35;147.05;147.90;507312
FR0000120693;13/02/19;148.15;148.65;146.45;147.95;497792
FR0000120693;14/02/19;149.00;150.80;148.80;149.00;340516
FR0000120693;15/02/19;149.85;151.45;148.95;150.55;364360
FR0000120693;18/02/19;151.00;151.40;149.05;150.00;361763
FR0000120693;19/02/19;150.00;150.15;148.70;149.45;323501
FR0000120693;20/02/19;149.90;151.10;149.30;151.00;314682
FR0000120693;21/02/19;151.70;153.45;151.25;152.95;405014
FR0000120693;22/02/19;152.60;153.05;151.85;151.90;244081
FR0000120693;25/02/19;151.95;152.25;150.65;150.70;268832
FR0000120693;26/02/19;150.30;151.95;149.40;151.20;282620
FR0000120693;27/02/19;151.25;151.25;149.35;150.00;335360
FR0000120693;28/02/19;149.70;152.00;149.50;151.40;382860
FR0000121014;01/02/19;282.50;285.65;281.15;284.65;1008099
FR0000121014;04/02/19;284.60;284.60;280.30;282.60;611878
FR0000121014;05/02/19;282.70;292.25;281.60;291.15;936779
FR0000121014;06/02/19;288.00;290.80;286.35;288.10;663981
FR0000121014;07/02/19;287.05;290.70;282.65;283.40;771808
FR0000121014;08/02/19;282.20;286.40;281.50;283.55;675564
FR0000121014;11/02/19;286.40;289.80;285.15;288.30;577207
FR0000121014;12/02/19;285.20;295.95;285.20;294.80;956591
FR0000121014;13/02/19;296.05;298.90;294.50;294.65;615149
FR0000121014;14/02/19;298.90;299.70;290.60;290.85;757985
FR0000121014;15/02/19;289.55;297.40;288.85;294.20;652357
FR0000121014;18/02/19;294.85;296.50;293.65;295.10;315942
FR0000121014;19/02/19;295.55;297.30;292.60;297.25;549831
FR0000121014;20/02/19;297.10;299.10;293.70;296.60;445663
FR0000121014;21/02/19;296.20;298.70;295.50;296.95;399174
FR0000121014;22/02/19;297.95;300.10;297.05;299.75;454451
FR0000121014;25/02/19;302.00;304.30;301.40;302.90;546542
FR0000121014;26/02/19;301.15;305.00;300.15;304.25;519944
FR0000121014;27/02/19;303.70;304.25;300.90;302.40;456142
FR0000121014;28/02/19;300.05;303.95;300.00;302.00;607811
FR0000121220;01/02/19;91.04;91.56;90.62;91.36;259217
FR0000121220;04/02/19;91.54;92.44;91.48;92.08;249580
FR0000121220;05/02/19;92.00;94.30;91.72;94.30;287770
FR0000121220;06/02/19;93.80;95.12;93.80;94.26;279638
FR0000121220;07/02/19;93.82;95.20;93.72;94.04;265092
FR0000121220;08/02/19;94.14;94.54;93.14;93.56;258202
FR0000121220;11/02/19;93.98;94.18;93.44;93.88;187434
FR0000121220;12/02/19;94.00;94.20;93.12;93.46;245302
FR0000121220;13/02/19;93.24;94.74;93.24;94.36;251255
FR0000121220;14/02/19;94.36;95.44;93.90;94.06;214791
FR0000121220;15/02/19;94.00;94.58;93.20;94.04;242301
FR0000121220;18/02/19;94.00;95.06;93.60;94.98;170607
FR0000121220;19/02/19;94.90;95.02;94.34;94.94;219439
FR0000121220;20/02/19;94.64;95.88;94.60;95.88;265379
FR0000121220;21/02/19;95.88;96.50;95.64;96.50;252392
FR0000121220;22/02/19;96.20;97.26;95.76;97.22;205760
FR0000121220;25/02/19;97.30;97.48;96.14;96.14;181095
FR0000121220;26/02/19;95.64;96.74;95.08;96.54;229175
FR0000121220;27/02/19;96.36;96.62;95.24;95.44;210079
FR0000121220;28/02/19;95.20;96.58;94.90;96.58;355222
FR0000121261;01/02/19;95.68;96.34;94.80;94.90;411975
FR0000121261;04/02/19;94.94;95.14;93.54;93.98;471149
FR0000121261;05/02/19;94.42;95.30;93.76;94.80;609343
FR0000121261;06/02/19;95.50;96.28;94.28;95.80;458483
FR0000121261;07/02/19;95.26;95.36;91.94;91.94;691323
FR0000121261;08/02/19;91.54;92.12;89.28;89.68;765923
FR0000121261;11/02/19;89.88;90.76;89.32;90.76;631909
FR0000121261;12/02/19;97.88;103.20;97.00;102.60;1843395
FR0000121261;13/02/19;103.05;104.20;102.30;102.95;678939
FR0000121261;14/02/19;103.05;103.35;99.98;100.90;743006
FR0000121261;15/02/19;101.05;103.40;99.78;101.40;705489
FR0000121261;18/02/19;101.10;102.25;100.10;102.25;557890
FR0000121261;19/02/19;101.60;102.50;100.65;101.30;606224
FR0000121261;20/02/19;101.60;103.40;101.60;103.00;679960
FR0000121261;21/02/19;103.50;103.85;102.75;103.40;615592
FR0000121261;22/02/19;103.00;103.65;102.65;103.10;343275
FR0000121261;25/02/19;103.80;105.95;103.40;105.90;682688
FR0000121261;26/02/19;105.25;106.30;104.10;105.85;498239
FR0000121261;27/02/19;105.75;106.10;104.30;105.15;493844
FR0000121261;28/02/19;105.00;105.85;104.55;105.50;521964
FR0000121329;01/02/19;96.50;99.28;96.38;98.78;408595
FR0000121329;04/02/19;98.86;99.52;98.68;99.42;248857
FR0000121329;05/02/19;99.50;102.60;99.20;102.05;413028
FR0000121329;06/02/19;102.00;102.65;101.40;102.20;315245
FR0000121329;07/02/19;102.10;102.80;99.66;99.66;346206
FR0000121329;08/02/19;101.00;101.65;100.15;100.15;353120
FR0000121329;11/02/19;100.85;100.85;100.10;100.60;210580
FR0000121329;12/02/19;101.40;101.50;100.25;100.25;285996
FR0000121329;13/02/19;100.85;101.90;100.60;101.40;310862
FR0000121329;14/02/19;102.70;106.00;102.50;104.20;508911
FR0000121329;15/02/19;103.50;107.20;103.25;106.85;599902
FR0000121329;18/02/19;106.65;107.55;106.00;107.15;242475
FR0000121329;19/02/19;107.05;107.65;106.25;106.95;245635
FR0000121329;20/02/19;107.50;107.95;106.60;107.25;293659
FR0000121329;21/02/19;107.45;107.55;106.45;107.00;249148
FR0000121329;22/02/19;107.00;108.15;107.00;107.65;207628
FR0000121329;25/02/19;107.70;109.20;107.50;109.00;377122
FR0000121329;26/02/19;108.55;108.55;106.00;107.90;553774
FR0000121329;27/02/19;107.15;107.35;105.85;107.15;268205
FR0000121329;28/02/19;107.15;108.45;106.95;108.25;343673
FR0000121485;01/02/19;439.70;446.20;438.60;446.20;270683
FR0000121485;04/02/19;446.20;446.20;439.40;442.10;178512
FR0000121485;05/02/19;442.00;451.50;439.80;451.20;280521
FR0000121485;06/02/19;450.00;454.60;444.70;444.70;226333
FR0000121485;07/02/19;443.40;447.90;438.80;440.40;263429
FR0000121485;08/02/19;439.80;445.60;437.90;440.90;196209
FR0000121485;11/02/19;445.00;452.60;444.60;451.00;289914
FR0000121485;12/02/19;433.00;472.40;430.70;465.80;627467
FR0000121485;13/02/19;479.90;484.60;474.20;480.00;465370
FR0000121485;14/02/19;485.80;486.00;468.20;468.20;395979
FR0000121485;15/02/19;465.00;477.30;462.00;473.50;291960
FR0000121485;18/02/19;474.40;479.20;473.30;475.40;144843
FR0000121485;19/02/19;476.70;478.00;472.30;475.20;153971
FR0000121485;20/02/19;475.40;479.50;471.60;474.50;200039
FR0000121485;21/02/19;477.50;479.50;474.30;476.40;196462
FR0000121485;22/02/19;477.50;480.00;474.30;480.00;149266
FR0000121485;25/02/19;482.00;487.80;481.60;483.60;177410
FR0000121485;26/02/19;482.40;487.10;479.10;486.50;162753
FR0000121485;27/02/19;483.00;485.10;479.70;481.40;182127
FR0000121485;28/02/19;480.00;484.70;478.40;480.10;246920
FR0000121501;01/02/19;22.20;22.42;22.02;22.24;1929049
FR0000121501;04/02/19;22.23;22.35;21.72;21.89;1765704
FR0000121501;05/02/19;21.99;22.08;21.67;21.92;1369292
FR0000121501;06/02/19;21.81;21.91;21.49;21.56;2700591
FR0000121501;07/02/19;21.48;21.63;20.92;20.92;3709449
FR0000121501;08/02/19;20.81;21.14;20.51;20.62;2538835
FR0000121501;11/02/19;20.75;21.20;20.74;21.08;2368848
FR0000121501;12/02/19;21.64;21.90;21.50;21.68;2976075
FR0000121501;13/02/19;21.80;21.88;21.36;21.39;2408846
FR0000121501;14/02/19;21.47;21.68;20.87;20.93;2512137
FR0000121501;15/02/19;20.55;21.36;20.37;21.29;3170530
FR0000121501;18/02/19;21.23;21.47;21.08;21.37;1770806
FR0000121501;19/02/19;21.31;21.68;21.24;21.57;1746433
FR0000121501;20/02/19;21.67;22.20;21.61;22.18;2970438
FR0000121501;21/02/19;22.24;22.41;22.14;22.35;2014598
FR0000121501;22/02/19;22.24;22.47;22.13;22.31;1546664
FR0000121501;25/02/19;22.50;22.87;22.36;22.76;2635966
FR0000121501;26/02/19;22.52;22.55;21.57;22.09;5070481
FR0000121501;27/02/19;22.00;22.68;21.88;22.50;3406373
FR0000121501;28/02/19;22.25;22.44;22.22;22.36;2460117
FR0000121667;01/02/19;110.70;111.60;110.55;111.60;793018
FR0000121667;04/02/19;111.35;111.70;110.40;110.75;756540
FR0000121667;05/02/19;110.55;111.65;110.35;111.65;854317
FR0000121667;06/02/19;111.15;111.60;110.70;111.00;562450
FR0000121667;07/02/19;111.05;111.05;108.85;108.90;1036335
FR0000121667;08/02/19;108.95;108.95;106.25;106.40;929052
FR0000121667;11/02/19;106.30;108.60;105.90;108.35;686779
FR0000121667;12/02/19;108.70;109.80;108.25;108.25;576314
FR0000121667;13/02/19;108.10;109.60;108.05;109.50;728312
FR0000121667;14/02/19;108.90;109.05;106.00;106.10;926102
FR0000121667;15/02/19;105.95;106.20;104.50;105.80;911714
FR0000121667;18/02/19;105.60;107.30;105.55;106.80;539240
FR0000121667;19/02/19;106.95;106.95;105.55;105.90;425895
FR0000121667;20/02/19;106.05;107.45;106.00;107.30;613764
FR0000121667;21/02/19;107.15;108.50;107.10;107.15;630048
FR0000121667;22/02/19;106.85;107.85;106.85;107.65;438977
FR0000121667;25/02/19;107.90;108.70;107.50;108.70;407127
FR0000121667;26/02/19;108.15;109.10;108.05;108.40;448232
FR0000121667;27/02/19;106.40;108.00;106.10;106.75;574409
FR0000121667;28/02/19;106.20;107.15;105.85;106.45;836325
FR0000121972;01/02/19;62.18;62.98;62.02;62.86;1729339
FR0000121972;04/02/19;62.44;63.22;62.20;62.54;1346002
FR0000121972;05/02/19;62.76;63.58;62.40;63.58;1572893
FR0000121972;06/02/19;63.58;64.24;63.28;64.14;1275108
FR0000121972;07/02/19;63.70;64.22;62.74;62.74;1857303
FR0000121972;08/02/19;62.84;62.86;61.78;62.10;1496776
FR0000121972;11/02/19;62.48;63.14;62.12;62.94;1368002
FR0000121972;12/02/19;63.60;63.72;63.20;63.20;1008339
FR0000121972;13/02/19;63.26;64.18;63.20;63.78;1322524
FR0000121972;14/02/19;67.00;67.90;65.72;66.14;3395070
FR0000121972;15/02/19;66.10;68.62;65.38;68.16;2765832
FR0000121972;18/02/19;68.16;68.22;67.82;68.08;871988
FR0000121972;19/02/19;68.26;68.32;67.42;67.88;1361532
FR0000121972;20/02/19;67.98;69.66;67.84;69.40;1547438
FR0000121972;21/02/19;69.26;70.14;69.04;70.00;1465754
FR0000121972;22/02/19;70.06;70.22;69.28;69.38;1600775
FR0000121972;25/02/19;69.72;69.82;68.82;69.18;968212
FR0000121972;26/02/19;68.80;69.12;68.02;69.00;1276634
FR0000121972;27/02/19;68.64;69.02;67.96;68.32;1206638
FR0000121972;28/02/19;68.04;68.42;67.54;68.42;1620918
FR0000124141;01/02/19;18.65;18.685;18.255;18.635;2096046
FR0000124141;04/02/19;18.615;18.615;18.225;18.31;1358037
FR0000124141;05/02/19;18.345;18.66;18.265;18.66;2043638
FR0000124141;06/02/19;18.58;18.70;18.395;18.40;2082539
FR0000124141;07/02/19;18.35;18.97;18.315;18.82;3278720
FR0000124141;08/02/19;18.795;18.795;18.535;18.565;1771087
FR0000124141;11/02/19;18.635;18.89;18.62;18.815;1525471
FR0000124141;12/02/19;18.93;18.975;18.76;18.85;1264266
FR0000124141;13/02/19;18.815;18.99;18.695;18.905;1801905
FR0000124141;14/02/19;18.975;19.19;18.80;18.85;1678436
FR0000124141;15/02/19;18.89;19.125;18.72;19.09;1797496
FR0000124141;18/02/19;19.09;19.235;18.97;19.155;1580726
FR0000124141;19/02/19;19.20;19.345;19.08;19.30;1889736
FR0000124141;20/02/19;19.30;19.46;19.26;19.42;1464131
FR0000124141;21/02/19;19.60;20.08;19.37;19.755;3542913
FR0000124141;22/02/19;19.75;19.80;19.55;19.605;1618143
FR0000124141;25/02/19;19.615;19.875;19.585;19.80;2145255
FR0000124141;26/02/19;19.795;19.97;19.705;19.91;2043037
FR0000124141;27/02/19;19.90;19.915;19.34;19.39;2782687
FR0000124141;28/02/19;19.31;19.37;19.16;19.30;2404648
FR0000125007;01/02/19;30.23;30.385;29.815;30.18;1314823
FR0000125007;04/02/19;30.10;30.15;29.735;29.795;1373336
FR0000125007;05/02/19;30.00;31.755;29.82;31.68;4011512
FR0000125007;06/02/19;31.69;31.955;31.425;31.925;2089449
FR0000125007;07/02/19;31.825;32.29;31.375;31.38;2485422
FR0000125007;08/02/19;31.305;31.545;30.69;30.88;2024496
FR0000125007;11/02/19;31.155;31.19;30.85;30.995;1224802
FR0000125007;12/02/19;31.385;31.385;30.865;30.865;1506634
FR0000125007;13/02/19;30.885;31.275;30.865;31.095;1335030
FR0000125007;14/02/19;31.30;31.87;31.30;31.595;2052244
FR0000125007;15/02/19;31.66;32.865;31.50;32.67;2729001
FR0000125007;18/02/19;32.67;32.825;32.455;32.735;1221283
FR0000125007;19/02/19;32.76;32.965;32.48;32.785;1395451
FR0000125007;20/02/19;32.83;33.27;32.80;33.17;1536631
FR0000125007;21/02/19;33.33;33.37;32.62;32.95;1453268
FR0000125007;22/02/19;31.88;32.975;31.605;32.41;3219015
FR0000125007;25/02/19;32.485;32.67;32.24;32.565;1559109
FR0000125007;26/02/19;32.495;32.705;31.93;32.55;2043977
FR0000125007;27/02/19;32.35;32.45;31.90;31.90;2197783
FR0000125007;28/02/19;31.925;32.005;31.59;31.66;2654081
FR0000125338;01/02/19;96.66;97.36;95.18;95.38;748215
FR0000125338;04/02/19;95.88;96.44;95.36;96.06;680881
FR0000125338;05/02/19;96.36;97.74;96.10;97.14;640461
FR0000125338;06/02/19;97.28;98.88;97.28;98.66;574794
FR0000125338;07/02/19;98.36;99.04;95.56;95.56;553132
FR0000125338;08/02/19;95.40;96.38;94.10;94.86;666306
FR0000125338;11/02/19;95.64;98.04;95.64;97.38;603008
FR0000125338;12/02/19;98.50;99.16;96.04;96.46;628866
FR0000125338;13/02/19;96.90;99.72;96.72;99.20;681531
FR0000125338;14/02/19;103.25;103.50;99.70;102.35;964123
FR0000125338;15/02/19;101.70;102.85;100.35;102.55;562470
FR0000125338;18/02/19;102.05;103.15;101.50;102.30;395693
FR0000125338;19/02/19;102.50;103.00;101.05;102.00;447677
FR0000125338;20/02/19;102.40;103.65;102.20;103.30;423356
FR0000125338;21/02/19;103.10;103.55;101.65;102.05;537204
FR0000125338;22/02/19;101.95;103.50;101.95;102.85;351605
FR0000125338;25/02/19;103.35;105.00;103.00;104.95;545205
FR0000125338;26/02/19;104.45;105.90;104.05;104.45;496550
FR0000125338;27/02/19;103.90;105.15;103.35;105.15;524739
FR0000125338;28/02/19;104.05;105.55;104.05;105.20;594456
FR0000125486;01/02/19;77.00;77.32;76.36;77.24;1016839
FR0000125486;04/02/19;76.94;77.00;76.40;76.76;1012317
FR0000125486;05/02/19;77.28;78.06;76.88;78.02;1272691
FR0000125486;06/02/19;78.00;78.72;77.40;77.52;1151634
FR0000125486;07/02/19;77.28;78.02;76.84;76.84;1322479
FR0000125486;08/02/19;76.84;77.78;76.00;76.20;1479425
FR0000125486;11/02/19;76.88;77.44;76.62;76.84;1195187
FR0000125486;12/02/19;77.50;78.74;77.32;78.12;1398586
FR0000125486;13/02/19;78.16;79.06;77.82;78.84;1282520
FR0000125486;14/02/19;79.44;79.70;78.86;79.10;1084311
FR0000125486;15/02/19;79.20;80.52;78.64;80.52;1343474
FR0000125486;18/02/19;80.02;80.54;79.68;80.46;722366
FR0000125486;19/02/19;80.40;80.76;79.92;80.28;978979
FR0000125486;20/02/19;80.56;81.04;80.36;81.04;927837
FR0000125486;21/02/19;81.04;82.06;80.96;82.06;1134011
FR0000125486;22/02/19;82.00;82.56;81.62;82.36;976340
FR0000125486;25/02/19;82.26;82.28;81.84;82.16;846144
FR0000125486;26/02/19;81.82;82.96;81.70;82.96;915954
FR0000125486;27/02/19;82.64;83.12;82.36;82.74;931353
FR0000125486;28/02/19;82.32;83.92;82.26;83.92;1586308
FR0000127771;01/02/19;22.27;22.41;22.16;22.39;2273797
FR0000127771;04/02/19;22.40;22.59;22.24;22.59;2317629
FR0000127771;05/02/19;22.68;22.86;22.38;22.86;2993810
FR0000127771;06/02/19;22.80;23.11;22.77;22.79;3455031
FR0000127771;07/02/19;22.62;22.78;22.37;22.39;3542532
FR0000127771;08/02/19;22.45;22.48;22.15;22.20;2812868
FR0000127771;11/02/19;22.29;22.50;22.28;22.50;2116459
FR0000127771;12/02/19;22.63;22.75;22.44;22.44;2410147
FR0000127771;13/02/19;22.44;22.57;22.39;22.41;2646745
FR0000127771;14/02/19;22.60;23.23;22.46;22.73;3969723
FR0000127771;15/02/19;23.45;24.45;23.41;24.01;10777169
FR0000127771;18/02/19;23.93;24.05;23.71;23.93;2736957
FR0000127771;19/02/19;23.95;24.12;23.67;23.84;2541268
FR0000127771;20/02/19;23.95;24.06;23.82;23.95;3079065
FR0000127771;21/02/19;23.88;24.13;23.85;23.97;3531279
FR0000127771;22/02/19;23.99;24.26;23.91;24.23;3426089
FR0000127771;25/02/19;24.22;24.44;24.20;24.27;2778656
FR0000127771;26/02/19;24.21;24.44;24.11;24.42;2840550
FR0000127771;27/02/19;24.39;24.46;24.12;24.39;2824277
FR0000127771;28/02/19;24.95;25.90;24.81;25.70;9423533
FR0000130577;01/02/19;53.46;54.30;53.38;54.30;547725
FR0000130577;04/02/19;54.14;54.32;53.52;54.10;523978
FR0000130577;05/02/19;54.30;55.48;54.20;55.30;913619
FR0000130577;06/02/19;55.40;55.76;54.64;55.00;829269
FR0000130577;07/02/19;48.80;49.08;46.84;46.84;4713580
FR0000130577;08/02/19;47.00;47.82;46.15;47.28;1597256
FR0000130577;11/02/19;47.48;48.86;47.23;48.78;1223294
FR0000130577;12/02/19;48.92;49.22;48.02;48.13;1040126
FR0000130577;13/02/19;48.15;48.33;47.83;47.91;751813
FR0000130577;14/02/19;47.58;48.01;47.50;47.81;687952
FR0000130577;15/02/19;47.62;48.26;47.56;47.67;674192
FR0000130577;18/02/19;47.68;49.00;47.53;48.83;498501
FR0000130577;19/02/19;48.50;49.01;48.43;48.64;415324
FR0000130577;20/02/19;48.20;49.12;48.20;48.98;681149
FR0000130577;21/02/19;48.99;48.99;47.76;48.13;830104
FR0000130577;22/02/19;48.27;48.41;47.95;48.13;436896
FR0000130577;25/02/19;48.25;48.38;47.80;48.29;365612
FR0000130577;26/02/19;48.28;48.35;47.79;47.97;526647
FR0000130577;27/02/19;47.90;48.18;47.52;47.95;650848
FR0000130577;28/02/19;47.70;48.94;47.70;48.73;914409
FR0000130650;01/02/19;109.95;111.40;108.75;109.70;238063
FR0000130650;04/02/19;109.55;112.00;109.55;112.00;263886
FR0000130650;05/02/19;112.35;116.80;111.75;116.70;497750
FR0000130650;06/02/19;121.10;128.65;120.90;128.50;751868
FR0000130650;07/02/19;128.25;129.95;126.85;128.10;564424
FR0000130650;08/02/19;128.00;128.00;125.70;126.95;357343
FR0000130650;11/02/19;127.85;128.95;127.00;127.85;321113
FR0000130650;12/02/19;129.00;129.30;125.20;125.90;348583
FR0000130650;13/02/19;126.20;128.45;126.10;127.65;278136
FR0000130650;14/02/19;129.40;129.80;126.75;126.80;345417
FR0000130650;15/02/19;127.50;128.75;126.20;128.35;303634
FR0000130650;18/02/19;128.90;129.25;127.90;128.45;186288
FR0000130650;19/02/19;128.65;129.30;127.35;127.35;272873
FR0000130650;20/02/19;127.85;129.50;127.65;128.60;211095
FR0000130650;21/02/19;128.30;128.75;126.80;127.45;238901
FR0000130650;22/02/19;127.70;129.75;127.60;129.20;240030
FR0000130650;25/02/19;129.20;129.65;127.45;128.00;220271
FR0000130650;26/02/19;127.80;129.30;127.40;128.90;244681
FR0000130650;27/02/19;128.60;128.90;126.95;127.60;195679
FR0000130650;28/02/19;126.90;129.35;126.70;128.65;340216
FR0000130809;01/02/19;27.23;27.26;26.315;26.485;7083539
FR0000130809;04/02/19;26.48;26.625;25.60;25.75;6573979
FR0000130809;05/02/19;25.76;26.20;25.655;26.06;7190066
FR0000130809;06/02/19;25.795;26.50;25.48;26.50;6970565
FR0000130809;07/02/19;27.80;27.90;24.705;24.705;12251608
FR0000130809;08/02/19;24.85;24.95;23.945;24.02;7392763
FR0000130809;11/02/19;24.14;24.34;23.65;24.15;5842795
FR0000130809;12/02/19;24.485;24.75;24.26;24.51;4874444
FR0000130809;13/02/19;24.51;24.70;24.26;24.28;4966625
FR0000130809;14/02/19;24.44;24.46;23.73;23.785;5384509
FR0000130809;15/02/19;23.75;24.545;23.555;24.545;8070510
FR0000130809;18/02/19;24.55;25.27;24.545;25.175;5016369
FR0000130809;19/02/19;25.065;25.225;24.80;25.04;3786922
FR0000130809;20/02/19;25.055;25.35;24.88;25.32;3041335
FR0000130809;21/02/19;25.495;25.515;24.915;24.98;4078929
FR0000130809;22/02/19;25.32;25.655;25.21;25.335;3942141
FR0000130809;25/02/19;25.46;26.12;25.405;26.05;4610562
FR0000130809;26/02/19;25.855;25.915;25.36;25.765;4517542
FR0000130809;27/02/19;25.60;26.655;25.525;26.56;6074482
FR0000130809;28/02/19;26.335;27.165;26.13;27.00;6391987
FR0000131104;01/02/19;41.005;41.165;40.155;40.885;5016903
FR0000131104;04/02/19;40.885;41.085;39.725;40.11;4894321
FR0000131104;05/02/19;40.04;41.205;39.925;41.135;5241665
FR0000131104;06/02/19;39.725;41.99;39.68;41.865;6311587
FR0000131104;07/02/19;41.805;43.44;40.70;40.79;7174371
FR0000131104;08/02/19;40.54;40.855;39.605;39.85;5490179
FR0000131104;11/02/19;40.25;40.725;39.955;40.505;3427547
FR0000131104;12/02/19;41.025;41.385;40.555;40.995;3865468
FR0000131104;13/02/19;41.235;41.865;40.99;41.39;6511949
FR0000131104;14/02/19;41.70;41.72;40.35;40.415;4959220
FR0000131104;15/02/19;40.34;42.34;40.175;42.11;6601640
FR0000131104;18/02/19;42.14;42.63;42.03;42.425;3189041
FR0000131104;19/02/19;42.20;42.50;41.595;42.24;4127008
FR0000131104;20/02/19;42.42;42.68;41.82;42.565;3440229
FR0000131104;21/02/19;42.49;42.54;41.375;41.595;5788642
FR0000131104;22/02/19;41.44;42.30;41.425;41.925;3362525
FR0000131104;25/02/19;42.385;43.065;42.285;42.86;4052117
FR0000131104;26/02/19;42.78;43.31;42.28;43.155;3947542
FR0000131104;27/02/19;43.09;44.54;43.01;44.20;6044690
FR0000131104;28/02/19;44.13;45.465;43.685;45.055;6138130
FR0000131906;01/02/19;62.29;62.85;60.88;61.41;1144129
FR0000131906;04/02/19;61.52;61.90;59.84;60.14;1173752
FR0000131906;05/02/19;60.44;60.58;59.73;60.49;742066
FR0000131906;06/02/19;60.29;61.90;60.04;60.43;1265136
FR0000131906;07/02/19;60.11;60.33;57.87;57.87;1877312
FR0000131906;08/02/19;57.89;58.08;56.44;56.61;1428075
FR0000131906;11/02/19;57.15;57.37;56.34;56.77;802658
FR0000131906;12/02/19;56.64;57.70;55.56;56.62;2059898
FR0000131906;13/02/19;57.00;57.54;56.56;56.67;1534139
FR0000131906;14/02/19;58.50;59.24;57.37;57.57;1845542
FR0000131906;15/02/19;57.95;60.47;56.67;59.63;2409847
FR0000131906;18/02/19;59.01;59.67;58.50;58.91;1015224
FR0000131906;19/02/19;58.95;59.16;58.14;58.92;753330
FR0000131906;20/02/19;59.22;60.45;58.78;59.97;1222093
FR0000131906;21/02/19;60.19;60.19;59.18;59.93;780577
FR0000131906;22/02/19;59.53;60.27;59.43;59.74;688366
FR0000131906;25/02/19;60.00;61.10;59.67;60.79;976562
FR0000131906;26/02/19;60.58;60.67;59.43;60.47;693583
FR0000131906;27/02/19;60.33;61.24;59.97;60.70;676982
FR0000131906;28/02/19;60.31;60.59;59.92;60.23;831546
FR0000133308;01/02/19;13.645;13.645;13.48;13.595;6513820
FR0000133308;04/02/19;13.605;13.655;13.375;13.465;5623653
FR0000133308;05/02/19;13.435;13.63;13.405;13.63;6712305
FR0000133308;06/02/19;13.585;13.66;13.50;13.565;5281593
FR0000133308;07/02/19;13.50;13.56;13.39;13.43;6576908
FR0000133308;08/02/19;13.45;13.45;13.22;13.27;7258717
FR0000133308;11/02/19;13.325;13.46;13.26;13.305;5977464
FR0000133308;12/02/19;13.445;13.455;13.215;13.215;6370109
FR0000133308;13/02/19;13.225;13.32;13.15;13.24;6433717
FR0000133308;14/02/19;13.29;13.33;13.17;13.195;5393994
FR0000133308;15/02/19;13.18;13.43;13.16;13.425;8552508
FR0000133308;18/02/19;13.43;13.655;13.425;13.595;7407939
FR0000133308;19/02/19;13.645;13.725;13.58;13.655;5778490
FR0000133308;20/02/19;13.70;13.705;13.575;13.645;4026354
FR0000133308;21/02/19;13.645;13.70;13.245;13.645;12898083
FR0000133308;22/02/19;13.66;13.705;13.59;13.665;6467693
FR0000133308;25/02/19;13.665;13.665;13.53;13.53;5198554
FR0000133308;26/02/19;13.46;13.525;13.35;13.405;6031759
FR0000133308;27/02/19;13.355;13.475;13.29;13.305;6929606
FR0000133308;28/02/19;13.295;13.44;13.215;13.44;7839187
FR0010208488;01/02/19;14.005;14.09;13.87;14.09;5417845
FR0010208488;04/02/19;14.00;14.065;13.815;13.935;4160950
FR0010208488;05/02/19;13.94;14.10;13.825;14.10;5516648
FR0010208488;06/02/19;14.075;14.135;13.875;13.965;5371364
FR0010208488;07/02/19;13.89;13.925;13.75;13.81;6415003
FR0010208488;08/02/19;13.90;13.97;13.70;13.74;5859233
FR0010208488;11/02/19;13.76;13.945;13.76;13.905;4816815
FR0010208488;12/02/19;13.93;14.02;13.865;13.925;4844498
FR0010208488;13/02/19;13.92;13.98;13.795;13.95;5010209
FR0010208488;14/02/19;13.985;14.135;13.985;14.04;6159686
FR0010208488;15/02/19;14.09;14.135;13.96;14.12;4671753
FR0010208488;18/02/19;14.06;14.12;14.03;14.075;2597025
FR0010208488;19/02/19;14.04;14.135;14.01;14.085;2365370
FR0010208488;20/02/19;14.055;14.15;14.015;14.11;3894616
FR0010208488;21/02/19;14.115;14.215;13.975;14.13;4147657
FR0010208488;22/02/19;14.095;14.145;14.04;14.06;4446556
FR0010208488;25/02/19;14.07;14.135;14.01;14.07;2927569
FR0010208488;26/02/19;14.00;14.145;13.855;14.13;4480304
FR0010208488;27/02/19;14.105;14.115;13.85;13.90;4980643
FR0010208488;28/02/19;13.70;13.75;13.185;13.25;14188164
FR0010307819;01/02/19;52.06;52.50;51.94;52.36;510919
FR0010307819;04/02/19;52.38;52.54;51.82;52.08;468758
FR0010307819;05/02/19;52.32;53.58;52.12;53.58;671012
FR0010307819;06/02/19;53.48;53.66;53.12;53.22;379368
FR0010307819;07/02/19;53.10;53.30;52.64;52.64;504478
FR0010307819;08/02/19;52.82;52.82;51.66;51.70;369661
FR0010307819;11/02/19;51.92;52.64;51.82;52.26;390135
FR0010307819;12/02/19;52.72;53.48;52.66;53.48;678700
FR0010307819;13/02/19;53.30;53.70;52.38;52.38;872981
FR0010307819;14/02/19;56.00;56.82;54.78;56.12;1209657
FR0010307819;15/02/19;56.12;57.60;55.64;57.42;642282
FR0010307819;18/02/19;58.48;58.54;57.44;57.72;656378
FR0010307819;19/02/19;57.48;57.80;57.16;57.42;482907
FR0010307819;20/02/19;57.72;58.26;57.72;58.12;531014
FR0010307819;21/02/19;58.46;58.50;57.92;58.14;461187
FR0010307819;22/02/19;58.36;58.58;58.18;58.56;375630
FR0010307819;25/02/19;58.82;58.96;58.42;58.70;280718
FR0010307819;26/02/19;58.60;59.02;58.32;58.84;444528
FR0010307819;27/02/19;58.96;58.96;57.96;57.96;366470
FR0010307819;28/02/19;58.06;58.10;57.34;58.00;541051
FR0013326246;01/02/19;157.00;158.16;155.50;157.02;455553
FR0013326246;04/02/19;157.10;157.64;155.46;155.86;416583
FR0013326246;05/02/19;155.66;156.16;153.68;154.20;686358
FR0013326246;06/02/19;154.12;154.32;152.24;152.48;526388
FR0013326246;07/02/19;152.08;153.46;151.64;152.06;451093
FR0013326246;08/02/19;152.36;153.72;151.16;152.18;636296
FR0013326246;11/02/19;153.30;155.48;153.30;154.36;328228
FR0013326246;12/02/19;155.66;156.06;153.88;153.88;334400
FR0013326246;13/02/19;152.66;153.60;150.58;151.58;546285
FR0013326246;14/02/19;140.00;148.60;139.98;143.42;1080107
FR0013326246;15/02/19;143.00;145.42;141.96;145.12;805024
FR0013326246;18/02/19;145.12;145.40;144.66;145.12;304886
FR0013326246;19/02/19;145.00;145.72;143.30;143.54;589671
FR0013326246;20/02/19;143.80;145.08;142.68;143.82;504131
FR0013326246;21/02/19;144.50;144.92;143.72;143.78;379390
FR0013326246;22/02/19;142.50;143.62;141.76;142.42;384625
FR0013326246;25/02/19;142.40;143.94;142.14;142.84;310981
FR0013326246;26/02/19;143.10;144.22;142.10;143.34;353971
FR0013326246;27/02/19;143.92;144.16;142.58;143.76;456704
FR0013326246;28/02/19;142.80;143.36;141.06;142.00;659233
GB00BDSFG982;01/02/19;19.86;20.28;19.705;20.27;1063703
GB00BDSFG982;04/02/19;20.40;20.74;20.21;20.42;1125820
GB00BDSFG982;05/02/19;20.80;20.83;20.38;20.64;1282222
GB00BDSFG982;06/02/19;20.69;21.06;20.57;21.00;1123419
GB00BDSFG982;07/02/19;20.83;20.88;19.625;19.625;2102478
GB00BDSFG982;08/02/19;19.51;19.64;19.05;19.435;2005859
GB00BDSFG982;11/02/19;19.58;20.04;19.535;19.995;1203531
GB00BDSFG982;12/02/19;20.39;20.45;19.05;19.875;3160555
GB00BDSFG982;13/02/19;19.915;20.38;19.87;20.21;2834180
GB00BDSFG982;14/02/19;20.30;20.45;19.83;20.14;1301979
GB00BDSFG982;15/02/19;20.10;20.92;20.10;20.85;1258488
GB00BDSFG982;18/02/19;20.90;21.11;20.84;21.07;652840
GB00BDSFG982;19/02/19;21.11;21.28;20.65;20.87;1165688
GB00BDSFG982;20/02/19;21.00;21.62;20.93;21.62;1096107
GB00BDSFG982;21/02/19;19.95;20.56;19.395;20.14;3358017
GB00BDSFG982;22/02/19;20.21;20.90;20.05;20.07;1521825
GB00BDSFG982;25/02/19;20.15;20.40;19.96;20.32;1352195
GB00BDSFG982;26/02/19;20.54;20.79;20.27;20.36;1458092
GB00BDSFG982;27/02/19;20.05;20.14;19.805;19.82;1649559
GB00BDSFG982;28/02/19;19.755;19.855;19.22;19.36;1857921
LU1598757687;01/02/19;20.45;20.935;20.26;20.90;6050940
LU1598757687;04/02/19;20.75;20.755;20.33;20.655;5208847
LU1598757687;05/02/19;20.85;20.935;20.42;20.62;5503389
LU1598757687;06/02/19;20.60;21.29;20.45;21.27;5934960
LU1598757687;07/02/19;21.25;21.775;20.245;20.245;8215593
LU1598757687;08/02/19;20.10;20.175;18.998;19.248;12160449
LU1598757687;11/02/19;19.50;19.72;18.91;19.03;6558850
LU1598757687;12/02/19;19.40;19.406;19.108;19.222;4620071
LU1598757687;13/02/19;19.386;20.06;19.32;19.932;5268217
LU1598757687;14/02/19;20.10;20.18;19.446;19.49;5855884
LU1598757687;15/02/19;19.34;20.48;19.238;20.15;8082873
LU1598757687;18/02/19;20.355;20.42;19.908;20.035;3530541
LU1598757687;19/02/19;20.025;20.095;19.74;19.832;4434247
LU1598757687;20/02/19;19.94;20.39;19.592;20.295;6872259
LU1598757687;21/02/19;20.40;20.56;20.15;20.28;4086925
LU1598757687;22/02/19;20.37;21.045;20.345;20.51;5761590
LU1598757687;25/02/19;20.89;21.13;20.73;20.85;5709225
LU1598757687;26/02/19;20.80;20.80;20.48;20.605;4006203
LU1598757687;27/02/19;20.44;20.615;20.29;20.46;4626152
LU1598757687;28/02/19;20.30;20.415;20.06;20.21;4084298
NL0000226223;01/02/19;13.91;13.965;13.745;13.905;2119468
NL0000226223;04/02/19;13.90;14.07;13.82;13.95;3026643
NL0000226223;05/02/19;13.905;14.025;13.705;13.825;3923494
NL0000226223;06/02/19;13.785;14.565;13.785;14.49;4744220
NL0000226223;07/02/19;14.45;14.535;13.845;13.845;4662433
NL0000226223;08/02/19;13.735;13.835;13.415;13.535;3938941
NL0000226223;11/02/19;13.72;13.965;13.705;13.905;3030062
NL0000226223;12/02/19;14.065;14.76;14.065;14.65;5854084
NL0000226223;13/02/19;14.72;14.875;14.46;14.64;4465992
NL0000226223;14/02/19;14.75;14.75;14.47;14.59;3017914
NL0000226223;15/02/19;14.565;14.785;14.445;14.695;2920971
NL0000226223;18/02/19;14.69;14.74;14.565;14.63;1881393
NL0000226223;19/02/19;14.65;14.78;14.37;14.48;2707642
NL0000226223;20/02/19;14.46;14.70;14.43;14.675;2471877
NL0000226223;21/02/19;14.645;14.79;14.545;14.65;2223959
NL0000226223;22/02/19;14.725;14.925;14.70;14.82;1953906
NL0000226223;25/02/19;14.98;15.415;14.955;15.25;3402749
NL0000226223;26/02/19;15.12;15.27;14.955;15.02;2801826
NL0000226223;27/02/19;14.95;14.965;14.56;14.68;3044772
NL0000226223;28/02/19;14.53;14.57;14.335;14.37;3859539
NL0000235190;01/02/19;101.02;102.12;100.02;101.12;1587528
NL0000235190;04/02/19;101.20;102.02;100.74;101.40;986555
NL0000235190;05/02/19;101.36;102.72;100.62;102.00;1373286
NL0000235190;06/02/19;102.02;102.18;101.08;102.08;892011
NL0000235190;07/02/19;101.12;101.78;99.83;99.83;1491323
NL0000235190;08/02/19;99.83;101.34;98.05;99.94;1262531
NL0000235190;11/02/19;101.90;103.28;101.50;102.00;1314998
NL0000235190;12/02/19;102.98;103.46;102.44;102.78;1384956
NL0000235190;13/02/19;102.80;104.74;102.62;104.38;1810340
NL0000235190;14/02/19;108.00;110.94;107.18;107.18;3418594
NL0000235190;15/02/19;107.26;111.76;107.26;110.98;2474676
NL0000235190;18/02/19;111.16;111.92;110.64;111.26;1336861
NL0000235190;19/02/19;111.44;111.46;109.96;111.14;1663311
NL0000235190;20/02/19;111.02;111.40;110.40;111.12;1530872
NL0000235190;21/02/19;111.40;112.08;110.60;111.36;1937817
NL0000235190;22/02/19;111.74;113.82;111.62;113.70;1662516
NL0000235190;25/02/19;113.78;113.98;112.66;113.34;1312486
NL0000235190;26/02/19;113.00;113.44;112.56;113.12;1162067
NL0000235190;27/02/19;112.58;113.48;112.50;113.46;1255186
NL0000235190;28/02/19;113.26;113.84;112.90;113.60;1473561
