FR0000045072;03/09/18;11.786;11.906;11.774;11.884;4571957
FR0000045072;04/09/18;11.958;12.144;11.91;12.08;9866668
FR0000045072;05/09/18;12.05;12.376;12.05;12.274;11132263
FR0000045072;06/09/18;12.206;12.39;12.182;12.268;6808357
FR0000045072;07/09/18;12.262;12.262;11.94;12.072;9240361
FR0000045072;10/09/18;12.036;12.26;11.966;12.186;6039020
FR0000045072;11/09/18;12.244;12.26;12.076;12.154;5570836
FR0000045072;12/09/18;12.166;12.18;12.026;12.092;4594335
FR0000045072;13/09/18;12.102;12.346;12.09;12.29;7111403
FR0000045072;14/09/18;12.338;12.38;12.24;12.358;4782686
FR0000045072;17/09/18;12.348;12.496;12.334;12.488;6205946
FR0000045072;18/09/18;12.488;12.546;12.432;12.504;5528653
FR0000045072;19/09/18;12.476;12.698;12.462;12.69;7916747
FR0000045072;20/09/18;12.69;13.046;12.68;12.924;11559328
FR0000045072;21/09/18;12.954;13.124;12.92;12.986;11667398
FR0000045072;24/09/18;12.93;12.954;12.734;12.798;7480132
FR0000045072;25/09/18;12.838;12.956;12.822;12.886;4233600
FR0000045072;26/09/18;12.91;13.048;12.848;12.946;5781648
FR0000045072;27/09/18;12.886;12.992;12.78;12.948;5569143
FR0000045072;28/09/18;12.832;12.864;12.122;12.386;15956336
FR0000051732;03/09/18;103.20;103.25;100.80;101.85;220138
FR0000051732;04/09/18;102.00;102.65;100.65;102.20;333953
FR0000051732;05/09/18;101.75;102.15;99.56;100.05;434178
FR0000051732;06/09/18;100.00;100.20;98.42;99.22;276461
FR0000051732;07/09/18;99.54;100.95;98.68;99.04;223119
FR0000051732;10/09/18;98.62;99.86;98.50;99.44;242743
FR0000051732;11/09/18;100.00;101.25;99.52;101.00;232734
FR0000051732;12/09/18;100.90;101.65;100.45;100.85;196732
FR0000051732;13/09/18;101.00;101.20;99.08;99.08;316610
FR0000051732;14/09/18;99.88;100.25;98.26;98.90;365235
FR0000051732;17/09/18;99.00;101.45;98.28;101.00;387866
FR0000051732;18/09/18;101.00;103.60;100.45;103.35;362063
FR0000051732;19/09/18;103.50;106.90;103.15;105.90;552181
FR0000051732;20/09/18;105.95;107.75;105.65;106.15;456467
FR0000051732;21/09/18;106.25;108.65;106.15;108.25;665282
FR0000051732;24/09/18;108.00;108.00;106.30;107.65;245685
FR0000051732;25/09/18;107.25;108.75;107.00;107.25;275226
FR0000051732;26/09/18;107.20;107.95;106.25;107.65;256655
FR0000051732;27/09/18;107.15;107.50;105.20;105.25;348719
FR0000051732;28/09/18;105.00;105.30;101.55;102.50;513758
FR0000052292;03/09/18;560.00;562.40;557.00;562.40;24662
FR0000052292;04/09/18;563.00;563.80;546.20;547.60;58245
FR0000052292;05/09/18;546.80;548.20;530.40;530.40;120291
FR0000052292;06/09/18;530.00;532.80;527.00;528.80;66499
FR0000052292;07/09/18;528.20;532.80;526.00;530.40;63986
FR0000052292;10/09/18;532.20;534.40;526.40;534.00;68731
FR0000052292;11/09/18;537.00;539.20;530.60;533.80;66662
FR0000052292;12/09/18;542.40;557.80;538.60;554.80;98907
FR0000052292;13/09/18;554.80;554.80;542.80;542.80;65460
FR0000052292;14/09/18;545.20;546.60;538.80;541.60;71680
FR0000052292;17/09/18;542.40;544.60;533.40;543.60;71496
FR0000052292;18/09/18;545.20;551.60;542.80;550.20;78498
FR0000052292;19/09/18;551.40;551.40;541.60;543.00;69117
FR0000052292;20/09/18;547.00;550.80;541.80;550.40;69192
FR0000052292;21/09/18;556.40;563.80;554.00;560.00;236330
FR0000052292;24/09/18;559.20;562.20;556.40;560.20;61504
FR0000052292;25/09/18;561.00;561.40;555.80;559.00;63994
FR0000052292;26/09/18;560.00;564.00;556.40;560.20;68855
FR0000052292;27/09/18;560.20;566.00;558.60;565.80;54872
FR0000052292;28/09/18;565.60;576.80;565.40;570.60;95606
FR0000073272;03/09/18;112.20;112.75;111.95;112.45;447133
FR0000073272;04/09/18;113.05;113.15;109.70;110.15;996842
FR0000073272;05/09/18;110.15;110.50;108.60;109.10;1052432
FR0000073272;06/09/18;114.45;119.15;112.70;116.05;2072594
FR0000073272;07/09/18;116.10;119.35;116.05;117.40;1573057
FR0000073272;10/09/18;118.35;118.40;115.60;115.70;804056
FR0000073272;11/09/18;116.20;117.80;115.05;117.50;837441
FR0000073272;12/09/18;117.50;118.30;116.65;117.80;771887
FR0000073272;13/09/18;117.85;119.25;117.75;117.85;605300
FR0000073272;14/09/18;118.50;118.65;117.05;118.05;720785
FR0000073272;17/09/18;118.00;118.20;117.35;117.80;582338
FR0000073272;18/09/18;117.90;119.20;117.10;117.65;795609
FR0000073272;19/09/18;118.40;119.90;117.95;119.55;808399
FR0000073272;20/09/18;119.75;121.25;119.20;121.00;854474
FR0000073272;21/09/18;121.55;121.95;120.15;120.15;2419367
FR0000073272;24/09/18;119.95;120.40;119.20;119.50;770486
FR0000073272;25/09/18;119.50;120.85;119.10;120.50;553069
FR0000073272;26/09/18;120.85;121.95;120.30;120.95;850942
FR0000073272;27/09/18;120.80;121.55;120.25;121.50;625242
FR0000073272;28/09/18;121.25;122.25;120.20;120.70;871057
FR0000120073;03/09/18;108.20;108.90;107.95;108.90;396093
FR0000120073;04/09/18;109.00;109.00;106.10;106.55;807126
FR0000120073;05/09/18;106.15;106.40;105.15;105.60;1062562
FR0000120073;06/09/18;105.55;106.10;104.90;105.10;892682
FR0000120073;07/09/18;105.40;105.75;104.55;105.75;842914
FR0000120073;10/09/18;105.50;106.10;105.20;105.60;621929
FR0000120073;11/09/18;105.80;105.85;104.85;105.60;669427
FR0000120073;12/09/18;105.75;106.80;105.45;105.75;596557
FR0000120073;13/09/18;105.90;106.75;105.55;105.85;573787
FR0000120073;14/09/18;106.30;107.00;105.95;106.55;510836
FR0000120073;17/09/18;106.25;107.05;105.90;106.90;486204
FR0000120073;18/09/18;106.95;107.65;105.40;106.70;852853
FR0000120073;19/09/18;106.65;108.30;106.60;107.95;663849
FR0000120073;20/09/18;107.90;109.35;107.70;108.70;911714
FR0000120073;21/09/18;108.95;110.45;108.90;110.30;2299382
FR0000120073;24/09/18;110.20;110.70;109.80;110.15;810078
FR0000120073;25/09/18;110.05;110.30;109.20;109.90;741657
FR0000120073;26/09/18;110.65;112.55;110.45;112.40;1392908
FR0000120073;27/09/18;112.00;113.50;111.65;113.50;982372
FR0000120073;28/09/18;113.15;113.40;112.15;113.30;1015865
FR0000120172;03/09/18;15.37;15.565;15.32;15.485;2274763
FR0000120172;04/09/18;15.505;15.545;15.30;15.345;1972310
FR0000120172;05/09/18;15.285;15.385;15.095;15.11;3431324
FR0000120172;06/09/18;15.125;15.295;15.005;15.185;2407866
FR0000120172;07/09/18;15.25;15.745;15.215;15.61;4343939
FR0000120172;10/09/18;15.595;16.205;15.55;16.15;5760325
FR0000120172;11/09/18;16.20;16.35;15.91;15.975;4476245
FR0000120172;12/09/18;16.395;16.53;16.06;16.29;6659080
FR0000120172;13/09/18;16.29;16.43;16.15;16.175;2822069
FR0000120172;14/09/18;16.17;16.255;16.065;16.15;2306191
FR0000120172;17/09/18;16.20;16.47;16.115;16.325;4551637
FR0000120172;18/09/18;16.36;16.59;16.215;16.59;4049505
FR0000120172;19/09/18;16.575;16.905;16.52;16.825;4658001
FR0000120172;20/09/18;16.78;16.98;16.65;16.68;3666311
FR0000120172;21/09/18;16.69;16.865;16.59;16.59;6318017
FR0000120172;24/09/18;16.495;16.71;16.425;16.455;2960946
FR0000120172;25/09/18;16.32;16.505;16.30;16.345;2237191
FR0000120172;26/09/18;16.29;16.435;16.27;16.435;2598470
FR0000120172;27/09/18;16.37;16.59;16.325;16.525;2051729
FR0000120172;28/09/18;16.475;16.505;16.335;16.50;3209886
FR0000120271;03/09/18;53.69;54.25;53.66;54.14;2133688
FR0000120271;04/09/18;54.12;54.31;53.58;53.63;4591347
FR0000120271;05/09/18;53.09;53.35;52.53;52.53;7007681
FR0000120271;06/09/18;52.57;52.78;52.03;52.03;5580162
FR0000120271;07/09/18;52.14;52.27;51.57;51.99;4386829
FR0000120271;10/09/18;51.91;52.28;51.76;51.88;3969608
FR0000120271;11/09/18;52.40;52.98;51.98;52.98;5730992
FR0000120271;12/09/18;53.10;53.99;53.10;53.88;5562533
FR0000120271;13/09/18;53.62;54.07;53.46;53.53;4872368
FR0000120271;14/09/18;53.57;54.03;53.52;53.86;4427316
FR0000120271;17/09/18;53.72;54.00;53.60;53.71;3600708
FR0000120271;18/09/18;53.51;54.13;53.48;53.98;5144219
FR0000120271;19/09/18;54.00;54.22;53.75;54.05;4967889
FR0000120271;20/09/18;54.11;54.93;54.11;54.74;6700771
FR0000120271;21/09/18;54.47;55.17;54.47;54.90;14412539
FR0000120271;24/09/18;54.99;55.74;54.99;55.53;6891452
FR0000120271;25/09/18;55.25;55.86;55.07;55.59;8293381
FR0000120271;26/09/18;55.56;55.74;55.10;55.43;7399283
FR0000120271;27/09/18;55.39;56.17;55.37;56.02;6844886
FR0000120271;28/09/18;55.78;56.19;55.24;55.84;6779625
FR0000120321;03/09/18;205.90;207.20;205.50;207.00;201874
FR0000120321;04/09/18;207.50;208.00;201.60;203.10;486302
FR0000120321;05/09/18;203.10;203.20;198.95;199.45;713896
FR0000120321;06/09/18;198.95;199.10;197.25;197.25;444620
FR0000120321;07/09/18;197.70;199.50;197.25;199.20;438602
FR0000120321;10/09/18;199.35;201.10;198.25;200.10;382008
FR0000120321;11/09/18;200.40;202.60;199.90;202.10;545962
FR0000120321;12/09/18;202.20;204.10;201.20;203.50;400228
FR0000120321;13/09/18;203.50;205.20;202.70;203.40;432685
FR0000120321;14/09/18;203.80;203.80;201.90;201.90;386792
FR0000120321;17/09/18;202.10;202.30;200.60;201.50;337137
FR0000120321;18/09/18;201.50;202.00;200.60;200.80;458538
FR0000120321;19/09/18;200.70;201.40;199.25;199.85;402912
FR0000120321;20/09/18;200.20;202.40;199.15;202.40;576543
FR0000120321;21/09/18;203.10;206.50;202.90;206.10;1373272
FR0000120321;24/09/18;205.30;205.50;202.30;203.70;433002
FR0000120321;25/09/18;203.60;204.20;201.40;203.80;421954
FR0000120321;26/09/18;204.00;205.80;203.40;205.50;433306
FR0000120321;27/09/18;205.00;208.30;204.30;208.00;368845
FR0000120321;28/09/18;209.50;209.50;206.60;207.70;577461
FR0000120404;03/09/18;43.08;43.52;42.85;43.36;520894
FR0000120404;04/09/18;43.40;44.26;43.33;44.16;1152812
FR0000120404;05/09/18;44.05;44.18;43.40;43.53;1069122
FR0000120404;06/09/18;43.37;43.39;42.52;42.68;1068118
FR0000120404;07/09/18;42.65;42.83;42.27;42.46;1170164
FR0000120404;10/09/18;42.51;42.73;42.21;42.24;985455
FR0000120404;11/09/18;42.27;42.37;41.79;42.00;1023869
FR0000120404;12/09/18;41.97;42.72;41.93;42.66;832745
FR0000120404;13/09/18;42.63;42.69;42.36;42.36;588828
FR0000120404;14/09/18;42.50;42.83;42.50;42.60;523019
FR0000120404;17/09/18;42.65;42.85;42.35;42.62;655309
FR0000120404;18/09/18;42.62;42.86;42.43;42.86;739544
FR0000120404;19/09/18;42.75;43.40;42.46;42.80;861716
FR0000120404;20/09/18;42.84;43.17;42.77;42.92;680835
FR0000120404;21/09/18;42.95;43.46;42.94;43.46;1080144
FR0000120404;24/09/18;43.17;43.72;43.17;43.54;609091
FR0000120404;25/09/18;43.47;43.66;43.36;43.58;467790
FR0000120404;26/09/18;43.44;43.95;43.39;43.82;507919
FR0000120404;27/09/18;43.82;44.06;43.76;43.96;491471
FR0000120404;28/09/18;43.98;44.22;43.87;44.22;943737
FR0000120503;03/09/18;38.02;38.24;36.83;36.97;1334169
FR0000120503;04/09/18;37.01;37.02;35.72;36.03;1512458
FR0000120503;05/09/18;35.94;35.94;35.31;35.45;1218950
FR0000120503;06/09/18;35.47;35.52;35.00;35.10;1080322
FR0000120503;07/09/18;35.21;35.81;35.07;35.66;1022854
FR0000120503;10/09/18;35.65;36.06;35.34;35.98;626685
FR0000120503;11/09/18;35.99;36.11;35.72;36.02;714490
FR0000120503;12/09/18;35.93;36.19;35.76;36.05;612962
FR0000120503;13/09/18;36.09;36.60;35.87;36.08;706452
FR0000120503;14/09/18;36.33;36.39;36.02;36.23;391855
FR0000120503;17/09/18;36.16;36.38;36.10;36.34;339312
FR0000120503;18/09/18;36.25;36.53;36.10;36.20;570673
FR0000120503;19/09/18;36.20;36.41;36.04;36.41;716703
FR0000120503;20/09/18;36.35;37.22;36.22;36.82;899510
FR0000120503;21/09/18;36.76;37.27;36.69;37.10;1446774
FR0000120503;24/09/18;37.05;37.31;36.87;36.90;608606
FR0000120503;25/09/18;36.90;37.09;36.53;36.53;809014
FR0000120503;26/09/18;37.66;37.72;37.29;37.50;973077
FR0000120503;27/09/18;37.34;37.87;36.97;37.50;756926
FR0000120503;28/09/18;37.40;37.40;36.93;37.23;995655
FR0000120578;03/09/18;73.80;74.76;73.75;74.50;1491738
FR0000120578;04/09/18;74.50;74.57;73.06;73.15;2153721
FR0000120578;05/09/18;73.08;73.16;72.35;72.55;2651424
FR0000120578;06/09/18;72.35;72.82;72.25;72.27;2054967
FR0000120578;07/09/18;72.30;72.97;72.23;72.97;1969922
FR0000120578;10/09/18;73.70;74.00;73.33;73.49;2246871
FR0000120578;11/09/18;73.59;73.59;72.95;73.27;1784840
FR0000120578;12/09/18;73.50;74.71;73.45;74.61;2448167
FR0000120578;13/09/18;74.75;75.83;74.70;75.68;2637058
FR0000120578;14/09/18;75.74;75.82;75.19;75.63;1903607
FR0000120578;17/09/18;75.31;75.54;74.95;75.10;1565995
FR0000120578;18/09/18;75.00;75.54;74.42;74.90;2037721
FR0000120578;19/09/18;75.01;75.37;74.50;75.12;1768791
FR0000120578;20/09/18;74.97;75.33;74.24;74.67;2747102
FR0000120578;21/09/18;74.72;75.25;73.97;74.50;7333184
FR0000120578;24/09/18;74.24;74.57;73.62;73.86;2121383
FR0000120578;25/09/18;73.89;74.65;73.86;74.61;2031792
FR0000120578;26/09/18;74.52;75.49;74.51;75.49;2366578
FR0000120578;27/09/18;75.45;77.32;75.45;76.91;2944172
FR0000120578;28/09/18;76.88;77.25;76.31;76.56;2908608
FR0000120628;03/09/18;21.95;22.14;21.785;22.12;7190763
FR0000120628;04/09/18;22.16;22.295;21.915;22.03;6688994
FR0000120628;05/09/18;21.94;22.10;21.84;22.00;8632186
FR0000120628;06/09/18;21.90;22.175;21.845;21.965;5534144
FR0000120628;07/09/18;22.05;22.05;21.705;21.79;5986338
FR0000120628;10/09/18;21.73;22.055;21.65;21.98;5731796
FR0000120628;11/09/18;21.93;21.985;21.59;21.85;5885778
FR0000120628;12/09/18;21.88;21.98;21.80;21.925;4409556
FR0000120628;13/09/18;21.925;22.145;21.91;22.04;5520331
FR0000120628;14/09/18;22.14;22.225;22.065;22.145;4528450
FR0000120628;17/09/18;22.07;22.27;22.07;22.23;4297053
FR0000120628;18/09/18;22.275;22.555;22.255;22.405;7137862
FR0000120628;19/09/18;22.495;22.89;22.44;22.795;8010010
FR0000120628;20/09/18;22.79;23.19;22.79;23.015;8733952
FR0000120628;21/09/18;23.01;23.39;22.985;23.345;17929632
FR0000120628;24/09/18;23.29;23.43;23.21;23.315;5649936
FR0000120628;25/09/18;23.33;23.595;23.275;23.475;6835602
FR0000120628;26/09/18;23.485;23.695;23.425;23.695;7413427
FR0000120628;27/09/18;23.57;23.70;23.385;23.585;6520153
FR0000120628;28/09/18;23.305;23.345;22.645;23.15;14744552
FR0000120644;03/09/18;67.83;68.03;67.72;67.87;741808
FR0000120644;04/09/18;68.07;68.07;66.21;66.62;1586399
FR0000120644;05/09/18;66.24;66.30;65.12;65.45;2102455
FR0000120644;06/09/18;65.22;65.75;64.92;65.42;1296448
FR0000120644;07/09/18;65.59;65.80;65.08;65.19;1868758
FR0000120644;10/09/18;65.03;65.57;64.85;65.28;1768958
FR0000120644;11/09/18;65.39;65.54;64.65;64.83;2166415
FR0000120644;12/09/18;64.78;65.09;64.73;64.83;2001497
FR0000120644;13/09/18;64.87;65.67;64.67;65.29;1521158
FR0000120644;14/09/18;65.30;65.57;65.16;65.40;1136816
FR0000120644;17/09/18;65.29;65.46;64.79;64.79;1327563
FR0000120644;18/09/18;64.97;65.17;64.75;64.88;1603286
FR0000120644;19/09/18;64.77;64.89;64.25;64.32;1622092
FR0000120644;20/09/18;64.36;66.17;64.36;65.99;2196080
FR0000120644;21/09/18;66.49;66.75;66.06;66.75;3515703
FR0000120644;24/09/18;66.26;66.40;65.37;65.78;1582794
FR0000120644;25/09/18;65.58;66.31;65.48;66.25;1222261
FR0000120644;26/09/18;66.29;67.00;66.17;66.92;1784858
FR0000120644;27/09/18;66.87;67.23;66.52;67.13;1285526
FR0000120644;28/09/18;67.01;67.18;66.28;66.70;1796371
FR0000120693;03/09/18;136.00;136.25;135.60;136.25;241796
FR0000120693;04/09/18;136.45;136.50;135.65;136.25;483374
FR0000120693;05/09/18;135.65;135.70;133.75;134.70;866906
FR0000120693;06/09/18;133.90;134.15;132.65;132.75;542945
FR0000120693;07/09/18;132.65;133.95;132.50;133.90;449612
FR0000120693;10/09/18;134.20;134.70;133.40;134.30;360468
FR0000120693;11/09/18;134.25;135.20;134.05;134.30;349031
FR0000120693;12/09/18;134.30;135.00;133.45;134.80;523228
FR0000120693;13/09/18;134.95;135.25;134.10;134.20;255005
FR0000120693;14/09/18;134.30;135.10;133.90;134.80;437178
FR0000120693;17/09/18;134.50;135.05;134.15;134.40;339391
FR0000120693;18/09/18;134.55;135.35;134.35;134.35;445899
FR0000120693;19/09/18;134.45;134.95;133.25;133.55;527331
FR0000120693;20/09/18;133.55;134.55;133.10;134.30;748938
FR0000120693;21/09/18;134.70;136.65;134.70;136.50;1170863
FR0000120693;24/09/18;136.50;136.95;135.90;136.10;332274
FR0000120693;25/09/18;135.95;137.40;135.85;137.00;356490
FR0000120693;26/09/18;137.40;139.70;137.35;138.45;808914
FR0000120693;27/09/18;138.10;140.95;137.95;140.85;761295
FR0000120693;28/09/18;140.65;142.15;140.35;141.30;620558
FR0000121014;03/09/18;299.50;303.75;297.60;302.30;495267
FR0000121014;04/09/18;304.20;304.80;291.35;291.70;800246
FR0000121014;05/09/18;290.00;290.15;280.05;281.25;1051068
FR0000121014;06/09/18;281.50;284.40;280.40;280.65;844149
FR0000121014;07/09/18;282.00;285.00;278.60;284.15;746836
FR0000121014;10/09/18;285.45;286.40;282.30;284.80;494243
FR0000121014;11/09/18;286.70;287.10;281.15;283.95;512613
FR0000121014;12/09/18;286.00;291.25;285.55;290.75;681622
FR0000121014;13/09/18;290.20;293.00;289.80;290.20;474759
FR0000121014;14/09/18;292.55;294.30;290.10;292.35;519047
FR0000121014;17/09/18;291.95;291.95;286.15;288.15;467004
FR0000121014;18/09/18;287.80;292.60;286.10;288.10;477816
FR0000121014;19/09/18;287.95;291.80;286.50;290.25;419772
FR0000121014;20/09/18;291.25;297.10;289.70;296.00;695066
FR0000121014;21/09/18;298.55;305.85;297.80;305.85;2088191
FR0000121014;24/09/18;303.45;305.80;302.65;305.70;516445
FR0000121014;25/09/18;305.50;306.75;303.30;303.90;495409
FR0000121014;26/09/18;303.25;306.20;302.95;305.95;588718
FR0000121014;27/09/18;305.15;307.65;303.65;307.65;430022
FR0000121014;28/09/18;306.25;310.25;303.80;304.60;613750
FR0000121220;03/09/18;89.74;89.74;88.70;89.64;224451
FR0000121220;04/09/18;89.80;90.86;89.22;90.66;404722
FR0000121220;05/09/18;90.36;90.78;89.58;89.58;314409
FR0000121220;06/09/18;89.00;89.46;85.04;88.24;945395
FR0000121220;07/09/18;87.60;87.62;85.42;86.16;445060
FR0000121220;10/09/18;86.16;87.60;85.90;87.50;321880
FR0000121220;11/09/18;87.50;88.16;87.16;87.62;284582
FR0000121220;12/09/18;87.88;89.44;87.78;89.38;257210
FR0000121220;13/09/18;89.28;90.44;89.04;89.94;238671
FR0000121220;14/09/18;90.78;92.30;90.52;91.78;416863
FR0000121220;17/09/18;91.80;91.86;90.96;91.20;258587
FR0000121220;18/09/18;91.20;93.12;91.14;92.28;308669
FR0000121220;19/09/18;92.20;92.46;91.98;92.16;183918
FR0000121220;20/09/18;92.14;94.02;92.14;93.08;338599
FR0000121220;21/09/18;93.18;93.96;92.18;92.18;549402
FR0000121220;24/09/18;92.02;93.04;92.00;92.24;188615
FR0000121220;25/09/18;92.04;92.66;91.76;92.38;278185
FR0000121220;26/09/18;92.10;92.10;89.40;90.14;388012
FR0000121220;27/09/18;89.90;91.90;89.78;91.46;209945
FR0000121220;28/09/18;90.24;91.90;90.10;91.34;351274
FR0000121261;03/09/18;101.45;101.60;100.45;101.30;457620
FR0000121261;04/09/18;101.60;101.75;99.90;100.55;475898
FR0000121261;05/09/18;100.35;100.35;98.68;99.54;685837
FR0000121261;06/09/18;99.58;100.95;98.82;99.62;778989
FR0000121261;07/09/18;99.54;100.35;98.56;100.20;729175
FR0000121261;10/09/18;100.20;100.40;99.54;99.98;496722
FR0000121261;11/09/18;100.60;100.60;98.48;99.32;653466
FR0000121261;12/09/18;99.32;100.00;98.04;99.00;652587
FR0000121261;13/09/18;100.70;103.00;100.45;102.60;1062148
FR0000121261;14/09/18;103.00;103.60;102.35;103.10;575285
FR0000121261;17/09/18;102.35;103.90;102.15;103.90;467742
FR0000121261;18/09/18;103.75;104.30;102.90;103.70;636376
FR0000121261;19/09/18;103.65;104.90;103.60;104.65;447844
FR0000121261;20/09/18;104.60;107.20;104.60;106.70;1006023
FR0000121261;21/09/18;107.25;107.95;106.15;107.40;1298722
FR0000121261;24/09/18;107.05;107.10;105.65;105.65;490078
FR0000121261;25/09/18;105.90;106.20;103.60;103.90;690427
FR0000121261;26/09/18;104.00;104.00;101.45;103.25;773970
FR0000121261;27/09/18;103.05;103.55;102.05;103.10;477782
FR0000121261;28/09/18;102.80;103.70;102.20;102.95;670255
FR0000121329;03/09/18;121.40;122.35;121.00;121.85;159903
FR0000121329;04/09/18;122.20;122.30;118.40;118.40;330978
FR0000121329;05/09/18;118.50;119.40;117.30;117.30;373892
FR0000121329;06/09/18;117.60;119.20;117.45;117.80;333200
FR0000121329;07/09/18;118.00;119.20;118.00;118.85;216877
FR0000121329;10/09/18;118.95;119.90;118.55;119.25;162426
FR0000121329;11/09/18;120.00;120.40;119.40;120.30;191592
FR0000121329;12/09/18;120.60;121.35;119.65;120.30;205180
FR0000121329;13/09/18;120.15;123.00;120.05;121.55;282841
FR0000121329;14/09/18;122.00;122.20;120.65;122.00;202323
FR0000121329;17/09/18;122.10;123.35;121.65;122.55;223534
FR0000121329;18/09/18;122.90;124.45;122.55;122.55;287705
FR0000121329;19/09/18;122.60;123.10;122.20;122.55;193535
FR0000121329;20/09/18;122.40;122.80;121.75;122.00;230063
FR0000121329;21/09/18;121.80;122.55;121.20;121.70;630074
FR0000121329;24/09/18;121.25;121.75;119.20;119.60;269507
FR0000121329;25/09/18;119.80;120.15;119.50;119.55;239045
FR0000121329;26/09/18;120.60;121.90;120.25;121.75;233247
FR0000121329;27/09/18;121.70;122.95;121.45;122.60;167631
FR0000121329;28/09/18;122.65;123.20;121.90;122.35;328763
FR0000121485;03/09/18;468.50;468.60;460.20;462.20;161593
FR0000121485;04/09/18;462.80;465.40;451.20;451.90;276840
FR0000121485;05/09/18;450.10;453.00;438.50;439.20;299617
FR0000121485;06/09/18;430.40;438.90;428.20;430.10;383232
FR0000121485;07/09/18;434.00;447.20;434.00;447.20;365324
FR0000121485;10/09/18;448.10;450.30;440.00;448.50;225849
FR0000121485;11/09/18;451.30;453.30;440.20;440.20;302741
FR0000121485;12/09/18;444.60;455.30;443.60;455.30;367242
FR0000121485;13/09/18;453.00;455.50;445.60;446.60;187541
FR0000121485;14/09/18;449.70;452.90;445.40;447.20;232683
FR0000121485;17/09/18;446.60;446.70;436.90;441.00;247761
FR0000121485;18/09/18;444.60;448.60;437.80;441.30;304565
FR0000121485;19/09/18;441.10;445.00;439.00;443.00;220982
FR0000121485;20/09/18;444.70;450.50;442.60;449.30;317551
FR0000121485;21/09/18;452.40;460.10;451.80;454.70;3615225
FR0000121485;24/09/18;454.30;459.90;452.10;456.50;271203
FR0000121485;25/09/18;456.20;460.40;455.20;460.40;237529
FR0000121485;26/09/18;460.20;460.80;457.10;458.90;203848
FR0000121485;27/09/18;458.00;466.20;457.30;464.00;244674
FR0000121485;28/09/18;463.60;467.00;458.90;461.70;287745
FR0000121501;03/09/18;23.64;23.71;23.40;23.70;1462207
FR0000121501;04/09/18;23.67;23.69;23.07;23.37;2154014
FR0000121501;05/09/18;23.33;23.43;23.13;23.19;2464401
FR0000121501;06/09/18;23.12;23.26;22.92;22.97;2253122
FR0000121501;07/09/18;22.98;23.39;22.87;23.31;2250809
FR0000121501;10/09/18;23.27;23.37;23.07;23.22;1480693
FR0000121501;11/09/18;23.48;23.48;22.88;23.00;2070035
FR0000121501;12/09/18;23.07;23.65;23.05;23.62;2569442
FR0000121501;13/09/18;23.63;24.08;23.63;23.75;2051128
FR0000121501;14/09/18;23.97;23.98;23.63;23.79;2105865
FR0000121501;17/09/18;23.43;23.69;23.40;23.57;2186751
FR0000121501;18/09/18;23.65;24.40;23.65;24.39;3410902
FR0000121501;19/09/18;24.42;25.14;24.36;25.14;2900711
FR0000121501;20/09/18;25.03;25.25;24.92;25.04;3247450
FR0000121501;21/09/18;25.29;25.40;24.42;24.57;4948189
FR0000121501;24/09/18;24.35;24.49;24.17;24.37;2474652
FR0000121501;25/09/18;24.34;24.54;23.16;23.38;3764642
FR0000121501;26/09/18;23.40;23.77;23.02;23.77;2710503
FR0000121501;27/09/18;23.85;23.99;23.47;23.63;2352008
FR0000121501;28/09/18;23.57;23.61;22.94;23.23;2963458
FR0000121667;03/09/18;123.85;124.60;123.00;124.30;333377
FR0000121667;04/09/18;124.80;124.80;123.00;123.90;493622
FR0000121667;05/09/18;123.65;123.90;120.95;121.05;661509
FR0000121667;06/09/18;120.30;120.90;118.85;118.90;692949
FR0000121667;07/09/18;119.30;119.80;118.90;119.50;483682
FR0000121667;10/09/18;119.35;121.20;119.00;120.60;483083
FR0000121667;11/09/18;120.85;120.90;119.90;120.40;509220
FR0000121667;12/09/18;120.95;122.00;120.60;121.60;525711
FR0000121667;13/09/18;121.45;122.05;120.80;120.90;486805
FR0000121667;14/09/18;121.00;121.65;120.15;120.75;455721
FR0000121667;17/09/18;120.65;121.60;120.35;121.35;448548
FR0000121667;18/09/18;121.90;122.35;121.20;122.30;582486
FR0000121667;19/09/18;122.30;122.45;121.10;122.20;481232
FR0000121667;20/09/18;122.20;122.70;121.50;122.05;479816
FR0000121667;21/09/18;122.25;123.10;122.05;123.00;1198617
FR0000121667;24/09/18;123.00;123.30;122.40;122.95;621707
FR0000121667;25/09/18;122.90;124.25;122.55;124.25;517979
FR0000121667;26/09/18;124.10;126.50;123.95;126.50;657135
FR0000121667;27/09/18;126.50;129.00;126.25;129.00;703832
FR0000121667;28/09/18;129.00;129.05;126.95;127.45;986448
FR0000121972;03/09/18;69.96;70.34;69.92;70.10;749922
FR0000121972;04/09/18;70.28;70.56;68.54;68.88;1511623
FR0000121972;05/09/18;68.66;68.68;67.76;67.92;1870888
FR0000121972;06/09/18;67.34;68.34;67.14;67.84;1877172
FR0000121972;07/09/18;67.14;67.30;64.02;64.50;3628975
FR0000121972;10/09/18;65.00;66.02;64.98;65.60;2180998
FR0000121972;11/09/18;66.50;67.38;66.06;67.26;2128673
FR0000121972;12/09/18;67.26;68.90;67.18;68.40;2277978
FR0000121972;13/09/18;68.18;68.88;67.58;67.70;2123085
FR0000121972;14/09/18;68.08;68.76;67.86;68.56;1845877
FR0000121972;17/09/18;68.18;69.24;68.16;69.12;1913754
FR0000121972;18/09/18;69.24;69.80;68.54;68.68;2010864
FR0000121972;19/09/18;68.66;69.22;68.54;69.18;1362667
FR0000121972;20/09/18;69.00;70.22;68.54;69.94;1819184
FR0000121972;21/09/18;70.16;70.62;70.00;70.44;3273416
FR0000121972;24/09/18;70.06;70.40;69.42;69.68;1545866
FR0000121972;25/09/18;69.58;70.10;69.14;69.46;1116740
FR0000121972;26/09/18;69.50;69.66;68.98;69.62;1003111
FR0000121972;27/09/18;69.28;70.26;69.00;70.16;924547
FR0000121972;28/09/18;69.90;70.06;69.00;69.30;1458458
FR0000124141;03/09/18;18.085;18.16;18.025;18.08;1166891
FR0000124141;04/09/18;18.185;18.235;17.98;18.035;1870431
FR0000124141;05/09/18;17.99;17.99;17.76;17.845;2465525
FR0000124141;06/09/18;17.855;18.045;17.855;17.875;1681511
FR0000124141;07/09/18;17.92;17.92;17.62;17.73;2169222
FR0000124141;10/09/18;17.695;17.92;17.64;17.725;2008887
FR0000124141;11/09/18;17.745;17.96;17.725;17.925;2393381
FR0000124141;12/09/18;17.80;17.93;17.725;17.805;2238029
FR0000124141;13/09/18;17.785;17.985;17.73;17.825;2034693
FR0000124141;14/09/18;17.895;17.94;17.605;17.605;2181380
FR0000124141;17/09/18;17.625;17.78;17.56;17.65;1446637
FR0000124141;18/09/18;17.72;17.805;17.42;17.48;2500631
FR0000124141;19/09/18;17.49;17.525;17.185;17.225;2092243
FR0000124141;20/09/18;17.27;17.505;17.26;17.34;2708155
FR0000124141;21/09/18;17.32;17.58;17.285;17.505;5459594
FR0000124141;24/09/18;17.515;17.555;17.37;17.385;1329303
FR0000124141;25/09/18;17.35;17.445;17.105;17.115;1703053
FR0000124141;26/09/18;17.11;17.275;17.045;17.21;2125513
FR0000124141;27/09/18;17.145;17.34;17.095;17.34;1953310
FR0000124141;28/09/18;17.24;17.265;17.025;17.19;2430336
FR0000125007;03/09/18;37.00;37.095;36.235;36.51;1802823
FR0000125007;04/09/18;36.615;36.615;36.01;36.185;2080162
FR0000125007;05/09/18;36.005;36.505;35.845;36.38;2590323
FR0000125007;06/09/18;36.235;36.455;35.86;35.86;2076174
FR0000125007;07/09/18;35.99;36.005;35.19;35.365;2161821
FR0000125007;10/09/18;35.45;35.93;35.145;35.595;1951598
FR0000125007;11/09/18;35.75;35.805;35.44;35.795;2011194
FR0000125007;12/09/18;35.72;36.115;35.52;36.01;1926582
FR0000125007;13/09/18;36.095;36.34;35.83;36.05;1552884
FR0000125007;14/09/18;36.20;36.395;35.935;36.125;1630473
FR0000125007;17/09/18;36.055;36.505;35.885;36.45;2206690
FR0000125007;18/09/18;36.54;37.375;36.51;36.765;2380079
FR0000125007;19/09/18;36.76;37.24;36.55;37.125;2231222
FR0000125007;20/09/18;37.145;38.355;37.11;38.26;3817286
FR0000125007;21/09/18;38.385;38.915;37.96;38.55;29375828
FR0000125007;24/09/18;38.35;38.66;37.645;37.81;2426492
FR0000125007;25/09/18;37.81;37.95;37.285;37.295;2043712
FR0000125007;26/09/18;37.30;37.325;36.695;37.30;1882230
FR0000125007;27/09/18;37.105;37.28;36.90;37.105;1516105
FR0000125007;28/09/18;37.055;37.335;36.85;37.145;1890411
FR0000125338;03/09/18;110.20;111.10;110.20;110.80;202134
FR0000125338;04/09/18;111.20;111.20;109.30;109.90;422104
FR0000125338;05/09/18;109.60;109.70;106.25;106.25;735308
FR0000125338;06/09/18;106.20;106.20;104.50;105.05;518869
FR0000125338;07/09/18;105.00;105.75;104.70;105.20;446669
FR0000125338;10/09/18;104.95;106.20;104.60;106.00;356324
FR0000125338;11/09/18;106.20;107.00;105.90;107.00;395560
FR0000125338;12/09/18;106.90;108.50;106.90;108.25;599374
FR0000125338;13/09/18;108.25;108.95;107.40;107.45;445300
FR0000125338;14/09/18;108.20;108.35;107.55;108.20;284011
FR0000125338;17/09/18;108.25;108.30;106.95;107.50;412085
FR0000125338;18/09/18;107.15;109.65;107.00;109.65;490095
FR0000125338;19/09/18;110.00;110.00;108.30;108.60;431251
FR0000125338;20/09/18;109.00;109.55;108.20;108.30;467030
FR0000125338;21/09/18;108.45;110.45;108.20;110.25;916454
FR0000125338;24/09/18;110.00;110.35;109.60;110.15;384676
FR0000125338;25/09/18;110.15;111.75;110.05;111.10;396512
FR0000125338;26/09/18;111.20;111.60;110.25;111.60;385118
FR0000125338;27/09/18;111.15;111.35;109.90;109.90;495505
FR0000125338;28/09/18;109.90;110.05;107.35;108.40;756059
FR0000125486;03/09/18;82.20;82.54;81.58;82.12;637072
FR0000125486;04/09/18;82.24;82.26;80.56;81.10;1167046
FR0000125486;05/09/18;80.84;80.90;79.20;79.46;1594497
FR0000125486;06/09/18;80.06;81.18;79.36;80.40;1726724
FR0000125486;07/09/18;80.68;80.86;80.20;80.24;1092254
FR0000125486;10/09/18;80.16;81.34;79.62;80.90;857060
FR0000125486;11/09/18;81.02;81.26;80.46;80.96;755647
FR0000125486;12/09/18;80.86;81.08;80.50;80.76;938101
FR0000125486;13/09/18;80.60;81.20;80.32;80.50;920872
FR0000125486;14/09/18;80.98;80.98;80.14;80.72;937747
FR0000125486;17/09/18;80.34;80.82;80.22;80.58;830764
FR0000125486;18/09/18;80.76;81.98;80.54;81.80;1108432
FR0000125486;19/09/18;81.74;81.80;80.80;80.82;970684
FR0000125486;20/09/18;80.98;82.42;80.88;81.86;1233146
FR0000125486;21/09/18;81.88;83.02;81.84;83.00;3552921
FR0000125486;24/09/18;82.50;82.80;81.54;81.56;1163129
FR0000125486;25/09/18;81.50;82.40;81.50;82.16;868280
FR0000125486;26/09/18;82.28;82.44;82.02;82.20;1183192
FR0000125486;27/09/18;81.78;82.56;81.24;82.40;917591
FR0000125486;28/09/18;82.02;82.14;81.16;82.02;1194769
FR0000127771;03/09/18;22.30;22.47;22.29;22.30;1983661
FR0000127771;04/09/18;22.29;22.42;22.13;22.27;3367361
FR0000127771;05/09/18;22.18;22.21;21.61;21.64;4082705
FR0000127771;06/09/18;21.62;21.71;21.50;21.55;3065917
FR0000127771;07/09/18;21.64;21.96;21.59;21.85;2970189
FR0000127771;10/09/18;21.78;21.92;21.71;21.84;2562429
FR0000127771;11/09/18;21.91;21.95;21.70;21.87;1946752
FR0000127771;12/09/18;21.95;22.08;21.88;22.03;1853359
FR0000127771;13/09/18;21.96;22.13;21.84;21.89;2454633
FR0000127771;14/09/18;21.98;22.04;21.55;21.55;3686168
FR0000127771;17/09/18;21.50;21.61;21.50;21.55;3199960
FR0000127771;18/09/18;21.55;21.90;21.53;21.84;3923799
FR0000127771;19/09/18;21.86;21.92;21.73;21.90;2416068
FR0000127771;20/09/18;21.94;22.03;21.84;21.85;3219532
FR0000127771;21/09/18;21.82;22.15;21.77;22.06;13649752
FR0000127771;24/09/18;22.11;22.48;22.11;22.26;3486385
FR0000127771;25/09/18;22.21;22.36;22.16;22.21;2165416
FR0000127771;26/09/18;22.18;22.53;22.17;22.53;3443572
FR0000127771;27/09/18;22.55;22.62;22.39;22.50;2746069
FR0000127771;28/09/18;22.18;22.30;21.96;22.17;3563611
FR0000130577;03/09/18;55.14;55.26;54.70;54.98;477451
FR0000130577;04/09/18;54.78;54.80;53.04;53.24;1063952
FR0000130577;05/09/18;53.10;53.42;51.32;51.62;1024892
FR0000130577;06/09/18;51.66;52.08;50.86;50.98;746605
FR0000130577;07/09/18;51.00;51.68;50.88;51.66;541007
FR0000130577;10/09/18;51.54;52.20;51.24;51.90;514101
FR0000130577;11/09/18;52.08;52.20;51.52;51.78;488471
FR0000130577;12/09/18;51.84;52.24;51.64;51.64;562301
FR0000130577;13/09/18;51.64;51.64;48.96;50.26;1593310
FR0000130577;14/09/18;50.50;52.12;50.44;51.18;999522
FR0000130577;17/09/18;51.16;51.68;50.84;51.42;630490
FR0000130577;18/09/18;51.40;51.86;51.16;51.16;692352
FR0000130577;19/09/18;51.06;51.34;50.86;51.10;530245
FR0000130577;20/09/18;51.04;51.40;50.60;50.78;661866
FR0000130577;21/09/18;50.82;51.56;50.78;51.56;1284985
FR0000130577;24/09/18;51.48;51.96;51.32;51.52;357436
FR0000130577;25/09/18;51.38;51.86;51.08;51.22;514018
FR0000130577;26/09/18;51.02;51.32;50.68;51.16;567108
FR0000130577;27/09/18;51.06;52.38;50.72;51.84;743920
FR0000130577;28/09/18;50.98;51.78;50.30;51.48;1025823
FR0000130650;03/09/18;139.30;140.85;138.45;139.90;187158
FR0000130650;04/09/18;140.00;141.00;135.10;135.90;439940
FR0000130650;05/09/18;135.85;136.30;130.10;130.10;434134
FR0000130650;06/09/18;129.55;130.55;128.10;128.50;374435
FR0000130650;07/09/18;128.65;130.25;127.55;128.45;356850
FR0000130650;10/09/18;128.45;129.50;127.95;129.10;270935
FR0000130650;11/09/18;129.15;130.10;128.55;128.70;285459
FR0000130650;12/09/18;129.45;131.90;129.10;130.05;392698
FR0000130650;13/09/18;130.50;131.45;128.95;129.05;214489
FR0000130650;14/09/18;130.85;131.55;129.15;131.25;388175
FR0000130650;17/09/18;132.80;132.90;130.30;130.55;312145
FR0000130650;18/09/18;131.15;132.80;130.30;132.00;339238
FR0000130650;19/09/18;132.55;132.60;129.90;129.90;244907
FR0000130650;20/09/18;130.00;130.00;126.35;126.40;441853
FR0000130650;21/09/18;127.15;128.45;126.45;127.50;3171303
FR0000130650;24/09/18;127.00;128.75;126.90;127.70;327265
FR0000130650;25/09/18;127.55;128.85;127.45;128.85;276816
FR0000130650;26/09/18;129.00;129.40;128.00;128.80;268668
FR0000130650;27/09/18;128.60;129.00;127.60;128.45;236142
FR0000130650;28/09/18;128.30;129.25;127.80;128.75;410025
FR0000130809;03/09/18;35.305;35.50;35.225;35.37;2746106
FR0000130809;04/09/18;35.70;35.915;35.155;35.70;4481014
FR0000130809;05/09/18;35.56;36.40;35.515;36.135;6770112
FR0000130809;06/09/18;36.035;36.49;35.88;35.90;3487032
FR0000130809;07/09/18;36.105;36.105;34.91;35.40;5712757
FR0000130809;10/09/18;35.10;35.95;35.00;35.625;4080381
FR0000130809;11/09/18;35.735;35.815;35.16;35.56;3043812
FR0000130809;12/09/18;35.605;35.645;34.905;35.165;3756684
FR0000130809;13/09/18;35.15;35.835;35.105;35.515;4304319
FR0000130809;14/09/18;35.725;35.945;35.49;35.81;3758280
FR0000130809;17/09/18;35.785;36.445;35.75;36.305;3882780
FR0000130809;18/09/18;36.46;36.655;36.23;36.36;3412940
FR0000130809;19/09/18;36.41;37.16;36.365;37.16;6089761
FR0000130809;20/09/18;37.245;38.155;37.245;37.865;7372771
FR0000130809;21/09/18;38.105;38.43;37.725;37.85;8921754
FR0000130809;24/09/18;37.865;38.195;37.455;37.85;3151032
FR0000130809;25/09/18;37.935;38.365;37.89;38.07;3294087
FR0000130809;26/09/18;38.095;38.44;37.825;38.16;2866599
FR0000130809;27/09/18;37.995;38.04;37.405;38.04;3950168
FR0000130809;28/09/18;37.51;37.62;36.16;36.97;7123713
FR0000131104;03/09/18;50.55;50.70;50.37;50.66;2031609
FR0000131104;04/09/18;51.67;51.68;50.17;50.88;4458807
FR0000131104;05/09/18;50.67;51.77;50.54;51.11;5947012
FR0000131104;06/09/18;50.85;51.78;50.70;50.99;3691180
FR0000131104;07/09/18;51.30;51.31;50.06;50.45;4874705
FR0000131104;10/09/18;50.31;51.19;50.17;50.61;3924237
FR0000131104;11/09/18;50.88;51.05;50.24;50.63;3365232
FR0000131104;12/09/18;50.68;50.76;50.33;50.60;3203164
FR0000131104;13/09/18;50.75;51.58;50.68;51.29;4575342
FR0000131104;14/09/18;51.78;51.98;51.32;51.54;3868686
FR0000131104;17/09/18;51.50;52.06;51.43;51.83;3381613
FR0000131104;18/09/18;51.84;52.20;51.60;51.89;3376905
FR0000131104;19/09/18;52.02;53.09;51.95;52.96;5603455
FR0000131104;20/09/18;53.09;54.40;53.08;54.31;8393632
FR0000131104;21/09/18;54.63;55.34;54.28;54.53;10704407
FR0000131104;24/09/18;54.40;54.72;54.01;54.58;3552931
FR0000131104;25/09/18;54.74;55.08;54.67;54.68;3849947
FR0000131104;26/09/18;54.77;54.99;54.52;54.63;3275528
FR0000131104;27/09/18;54.24;54.62;53.62;54.47;3796601
FR0000131104;28/09/18;53.63;53.82;51.62;52.71;7243403
FR0000131906;03/09/18;73.79;73.89;73.17;73.39;550060
FR0000131906;04/09/18;73.31;73.31;71.59;72.37;1047273
FR0000131906;05/09/18;72.01;72.72;71.50;72.26;874091
FR0000131906;06/09/18;72.35;72.58;71.79;71.84;684066
FR0000131906;07/09/18;71.85;72.01;70.89;71.69;745436
FR0000131906;10/09/18;71.71;72.45;71.25;71.95;647907
FR0000131906;11/09/18;72.38;72.38;69.75;70.18;1334399
FR0000131906;12/09/18;70.27;70.91;69.78;70.50;1148668
FR0000131906;13/09/18;70.59;72.44;70.59;71.68;1145507
FR0000131906;14/09/18;72.16;74.68;72.01;73.73;1798329
FR0000131906;17/09/18;73.65;74.55;73.20;73.84;795349
FR0000131906;18/09/18;74.69;75.40;74.20;75.14;1682727
FR0000131906;19/09/18;75.34;77.49;75.09;76.91;1437234
FR0000131906;20/09/18;77.11;78.89;77.08;77.99;1545858
FR0000131906;21/09/18;78.40;78.96;76.30;76.33;2658510
FR0000131906;24/09/18;76.30;76.38;75.45;75.57;831066
FR0000131906;25/09/18;75.56;76.34;73.80;74.07;1433807
FR0000131906;26/09/18;74.01;74.41;73.10;74.37;938445
FR0000131906;27/09/18;74.41;74.71;73.47;74.63;730774
FR0000131906;28/09/18;74.28;74.97;73.83;74.50;1129859
FR0000133308;03/09/18;13.95;14.00;13.815;13.95;4101409
FR0000133308;04/09/18;13.98;13.98;13.76;13.84;6369669
FR0000133308;05/09/18;13.75;13.80;13.61;13.64;7395862
FR0000133308;06/09/18;13.60;13.615;13.47;13.50;8042563
FR0000133308;07/09/18;13.54;13.685;13.525;13.625;5101570
FR0000133308;10/09/18;13.595;13.805;13.545;13.68;4808189
FR0000133308;11/09/18;13.68;13.72;13.555;13.69;3946388
FR0000133308;12/09/18;13.68;13.71;13.59;13.69;4527086
FR0000133308;13/09/18;13.675;13.715;13.595;13.605;5866573
FR0000133308;14/09/18;13.675;13.725;13.58;13.64;4138586
FR0000133308;17/09/18;13.61;13.74;13.54;13.57;5098027
FR0000133308;18/09/18;13.565;13.72;13.50;13.67;6375949
FR0000133308;19/09/18;13.65;13.705;13.55;13.585;5102714
FR0000133308;20/09/18;13.59;13.695;13.535;13.635;8455054
FR0000133308;21/09/18;13.63;13.795;13.605;13.765;14893500
FR0000133308;24/09/18;13.71;13.765;13.68;13.70;4119795
FR0000133308;25/09/18;13.655;13.78;13.655;13.685;4788579
FR0000133308;26/09/18;13.68;13.77;13.605;13.76;5279670
FR0000133308;27/09/18;13.715;13.955;13.685;13.875;5962146
FR0000133308;28/09/18;13.805;13.865;13.695;13.735;6390212
FR0010208488;03/09/18;12.605;12.65;12.555;12.60;3278113
FR0010208488;04/09/18;12.67;12.725;12.52;12.59;5767680
FR0010208488;05/09/18;12.52;12.555;12.325;12.345;7287512
FR0010208488;06/09/18;12.335;12.41;12.275;12.28;5433140
FR0010208488;07/09/18;12.285;12.31;12.185;12.255;5163945
FR0010208488;10/09/18;12.205;12.53;12.185;12.495;5897604
FR0010208488;11/09/18;12.495;12.53;12.325;12.47;3939085
FR0010208488;12/09/18;12.41;12.46;12.30;12.45;4859934
FR0010208488;13/09/18;12.41;12.535;12.37;12.40;5343022
FR0010208488;14/09/18;12.40;12.44;12.30;12.40;6029987
FR0010208488;17/09/18;12.38;12.52;12.38;12.445;4375515
FR0010208488;18/09/18;12.44;12.575;12.385;12.43;4870527
FR0010208488;19/09/18;12.43;12.49;12.075;12.17;8046052
FR0010208488;20/09/18;12.20;12.43;12.20;12.405;6212161
FR0010208488;21/09/18;12.365;12.66;12.125;12.62;23665842
FR0010208488;24/09/18;12.555;12.61;12.44;12.46;6233369
FR0010208488;25/09/18;12.415;12.415;12.195;12.25;5701320
FR0010208488;26/09/18;12.255;12.455;12.245;12.405;6136690
FR0010208488;27/09/18;12.405;12.58;12.315;12.56;6791582
FR0010208488;28/09/18;12.50;12.665;12.445;12.665;11505348
FR0010307819;03/09/18;64.72;65.00;64.30;64.64;341585
FR0010307819;04/09/18;64.76;64.84;63.62;64.10;485990
FR0010307819;05/09/18;64.10;64.10;63.26;63.28;467130
FR0010307819;06/09/18;63.12;63.52;62.90;63.04;516838
FR0010307819;07/09/18;62.62;62.68;61.66;62.00;1049386
FR0010307819;10/09/18;62.10;62.42;61.82;62.00;580480
FR0010307819;11/09/18;62.26;62.52;61.84;62.34;547636
FR0010307819;12/09/18;62.28;63.14;62.24;62.70;479387
FR0010307819;13/09/18;62.84;63.10;62.46;62.48;414651
FR0010307819;14/09/18;62.78;63.44;62.72;63.34;444614
FR0010307819;17/09/18;63.40;63.82;63.16;63.80;443834
FR0010307819;18/09/18;63.74;64.48;63.56;63.76;589646
FR0010307819;19/09/18;63.86;63.94;63.30;63.48;528779
FR0010307819;20/09/18;63.42;63.72;63.30;63.58;581554
FR0010307819;21/09/18;63.80;64.24;63.74;64.00;934330
FR0010307819;24/09/18;63.94;64.24;63.54;63.78;494213
FR0010307819;25/09/18;63.78;64.02;63.26;63.40;509596
FR0010307819;26/09/18;63.36;63.54;62.86;63.12;573179
FR0010307819;27/09/18;63.08;63.40;62.76;63.36;464481
FR0010307819;28/09/18;63.12;63.36;62.70;62.78;655201
FR0013326246;03/09/18;181.00;181.30;177.06;177.08;369782
FR0013326246;04/09/18;177.54;178.00;173.80;175.12;557223
FR0013326246;05/09/18;175.10;175.40;172.64;175.34;482531
FR0013326246;06/09/18;174.60;175.74;173.06;173.06;290258
FR0013326246;07/09/18;172.74;173.62;171.78;172.38;319262
FR0013326246;10/09/18;172.00;173.06;170.06;171.60;318201
FR0013326246;11/09/18;171.48;171.48;169.16;171.20;290071
FR0013326246;12/09/18;170.98;173.38;170.42;173.04;373950
FR0013326246;13/09/18;171.32;174.96;171.26;174.28;324339
FR0013326246;14/09/18;175.00;175.44;174.00;174.46;295896
FR0013326246;17/09/18;174.00;175.76;173.66;174.84;239640
FR0013326246;18/09/18;175.40;177.30;175.26;176.00;339832
FR0013326246;19/09/18;176.20;177.12;174.84;175.66;407651
FR0013326246;20/09/18;174.94;177.56;174.48;176.46;380572
FR0013326246;21/09/18;176.66;177.98;172.80;172.80;1983736
FR0013326246;24/09/18;172.90;174.02;172.58;173.98;478972
FR0013326246;25/09/18;174.50;174.72;173.30;174.12;298192
FR0013326246;26/09/18;174.76;177.50;174.06;177.00;372211
FR0013326246;27/09/18;176.20;177.20;175.34;176.20;254602
FR0013326246;28/09/18;175.84;176.04;173.22;173.22;404606
GB00BDSFG982;03/09/18;26.30;26.62;26.29;26.39;734963
GB00BDSFG982;04/09/18;26.36;26.60;26.17;26.19;1065531
GB00BDSFG982;05/09/18;25.96;26.09;24.99;25.21;2124146
GB00BDSFG982;06/09/18;25.08;25.32;24.70;24.70;1603710
GB00BDSFG982;07/09/18;24.57;24.61;23.84;24.59;1585693
GB00BDSFG982;10/09/18;24.85;24.97;24.65;24.79;1048686
GB00BDSFG982;11/09/18;24.80;25.29;24.58;25.29;1055409
GB00BDSFG982;12/09/18;25.43;26.41;25.43;26.24;1738169
GB00BDSFG982;13/09/18;25.80;25.93;25.40;25.40;1075402
GB00BDSFG982;14/09/18;25.53;25.95;25.32;25.85;950650
GB00BDSFG982;17/09/18;25.85;26.20;25.64;25.89;960119
GB00BDSFG982;18/09/18;25.68;26.70;25.63;26.44;1651326
GB00BDSFG982;19/09/18;26.54;26.79;26.41;26.52;1312806
GB00BDSFG982;20/09/18;26.58;27.04;26.41;26.55;1545397
GB00BDSFG982;21/09/18;26.52;26.77;26.29;26.36;2029420
GB00BDSFG982;24/09/18;26.48;27.25;26.45;26.81;1594076
GB00BDSFG982;25/09/18;26.99;27.98;26.99;27.83;2125866
GB00BDSFG982;26/09/18;27.80;27.84;27.44;27.57;949897
GB00BDSFG982;27/09/18;27.56;27.74;26.82;27.12;1187064
GB00BDSFG982;28/09/18;26.94;27.29;26.62;27.10;1276531
LU1598757687;03/09/18;25.80;26.055;25.80;25.93;1842184
LU1598757687;04/09/18;25.97;26.15;25.195;25.345;3607101
LU1598757687;05/09/18;25.15;25.18;24.625;24.84;6754327
LU1598757687;06/09/18;24.80;25.325;24.66;24.715;4225605
LU1598757687;07/09/18;24.96;25.10;24.685;24.86;4352418
LU1598757687;10/09/18;24.90;25.12;24.51;25.02;3928322
LU1598757687;11/09/18;24.255;24.565;24.10;24.525;7769033
LU1598757687;12/09/18;24.625;25.215;24.585;25.17;5220027
LU1598757687;13/09/18;25.30;25.415;24.56;24.735;4888982
LU1598757687;14/09/18;24.995;25.15;24.865;25.12;3405204
LU1598757687;17/09/18;24.90;25.815;24.90;25.63;5001860
LU1598757687;18/09/18;25.705;26.03;25.63;25.93;6052503
LU1598757687;19/09/18;26.405;27.135;26.21;26.95;6544507
LU1598757687;20/09/18;26.80;27.655;26.80;27.37;8877892
LU1598757687;21/09/18;27.755;27.955;27.36;27.52;7373988
LU1598757687;24/09/18;27.205;27.485;26.945;27.275;4323965
LU1598757687;25/09/18;27.11;27.815;27.05;27.715;4472304
LU1598757687;26/09/18;27.785;27.80;27.31;27.32;3947714
LU1598757687;27/09/18;27.135;27.47;26.895;27.04;4561418
LU1598757687;28/09/18;27.04;27.225;26.56;26.80;4704818
NL0000226223;03/09/18;17.655;17.77;17.505;17.715;742822
NL0000226223;04/09/18;17.67;17.83;17.185;17.265;2737971
NL0000226223;05/09/18;17.21;17.23;16.375;16.49;4236955
NL0000226223;06/09/18;16.395;16.51;16.09;16.24;3412270
NL0000226223;07/09/18;15.94;16.245;15.915;16.20;3694523
NL0000226223;10/09/18;15.96;16.44;15.81;16.20;3014623
NL0000226223;11/09/18;16.315;16.315;15.745;15.865;3698702
NL0000226223;12/09/18;15.805;16.025;15.035;15.255;5223180
NL0000226223;13/09/18;15.325;15.755;15.31;15.59;3929856
NL0000226223;14/09/18;15.89;15.99;15.71;15.905;3056657
NL0000226223;17/09/18;15.905;15.905;15.54;15.58;2536019
NL0000226223;18/09/18;15.525;15.72;15.39;15.645;2991871
NL0000226223;19/09/18;15.57;15.955;15.55;15.695;1926526
NL0000226223;20/09/18;15.76;16.295;15.68;16.23;4125266
NL0000226223;21/09/18;16.285;16.315;16.05;16.255;5631091
NL0000226223;24/09/18;16.16;16.35;15.97;16.165;2389809
NL0000226223;25/09/18;16.255;16.635;16.195;16.44;3794329
NL0000226223;26/09/18;16.60;16.70;16.075;16.185;3747489
NL0000226223;27/09/18;16.14;16.14;15.715;15.895;3330293
NL0000226223;28/09/18;15.90;16.035;15.55;15.67;2656022
NL0000235190;03/09/18;106.04;107.70;105.94;107.50;595428
NL0000235190;04/09/18;107.72;107.94;104.10;105.16;1193344
NL0000235190;05/09/18;105.08;105.28;103.00;103.00;1386865
NL0000235190;06/09/18;103.24;105.78;103.24;104.28;1308310
NL0000235190;07/09/18;104.80;105.64;103.86;104.84;895199
NL0000235190;10/09/18;104.50;105.72;103.92;104.80;766076
NL0000235190;11/09/18;105.44;106.82;104.20;106.76;1071759
NL0000235190;12/09/18;107.14;107.60;105.74;106.70;839003
NL0000235190;13/09/18;106.24;108.00;104.12;105.64;1415024
NL0000235190;14/09/18;106.60;106.78;105.12;106.20;673082
NL0000235190;17/09/18;106.02;106.96;105.72;106.30;783738
NL0000235190;18/09/18;106.34;107.36;104.04;104.94;1107930
NL0000235190;19/09/18;105.00;106.68;104.58;106.36;759543
NL0000235190;20/09/18;106.40;106.72;105.24;106.46;1186046
NL0000235190;21/09/18;106.48;107.18;105.48;106.80;2857242
NL0000235190;24/09/18;106.48;106.76;105.26;105.98;914960
NL0000235190;25/09/18;105.70;106.52;104.92;105.08;1148229
NL0000235190;26/09/18;105.40;108.48;104.80;108.48;1980047
NL0000235190;27/09/18;108.04;108.98;106.94;108.90;991492
NL0000235190;28/09/18;108.50;109.16;106.94;108.18;1341147
