BE0003470755;01/10/14;121.55;121.55;117.80;118.05;222003
BE0003470755;02/10/14;117.70;118.35;115.45;115.45;247049
BE0003470755;03/10/14;116.00;116.55;115.05;115.65;143599
BE0003470755;06/10/14;116.00;117.60;115.70;115.95;142412
BE0003470755;07/10/14;116.20;116.35;114.30;114.50;174858
BE0003470755;08/10/14;114.00;114.35;112.60;113.20;228382
BE0003470755;09/10/14;115.35;117.75;114.15;114.70;286834
BE0003470755;10/10/14;114.05;114.10;111.00;111.10;331925
BE0003470755;13/10/14;111.00;111.00;109.30;110.05;312041
BE0003470755;14/10/14;110.00;110.25;108.10;109.95;293168
BE0003470755;15/10/14;110.50;112.00;107.40;107.45;303326
BE0003470755;16/10/14;107.75;109.10;104.65;106.00;513013
BE0003470755;17/10/14;106.50;110.10;105.15;110.10;417562
BE0003470755;20/10/14;110.45;110.50;108.05;108.15;202762
BE0003470755;21/10/14;107.70;110.25;107.45;110.05;235171
BE0003470755;22/10/14;110.50;110.70;109.25;110.00;194772
BE0003470755;23/10/14;109.30;109.70;107.45;109.35;232492
BE0003470755;24/10/14;108.80;108.90;107.45;108.15;199899
BE0003470755;27/10/14;109.05;109.80;106.95;108.10;178158
BE0003470755;28/10/14;108.70;109.80;108.65;109.55;119329
BE0003470755;29/10/14;109.85;110.50;109.05;109.20;128151
BE0003470755;30/10/14;109.20;109.35;106.85;108.90;225904
BE0003470755;31/10/14;109.65;109.70;107.95;108.70;320668
FR0000045072;01/10/14;11.86;12.055;11.735;11.79;7098645
FR0000045072;02/10/14;11.805;11.825;11.395;11.395;9231472
FR0000045072;03/10/14;11.58;11.72;11.49;11.705;5010666
FR0000045072;06/10/14;11.79;11.835;11.57;11.59;4537645
FR0000045072;07/10/14;11.55;11.60;11.305;11.40;7663346
FR0000045072;08/10/14;11.30;11.46;11.185;11.25;5764212
FR0000045072;09/10/14;11.43;11.435;10.935;10.985;8312615
FR0000045072;10/10/14;10.90;11.165;10.815;11.08;10115797
FR0000045072;13/10/14;10.97;11.245;10.91;11.095;6387183
FR0000045072;14/10/14;11.005;11.14;10.835;11.095;5716882
FR0000045072;15/10/14;11.075;11.10;10.465;10.49;9956213
FR0000045072;16/10/14;10.51;10.62;9.886;10.375;13497954
FR0000045072;17/10/14;10.415;10.905;10.35;10.90;11690298
FR0000045072;20/10/14;10.85;11.025;10.745;10.87;5779429
FR0000045072;21/10/14;10.83;11.35;10.795;11.295;8438834
FR0000045072;22/10/14;11.36;11.42;11.235;11.40;5730030
FR0000045072;23/10/14;11.32;11.68;11.235;11.595;6110528
FR0000045072;24/10/14;11.56;11.74;11.49;11.72;6134451
FR0000045072;27/10/14;11.85;11.90;11.385;11.605;10107330
FR0000045072;28/10/14;11.705;11.80;11.62;11.725;5525047
FR0000045072;29/10/14;11.75;11.805;11.30;11.405;6942145
FR0000045072;30/10/14;11.49;11.665;11.13;11.595;10243321
FR0000045072;31/10/14;11.80;11.84;11.625;11.795;7903473
FR0000051732;01/10/14;57.28;57.88;57.02;57.28;222330
FR0000051732;02/10/14;57.06;58.26;56.89;57.34;385137
FR0000051732;03/10/14;57.81;57.81;57.16;57.31;192162
FR0000051732;06/10/14;57.47;58.04;57.25;57.42;175067
FR0000051732;07/10/14;57.38;57.63;55.78;55.78;305493
FR0000051732;08/10/14;55.49;55.64;54.71;54.71;266069
FR0000051732;09/10/14;55.49;56.42;55.24;55.53;354163
FR0000051732;10/10/14;55.24;55.44;54.43;54.55;401670
FR0000051732;13/10/14;54.20;54.74;53.34;54.07;339450
FR0000051732;14/10/14;53.95;54.96;53.59;54.96;316401
FR0000051732;15/10/14;54.88;55.37;52.65;53.05;372185
FR0000051732;16/10/14;53.34;53.85;50.92;52.90;589822
FR0000051732;17/10/14;52.80;54.15;52.42;54.08;462019
FR0000051732;20/10/14;53.81;53.99;52.56;52.66;431870
FR0000051732;21/10/14;52.57;54.01;52.57;54.01;328982
FR0000051732;22/10/14;54.24;54.99;53.98;54.85;330088
FR0000051732;23/10/14;54.63;55.11;53.85;54.48;299489
FR0000051732;24/10/14;54.11;54.66;54.03;54.12;148057
FR0000051732;27/10/14;54.75;54.75;53.07;53.30;270198
FR0000051732;28/10/14;53.40;54.37;53.33;54.25;165866
FR0000051732;29/10/14;54.48;54.75;53.85;53.85;152176
FR0000051732;30/10/14;53.95;54.29;53.16;53.88;197416
FR0000051732;31/10/14;54.57;55.32;54.38;55.09;277877
FR0000073272;01/10/14;51.30;51.70;50.68;50.76;725055
FR0000073272;02/10/14;50.50;50.54;49.34;49.34;824506
FR0000073272;03/10/14;49.47;50.30;49.365;49.98;588361
FR0000073272;06/10/14;50.14;50.14;49.74;49.76;589393
FR0000073272;07/10/14;49.775;49.775;48.44;48.505;927354
FR0000073272;08/10/14;48.335;48.44;47.89;48.09;667910
FR0000073272;09/10/14;48.65;48.88;47.44;47.66;861818
FR0000073272;10/10/14;47.25;47.695;46.48;47.36;1143556
FR0000073272;13/10/14;46.83;47.60;46.625;47.115;888299
FR0000073272;14/10/14;46.735;47.065;46.12;46.92;826616
FR0000073272;15/10/14;46.795;47.135;45.425;45.475;1292766
FR0000073272;16/10/14;45.56;45.675;43.655;44.545;1990605
FR0000073272;17/10/14;44.44;45.585;43.905;45.50;1613550
FR0000073272;20/10/14;45.48;45.56;44.90;45.06;814478
FR0000073272;21/10/14;44.955;46.29;44.755;46.265;1425278
FR0000073272;22/10/14;46.255;46.64;46.215;46.53;1054463
FR0000073272;23/10/14;47.25;48.96;47.15;48.845;1853599
FR0000073272;24/10/14;48.70;48.70;47.895;48.015;920065
FR0000073272;27/10/14;48.215;48.215;47.41;47.67;691557
FR0000073272;28/10/14;48.005;49.00;47.945;48.90;971782
FR0000073272;29/10/14;49.07;50.13;49.04;49.615;961759
FR0000073272;30/10/14;49.705;49.945;49.02;49.91;980335
FR0000073272;31/10/14;50.38;50.86;50.25;50.50;987344
FR0000120073;01/10/14;87.4182;87.8182;86.3455;86.6818;763026
FR0000120073;02/10/14;86.3727;87.2273;84.8909;84.8909;1343181
FR0000120073;03/10/14;85.5091;85.80;85.0545;85.3182;995995
FR0000120073;06/10/14;86.0455;86.7909;85.6364;85.9909;932167
FR0000120073;07/10/14;86.1273;86.8727;85.6727;85.8182;1672598
FR0000120073;08/10/14;85.3818;85.6364;84.3818;84.7727;1249250
FR0000120073;09/10/14;85.8455;86.2909;85.1364;85.60;1280920
FR0000120073;10/10/14;85.1091;85.30;83.8364;83.8364;1460672
FR0000120073;13/10/14;83.50;83.9091;82.8909;83.50;1166204
FR0000120073;14/10/14;83.1818;84.5455;82.4545;84.3818;1271063
FR0000120073;15/10/14;84.4545;85.0273;81.7182;81.7182;1852373
FR0000120073;16/10/14;81.8818;82.6364;79.2455;81.5273;2513822
FR0000120073;17/10/14;81.8182;83.7727;81.2273;83.6364;1963132
FR0000120073;20/10/14;83.6818;83.8091;81.8636;82.4091;1303075
FR0000120073;21/10/14;82.2091;84.4364;81.9727;84.3636;1358420
FR0000120073;22/10/14;84.2636;84.5455;83.3818;83.9455;1353790
FR0000120073;23/10/14;83.8091;85.3273;82.7909;85.2364;1113334
FR0000120073;24/10/14;84.6546;85.00;83.8273;84.2364;1190272
FR0000120073;27/10/14;85.1364;85.3273;83.9091;85.00;1155114
FR0000120073;28/10/14;86.0546;86.4545;85.5364;85.6546;1125853
FR0000120073;29/10/14;86.0727;86.7636;85.6727;86.5455;985473
FR0000120073;30/10/14;85.50;86.5091;84.4818;86.4727;1703563
FR0000120073;31/10/14;87.3091;88.3727;87.1546;87.50;1830195
FR0000120172;01/10/14;24.455;24.505;23.735;23.74;3879439
FR0000120172;02/10/14;23.69;23.90;23.195;23.195;4569738
FR0000120172;03/10/14;23.50;23.72;23.19;23.36;3273480
FR0000120172;06/10/14;23.495;23.79;23.37;23.635;2935558
FR0000120172;07/10/14;23.645;23.80;23.45;23.495;3556940
FR0000120172;08/10/14;23.505;23.615;23.12;23.225;3147994
FR0000120172;09/10/14;23.50;23.50;22.805;22.885;3729909
FR0000120172;10/10/14;23.15;23.395;22.83;22.955;5432004
FR0000120172;13/10/14;22.81;22.945;22.47;22.575;3608714
FR0000120172;14/10/14;22.45;22.935;22.22;22.865;4027648
FR0000120172;15/10/14;22.80;22.895;22.065;22.09;4480549
FR0000120172;16/10/14;22.355;22.78;21.42;22.215;6906364
FR0000120172;17/10/14;22.505;23.185;22.195;23.145;6079526
FR0000120172;20/10/14;23.11;23.175;22.43;22.56;3567522
FR0000120172;21/10/14;22.47;23.095;22.465;22.93;3720021
FR0000120172;22/10/14;22.845;22.97;22.63;22.955;2622116
FR0000120172;23/10/14;22.86;23.05;22.47;22.98;3057637
FR0000120172;24/10/14;22.935;22.97;22.635;22.645;2437632
FR0000120172;27/10/14;22.725;22.82;22.29;22.45;2651181
FR0000120172;28/10/14;22.59;23.23;22.57;23.16;3538504
FR0000120172;29/10/14;23.22;23.315;23.01;23.14;1938736
FR0000120172;30/10/14;23.22;23.27;22.435;23.035;2562180
FR0000120172;31/10/14;23.32;23.445;22.855;23.37;3729034
FR0000120271;01/10/14;51.00;51.29;50.35;50.71;4811115
FR0000120271;02/10/14;50.81;50.81;48.185;48.185;9378738
FR0000120271;03/10/14;49.06;49.255;48.205;48.51;6032079
FR0000120271;06/10/14;49.125;49.14;47.925;48.35;4785709
FR0000120271;07/10/14;48.245;48.325;47.22;47.22;7773890
FR0000120271;08/10/14;47.12;47.415;46.55;46.735;6003951
FR0000120271;09/10/14;47.35;47.40;45.83;46.29;6052463
FR0000120271;10/10/14;45.81;45.98;44.595;44.60;8819260
FR0000120271;13/10/14;44.255;45.485;44.10;45.16;5780615
FR0000120271;14/10/14;44.835;45.07;43.85;44.77;7000936
FR0000120271;15/10/14;44.57;44.57;42.66;42.755;12276307
FR0000120271;16/10/14;43.15;43.475;40.565;42.555;13602693
FR0000120271;17/10/14;43.045;44.505;42.62;44.155;13024388
FR0000120271;20/10/14;43.815;44.00;42.62;42.94;8604988
FR0000120271;21/10/14;42.00;44.425;41.97;44.425;8458675
FR0000120271;22/10/14;44.445;44.65;43.805;44.59;7680172
FR0000120271;23/10/14;44.34;45.965;43.69;45.81;8145209
FR0000120271;24/10/14;45.545;45.665;44.585;44.855;6688257
FR0000120271;27/10/14;45.62;45.62;44.195;44.435;5001529
FR0000120271;28/10/14;45.25;45.68;44.85;45.495;7921672
FR0000120271;29/10/14;46.275;46.94;45.94;46.395;6680364
FR0000120271;30/10/14;46.855;47.195;45.535;46.995;9025002
FR0000120271;31/10/14;48.00;48.105;47.08;47.42;10086745
FR0000120321;01/10/14;125.80;126.25;124.20;124.65;534880
FR0000120321;02/10/14;124.35;125.00;122.55;122.55;815280
FR0000120321;03/10/14;123.15;123.60;122.20;123.25;627914
FR0000120321;06/10/14;124.00;124.95;123.75;123.95;533073
FR0000120321;07/10/14;123.85;123.85;121.70;121.70;913834
FR0000120321;08/10/14;121.50;122.55;121.20;122.40;945280
FR0000120321;09/10/14;124.80;124.80;123.10;123.50;1036426
FR0000120321;10/10/14;123.00;124.05;122.30;123.00;914498
FR0000120321;13/10/14;122.00;122.75;121.25;122.50;762922
FR0000120321;14/10/14;121.75;121.95;120.90;121.75;818399
FR0000120321;15/10/14;121.55;121.95;119.00;119.25;1295502
FR0000120321;16/10/14;119.65;120.40;117.05;118.35;1357229
FR0000120321;17/10/14;118.00;119.90;117.55;119.35;1249277
FR0000120321;20/10/14;119.85;120.35;118.65;119.50;843471
FR0000120321;21/10/14;119.15;121.70;118.85;120.85;955658
FR0000120321;22/10/14;120.50;121.10;119.80;120.90;803745
FR0000120321;23/10/14;120.00;121.15;117.95;120.75;948201
FR0000120321;24/10/14;120.25;120.55;119.50;119.70;493488
FR0000120321;27/10/14;121.00;121.30;119.45;120.05;593175
FR0000120321;28/10/14;121.00;123.10;120.95;122.10;909876
FR0000120321;29/10/14;122.85;123.05;121.65;122.35;833361
FR0000120321;30/10/14;122.70;122.80;119.95;122.20;960411
FR0000120321;31/10/14;123.95;125.55;123.35;125.10;1106232
FR0000120404;01/10/14;35.10;35.41;34.595;34.78;828030
FR0000120404;02/10/14;34.68;34.78;34.055;34.055;1036258
FR0000120404;03/10/14;34.285;34.78;34.05;34.59;729677
FR0000120404;06/10/14;34.83;35.095;34.68;34.885;656954
FR0000120404;07/10/14;34.64;34.80;33.79;33.805;1175048
FR0000120404;08/10/14;33.72;33.79;32.715;32.925;1024780
FR0000120404;09/10/14;33.34;34.02;32.68;32.715;1387217
FR0000120404;10/10/14;32.60;32.605;31.455;31.795;1658846
FR0000120404;13/10/14;31.42;31.945;31.215;31.365;1057326
FR0000120404;14/10/14;31.21;31.41;30.98;31.32;1261565
FR0000120404;15/10/14;31.31;31.785;29.95;30.02;2044689
FR0000120404;16/10/14;30.40;30.70;28.865;30.285;2320591
FR0000120404;17/10/14;30.905;31.625;30.60;31.505;2286465
FR0000120404;20/10/14;31.645;31.905;31.27;31.715;1171608
FR0000120404;21/10/14;31.695;32.48;31.65;32.28;1185178
FR0000120404;22/10/14;32.435;32.545;32.045;32.175;960614
FR0000120404;23/10/14;32.05;32.235;31.705;31.89;983898
FR0000120404;24/10/14;31.87;31.95;31.65;31.725;638765
FR0000120404;27/10/14;32.06;32.16;31.35;31.69;673644
FR0000120404;28/10/14;31.945;32.39;31.90;32.105;803739
FR0000120404;29/10/14;32.175;32.275;31.67;31.735;978217
FR0000120404;30/10/14;31.97;32.98;31.675;32.93;1408638
FR0000120404;31/10/14;33.29;33.785;33.11;33.51;1396380
FR0000120503;01/10/14;25.65;25.825;25.225;25.325;1006039
FR0000120503;02/10/14;25.27;25.415;24.90;24.90;1630987
FR0000120503;03/10/14;25.00;25.175;24.77;25.08;920302
FR0000120503;06/10/14;25.20;25.335;25.04;25.07;642429
FR0000120503;07/10/14;25.035;25.045;24.59;24.705;905763
FR0000120503;08/10/14;24.565;24.625;24.295;24.41;879836
FR0000120503;09/10/14;24.655;24.86;24.15;24.245;855516
FR0000120503;10/10/14;24.095;24.75;23.70;24.54;2708224
FR0000120503;13/10/14;24.30;24.675;24.08;24.515;1178081
FR0000120503;14/10/14;25.25;25.93;25.15;25.64;2962622
FR0000120503;15/10/14;25.715;25.77;24.775;24.85;2003383
FR0000120503;16/10/14;24.955;25.17;23.91;24.855;2622471
FR0000120503;17/10/14;24.935;25.55;24.835;25.375;1542071
FR0000120503;20/10/14;25.385;25.54;25.065;25.365;1096903
FR0000120503;21/10/14;25.25;25.85;25.20;25.68;1039402
FR0000120503;22/10/14;25.77;25.93;25.58;25.795;765065
FR0000120503;23/10/14;25.715;26.40;25.38;26.25;1098642
FR0000120503;24/10/14;26.155;26.275;25.89;26.185;833501
FR0000120503;27/10/14;26.365;26.475;25.63;26.025;914617
FR0000120503;28/10/14;26.245;26.635;26.225;26.475;1341990
FR0000120503;29/10/14;26.54;27.135;26.35;26.845;1714284
FR0000120503;30/10/14;27.09;27.155;26.43;26.97;1252454
FR0000120503;31/10/14;27.30;27.84;27.14;27.55;1814889
FR0000120578;01/10/14;89.15;89.74;88.76;88.85;2541282
FR0000120578;02/10/14;89.07;89.11;86.07;86.07;4295908
FR0000120578;03/10/14;86.55;87.07;86.17;86.90;2930528
FR0000120578;06/10/14;87.78;87.98;86.64;86.81;2792309
FR0000120578;07/10/14;86.38;86.49;85.11;85.26;4517253
FR0000120578;08/10/14;85.34;85.84;83.94;84.15;3547590
FR0000120578;09/10/14;85.00;85.25;83.32;84.03;3383845
FR0000120578;10/10/14;83.50;84.08;82.89;83.07;3828368
FR0000120578;13/10/14;82.34;83.40;82.24;83.08;2868918
FR0000120578;14/10/14;82.68;83.49;82.19;83.00;2917060
FR0000120578;15/10/14;83.31;83.31;79.50;79.50;5740112
FR0000120578;16/10/14;80.50;81.30;77.40;78.80;8481764
FR0000120578;17/10/14;79.26;81.45;78.71;81.25;6145772
FR0000120578;20/10/14;81.04;81.20;79.14;80.43;3431778
FR0000120578;21/10/14;80.14;81.57;79.58;81.48;3558514
FR0000120578;22/10/14;81.88;83.64;81.47;83.43;3757096
FR0000120578;23/10/14;83.61;85.09;82.93;84.90;3240257
FR0000120578;24/10/14;84.60;84.89;84.02;84.60;2548257
FR0000120578;27/10/14;84.63;85.18;82.87;83.40;3671517
FR0000120578;28/10/14;77.20;78.18;73.92;74.53;15922546
FR0000120578;29/10/14;73.00;73.70;69.58;71.15;14180190
FR0000120578;30/10/14;72.00;73.19;71.07;71.91;7313030
FR0000120578;31/10/14;73.32;74.28;72.70;73.66;6618319
FR0000120628;01/10/14;19.41;19.545;19.365;19.37;7558613
FR0000120628;02/10/14;19.33;19.535;18.885;18.885;12922323
FR0000120628;03/10/14;19.005;19.24;18.945;19.125;6294916
FR0000120628;06/10/14;19.29;19.325;19.00;19.06;6351730
FR0000120628;07/10/14;19.025;19.03;18.745;18.79;9028738
FR0000120628;08/10/14;18.69;18.88;18.555;18.64;8085964
FR0000120628;09/10/14;18.90;18.90;18.24;18.36;11152603
FR0000120628;10/10/14;18.20;18.46;18.07;18.265;11230608
FR0000120628;13/10/14;18.055;18.38;18.02;18.28;7376877
FR0000120628;14/10/14;18.13;18.28;17.865;18.23;7357272
FR0000120628;15/10/14;18.18;18.18;17.235;17.27;17395852
FR0000120628;16/10/14;17.305;17.42;16.425;16.94;23558140
FR0000120628;17/10/14;17.05;17.605;16.95;17.545;17656144
FR0000120628;20/10/14;17.54;17.545;17.18;17.285;9627429
FR0000120628;21/10/14;17.21;17.855;17.185;17.705;13407936
FR0000120628;22/10/14;17.795;17.825;17.615;17.695;10668828
FR0000120628;23/10/14;17.63;18.055;17.47;17.965;8579837
FR0000120628;24/10/14;17.825;18.005;17.72;17.915;7579964
FR0000120628;27/10/14;18.15;18.165;17.555;17.75;8503406
FR0000120628;28/10/14;17.89;18.10;17.805;18.02;8269754
FR0000120628;29/10/14;18.135;18.185;17.835;17.89;6439136
FR0000120628;30/10/14;18.00;18.12;17.575;17.875;10628149
FR0000120628;31/10/14;18.18;18.52;17.975;18.41;11711787
FR0000120644;01/10/14;53.07;53.33;52.04;52.21;1802664
FR0000120644;02/10/14;52.06;52.23;51.59;51.59;3106260
FR0000120644;03/10/14;51.79;52.36;50.75;52.00;2581968
FR0000120644;06/10/14;52.51;52.60;51.67;51.82;1765008
FR0000120644;07/10/14;51.82;51.86;51.04;51.04;1714006
FR0000120644;08/10/14;50.97;51.46;50.84;51.16;1687161
FR0000120644;09/10/14;51.67;51.67;50.90;51.03;1769572
FR0000120644;10/10/14;50.95;51.39;50.50;50.79;1733175
FR0000120644;13/10/14;50.35;50.78;50.12;50.70;1951371
FR0000120644;14/10/14;50.35;50.58;49.955;50.49;2370597
FR0000120644;15/10/14;53.40;53.50;50.22;50.31;5504816
FR0000120644;16/10/14;50.73;52.20;49.835;50.47;4893353
FR0000120644;17/10/14;50.47;50.93;50.13;50.91;4044140
FR0000120644;20/10/14;50.25;50.64;49.88;50.11;2890063
FR0000120644;21/10/14;49.905;50.93;49.90;50.93;1810789
FR0000120644;22/10/14;51.08;51.12;50.34;50.60;1711922
FR0000120644;23/10/14;50.60;51.13;49.875;51.03;1810206
FR0000120644;24/10/14;50.77;50.93;50.51;50.60;1257732
FR0000120644;27/10/14;51.21;51.35;50.55;50.75;1534320
FR0000120644;28/10/14;51.40;51.83;51.33;51.59;1650417
FR0000120644;29/10/14;51.92;52.41;51.87;52.21;1476956
FR0000120644;30/10/14;52.71;52.80;51.80;52.70;2252034
FR0000120644;31/10/14;53.86;54.46;53.46;54.22;3230024
FR0000120693;01/10/14;89.74;90.47;89.17;89.41;645803
FR0000120693;02/10/14;89.02;89.06;87.42;87.45;665786
FR0000120693;03/10/14;87.82;88.03;86.67;86.86;554830
FR0000120693;06/10/14;87.04;88.11;87.04;87.49;412324
FR0000120693;07/10/14;86.68;86.84;85.90;86.12;616741
FR0000120693;08/10/14;85.83;86.92;85.30;86.60;558172
FR0000120693;09/10/14;87.28;87.61;86.43;86.60;470079
FR0000120693;10/10/14;86.31;86.88;85.05;85.05;671203
FR0000120693;13/10/14;84.54;85.04;84.25;84.59;626771
FR0000120693;14/10/14;84.25;84.45;83.88;84.22;591553
FR0000120693;15/10/14;83.90;84.43;82.77;83.52;898241
FR0000120693;16/10/14;84.00;86.10;82.23;83.20;1439906
FR0000120693;17/10/14;83.20;84.53;82.60;84.46;1056063
FR0000120693;20/10/14;84.49;85.92;84.46;84.86;774443
FR0000120693;21/10/14;84.95;86.66;84.64;86.66;788086
FR0000120693;22/10/14;86.73;86.73;85.47;86.47;593756
FR0000120693;23/10/14;85.90;89.19;84.99;88.41;1100240
FR0000120693;24/10/14;87.94;88.21;87.40;87.84;452592
FR0000120693;27/10/14;88.63;88.98;87.52;88.01;473783
FR0000120693;28/10/14;88.83;89.51;88.36;89.02;598559
FR0000120693;29/10/14;89.35;89.97;89.13;89.72;415283
FR0000120693;30/10/14;90.00;90.07;88.69;89.81;722592
FR0000120693;31/10/14;90.46;91.10;89.81;90.83;731354
FR0000121014;01/10/14;128.95;130.00;127.15;127.35;1085599
FR0000121014;02/10/14;128.50;129.30;125.90;125.90;1862226
FR0000121014;03/10/14;126.85;128.15;126.30;127.85;945816
FR0000121014;06/10/14;128.40;129.30;127.50;128.20;887345
FR0000121014;07/10/14;128.20;128.35;125.60;125.75;1291168
FR0000121014;08/10/14;125.65;126.90;125.15;126.35;1168788
FR0000121014;09/10/14;127.85;128.30;126.45;127.10;1148093
FR0000121014;10/10/14;127.00;127.20;124.45;125.00;1168500
FR0000121014;13/10/14;124.15;125.85;123.90;125.60;912613
FR0000121014;14/10/14;124.80;125.60;122.85;125.10;1127815
FR0000121014;15/10/14;124.45;129.45;123.00;124.90;2372315
FR0000121014;16/10/14;125.15;126.55;121.40;123.75;1970269
FR0000121014;17/10/14;123.40;125.70;123.05;125.20;1609379
FR0000121014;20/10/14;125.10;125.90;123.95;124.95;938973
FR0000121014;21/10/14;124.75;126.75;124.40;126.55;1028440
FR0000121014;22/10/14;126.20;127.60;125.80;127.05;863643
FR0000121014;23/10/14;126.40;128.75;125.15;128.55;899640
FR0000121014;24/10/14;127.95;128.70;127.20;128.25;828075
FR0000121014;27/10/14;129.40;129.50;128.10;128.45;810767
FR0000121014;28/10/14;129.00;130.55;128.90;129.90;914912
FR0000121014;29/10/14;130.30;132.25;130.30;131.45;846467
FR0000121014;30/10/14;131.40;132.85;129.70;132.70;987244
FR0000121014;31/10/14;134.60;135.50;133.55;135.35;1225145
FR0000121220;01/10/14;77.01;77.77;76.69;77.03;189076
FR0000121220;02/10/14;77.06;77.06;74.89;74.99;245575
FR0000121220;03/10/14;75.19;75.49;75.07;75.14;178212
FR0000121220;06/10/14;75.81;75.98;75.18;75.40;167288
FR0000121220;07/10/14;75.20;75.20;73.81;73.85;212021
FR0000121220;08/10/14;73.80;73.84;73.08;73.67;198786
FR0000121220;09/10/14;74.42;74.47;72.69;72.84;180742
FR0000121220;10/10/14;72.39;72.70;71.40;72.68;230569
FR0000121220;13/10/14;72.04;73.01;71.74;72.56;219408
FR0000121220;14/10/14;72.17;72.93;71.49;72.81;174435
FR0000121220;15/10/14;72.63;73.11;70.95;71.15;210227
FR0000121220;16/10/14;71.32;71.92;69.49;70.95;407278
FR0000121220;17/10/14;71.38;72.66;70.55;72.62;217207
FR0000121220;20/10/14;72.66;73.18;72.39;73.16;239774
FR0000121220;21/10/14;73.02;74.51;72.72;74.20;159497
FR0000121220;22/10/14;74.27;74.60;73.93;74.31;212510
FR0000121220;23/10/14;74.20;74.68;73.49;74.42;148143
FR0000121220;24/10/14;73.92;74.24;73.73;74.03;137568
FR0000121220;27/10/14;74.84;74.89;73.46;74.09;156737
FR0000121220;28/10/14;74.36;74.79;74.29;74.46;96995
FR0000121220;29/10/14;74.67;75.73;74.55;75.04;160897
FR0000121220;30/10/14;75.17;76.10;74.48;76.10;107995
FR0000121220;31/10/14;76.71;77.00;76.15;76.87;198138
FR0000121261;01/10/14;74.60;75.97;73.52;73.99;821803
FR0000121261;02/10/14;74.00;75.09;72.25;72.25;901744
FR0000121261;03/10/14;72.71;73.17;72.00;72.49;699330
FR0000121261;06/10/14;73.36;73.88;72.56;72.80;684492
FR0000121261;07/10/14;72.57;73.35;71.90;71.99;806581
FR0000121261;08/10/14;71.15;71.32;69.95;70.09;1225303
FR0000121261;09/10/14;71.27;71.47;69.53;69.75;882668
FR0000121261;10/10/14;69.21;69.43;68.40;68.77;1034758
FR0000121261;13/10/14;68.23;70.46;68.04;69.24;680292
FR0000121261;14/10/14;68.70;71.28;68.43;70.44;1110049
FR0000121261;15/10/14;70.38;71.21;68.13;68.35;955954
FR0000121261;16/10/14;68.92;70.14;66.33;69.69;1611378
FR0000121261;17/10/14;69.66;71.54;69.06;71.31;1260145
FR0000121261;20/10/14;70.73;71.11;69.70;70.00;1063548
FR0000121261;21/10/14;69.67;71.33;69.03;70.49;1146378
FR0000121261;22/10/14;70.76;71.27;70.15;70.50;693175
FR0000121261;23/10/14;67.01;68.02;66.36;67.04;2295785
FR0000121261;24/10/14;67.05;67.52;66.26;66.77;1057581
FR0000121261;27/10/14;67.45;67.63;65.10;66.13;850687
FR0000121261;28/10/14;66.63;67.66;66.55;67.45;786618
FR0000121261;29/10/14;67.50;68.74;67.42;68.16;594236
FR0000121261;30/10/14;68.96;69.55;67.33;68.43;909385
FR0000121261;31/10/14;69.30;69.86;68.64;69.19;716076
FR0000121485;01/10/14;159.40;159.85;153.60;154.60;452766
FR0000121485;02/10/14;154.00;154.05;150.85;150.85;360763
FR0000121485;03/10/14;151.35;152.45;150.05;151.50;155328
FR0000121485;06/10/14;151.65;153.65;151.50;151.95;190348
FR0000121485;07/10/14;151.65;152.60;150.85;150.90;221540
FR0000121485;08/10/14;150.60;152.75;150.20;152.65;262260
FR0000121485;09/10/14;153.80;154.00;150.65;150.65;236436
FR0000121485;10/10/14;150.65;151.00;147.85;147.85;248407
FR0000121485;13/10/14;146.55;148.00;146.05;147.70;203143
FR0000121485;14/10/14;146.50;146.50;144.10;145.65;395025
FR0000121485;15/10/14;145.30;147.05;144.00;144.30;282519
FR0000121485;16/10/14;144.65;145.65;140.05;143.65;310544
FR0000121485;17/10/14;143.30;147.60;143.30;147.60;281450
FR0000121485;20/10/14;147.70;148.50;145.75;147.45;169190
FR0000121485;21/10/14;146.50;149.95;146.35;149.95;222618
FR0000121485;22/10/14;148.55;151.20;148.55;149.55;239453
FR0000121485;23/10/14;149.20;153.55;147.85;153.55;323099
FR0000121485;24/10/14;150.70;150.90;145.60;145.70;529584
FR0000121485;27/10/14;146.75;146.95;145.15;146.35;271098
FR0000121485;28/10/14;148.40;150.65;148.35;149.30;310083
FR0000121485;29/10/14;150.00;151.75;149.55;151.65;193636
FR0000121485;30/10/14;152.95;153.20;150.00;153.00;225364
FR0000121485;31/10/14;153.90;154.40;153.00;153.95;352764
FR0000121501;01/10/14;10.13;10.46;10.08;10.095;5149878
FR0000121501;02/10/14;10.11;10.38;10.01;10.02;4549102
FR0000121501;03/10/14;10.165;10.46;10.14;10.39;4730038
FR0000121501;06/10/14;10.49;10.515;10.25;10.33;4061846
FR0000121501;07/10/14;10.285;10.435;10.135;10.21;3244309
FR0000121501;08/10/14;10.15;10.22;9.765;9.787;7540535
FR0000121501;09/10/14;9.993;10.015;9.443;9.446;7835189
FR0000121501;10/10/14;9.34;9.37;8.92;9.103;10988862
FR0000121501;13/10/14;8.92;9.195;8.881;8.976;6462824
FR0000121501;14/10/14;8.90;9.305;8.892;9.206;6520619
FR0000121501;15/10/14;9.249;9.34;8.615;8.718;7624727
FR0000121501;16/10/14;8.746;8.88;8.21;8.669;10983214
FR0000121501;17/10/14;8.80;9.319;8.782;9.275;10428983
FR0000121501;20/10/14;9.283;9.348;9.10;9.178;5449581
FR0000121501;21/10/14;9.129;9.459;9.068;9.368;6464148
FR0000121501;22/10/14;9.52;9.654;9.283;9.47;8693052
FR0000121501;23/10/14;9.401;9.496;9.12;9.444;6525943
FR0000121501;24/10/14;9.404;9.478;9.186;9.20;4083547
FR0000121501;27/10/14;9.331;9.331;8.82;8.936;5276584
FR0000121501;28/10/14;8.996;9.104;8.931;9.023;3838553
FR0000121501;29/10/14;9.095;9.206;9.004;9.009;3697207
FR0000121501;30/10/14;9.132;9.188;8.78;9.014;7261515
FR0000121501;31/10/14;9.192;9.638;9.081;9.458;11864387
FR0000121667;01/10/14;86.57;86.79;86.02;86.35;417536
FR0000121667;02/10/14;86.20;86.63;84.71;84.71;840204
FR0000121667;03/10/14;84.86;85.31;84.32;85.09;547524
FR0000121667;06/10/14;85.53;85.91;85.16;85.38;622712
FR0000121667;07/10/14;85.18;85.23;83.51;83.58;888795
FR0000121667;08/10/14;83.17;84.05;83.07;83.75;635603
FR0000121667;09/10/14;84.83;85.33;84.12;84.46;670736
FR0000121667;10/10/14;83.95;84.43;82.85;83.35;646049
FR0000121667;13/10/14;82.50;83.10;81.46;81.98;886594
FR0000121667;14/10/14;81.50;81.63;80.66;81.22;926272
FR0000121667;15/10/14;81.00;81.06;78.26;79.28;1528025
FR0000121667;16/10/14;79.50;80.41;76.65;79.01;1954492
FR0000121667;17/10/14;79.02;82.58;78.84;82.47;1682126
FR0000121667;20/10/14;82.17;82.96;80.44;80.87;843122
FR0000121667;21/10/14;80.75;82.50;80.73;82.43;696054
FR0000121667;22/10/14;82.35;83.07;82.09;82.97;569190
FR0000121667;23/10/14;82.95;84.70;82.33;84.51;702888
FR0000121667;24/10/14;84.46;85.01;83.67;84.10;615926
FR0000121667;27/10/14;84.65;85.16;83.95;84.42;586020
FR0000121667;28/10/14;85.01;86.15;84.99;85.91;665018
FR0000121667;29/10/14;86.23;86.76;85.71;85.89;448333
FR0000121667;30/10/14;86.69;86.70;84.41;86.45;586457
FR0000121667;31/10/14;87.26;88.55;87.26;88.10;851007
FR0000121972;01/10/14;60.68;61.00;59.95;60.24;2024712
FR0000121972;02/10/14;60.01;60.70;58.77;58.77;2766517
FR0000121972;03/10/14;59.15;59.95;58.94;59.59;1495307
FR0000121972;06/10/14;60.20;60.25;58.70;58.85;1849283
FR0000121972;07/10/14;58.75;59.11;58.06;58.06;2336715
FR0000121972;08/10/14;57.97;58.20;56.86;57.11;1981319
FR0000121972;09/10/14;57.69;58.20;56.78;57.08;2314161
FR0000121972;10/10/14;56.55;56.64;55.36;55.37;2560998
FR0000121972;13/10/14;54.93;56.60;54.67;55.98;1814157
FR0000121972;14/10/14;55.69;57.15;55.13;56.96;1783149
FR0000121972;15/10/14;56.78;57.16;54.25;54.73;2945019
FR0000121972;16/10/14;55.02;55.78;52.59;55.36;4094262
FR0000121972;17/10/14;55.37;57.68;55.17;57.60;3426684
FR0000121972;20/10/14;57.14;57.44;55.82;56.13;2618368
FR0000121972;21/10/14;55.86;57.89;55.67;57.63;2212525
FR0000121972;22/10/14;57.98;58.60;57.20;58.49;2085349
FR0000121972;23/10/14;58.29;58.83;57.31;58.53;1828052
FR0000121972;24/10/14;58.31;58.53;57.78;57.89;1357697
FR0000121972;27/10/14;58.32;58.32;56.73;57.35;1379049
FR0000121972;28/10/14;57.92;59.20;57.89;58.87;1953021
FR0000121972;29/10/14;61.22;61.26;60.15;60.28;2402159
FR0000121972;30/10/14;60.81;61.01;59.12;60.70;2087536
FR0000121972;31/10/14;61.76;63.14;61.35;62.88;3173308
FR0000124141;01/10/14;13.98;14.195;13.875;13.95;3088779
FR0000124141;02/10/14;13.90;13.935;13.405;13.44;3272759
FR0000124141;03/10/14;13.565;13.69;13.39;13.615;1974246
FR0000124141;06/10/14;13.695;13.825;13.615;13.765;2168185
FR0000124141;07/10/14;13.745;13.795;13.475;13.53;2733127
FR0000124141;08/10/14;13.485;13.52;13.165;13.28;2615476
FR0000124141;09/10/14;13.39;13.47;13.125;13.175;2330339
FR0000124141;10/10/14;13.07;13.215;12.89;13.085;2854238
FR0000124141;13/10/14;12.955;13.185;12.92;13.105;1572798
FR0000124141;14/10/14;13.01;13.11;12.90;13.015;2326906
FR0000124141;15/10/14;12.965;13.06;12.53;12.55;2690601
FR0000124141;16/10/14;12.55;12.63;11.99;12.34;4188044
FR0000124141;17/10/14;12.34;12.83;12.32;12.815;3310497
FR0000124141;20/10/14;12.81;12.865;12.63;12.79;1967603
FR0000124141;21/10/14;12.745;13.09;12.725;13.09;2066165
FR0000124141;22/10/14;13.14;13.26;13.05;13.225;1644683
FR0000124141;23/10/14;13.21;13.355;12.955;13.33;1958696
FR0000124141;24/10/14;13.29;13.38;13.155;13.155;1613817
FR0000124141;27/10/14;13.30;13.37;12.97;13.08;1490957
FR0000124141;28/10/14;13.165;13.315;13.14;13.30;1679691
FR0000124141;29/10/14;13.35;13.395;13.06;13.095;2518778
FR0000124141;30/10/14;13.20;13.20;12.66;13.095;2596397
FR0000124141;31/10/14;13.235;13.39;13.135;13.335;3197575
FR0000124711;01/10/14;204.20;206.25;201.80;201.95;353385
FR0000124711;02/10/14;201.50;201.95;197.85;197.85;457549
FR0000124711;03/10/14;198.35;199.70;197.85;198.75;271430
FR0000124711;06/10/14;200.45;200.95;199.00;199.50;230041
FR0000124711;07/10/14;198.30;199.10;195.25;195.40;409092
FR0000124711;08/10/14;195.00;195.55;193.75;194.45;310098
FR0000124711;09/10/14;196.00;197.10;193.20;193.90;331916
FR0000124711;10/10/14;192.90;194.40;191.40;193.10;429510
FR0000124711;13/10/14;191.20;194.30;191.05;194.15;365767
FR0000124711;14/10/14;192.40;193.75;191.00;193.00;393803
FR0000124711;15/10/14;192.35;192.45;186.05;186.15;694819
FR0000124711;16/10/14;187.65;188.30;180.70;186.85;823344
FR0000124711;17/10/14;186.85;189.60;185.65;189.30;866895
FR0000124711;20/10/14;188.45;189.55;187.20;189.15;373880
FR0000124711;21/10/14;188.80;194.40;188.15;194.35;393231
FR0000124711;22/10/14;194.30;194.35;192.50;193.35;395583
FR0000124711;23/10/14;192.90;196.50;192.15;195.45;359658
FR0000124711;24/10/14;194.10;196.15;193.60;195.05;252847
FR0000124711;27/10/14;197.30;197.30;192.85;193.70;285630
FR0000124711;28/10/14;195.35;199.00;194.15;198.75;372479
FR0000124711;29/10/14;198.50;200.30;198.40;199.20;268476
FR0000124711;30/10/14;200.05;200.10;195.05;199.55;297420
FR0000124711;31/10/14;201.20;204.45;201.05;204.45;472501
FR0000125007;01/10/14;36.185;36.705;35.90;36.21;2393512
FR0000125007;02/10/14;36.075;36.075;34.535;34.535;4034638
FR0000125007;03/10/14;34.80;34.845;33.515;33.805;3832652
FR0000125007;06/10/14;34.20;34.585;33.89;34.175;3665598
FR0000125007;07/10/14;34.00;34.01;33.17;33.215;3529921
FR0000125007;08/10/14;33.095;33.275;32.38;32.545;3449744
FR0000125007;09/10/14;33.155;33.30;32.37;32.40;3031292
FR0000125007;10/10/14;32.205;32.275;31.61;31.65;3183991
FR0000125007;13/10/14;31.40;32.40;31.28;31.935;2149691
FR0000125007;14/10/14;31.745;32.765;31.665;32.545;2936277
FR0000125007;15/10/14;32.48;32.75;30.915;31.145;3824873
FR0000125007;16/10/14;31.305;31.615;29.51;31.395;4917271
FR0000125007;17/10/14;31.395;32.945;31.255;32.865;4295602
FR0000125007;20/10/14;32.825;32.895;32.185;32.335;2557622
FR0000125007;21/10/14;32.16;33.41;32.075;33.25;2398670
FR0000125007;22/10/14;33.25;33.66;33.105;33.395;2426025
FR0000125007;23/10/14;33.10;33.71;32.68;33.59;2096632
FR0000125007;24/10/14;33.50;33.70;33.065;33.40;2277301
FR0000125007;27/10/14;33.95;33.955;32.12;32.68;2567722
FR0000125007;28/10/14;33.25;33.72;33.175;33.54;2313857
FR0000125007;29/10/14;33.81;34.07;33.325;33.46;1823339
FR0000125007;30/10/14;33.94;33.95;32.465;33.265;2638731
FR0000125007;31/10/14;33.85;34.435;33.605;34.245;2783941
FR0000125338;01/10/14;56.61;56.98;55.39;55.88;808489
FR0000125338;02/10/14;55.81;56.29;54.89;54.89;893959
FR0000125338;03/10/14;55.29;55.46;54.02;54.57;965410
FR0000125338;06/10/14;54.88;55.23;54.60;54.79;498424
FR0000125338;07/10/14;54.67;54.85;52.91;52.95;973042
FR0000125338;08/10/14;52.69;52.87;52.04;52.42;852363
FR0000125338;09/10/14;53.08;53.52;51.95;52.17;727683
FR0000125338;10/10/14;52.00;52.59;51.66;52.05;849918
FR0000125338;13/10/14;51.60;52.40;51.36;51.84;674505
FR0000125338;14/10/14;51.59;51.88;50.82;51.74;798668
FR0000125338;15/10/14;51.69;52.21;49.765;50.00;1262868
FR0000125338;16/10/14;50.18;50.71;48.40;49.62;1317392
FR0000125338;17/10/14;49.57;51.26;49.22;51.13;1284685
FR0000125338;20/10/14;50.79;51.16;49.345;49.36;1607838
FR0000125338;21/10/14;49.13;50.61;49.11;50.44;1571024
FR0000125338;22/10/14;50.69;52.42;50.40;51.83;1084896
FR0000125338;23/10/14;51.66;51.96;50.80;51.86;908348
FR0000125338;24/10/14;51.49;52.03;51.15;51.21;789384
FR0000125338;27/10/14;51.58;51.73;50.52;50.80;423955
FR0000125338;28/10/14;51.24;52.01;51.24;51.49;715871
FR0000125338;29/10/14;51.67;52.02;51.47;51.66;662200
FR0000125338;30/10/14;51.91;52.22;50.94;51.57;753235
FR0000125338;31/10/14;52.19;52.98;51.73;52.46;771469
FR0000125486;01/10/14;45.975;46.36;45.53;45.62;1399797
FR0000125486;02/10/14;45.51;45.96;44.725;44.725;2697710
FR0000125486;03/10/14;44.96;45.55;44.77;45.345;1750263
FR0000125486;06/10/14;45.70;45.85;45.16;45.30;1533201
FR0000125486;07/10/14;45.28;45.495;44.515;44.515;2482721
FR0000125486;08/10/14;44.50;44.565;43.295;43.45;2589701
FR0000125486;09/10/14;44.235;44.475;43.12;43.27;2693929
FR0000125486;10/10/14;43.005;43.13;42.03;42.085;3346525
FR0000125486;13/10/14;41.83;43.00;41.57;42.90;2510866
FR0000125486;14/10/14;42.40;43.735;42.26;43.645;2831230
FR0000125486;15/10/14;43.71;43.72;41.375;41.405;3234465
FR0000125486;16/10/14;41.64;42.535;39.975;42.32;4968012
FR0000125486;17/10/14;42.295;43.96;42.11;43.80;3910353
FR0000125486;20/10/14;43.77;44.31;43.465;44.025;2685054
FR0000125486;21/10/14;43.70;44.70;43.56;44.685;2449357
FR0000125486;22/10/14;44.705;44.97;44.46;44.62;2036062
FR0000125486;23/10/14;44.345;44.965;43.965;44.785;1768132
FR0000125486;24/10/14;44.335;44.455;43.845;44.085;2857475
FR0000125486;27/10/14;44.68;44.685;42.935;43.525;2370533
FR0000125486;28/10/14;44.035;44.40;43.71;43.715;2603308
FR0000125486;29/10/14;44.00;44.145;43.565;43.62;1629947
FR0000125486;30/10/14;43.935;44.065;43.14;43.92;2398579
FR0000125486;31/10/14;44.57;45.585;44.20;45.475;2646666
FR0000127771;01/10/14;19.075;19.16;18.67;18.72;6644295
FR0000127771;02/10/14;18.68;18.75;18.495;18.535;7595245
FR0000127771;03/10/14;18.655;18.755;18.595;18.675;3158257
FR0000127771;06/10/14;18.825;18.975;18.645;18.88;4287557
FR0000127771;07/10/14;18.83;18.86;18.52;18.57;5762934
FR0000127771;08/10/14;18.53;18.61;18.41;18.45;5298291
FR0000127771;09/10/14;18.70;18.73;18.205;18.255;6133705
FR0000127771;10/10/14;18.15;18.315;18.10;18.15;5535933
FR0000127771;13/10/14;18.045;18.15;17.99;18.07;3971790
FR0000127771;14/10/14;18.005;18.075;17.88;17.985;5905021
FR0000127771;15/10/14;17.93;17.935;17.595;17.595;11447447
FR0000127771;16/10/14;17.80;17.92;17.32;17.70;11793275
FR0000127771;17/10/14;17.72;18.085;17.72;18.045;10131965
FR0000127771;20/10/14;18.02;18.135;17.88;18.00;4208992
FR0000127771;21/10/14;17.945;18.375;17.91;18.365;6381438
FR0000127771;22/10/14;18.345;18.44;18.285;18.43;3802513
FR0000127771;23/10/14;18.38;18.725;18.33;18.685;5425976
FR0000127771;24/10/14;18.66;18.79;18.52;18.645;4300957
FR0000127771;27/10/14;18.785;18.785;18.51;18.655;3833905
FR0000127771;28/10/14;18.85;19.025;18.82;18.99;6224398
FR0000127771;29/10/14;19.075;19.135;19.00;19.025;3048656
FR0000127771;30/10/14;19.095;19.205;18.775;19.12;4031160
FR0000127771;31/10/14;19.365;19.52;19.325;19.475;6610487
FR0000130577;01/10/14;54.10;55.04;53.68;54.18;811186
FR0000130577;02/10/14;54.60;55.35;53.56;53.56;966929
FR0000130577;03/10/14;53.85;53.88;53.16;53.28;678114
FR0000130577;06/10/14;53.76;54.92;53.52;54.70;532662
FR0000130577;07/10/14;54.89;54.89;53.70;53.70;761288
FR0000130577;08/10/14;53.64;53.74;52.54;52.84;794873
FR0000130577;09/10/14;53.30;53.40;52.29;52.72;662219
FR0000130577;10/10/14;52.37;52.51;51.65;51.68;1031933
FR0000130577;13/10/14;51.28;52.04;51.03;51.28;709536
FR0000130577;14/10/14;50.97;51.58;50.28;51.44;972124
FR0000130577;15/10/14;51.45;51.78;50.03;50.44;1049483
FR0000130577;16/10/14;50.63;51.55;49.62;51.39;1469456
FR0000130577;17/10/14;51.55;53.36;51.47;53.21;1326019
FR0000130577;20/10/14;53.08;53.17;51.76;51.76;1042281
FR0000130577;21/10/14;51.33;53.28;51.32;53.28;1095495
FR0000130577;22/10/14;53.28;54.03;53.22;53.55;984545
FR0000130577;23/10/14;52.39;52.79;49.635;52.00;2104627
FR0000130577;24/10/14;51.99;52.10;51.27;51.34;1119695
FR0000130577;27/10/14;51.85;51.99;51.27;51.57;582472
FR0000130577;28/10/14;51.93;52.64;51.91;52.58;705571
FR0000130577;29/10/14;52.80;53.73;52.80;53.41;608364
FR0000130577;30/10/14;53.47;54.23;53.17;54.04;722604
FR0000130577;31/10/14;54.46;55.58;54.46;55.27;1009528
FR0000130809;01/10/14;40.20;40.91;40.17;40.665;3889660
FR0000130809;02/10/14;40.59;40.62;38.48;38.61;8892376
FR0000130809;03/10/14;39.055;39.755;38.81;39.55;4436637
FR0000130809;06/10/14;39.98;40.38;39.84;39.975;4250746
FR0000130809;07/10/14;39.88;40.055;38.73;38.92;5553046
FR0000130809;08/10/14;38.64;39.19;38.26;38.495;4282786
FR0000130809;09/10/14;39.185;39.225;37.345;37.655;6145229
FR0000130809;10/10/14;37.15;37.955;36.775;36.79;7942336
FR0000130809;13/10/14;36.49;37.74;36.305;37.015;5319777
FR0000130809;14/10/14;36.77;37.24;36.11;37.06;5308332
FR0000130809;15/10/14;36.885;37.24;34.955;35.145;8026705
FR0000130809;16/10/14;35.315;35.465;32.435;34.385;15433736
FR0000130809;17/10/14;34.69;36.605;34.29;36.195;11200723
FR0000130809;20/10/14;36.145;36.665;35.70;36.17;5822130
FR0000130809;21/10/14;36.01;37.85;35.865;37.505;7231667
FR0000130809;22/10/14;37.66;37.84;36.98;37.76;4841004
FR0000130809;23/10/14;37.41;38.90;37.18;38.605;5934567
FR0000130809;24/10/14;38.485;39.10;38.20;38.835;5434923
FR0000130809;27/10/14;39.90;39.98;37.14;37.765;8482229
FR0000130809;28/10/14;38.29;38.785;37.83;38.43;4705916
FR0000130809;29/10/14;38.82;38.90;36.955;37.285;5439417
FR0000130809;30/10/14;37.705;37.885;35.925;37.17;6804035
FR0000130809;31/10/14;38.05;38.755;37.345;38.415;6446281
FR0000131104;01/10/14;52.18;53.00;52.18;52.35;3384099
FR0000131104;02/10/14;52.51;52.57;50.51;50.53;6625872
FR0000131104;03/10/14;51.18;51.43;50.61;50.94;3559433
FR0000131104;06/10/14;51.34;51.67;51.00;51.16;3395991
FR0000131104;07/10/14;51.03;51.30;50.02;50.10;5197750
FR0000131104;08/10/14;49.975;50.50;49.075;49.41;5323056
FR0000131104;09/10/14;50.33;50.33;48.32;48.85;6386108
FR0000131104;10/10/14;48.415;49.245;48.375;48.515;6456976
FR0000131104;13/10/14;48.235;49.335;48.03;48.515;5835166
FR0000131104;14/10/14;48.20;48.905;47.535;48.695;5331078
FR0000131104;15/10/14;48.51;48.595;46.20;46.455;10492195
FR0000131104;16/10/14;46.865;46.955;43.275;45.45;13279540
FR0000131104;17/10/14;45.67;47.435;45.175;47.00;11170377
FR0000131104;20/10/14;47.13;47.425;46.555;47.065;6849998
FR0000131104;21/10/14;47.14;48.64;46.83;48.29;7565649
FR0000131104;22/10/14;48.77;48.775;48.075;48.475;5838881
FR0000131104;23/10/14;48.16;49.535;47.85;49.205;5456278
FR0000131104;24/10/14;49.12;50.00;49.02;49.505;6107888
FR0000131104;27/10/14;50.47;50.48;48.31;48.885;7275109
FR0000131104;28/10/14;49.385;50.07;49.12;49.525;4819877
FR0000131104;29/10/14;49.675;49.87;48.245;48.47;5543701
FR0000131104;30/10/14;49.01;49.09;47.375;48.465;7401214
FR0000131104;31/10/14;50.50;50.67;49.495;50.14;7145407
FR0000131906;01/10/14;56.94;57.71;55.31;55.98;1815398
FR0000131906;02/10/14;55.65;56.85;54.29;54.32;2387416
FR0000131906;03/10/14;54.85;55.83;54.61;55.11;1158272
FR0000131906;06/10/14;55.66;56.33;54.71;54.96;1170699
FR0000131906;07/10/14;54.76;55.81;54.32;55.17;1655600
FR0000131906;08/10/14;54.87;55.92;54.23;54.64;1472215
FR0000131906;09/10/14;55.15;55.67;54.31;54.65;1948185
FR0000131906;10/10/14;53.93;54.17;52.25;53.19;1962427
FR0000131906;13/10/14;52.64;54.30;52.50;53.18;1183947
FR0000131906;14/10/14;52.74;54.59;52.69;54.11;1836307
FR0000131906;15/10/14;54.10;54.48;51.21;51.95;2178436
FR0000131906;16/10/14;52.30;52.93;49.50;52.38;2872364
FR0000131906;17/10/14;52.98;54.95;52.75;54.47;2103979
FR0000131906;20/10/14;54.46;55.93;53.87;54.16;1519733
FR0000131906;21/10/14;53.89;55.99;53.70;55.29;1513022
FR0000131906;22/10/14;55.79;56.48;55.56;55.88;1315395
FR0000131906;23/10/14;55.42;55.95;54.08;55.58;1514066
FR0000131906;24/10/14;55.31;56.03;54.76;55.15;807913
FR0000131906;27/10/14;55.83;55.83;53.39;54.20;1597943
FR0000131906;28/10/14;54.69;55.43;54.50;55.20;1413379
FR0000131906;29/10/14;55.52;56.49;55.20;55.59;1230136
FR0000131906;30/10/14;58.50;59.10;56.59;57.21;2581754
FR0000131906;31/10/14;58.99;59.54;58.51;59.23;2008725
FR0000133308;01/10/14;11.72;11.73;11.405;11.415;18833758
FR0000133308;02/10/14;11.40;11.48;11.135;11.135;11895764
FR0000133308;03/10/14;11.235;11.37;11.165;11.315;8146668
FR0000133308;06/10/14;11.39;11.455;11.24;11.29;5290358
FR0000133308;07/10/14;11.26;11.27;11.035;11.06;9872642
FR0000133308;08/10/14;11.075;11.17;11.00;11.045;7754673
FR0000133308;09/10/14;11.17;11.18;10.82;10.90;9833778
FR0000133308;10/10/14;10.845;10.96;10.75;10.805;8056471
FR0000133308;13/10/14;10.705;10.885;10.65;10.85;6389010
FR0000133308;14/10/14;11.02;11.22;10.79;11.18;17302248
FR0000133308;15/10/14;11.145;11.155;10.705;10.725;12709301
FR0000133308;16/10/14;10.85;10.895;10.20;10.52;20662723
FR0000133308;17/10/14;10.505;10.715;10.49;10.65;13730523
FR0000133308;20/10/14;10.605;10.825;10.53;10.80;9339880
FR0000133308;21/10/14;10.735;10.94;10.69;10.915;9749006
FR0000133308;22/10/14;10.905;10.99;10.825;10.915;8971564
FR0000133308;23/10/14;11.08;11.49;11.035;11.42;17339777
FR0000133308;24/10/14;11.395;11.675;11.30;11.58;10723361
FR0000133308;27/10/14;11.69;11.76;11.435;11.62;7690850
FR0000133308;28/10/14;11.725;12.065;11.705;12.035;9240859
FR0000133308;29/10/14;12.105;12.325;12.10;12.215;8103922
FR0000133308;30/10/14;12.215;12.38;11.915;12.37;10425766
FR0000133308;31/10/14;12.52;12.86;12.49;12.715;13107245
FR0010208488;01/10/14;19.815;19.915;19.64;19.715;5397853
FR0010208488;02/10/14;19.725;19.895;19.225;19.225;7054298
FR0010208488;03/10/14;19.37;19.56;19.225;19.455;4622968
FR0010208488;06/10/14;19.55;19.58;19.36;19.40;2860113
FR0010208488;07/10/14;19.37;19.37;18.985;19.015;5961890
FR0010208488;08/10/14;19.01;19.115;18.92;19.00;5333643
FR0010208488;09/10/14;19.19;19.195;18.605;18.79;7283833
FR0010208488;10/10/14;18.73;18.84;18.415;18.505;9302860
FR0010208488;13/10/14;17.94;18.17;17.705;18.085;6497272
FR0010208488;14/10/14;18.00;18.15;17.72;18.085;6477761
FR0010208488;15/10/14;17.995;17.995;17.065;17.105;13352574
FR0010208488;16/10/14;17.15;17.20;16.17;16.935;15950786
FR0010208488;17/10/14;17.21;17.855;17.13;17.835;16915840
FR0010208488;20/10/14;17.755;17.81;17.415;17.59;8129359
FR0010208488;21/10/14;17.53;18.00;17.50;17.93;7141561
FR0010208488;22/10/14;17.82;18.005;17.64;17.995;5335293
FR0010208488;23/10/14;18.005;18.29;17.845;18.235;5075189
FR0010208488;24/10/14;18.16;18.225;18.035;18.175;5113414
FR0010208488;27/10/14;18.265;18.345;17.93;18.09;4681278
FR0010208488;28/10/14;18.245;18.765;18.245;18.65;7623036
FR0010208488;29/10/14;18.64;18.98;18.62;18.87;7819355
FR0010208488;30/10/14;18.92;19.01;18.43;18.93;5595489
FR0010208488;31/10/14;19.195;19.385;19.095;19.355;7877898
FR0010307819;01/10/14;41.09;41.43;40.635;40.735;511833
FR0010307819;02/10/14;40.61;40.715;39.785;39.91;778228
FR0010307819;03/10/14;40.115;40.46;39.96;40.185;474150
FR0010307819;06/10/14;40.34;40.405;39.935;40.04;371168
FR0010307819;07/10/14;40.00;40.00;39.215;39.215;738287
FR0010307819;08/10/14;39.00;39.17;38.55;39.015;765829
FR0010307819;09/10/14;39.28;39.72;38.51;38.755;897014
FR0010307819;10/10/14;38.445;38.72;38.02;38.385;1080704
FR0010307819;13/10/14;38.07;38.89;37.80;38.515;493524
FR0010307819;14/10/14;38.23;39.165;37.80;39.105;648361
FR0010307819;15/10/14;39.08;39.22;37.625;37.85;866737
FR0010307819;16/10/14;38.06;38.58;36.67;38.50;1404323
FR0010307819;17/10/14;38.50;39.535;38.38;39.485;1053420
FR0010307819;20/10/14;39.445;39.94;39.27;39.48;1067908
FR0010307819;21/10/14;39.335;40.53;39.25;40.51;754095
FR0010307819;22/10/14;40.615;41.30;40.605;40.71;588343
FR0010307819;23/10/14;40.50;41.035;40.135;40.835;953986
FR0010307819;24/10/14;40.73;40.885;40.06;40.17;582053
FR0010307819;27/10/14;40.40;40.48;39.76;40.025;744332
FR0010307819;28/10/14;40.33;40.835;40.17;40.70;558148
FR0010307819;29/10/14;41.00;41.98;40.965;41.805;771971
FR0010307819;30/10/14;42.41;42.41;41.34;42.15;836729
FR0010307819;31/10/14;42.63;42.94;42.41;42.94;701365
FR0013176526;01/10/14;29.1033;29.1633;28.00;28.1767;2432619
FR0013176526;02/10/14;28.1667;28.8133;27.82;27.86;1753251
FR0013176526;03/10/14;28.0567;28.66;28.00;28.4667;1096212
FR0013176526;06/10/14;28.6667;29.1667;28.3133;28.3867;1176231
FR0013176526;07/10/14;28.2733;28.8767;28.0667;28.1867;1622973
FR0013176526;08/10/14;28.0333;28.06;27.02;27.1333;1614381
FR0013176526;09/10/14;27.5833;27.98;27.07;27.1967;1481646
FR0013176526;10/10/14;26.93;27.0267;26.1967;26.33;1608141
FR0013176526;13/10/14;26.16;26.7667;25.9467;26.37;1249959
FR0013176526;14/10/14;26.21;27.2667;26.1667;27.1767;1709163
FR0013176526;15/10/14;27.15;27.35;25.7667;25.9467;1688091
FR0013176526;16/10/14;26.09;26.5167;24.6467;26.1867;2721450
FR0013176526;17/10/14;26.4633;27.6567;26.4333;27.4067;2039049
FR0013176526;20/10/14;27.3167;27.5533;26.8867;27.2833;1575909
FR0013176526;21/10/14;27.2033;28.4033;27.0267;28.3467;1420335
FR0013176526;22/10/14;28.7033;29.39;28.6167;28.6567;2056251
FR0013176526;23/10/14;28.38;28.6933;27.6767;28.52;1298226
FR0013176526;24/10/14;28.34;28.79;28.2867;28.5667;941097
FR0013176526;27/10/14;28.9167;29.02;27.6733;27.9667;1059804
FR0013176526;28/10/14;28.2067;28.7833;28.1933;28.5233;909429
FR0013176526;29/10/14;28.6667;29.1833;28.5567;28.9167;1126125
FR0013176526;30/10/14;29.34;29.6667;28.7233;29.4267;1569570
FR0013176526;31/10/14;29.91;30.1667;29.53;29.7767;1391307
GB00BDSFG982;01/10/14;33.25;33.25;32.44;32.71;1152988
GB00BDSFG982;02/10/14;32.515;32.815;32.25;32.25;1360598
GB00BDSFG982;03/10/14;32.49;32.54;31.94;31.975;993832
GB00BDSFG982;06/10/14;32.105;32.16;31.53;31.58;862402
GB00BDSFG982;07/10/14;31.35;31.37;30.75;31.10;1677664
GB00BDSFG982;08/10/14;30.945;31.43;30.755;31.165;1396668
GB00BDSFG982;09/10/14;31.50;31.825;31.42;31.505;1081358
GB00BDSFG982;10/10/14;30.805;30.85;29.765;30.24;1942410
GB00BDSFG982;13/10/14;30.00;30.60;29.75;30.01;1119258
GB00BDSFG982;14/10/14;29.755;29.815;29.015;29.14;2047828
GB00BDSFG982;15/10/14;29.05;29.37;28.215;28.45;2458014
GB00BDSFG982;16/10/14;28.585;28.795;27.12;28.10;3026598
GB00BDSFG982;17/10/14;28.20;28.825;28.115;28.765;1748812
GB00BDSFG982;20/10/14;28.63;28.715;27.70;27.925;1703576
GB00BDSFG982;21/10/14;27.745;28.41;27.51;28.17;2182892
GB00BDSFG982;22/10/14;28.09;28.225;27.895;28.175;1158192
GB00BDSFG982;23/10/14;28.00;28.21;27.39;28.155;1363996
GB00BDSFG982;24/10/14;28.11;28.205;27.745;27.815;737984
GB00BDSFG982;27/10/14;28.105;28.105;27.195;27.39;1084442
GB00BDSFG982;28/10/14;27.79;28.615;27.25;28.035;2418080
GB00BDSFG982;29/10/14;28.01;28.375;27.705;27.735;1595328
GB00BDSFG982;30/10/14;29.385;29.865;27.805;28.615;3148476
GB00BDSFG982;31/10/14;29.16;29.24;28.39;28.86;2561004
LU1598757687;01/10/14;32.49;32.70;31.905;31.905;3569801
LU1598757687;02/10/14;31.41;31.92;30.57;30.57;6399554
LU1598757687;03/10/14;31.005;31.11;30.525;30.615;3904831
LU1598757687;06/10/14;30.60;31.26;30.315;30.795;4136704
LU1598757687;07/10/14;31.005;31.185;30.555;30.78;3753674
LU1598757687;08/10/14;30.54;30.675;29.553;29.70;5428700
LU1598757687;09/10/14;30.15;30.57;29.487;29.70;4833039
LU1598757687;10/10/14;29.265;29.412;28.32;28.941;7718656
LU1598757687;13/10/14;28.56;30.06;28.452;29.574;7274788
LU1598757687;14/10/14;29.367;30.15;29.22;30.075;5674155
LU1598757687;15/10/14;29.91;30.06;28.215;28.467;9368604
LU1598757687;16/10/14;28.704;29.127;27.03;28.968;9759297
LU1598757687;17/10/14;29.01;29.622;28.611;29.313;6233825
LU1598757687;20/10/14;29.28;29.307;28.605;28.791;4181674
LU1598757687;21/10/14;28.89;30.375;28.65;30.285;5577875
LU1598757687;22/10/14;30.45;30.525;29.82;30.135;3277818
LU1598757687;23/10/14;29.976;30.375;29.376;30.30;3031501
LU1598757687;24/10/14;30.18;30.66;30.03;30.48;2307188
LU1598757687;27/10/14;30.75;30.795;29.232;29.502;4264667
LU1598757687;28/10/14;29.901;30.735;29.634;30.705;3188101
LU1598757687;29/10/14;31.005;31.29;30.765;30.78;2421215
LU1598757687;30/10/14;31.02;31.065;29.64;30.51;4142623
LU1598757687;31/10/14;30.945;31.41;30.63;31.32;3269695
NL0000226223;01/10/14;6.108;6.20;6.048;6.058;4544819
NL0000226223;02/10/14;6.053;6.151;5.99;5.999;2156832
NL0000226223;03/10/14;6.038;6.145;6.009;6.135;1337737
NL0000226223;06/10/14;6.188;6.215;6.12;6.145;1667420
NL0000226223;07/10/14;6.105;6.12;5.994;6.001;2215850
NL0000226223;08/10/14;5.967;5.991;5.871;5.908;1908995
NL0000226223;09/10/14;6.00;6.048;5.908;5.912;2127412
NL0000226223;10/10/14;5.75;5.762;5.558;5.578;6103583
NL0000226223;13/10/14;5.41;5.461;5.251;5.319;5567863
NL0000226223;14/10/14;5.294;5.449;5.255;5.425;3174828
NL0000226223;15/10/14;5.433;5.513;5.158;5.192;3647450
NL0000226223;16/10/14;5.239;5.284;5.043;5.169;4481743
NL0000226223;17/10/14;5.223;5.306;5.173;5.294;3852100
NL0000226223;20/10/14;5.287;5.287;5.18;5.242;2620273
NL0000226223;21/10/14;5.221;5.38;5.201;5.362;3066816
NL0000226223;22/10/14;5.393;5.515;5.381;5.495;2669838
NL0000226223;23/10/14;5.49;5.53;5.428;5.506;2395429
NL0000226223;24/10/14;5.488;5.513;5.45;5.505;1421038
NL0000226223;27/10/14;5.544;5.552;5.374;5.426;2437419
NL0000226223;28/10/14;5.482;5.585;5.465;5.56;2412084
NL0000226223;29/10/14;5.248;5.26;4.986;5.004;8945002
NL0000226223;30/10/14;5.046;5.081;4.894;5.061;3457103
NL0000226223;31/10/14;5.13;5.341;5.128;5.319;5946307
NL0000235190;01/10/14;49.765;50.20;48.90;49.09;2499382
NL0000235190;02/10/14;48.96;49.675;47.87;47.87;3572859
NL0000235190;03/10/14;48.165;49.845;48.085;49.58;2947224
NL0000235190;06/10/14;50.13;50.35;49.715;49.925;2368745
NL0000235190;07/10/14;49.735;49.795;48.51;48.61;3499897
NL0000235190;08/10/14;48.335;48.985;47.26;47.58;3314996
NL0000235190;09/10/14;48.31;48.46;45.50;45.65;4860904
NL0000235190;10/10/14;45.30;46.08;44.07;45.44;5000960
NL0000235190;13/10/14;44.805;46.265;44.66;45.455;2867936
NL0000235190;14/10/14;45.03;46.09;44.415;45.905;3034247
NL0000235190;15/10/14;46.205;46.695;43.615;43.70;4677802
NL0000235190;16/10/14;44.50;44.52;41.05;42.75;7993544
NL0000235190;17/10/14;42.795;44.035;41.98;43.96;5999401
NL0000235190;20/10/14;43.915;44.095;43.305;43.67;2489536
NL0000235190;21/10/14;43.40;44.965;43.335;44.865;3143762
NL0000235190;22/10/14;45.10;45.64;44.785;45.21;3341269
NL0000235190;23/10/14;44.42;45.645;44.36;45.535;2639542
NL0000235190;24/10/14;45.095;45.60;44.975;45.29;2085574
NL0000235190;27/10/14;45.10;45.29;44.315;44.76;2452021
NL0000235190;28/10/14;44.635;45.67;44.63;45.415;2296543
NL0000235190;29/10/14;45.045;46.32;45.02;45.80;2312120
NL0000235190;30/10/14;45.025;46.325;44.675;45.905;3109545
NL0000235190;31/10/14;46.385;47.92;46.385;47.60;3612634
