BE0003470755;19/04/18;114.60;115.40;114.55;115.05;149615
BE0003470755;20/04/18;115.05;115.80;114.25;115.60;207852
CH0012214059;19/04/18;45.37;45.97;45.37;45.92;132364
CH0012214059;20/04/18;45.86;46.49;45.86;46.42;320780
FR0000045072;19/04/18;13.46;13.53;13.405;13.50;3219481
FR0000045072;20/04/18;13.525;13.635;13.485;13.585;4221609
FR0000051732;19/04/18;111.40;111.60;110.05;110.05;234130
FR0000051732;20/04/18;110.15;111.10;109.75;110.35;303597
FR0000073272;19/04/18;89.98;90.54;89.42;90.18;753487
FR0000073272;20/04/18;90.18;90.46;89.54;90.08;1213607
FR0000120073;19/04/18;102.95;103.70;102.95;103.65;723476
FR0000120073;20/04/18;103.80;105.00;103.30;104.70;1040272
FR0000120172;19/04/18;16.23;16.53;16.23;16.41;3298983
FR0000120172;20/04/18;16.40;16.63;16.40;16.465;2759491
FR0000120271;19/04/18;49.745;50.40;49.725;50.30;5886295
FR0000120271;20/04/18;50.30;50.83;49.855;50.64;8508792
FR0000120321;19/04/18;190.20;191.40;189.50;190.10;481261
FR0000120321;20/04/18;190.10;191.65;189.10;191.40;620454
FR0000120404;19/04/18;44.71;45.01;43.96;45.00;976101
FR0000120404;20/04/18;44.99;45.51;44.95;45.51;739676
FR0000120503;19/04/18;42.47;43.00;42.42;42.86;794905
FR0000120503;20/04/18;42.80;43.00;42.63;42.82;743105
FR0000120578;19/04/18;65.76;66.05;65.35;65.60;2183232
FR0000120578;20/04/18;65.20;65.95;65.08;65.28;3237572
FR0000120628;19/04/18;23.34;23.55;23.32;23.455;6341265
FR0000120628;20/04/18;23.60;23.60;23.35;23.415;9178220
FR0000120644;19/04/18;67.50;67.74;66.01;66.46;1987712
FR0000120644;20/04/18;66.13;66.53;65.89;66.38;2286718
FR0000120693;19/04/18;141.25;141.90;137.50;138.70;583044
FR0000120693;20/04/18;139.05;139.40;138.30;139.00;467468
FR0000121014;19/04/18;282.90;282.95;276.10;277.20;610663
FR0000121014;20/04/18;278.50;280.80;276.85;279.25;764368
FR0000121220;19/04/18;79.76;80.86;79.42;80.78;407132
FR0000121220;20/04/18;80.82;82.22;80.70;82.14;455230
FR0000121261;19/04/18;117.00;118.75;116.20;118.30;583143
FR0000121261;20/04/18;118.30;118.30;116.25;117.25;649149
FR0000121485;19/04/18;434.20;434.50;427.60;429.00;154267
FR0000121485;20/04/18;429.00;435.80;428.20;431.00;204890
FR0000121501;19/04/18;20.50;20.71;20.48;20.57;1852302
FR0000121501;20/04/18;20.50;20.78;20.36;20.78;3185914
FR0000121667;19/04/18;113.30;113.35;112.65;113.35;331555
FR0000121667;20/04/18;113.30;114.45;112.90;114.45;587616
FR0000121972;19/04/18;74.64;74.84;73.86;74.18;1822841
FR0000121972;20/04/18;74.50;75.66;74.08;75.36;2162249
FR0000124141;19/04/18;19.32;19.545;19.315;19.42;1339265
FR0000124141;20/04/18;19.375;19.45;19.215;19.305;1278104
FR0000124711;19/04/18;192.75;194.05;191.70;191.80;297572
FR0000124711;20/04/18;191.30;193.20;191.00;193.00;366926
FR0000125007;19/04/18;43.65;43.975;43.635;43.675;1139566
FR0000125007;20/04/18;43.76;44.165;43.685;44.005;1786090
FR0000125338;19/04/18;104.95;105.65;104.75;105.15;477493
FR0000125338;20/04/18;105.15;105.50;104.65;105.00;351199
FR0000125486;19/04/18;83.38;83.74;82.90;83.74;1017653
FR0000125486;20/04/18;83.78;84.50;83.60;84.50;1632023
FR0000127771;19/04/18;20.90;21.76;20.90;21.61;9273032
FR0000127771;20/04/18;21.23;21.39;21.02;21.09;5349627
FR0000130577;19/04/18;58.30;61.00;58.00;60.28;2080111
FR0000130577;20/04/18;60.40;60.46;58.94;59.40;866070
FR0000130809;19/04/18;44.87;45.42;44.825;45.265;2754871
FR0000130809;20/04/18;45.265;45.635;45.14;45.595;2894109
FR0000131104;19/04/18;62.15;62.82;62.03;62.59;2392061
FR0000131104;20/04/18;62.83;63.37;62.64;63.21;4200385
FR0000131906;19/04/18;94.50;95.20;94.20;94.50;549895
FR0000131906;20/04/18;94.50;94.60;93.70;94.12;673692
FR0000133308;19/04/18;14.53;14.59;14.475;14.51;4718551
FR0000133308;20/04/18;14.515;14.85;14.50;14.76;8261465
FR0010208488;19/04/18;13.985;14.13;13.955;14.09;3975893
FR0010208488;20/04/18;14.105;14.21;14.06;14.135;5064762
FR0010307819;19/04/18;64.50;65.20;64.48;64.84;829394
FR0010307819;20/04/18;64.94;65.40;64.74;65.20;500058
FR0013176526;19/04/18;54.60;55.48;54.54;55.08;782177
FR0013176526;20/04/18;55.08;55.18;54.50;55.16;616922
GB00BDSFG982;19/04/18;26.57;27.43;26.55;27.10;1748112
GB00BDSFG982;20/04/18;26.92;27.08;26.51;26.92;1398647
LU1598757687;19/04/18;28.30;28.62;27.81;28.205;5502049
LU1598757687;20/04/18;28.235;28.78;28.075;28.435;5226069
NL0000226223;19/04/18;18.515;18.575;17.78;17.83;2675406
NL0000226223;20/04/18;17.80;17.80;17.465;17.585;3335322
NL0000235190;19/04/18;94.98;95.42;93.63;94.24;1017502
NL0000235190;20/04/18;95.03;95.63;94.03;94.17;1970111
