BE0003470755;02/05/14;116.75;117.35;115.95;117.25;164884
BE0003470755;05/05/14;117.40;117.80;115.85;117.45;100046
BE0003470755;06/05/14;120.00;122.45;119.80;120.45;404864
BE0003470755;07/05/14;121.15;122.20;118.95;120.45;315243
BE0003470755;08/05/14;120.80;122.95;120.60;122.85;295272
BE0003470755;09/05/14;122.45;122.80;121.30;122.00;229500
BE0003470755;12/05/14;122.40;124.10;122.40;123.45;199544
BE0003470755;13/05/14;123.40;124.20;121.95;122.50;188885
BE0003470755;14/05/14;122.35;123.20;120.80;121.45;184873
BE0003470755;15/05/14;120.00;121.70;118.35;118.55;245823
BE0003470755;16/05/14;118.35;119.45;117.10;117.35;208919
BE0003470755;19/05/14;117.60;118.90;117.50;118.35;130266
BE0003470755;20/05/14;118.40;118.70;117.50;117.60;136320
BE0003470755;21/05/14;117.45;118.20;117.00;118.10;141424
BE0003470755;22/05/14;118.45;118.80;116.50;117.00;170946
BE0003470755;23/05/14;117.55;118.35;116.30;117.90;175741
BE0003470755;26/05/14;118.40;118.55;117.60;118.10;75442
BE0003470755;27/05/14;118.15;119.65;118.00;118.95;130282
BE0003470755;28/05/14;118.70;119.60;118.60;119.40;143096
BE0003470755;29/05/14;119.40;119.60;118.75;119.15;81026
BE0003470755;30/05/14;119.60;120.20;118.40;118.65;165349
FR0000045072;02/05/14;11.395;11.44;11.325;11.375;3373893
FR0000045072;05/05/14;11.31;11.345;11.075;11.245;4665114
FR0000045072;06/05/14;11.28;11.35;11.025;11.105;5422920
FR0000045072;07/05/14;11.48;11.89;11.38;11.86;12611195
FR0000045072;08/05/14;11.86;12.085;11.82;12.045;8335126
FR0000045072;09/05/14;11.975;12.07;11.785;11.83;3969197
FR0000045072;12/05/14;11.89;12.025;11.795;11.90;4740136
FR0000045072;13/05/14;11.935;12.02;11.805;11.885;4375138
FR0000045072;14/05/14;11.875;11.94;11.625;11.635;5872943
FR0000045072;15/05/14;11.64;11.735;11.115;11.15;10784138
FR0000045072;16/05/14;11.13;11.315;11.055;11.275;7168673
FR0000045072;19/05/14;11.27;11.37;11.035;11.095;7211304
FR0000045072;20/05/14;11.075;11.18;10.88;11.01;8851790
FR0000045072;21/05/14;11.03;11.27;10.885;11.24;6456424
FR0000045072;22/05/14;11.27;11.31;11.05;11.26;3998287
FR0000045072;23/05/14;11.30;11.565;11.255;11.56;6272512
FR0000045072;26/05/14;11.585;11.675;11.565;11.67;2285466
FR0000045072;27/05/14;11.66;11.84;11.655;11.76;3532185
FR0000045072;28/05/14;11.79;11.95;11.74;11.95;5892144
FR0000045072;29/05/14;11.94;11.975;11.82;11.89;2948397
FR0000045072;30/05/14;11.55;11.565;11.325;11.445;7535484
FR0000051732;02/05/14;62.44;62.78;62.27;62.65;297027
FR0000051732;05/05/14;62.29;62.54;61.57;62.45;144309
FR0000051732;06/05/14;62.56;62.95;62.43;62.50;138296
FR0000051732;07/05/14;62.41;62.48;60.98;61.03;389413
FR0000051732;08/05/14;61.26;61.97;61.15;61.50;279984
FR0000051732;09/05/14;61.27;61.38;60.68;60.89;221202
FR0000051732;12/05/14;61.08;61.11;60.76;60.98;318913
FR0000051732;13/05/14;61.15;61.23;60.25;60.81;408786
FR0000051732;14/05/14;60.84;61.40;60.42;60.70;354289
FR0000051732;15/05/14;60.85;60.99;59.89;60.27;307289
FR0000051732;16/05/14;60.48;60.48;58.26;58.49;677937
FR0000051732;19/05/14;58.57;58.91;57.83;57.83;424403
FR0000051732;20/05/14;57.80;59.03;57.80;59.00;386162
FR0000051732;21/05/14;58.72;59.71;58.49;59.62;277659
FR0000051732;22/05/14;59.60;60.80;59.60;60.73;362251
FR0000051732;23/05/14;60.68;60.93;60.25;60.48;293657
FR0000051732;26/05/14;61.80;64.28;61.66;64.24;947364
FR0000051732;27/05/14;64.50;65.48;63.52;63.72;686973
FR0000051732;28/05/14;63.93;65.30;63.15;64.89;615994
FR0000051732;29/05/14;64.68;65.38;64.20;64.99;256008
FR0000051732;30/05/14;64.42;65.90;64.42;65.90;949471
FR0000073272;02/05/14;48.615;48.67;47.88;48.075;646740
FR0000073272;05/05/14;48.13;48.20;47.54;47.90;622108
FR0000073272;06/05/14;48.015;48.20;47.45;47.50;599568
FR0000073272;07/05/14;47.245;47.37;46.60;47.01;1174779
FR0000073272;08/05/14;46.71;47.245;46.495;47.23;1465135
FR0000073272;09/05/14;47.02;47.75;47.02;47.635;644873
FR0000073272;12/05/14;47.75;48.045;47.685;47.99;689453
FR0000073272;13/05/14;48.11;48.83;48.11;48.64;1132716
FR0000073272;14/05/14;48.70;48.79;48.51;48.70;594511
FR0000073272;15/05/14;48.60;48.72;47.66;47.805;710570
FR0000073272;16/05/14;47.95;48.02;46.84;47.155;729536
FR0000073272;19/05/14;46.835;47.61;46.80;47.46;598915
FR0000073272;20/05/14;47.49;47.58;47.235;47.315;734380
FR0000073272;21/05/14;47.235;47.835;47.065;47.72;706716
FR0000073272;22/05/14;47.69;47.785;47.00;47.445;692959
FR0000073272;23/05/14;47.585;48.34;47.585;48.19;634316
FR0000073272;26/05/14;48.36;48.77;48.35;48.73;367937
FR0000073272;27/05/14;48.785;49.59;48.73;49.38;811940
FR0000073272;28/05/14;49.39;49.78;49.335;49.67;602385
FR0000073272;29/05/14;48.99;49.52;48.97;49.505;436623
FR0000073272;30/05/14;49.415;49.86;49.09;49.785;929686
FR0000120073;02/05/14;85.4132;85.7438;84.8347;85.3719;659157
FR0000120073;05/05/14;85.4959;85.4959;84.0909;85.2066;482917
FR0000120073;06/05/14;85.2479;85.3306;84.2975;84.6694;521479
FR0000120073;07/05/14;84.5868;85.7851;84.2975;85.6612;733915
FR0000120073;08/05/14;85.8265;86.5702;85.8265;86.5702;964948
FR0000120073;09/05/14;86.2397;86.6942;86.0744;86.6942;623804
FR0000120073;12/05/14;86.7769;87.438;86.7355;87.3967;556952
FR0000120073;13/05/14;87.1901;87.4793;86.8182;87.0248;936336
FR0000120073;14/05/14;87.1901;87.686;87.0248;87.6446;687531
FR0000120073;15/05/14;87.6033;88.7603;87.6033;87.8926;1173159
FR0000120073;16/05/14;85.8678;87.2727;85.7025;87.2314;1024732
FR0000120073;19/05/14;86.9008;87.7273;86.8595;87.3554;602750
FR0000120073;20/05/14;87.3554;87.562;86.6942;87.0661;444771
FR0000120073;21/05/14;86.8182;87.4793;86.4876;87.3141;462907
FR0000120073;22/05/14;87.2727;87.8926;87.1488;87.8512;516497
FR0000120073;23/05/14;87.8099;87.9752;87.3554;87.6033;468900
FR0000120073;26/05/14;87.686;88.2231;87.686;88.1818;378654
FR0000120073;27/05/14;88.0579;88.7603;87.8512;88.1818;589751
FR0000120073;28/05/14;88.0165;88.4298;87.6033;88.0579;634939
FR0000120073;29/05/14;88.0579;88.1818;87.7273;88.0579;345545
FR0000120073;30/05/14;88.1818;88.3884;87.686;88.3058;669270
FR0000120172;02/05/14;27.40;27.40;26.69;26.78;5544167
FR0000120172;05/05/14;26.835;26.90;26.39;26.765;2470046
FR0000120172;06/05/14;26.75;26.77;25.93;26.185;5841501
FR0000120172;07/05/14;26.23;26.58;26.135;26.50;3705266
FR0000120172;08/05/14;26.58;27.08;26.425;26.99;3812282
FR0000120172;09/05/14;26.91;26.98;26.415;26.56;2855446
FR0000120172;12/05/14;26.615;26.85;26.51;26.815;2997769
FR0000120172;13/05/14;26.80;26.80;26.60;26.68;3242375
FR0000120172;14/05/14;26.75;26.75;26.395;26.525;2660725
FR0000120172;15/05/14;26.60;26.71;26.17;26.215;4225478
FR0000120172;16/05/14;26.26;26.615;26.24;26.615;3606006
FR0000120172;19/05/14;26.64;27.015;26.50;26.895;2507051
FR0000120172;20/05/14;26.95;26.99;26.61;26.775;2175627
FR0000120172;21/05/14;26.785;26.785;26.51;26.655;2066116
FR0000120172;22/05/14;26.70;26.85;26.645;26.78;1647664
FR0000120172;23/05/14;26.82;27.21;26.745;26.96;1857838
FR0000120172;26/05/14;27.00;27.205;26.98;27.115;1117181
FR0000120172;27/05/14;27.14;27.14;26.925;26.955;1443391
FR0000120172;28/05/14;26.925;26.995;26.595;26.925;2215239
FR0000120172;29/05/14;26.94;27.00;26.80;27.00;1387125
FR0000120172;30/05/14;26.99;27.00;26.63;26.67;2495055
FR0000120271;02/05/14;50.75;51.26;50.60;50.85;5418723
FR0000120271;05/05/14;50.80;51.24;50.36;51.14;3360741
FR0000120271;06/05/14;51.30;51.56;50.59;50.72;4085764
FR0000120271;07/05/14;50.75;51.79;50.72;51.70;6268793
FR0000120271;08/05/14;51.73;53.08;51.51;53.08;8054437
FR0000120271;09/05/14;52.65;52.73;52.00;52.26;5584472
FR0000120271;12/05/14;52.27;52.38;52.04;52.36;3908210
FR0000120271;13/05/14;52.11;52.20;51.74;51.77;4236549
FR0000120271;14/05/14;51.95;52.04;51.73;51.91;4475115
FR0000120271;15/05/14;51.77;52.04;51.09;51.09;5221242
FR0000120271;16/05/14;51.25;52.01;51.19;52.01;5337138
FR0000120271;19/05/14;51.83;52.37;51.50;52.15;4375362
FR0000120271;20/05/14;52.09;52.28;51.35;51.44;3673732
FR0000120271;21/05/14;51.45;52.30;51.42;52.13;3992800
FR0000120271;22/05/14;52.03;52.21;51.78;52.05;2689780
FR0000120271;23/05/14;52.06;52.38;51.97;52.29;2838596
FR0000120271;26/05/14;52.40;52.65;52.22;52.65;1973746
FR0000120271;27/05/14;52.33;52.38;51.91;52.18;4318099
FR0000120271;28/05/14;52.03;52.38;51.54;51.80;3875344
FR0000120271;29/05/14;51.74;52.05;51.61;51.72;2423366
FR0000120271;30/05/14;51.97;52.17;51.48;51.48;4599840
FR0000120321;02/05/14;124.00;124.85;123.80;124.10;705980
FR0000120321;05/05/14;123.85;124.50;123.60;123.90;758626
FR0000120321;06/05/14;123.70;124.25;123.25;123.65;533210
FR0000120321;07/05/14;123.50;124.60;123.15;124.30;677246
FR0000120321;08/05/14;124.45;126.05;124.15;126.05;810662
FR0000120321;09/05/14;124.85;126.75;124.85;126.55;661496
FR0000120321;12/05/14;126.25;127.30;126.05;126.75;669905
FR0000120321;13/05/14;126.35;126.75;125.55;126.50;622708
FR0000120321;14/05/14;126.20;127.45;126.05;126.90;449798
FR0000120321;15/05/14;126.90;128.75;126.35;127.50;965903
FR0000120321;16/05/14;127.80;129.65;127.00;129.00;885436
FR0000120321;19/05/14;128.10;129.40;128.00;129.10;572329
FR0000120321;20/05/14;128.70;129.40;127.35;128.10;614142
FR0000120321;21/05/14;127.35;129.50;127.25;128.45;576129
FR0000120321;22/05/14;128.35;128.65;127.55;128.45;462093
FR0000120321;23/05/14;128.25;128.25;127.20;128.10;322804
FR0000120321;26/05/14;128.10;128.50;127.70;128.45;252407
FR0000120321;27/05/14;128.00;128.90;127.40;128.60;415347
FR0000120321;28/05/14;127.85;128.05;127.20;127.50;565360
FR0000120321;29/05/14;127.20;129.20;127.20;129.05;362829
FR0000120321;30/05/14;128.85;129.15;127.70;128.00;598098
FR0000120404;02/05/14;35.38;35.92;35.265;35.855;1017183
FR0000120404;05/05/14;35.92;35.92;35.115;35.435;484094
FR0000120404;06/05/14;35.50;35.695;35.265;35.38;590763
FR0000120404;07/05/14;35.395;36.075;35.27;36.05;1120975
FR0000120404;08/05/14;36.325;36.345;35.51;35.94;757025
FR0000120404;09/05/14;35.05;35.515;35.025;35.25;1151912
FR0000120404;12/05/14;35.245;35.35;34.915;35.24;991329
FR0000120404;13/05/14;35.27;35.54;35.075;35.51;1114410
FR0000120404;14/05/14;35.61;36.045;35.555;35.865;857551
FR0000120404;15/05/14;35.975;36.30;35.525;35.635;1142783
FR0000120404;16/05/14;35.595;35.845;34.82;35.085;967342
FR0000120404;19/05/14;35.035;35.35;34.745;34.99;692873
FR0000120404;20/05/14;35.05;35.585;35.05;35.48;611827
FR0000120404;21/05/14;35.42;35.74;35.12;35.695;1119665
FR0000120404;22/05/14;35.685;36.33;35.685;36.01;911296
FR0000120404;23/05/14;36.10;36.565;36.085;36.43;904459
FR0000120404;26/05/14;36.85;37.62;36.80;37.52;776522
FR0000120404;27/05/14;37.66;38.425;37.65;37.995;1557435
FR0000120404;28/05/14;37.96;38.345;37.895;38.11;933237
FR0000120404;29/05/14;37.935;38.495;37.93;38.185;683399
FR0000120404;30/05/14;38.18;38.93;38.15;38.815;1675041
FR0000120503;02/05/14;33.06;33.935;33.035;33.765;3015197
FR0000120503;05/05/14;32.18;32.74;31.79;32.175;2194245
FR0000120503;06/05/14;32.39;32.40;31.71;32.295;1286940
FR0000120503;07/05/14;32.075;32.265;31.695;31.825;943734
FR0000120503;08/05/14;31.885;32.395;31.725;32.315;953013
FR0000120503;09/05/14;32.425;32.58;32.035;32.27;725743
FR0000120503;12/05/14;32.445;32.90;32.305;32.80;1209883
FR0000120503;13/05/14;32.80;33.29;32.755;33.21;1155535
FR0000120503;14/05/14;33.125;33.21;32.71;32.88;747146
FR0000120503;15/05/14;32.77;32.87;31.42;31.675;1502488
FR0000120503;16/05/14;32.66;33.43;32.50;33.08;2566489
FR0000120503;19/05/14;33.00;33.245;32.645;33.21;1536055
FR0000120503;20/05/14;33.105;33.25;32.775;32.915;951959
FR0000120503;21/05/14;32.80;32.93;32.205;32.59;1246522
FR0000120503;22/05/14;32.685;33.00;32.435;32.61;1166963
FR0000120503;23/05/14;32.515;32.905;32.275;32.88;754326
FR0000120503;26/05/14;32.895;33.48;32.76;33.47;644226
FR0000120503;27/05/14;33.445;33.84;33.235;33.80;897500
FR0000120503;28/05/14;33.80;33.895;33.41;33.665;1113765
FR0000120503;29/05/14;33.70;34.45;33.70;34.18;1248558
FR0000120503;30/05/14;34.33;34.675;33.975;34.055;1625014
FR0000120578;02/05/14;78.49;78.54;77.40;77.63;2062659
FR0000120578;05/05/14;77.83;78.76;76.79;78.45;2055181
FR0000120578;06/05/14;78.95;78.96;77.69;77.99;1993284
FR0000120578;07/05/14;78.13;78.73;77.83;78.56;2856814
FR0000120578;08/05/14;78.83;79.30;78.38;79.07;2980431
FR0000120578;09/05/14;78.62;78.98;78.15;78.38;2363209
FR0000120578;12/05/14;76.07;76.89;75.68;76.85;2959866
FR0000120578;13/05/14;76.85;76.95;76.34;76.76;2129015
FR0000120578;14/05/14;76.96;77.81;76.82;77.29;1987826
FR0000120578;15/05/14;77.10;77.39;76.06;76.75;3689562
FR0000120578;16/05/14;76.85;77.45;76.59;77.24;2870089
FR0000120578;19/05/14;77.10;77.32;76.53;77.29;2120318
FR0000120578;20/05/14;77.36;77.78;77.00;77.00;1860753
FR0000120578;21/05/14;76.60;77.49;76.52;77.48;2227952
FR0000120578;22/05/14;77.42;77.54;76.55;77.41;1952981
FR0000120578;23/05/14;77.30;77.74;77.08;77.61;1171858
FR0000120578;26/05/14;77.77;78.05;77.52;78.05;1235569
FR0000120578;27/05/14;77.80;78.31;77.50;78.15;1695588
FR0000120578;28/05/14;78.00;78.08;77.38;78.00;2672430
FR0000120578;29/05/14;77.79;78.22;77.79;77.90;1190108
FR0000120578;30/05/14;77.86;78.49;77.39;78.44;2362134
FR0000120628;02/05/14;18.215;18.375;18.12;18.18;7404688
FR0000120628;05/05/14;18.205;18.205;17.755;17.965;6038807
FR0000120628;06/05/14;18.06;18.085;17.445;17.58;9014680
FR0000120628;07/05/14;17.19;17.87;17.00;17.54;12327635
FR0000120628;08/05/14;17.575;17.70;17.325;17.59;8677550
FR0000120628;09/05/14;17.575;17.59;17.355;17.44;6008930
FR0000120628;12/05/14;17.515;17.535;17.21;17.45;9261351
FR0000120628;13/05/14;17.505;17.745;17.465;17.715;9105566
FR0000120628;14/05/14;17.825;17.835;17.50;17.56;6830732
FR0000120628;15/05/14;17.60;17.70;17.025;17.05;10263146
FR0000120628;16/05/14;17.07;17.225;16.905;16.98;10725446
FR0000120628;19/05/14;16.925;17.165;16.75;17.125;7832540
FR0000120628;20/05/14;17.12;17.52;17.08;17.33;5739326
FR0000120628;21/05/14;17.32;17.55;17.235;17.47;5226456
FR0000120628;22/05/14;17.55;17.58;17.265;17.495;4742506
FR0000120628;23/05/14;17.57;17.67;17.435;17.605;3691035
FR0000120628;26/05/14;17.70;17.80;17.555;17.79;3460668
FR0000120628;27/05/14;17.83;18.025;17.795;17.93;6373161
FR0000120628;28/05/14;18.075;18.175;17.99;18.05;6425176
FR0000120628;29/05/14;18.095;18.12;17.925;18.00;2480003
FR0000120628;30/05/14;18.015;18.14;17.935;18.11;5935444
FR0000120644;02/05/14;53.50;53.52;52.22;52.35;1704981
FR0000120644;05/05/14;52.32;52.55;51.74;52.48;1103156
FR0000120644;06/05/14;52.54;52.99;52.06;52.25;1494276
FR0000120644;07/05/14;50.80;51.19;50.52;51.08;2509801
FR0000120644;08/05/14;51.39;51.96;51.34;51.88;2189550
FR0000120644;09/05/14;51.77;52.46;51.72;52.28;1493050
FR0000120644;12/05/14;52.38;53.02;52.33;52.56;1938519
FR0000120644;13/05/14;53.05;54.30;52.90;54.30;3293011
FR0000120644;14/05/14;54.62;54.75;54.23;54.68;2108252
FR0000120644;15/05/14;54.50;55.17;54.25;54.74;2252526
FR0000120644;16/05/14;54.82;55.60;54.52;55.05;2134674
FR0000120644;19/05/14;55.07;55.53;54.68;55.22;1329456
FR0000120644;20/05/14;55.17;55.23;53.92;54.31;1994081
FR0000120644;21/05/14;53.93;54.40;53.66;54.40;1403655
FR0000120644;22/05/14;54.50;54.64;53.98;54.18;1461121
FR0000120644;23/05/14;53.98;54.16;53.52;53.93;1168045
FR0000120644;26/05/14;54.01;54.20;53.71;54.20;758731
FR0000120644;27/05/14;54.09;54.30;53.69;54.00;1149608
FR0000120644;28/05/14;54.22;54.22;53.50;54.10;1174782
FR0000120644;29/05/14;54.04;54.85;54.04;54.75;1027363
FR0000120644;30/05/14;54.92;54.96;54.41;54.63;1543470
FR0000120693;02/05/14;86.26;87.29;85.92;86.61;490258
FR0000120693;05/05/14;86.55;86.60;85.28;86.12;288910
FR0000120693;06/05/14;86.23;86.51;85.48;85.63;252896
FR0000120693;07/05/14;85.46;86.36;85.41;86.30;547740
FR0000120693;08/05/14;86.45;86.69;86.17;86.42;472025
FR0000120693;09/05/14;85.96;86.40;85.84;86.08;374032
FR0000120693;12/05/14;86.25;86.59;85.99;86.47;425278
FR0000120693;13/05/14;86.47;86.68;86.15;86.68;629851
FR0000120693;14/05/14;86.82;87.00;86.20;86.76;434841
FR0000120693;15/05/14;86.67;87.81;86.52;87.44;661805
FR0000120693;16/05/14;87.90;90.19;87.50;88.94;895331
FR0000120693;19/05/14;88.79;89.32;88.46;89.00;440164
FR0000120693;20/05/14;89.24;89.37;88.27;88.37;487809
FR0000120693;21/05/14;88.05;88.42;87.86;88.25;349888
FR0000120693;22/05/14;88.54;89.47;88.26;89.32;398926
FR0000120693;23/05/14;89.35;89.64;88.64;89.22;366780
FR0000120693;26/05/14;89.53;89.53;88.96;89.24;175587
FR0000120693;27/05/14;89.14;89.41;88.61;89.19;290222
FR0000120693;28/05/14;89.14;89.17;87.82;88.57;456602
FR0000120693;29/05/14;88.65;89.46;88.49;89.30;294206
FR0000120693;30/05/14;89.36;90.20;88.93;89.95;511977
FR0000121014;02/05/14;141.90;142.15;140.45;140.80;635704
FR0000121014;05/05/14;140.80;140.85;138.90;140.65;458565
FR0000121014;06/05/14;140.55;141.50;139.65;140.00;489814
FR0000121014;07/05/14;139.90;141.45;139.70;140.10;700517
FR0000121014;08/05/14;140.80;142.80;140.10;142.70;884829
FR0000121014;09/05/14;141.90;142.50;141.20;141.85;472593
FR0000121014;12/05/14;141.95;143.45;141.75;143.25;497820
FR0000121014;13/05/14;143.25;143.75;142.45;142.95;788184
FR0000121014;14/05/14;142.85;142.95;141.70;142.40;800289
FR0000121014;15/05/14;142.25;144.65;141.90;143.55;1157770
FR0000121014;16/05/14;143.85;144.15;142.55;143.75;812583
FR0000121014;19/05/14;143.75;143.95;141.60;142.35;756041
FR0000121014;20/05/14;142.70;143.00;141.25;142.75;528324
FR0000121014;21/05/14;142.60;143.95;141.70;143.95;807472
FR0000121014;22/05/14;144.00;144.20;143.15;143.55;543032
FR0000121014;23/05/14;143.80;143.95;142.20;143.15;527907
FR0000121014;26/05/14;143.70;144.30;142.65;144.25;370505
FR0000121014;27/05/14;143.95;145.00;142.40;144.65;576118
FR0000121014;28/05/14;144.65;144.85;143.05;144.20;687863
FR0000121014;29/05/14;144.15;144.60;143.10;144.50;426410
FR0000121014;30/05/14;144.55;146.30;143.90;145.95;2107916
FR0000121220;02/05/14;77.78;79.20;77.56;78.52;269025
FR0000121220;05/05/14;78.49;78.49;77.46;78.06;78855
FR0000121220;06/05/14;78.30;78.69;77.42;77.70;101142
FR0000121220;07/05/14;77.74;78.73;77.60;78.38;132144
FR0000121220;08/05/14;78.50;78.70;77.79;78.59;138329
FR0000121220;09/05/14;78.18;78.70;78.18;78.60;186853
FR0000121220;12/05/14;78.69;78.71;77.78;78.58;242547
FR0000121220;13/05/14;78.42;78.70;78.10;78.69;155593
FR0000121220;14/05/14;78.75;80.42;78.71;79.22;283397
FR0000121220;15/05/14;78.99;79.49;78.25;78.97;218428
FR0000121220;16/05/14;79.11;79.50;78.65;78.93;258606
FR0000121220;19/05/14;78.59;79.50;78.56;79.04;193603
FR0000121220;20/05/14;78.96;79.61;78.86;79.00;181586
FR0000121220;21/05/14;78.70;79.29;78.63;79.20;156897
FR0000121220;22/05/14;79.20;80.11;79.09;79.60;142621
FR0000121220;23/05/14;79.70;79.75;78.81;79.32;137796
FR0000121220;26/05/14;79.36;80.19;79.36;79.83;103914
FR0000121220;27/05/14;79.73;80.28;79.60;79.88;188346
FR0000121220;28/05/14;79.97;79.97;79.37;79.83;117048
FR0000121220;29/05/14;79.65;80.27;79.65;79.81;81512
FR0000121220;30/05/14;79.94;80.25;78.43;78.84;307528
FR0000121261;02/05/14;88.19;89.35;87.72;88.86;665487
FR0000121261;05/05/14;88.78;88.98;87.51;88.55;414561
FR0000121261;06/05/14;88.96;89.15;87.73;88.34;439986
FR0000121261;07/05/14;88.23;88.78;87.00;87.35;562512
FR0000121261;08/05/14;87.80;88.84;87.03;88.72;549961
FR0000121261;09/05/14;88.49;88.84;87.31;87.89;485863
FR0000121261;12/05/14;88.21;88.95;87.85;88.56;371850
FR0000121261;13/05/14;88.50;89.78;88.34;88.66;472975
FR0000121261;14/05/14;89.09;90.17;88.72;90.09;563496
FR0000121261;15/05/14;90.35;91.99;89.09;89.36;761742
FR0000121261;16/05/14;89.45;89.72;87.05;87.67;683133
FR0000121261;19/05/14;87.70;89.27;86.84;88.60;479561
FR0000121261;20/05/14;86.11;87.55;86.08;86.94;512497
FR0000121261;21/05/14;86.80;87.42;85.78;87.06;503752
FR0000121261;22/05/14;87.40;87.89;86.70;87.85;432597
FR0000121261;23/05/14;88.24;89.20;87.94;89.15;360302
FR0000121261;26/05/14;89.31;90.36;89.29;90.32;366606
FR0000121261;27/05/14;90.15;90.47;89.54;89.56;407149
FR0000121261;28/05/14;89.85;90.83;89.43;89.51;435474
FR0000121261;29/05/14;89.59;90.21;89.00;90.21;258255
FR0000121261;30/05/14;90.16;90.75;89.98;90.40;574850
FR0000121485;02/05/14;159.35;159.35;157.85;158.50;165256
FR0000121485;05/05/14;158.10;158.60;156.05;158.25;112294
FR0000121485;06/05/14;158.25;158.45;156.15;156.35;151855
FR0000121485;07/05/14;157.10;158.00;156.00;156.05;195737
FR0000121485;08/05/14;154.35;154.60;152.95;153.85;251216
FR0000121485;09/05/14;153.10;156.20;153.00;156.00;167046
FR0000121485;12/05/14;156.05;156.25;155.00;155.75;140799
FR0000121485;13/05/14;155.85;158.30;155.50;157.50;218440
FR0000121485;14/05/14;157.25;158.15;156.50;157.80;126994
FR0000121485;15/05/14;158.10;162.05;157.60;162.00;364908
FR0000121485;16/05/14;162.00;163.40;161.05;162.50;285290
FR0000121485;19/05/14;162.10;163.30;161.05;161.90;192409
FR0000121485;20/05/14;161.80;162.85;161.05;161.75;159731
FR0000121485;21/05/14;161.60;161.90;159.35;160.65;191275
FR0000121485;22/05/14;160.60;161.45;159.35;160.75;176438
FR0000121485;23/05/14;160.75;161.25;158.35;159.40;194690
FR0000121485;26/05/14;159.50;161.75;158.85;161.60;103243
FR0000121485;27/05/14;161.30;161.75;160.35;160.50;129531
FR0000121485;28/05/14;160.90;161.15;159.20;159.90;102111
FR0000121485;29/05/14;159.70;160.25;159.40;159.95;59409
FR0000121485;30/05/14;160.15;162.10;159.60;162.10;246827
FR0000121501;02/05/14;10.70;10.75;10.14;10.20;36896748
FR0000121501;05/05/14;10.20;10.20;9.53;9.53;11726837
FR0000121501;06/05/14;9.426;9.611;9.186;9.24;12084312
FR0000121501;07/05/14;9.214;9.464;9.115;9.223;9811887
FR0000121501;08/05/14;9.30;9.354;9.075;9.15;9815031
FR0000121501;09/05/14;9.091;9.549;9.081;9.51;12144397
FR0000121501;12/05/14;9.504;9.65;9.38;9.525;8821933
FR0000121501;13/05/14;9.517;9.61;9.425;9.54;8206362
FR0000121501;14/05/14;9.50;9.752;9.491;9.732;10644213
FR0000121501;15/05/14;9.789;9.90;9.365;9.369;6159538
FR0000121501;16/05/14;9.334;9.445;9.20;9.299;4734428
FR0000121501;19/05/14;9.365;9.50;9.215;9.419;3398024
FR0000121501;20/05/14;9.487;9.537;9.406;9.443;3702321
FR0000121501;21/05/14;9.443;9.488;9.352;9.431;2471477
FR0000121501;22/05/14;9.54;9.95;9.535;9.95;8549822
FR0000121501;23/05/14;9.971;10.24;9.862;10.12;5290670
FR0000121501;26/05/14;10.22;10.48;10.165;10.455;3555243
FR0000121501;27/05/14;10.45;10.585;10.165;10.285;4857227
FR0000121501;28/05/14;10.31;10.36;10.16;10.305;3610533
FR0000121501;29/05/14;10.265;10.39;10.23;10.375;2208645
FR0000121501;30/05/14;10.43;10.535;10.315;10.38;4865564
FR0000121667;02/05/14;77.26;77.60;76.22;76.45;449300
FR0000121667;05/05/14;76.49;76.63;75.30;76.42;368416
FR0000121667;06/05/14;76.24;76.55;75.75;75.94;375920
FR0000121667;07/05/14;75.94;77.68;75.78;77.37;560326
FR0000121667;08/05/14;77.31;78.67;77.31;78.42;750098
FR0000121667;09/05/14;77.98;78.73;77.91;78.32;415325
FR0000121667;12/05/14;78.29;79.39;78.26;79.35;403711
FR0000121667;13/05/14;79.57;79.68;78.50;78.98;561416
FR0000121667;14/05/14;79.00;79.58;78.88;79.43;411979
FR0000121667;15/05/14;79.40;79.64;77.97;78.02;639712
FR0000121667;16/05/14;78.10;78.42;77.26;78.31;612520
FR0000121667;19/05/14;77.97;78.67;77.67;78.33;400386
FR0000121667;20/05/14;78.44;78.49;77.70;77.79;310112
FR0000121667;21/05/14;77.82;78.17;77.03;78.00;327408
FR0000121667;22/05/14;76.83;77.35;76.65;76.70;393037
FR0000121667;23/05/14;76.80;77.00;76.07;76.80;398931
FR0000121667;26/05/14;77.05;77.50;76.63;77.41;183274
FR0000121667;27/05/14;77.28;77.76;77.11;77.56;349439
FR0000121667;28/05/14;77.52;77.63;76.91;77.43;425524
FR0000121667;29/05/14;77.27;77.95;77.22;77.84;167569
FR0000121667;30/05/14;77.90;77.90;76.67;77.06;554980
FR0000121972;02/05/14;67.43;67.98;66.93;67.34;1140648
FR0000121972;05/05/14;67.53;67.81;66.22;67.71;856584
FR0000121972;06/05/14;68.00;68.20;66.83;66.92;930557
FR0000121972;07/05/14;66.85;67.63;66.26;67.27;1095187
FR0000121972;08/05/14;67.53;68.51;67.17;68.51;1475721
FR0000121972;09/05/14;68.45;68.79;68.26;68.41;1109270
FR0000121972;12/05/14;68.85;70.26;68.78;69.90;1634392
FR0000121972;13/05/14;69.99;70.65;69.68;69.68;1461552
FR0000121972;14/05/14;68.25;68.32;67.44;68.01;1357047
FR0000121972;15/05/14;67.58;67.99;66.03;66.03;2350616
FR0000121972;16/05/14;66.23;66.53;65.41;66.48;1629583
FR0000121972;19/05/14;66.45;67.77;65.80;67.36;1724576
FR0000121972;20/05/14;67.25;67.71;66.48;66.64;1331181
FR0000121972;21/05/14;66.14;66.66;65.80;66.50;1391079
FR0000121972;22/05/14;66.20;66.80;66.07;66.74;1173730
FR0000121972;23/05/14;66.75;67.57;66.53;67.56;1306551
FR0000121972;26/05/14;67.41;68.38;67.41;68.38;707731
FR0000121972;27/05/14;67.93;69.27;67.92;69.06;1541517
FR0000121972;28/05/14;69.00;69.69;68.93;69.57;1682818
FR0000121972;29/05/14;69.34;69.57;68.52;68.68;1040132
FR0000121972;30/05/14;68.32;69.08;68.08;69.08;3349522
FR0000124141;02/05/14;13.50;13.50;13.28;13.375;2087848
FR0000124141;05/05/14;13.375;13.46;13.195;13.405;1420668
FR0000124141;06/05/14;13.46;13.54;13.245;13.335;1699851
FR0000124141;07/05/14;13.24;13.30;12.77;12.985;6656573
FR0000124141;08/05/14;13.055;13.27;12.955;13.255;2777300
FR0000124141;09/05/14;13.23;13.255;12.985;13.085;1954348
FR0000124141;12/05/14;13.12;13.43;13.045;13.375;2924016
FR0000124141;13/05/14;13.37;13.65;13.365;13.50;3461300
FR0000124141;14/05/14;13.515;13.545;13.41;13.545;2283867
FR0000124141;15/05/14;13.59;13.64;13.205;13.30;2369019
FR0000124141;16/05/14;13.335;13.37;13.14;13.37;2299584
FR0000124141;19/05/14;13.415;13.43;13.18;13.35;2116836
FR0000124141;20/05/14;13.32;13.46;13.24;13.45;1698682
FR0000124141;21/05/14;13.46;13.59;13.43;13.545;1698293
FR0000124141;22/05/14;13.57;13.73;13.455;13.68;1837900
FR0000124141;23/05/14;13.71;13.85;13.67;13.825;1440236
FR0000124141;26/05/14;13.86;13.93;13.77;13.815;1111132
FR0000124141;27/05/14;13.82;13.87;13.73;13.79;1245641
FR0000124141;28/05/14;13.785;13.875;13.705;13.875;1393185
FR0000124141;29/05/14;13.835;14.035;13.69;14.00;1912078
FR0000124141;30/05/14;14.00;14.115;13.925;14.02;4550434
FR0000124711;02/05/14;195.15;196.25;193.75;194.40;261670
FR0000124711;05/05/14;194.55;195.85;191.60;195.80;170793
FR0000124711;06/05/14;196.85;197.15;195.05;195.85;260380
FR0000124711;07/05/14;195.00;198.55;195.00;198.30;379270
FR0000124711;08/05/14;199.00;202.20;198.30;202.15;410508
FR0000124711;09/05/14;201.00;203.90;201.00;202.35;333577
FR0000124711;12/05/14;196.50;196.80;193.95;195.45;446262
FR0000124711;13/05/14;195.85;198.85;195.85;198.50;285465
FR0000124711;14/05/14;198.50;199.40;197.90;198.80;278250
FR0000124711;15/05/14;198.25;199.50;196.05;196.70;297166
FR0000124711;16/05/14;197.95;198.30;195.75;197.90;452576
FR0000124711;19/05/14;198.60;199.65;197.90;198.95;247699
FR0000124711;20/05/14;199.00;199.75;196.95;197.75;165180
FR0000124711;21/05/14;198.50;200.95;197.15;199.30;255665
FR0000124711;22/05/14;199.70;199.80;197.60;198.45;194592
FR0000124711;23/05/14;198.60;200.00;197.25;199.50;241992
FR0000124711;26/05/14;200.50;201.15;199.50;200.45;96629
FR0000124711;27/05/14;200.30;202.00;199.75;202.00;205786
FR0000124711;28/05/14;201.35;203.50;200.70;203.00;225688
FR0000124711;29/05/14;202.75;203.10;202.15;203.10;104487
FR0000124711;30/05/14;203.60;205.50;202.95;205.10;317875
FR0000125007;02/05/14;44.04;44.355;43.90;44.135;1161909
FR0000125007;05/05/14;44.16;44.16;43.285;44.14;877898
FR0000125007;06/05/14;44.20;44.30;43.43;43.665;902331
FR0000125007;07/05/14;41.95;42.355;41.52;42.22;4560833
FR0000125007;08/05/14;42.455;42.785;42.21;42.70;2377662
FR0000125007;09/05/14;42.67;42.89;42.44;42.685;1343714
FR0000125007;12/05/14;42.935;43.01;42.71;42.86;1547110
FR0000125007;13/05/14;42.99;43.17;42.785;42.90;1616047
FR0000125007;14/05/14;43.055;43.20;42.765;42.85;1669340
FR0000125007;15/05/14;42.87;42.945;41.83;42.22;3153739
FR0000125007;16/05/14;42.22;42.33;41.02;41.445;2219439
FR0000125007;19/05/14;41.475;41.675;40.93;41.60;1354680
FR0000125007;20/05/14;41.625;41.745;41.505;41.62;1591920
FR0000125007;21/05/14;41.50;41.94;41.31;41.90;1544768
FR0000125007;22/05/14;41.915;42.00;41.295;41.68;1599885
FR0000125007;23/05/14;41.845;42.12;41.615;42.065;1098662
FR0000125007;26/05/14;42.215;42.28;42.065;42.215;982353
FR0000125007;27/05/14;42.29;42.425;42.125;42.255;1533888
FR0000125007;28/05/14;42.38;42.38;41.785;41.955;1777800
FR0000125007;29/05/14;41.95;42.125;41.89;42.05;1155010
FR0000125007;30/05/14;42.02;42.185;41.715;41.795;3447959
FR0000125338;02/05/14;51.51;51.81;50.81;50.98;1117550
FR0000125338;05/05/14;51.19;51.30;50.38;51.17;599288
FR0000125338;06/05/14;51.25;51.53;50.95;51.11;511504
FR0000125338;07/05/14;50.94;51.03;49.86;49.985;1097371
FR0000125338;08/05/14;50.22;50.61;50.04;50.21;1168427
FR0000125338;09/05/14;49.99;50.62;49.77;50.62;740258
FR0000125338;12/05/14;50.70;51.44;50.43;51.36;723483
FR0000125338;13/05/14;51.54;51.92;51.46;51.73;676121
FR0000125338;14/05/14;51.73;51.73;51.02;51.32;583460
FR0000125338;15/05/14;51.32;51.55;50.68;50.69;871959
FR0000125338;16/05/14;49.585;49.90;47.79;48.785;1225043
FR0000125338;19/05/14;48.80;49.455;48.465;49.165;634051
FR0000125338;20/05/14;49.41;50.60;49.17;50.60;837220
FR0000125338;21/05/14;50.52;51.44;50.12;51.37;650223
FR0000125338;22/05/14;51.50;52.29;51.30;52.09;786911
FR0000125338;23/05/14;52.32;52.75;52.19;52.47;770711
FR0000125338;26/05/14;52.69;53.49;52.56;53.49;374455
FR0000125338;27/05/14;53.52;54.05;53.52;53.90;558561
FR0000125338;28/05/14;54.20;54.20;53.61;53.68;736927
FR0000125338;29/05/14;53.70;53.70;53.01;53.24;580345
FR0000125338;30/05/14;53.22;53.93;52.92;53.34;924642
FR0000125486;02/05/14;54.34;54.65;53.98;54.09;1647283
FR0000125486;05/05/14;54.10;54.40;53.16;54.33;970293
FR0000125486;06/05/14;54.49;54.57;53.92;54.11;1095386
FR0000125486;07/05/14;54.00;54.40;53.56;54.13;1819001
FR0000125486;08/05/14;54.24;54.87;54.04;54.60;1626011
FR0000125486;09/05/14;54.50;54.69;54.35;54.46;1384038
FR0000125486;12/05/14;54.73;55.00;54.39;54.74;1595957
FR0000125486;13/05/14;54.73;54.75;54.33;54.48;1292307
FR0000125486;14/05/14;54.58;54.70;54.06;54.37;1262936
FR0000125486;15/05/14;54.20;54.51;52.94;53.12;2340172
FR0000125486;16/05/14;53.11;53.41;52.61;53.30;1937656
FR0000125486;19/05/14;53.27;53.80;52.60;53.69;1623276
FR0000125486;20/05/14;53.87;54.09;53.42;53.51;1314749
FR0000125486;21/05/14;53.37;53.85;53.08;53.42;1298328
FR0000125486;22/05/14;53.50;53.85;53.36;53.66;992877
FR0000125486;23/05/14;53.66;53.99;53.15;53.86;947195
FR0000125486;26/05/14;54.00;54.26;53.88;54.24;801758
FR0000125486;27/05/14;54.15;54.58;54.13;54.33;913220
FR0000125486;28/05/14;54.29;54.52;54.15;54.52;831323
FR0000125486;29/05/14;54.46;54.55;54.18;54.43;833918
FR0000125486;30/05/14;54.43;54.50;54.10;54.30;1248944
FR0000127771;02/05/14;19.30;19.405;19.105;19.15;7034766
FR0000127771;05/05/14;19.145;19.28;18.97;19.23;5179579
FR0000127771;06/05/14;19.20;19.275;18.935;19.055;5276567
FR0000127771;07/05/14;19.055;19.205;19.01;19.10;4109895
FR0000127771;08/05/14;19.00;19.085;18.83;19.085;6477639
FR0000127771;09/05/14;19.085;19.12;18.88;18.935;4477429
FR0000127771;12/05/14;18.97;19.095;18.95;19.01;4214029
FR0000127771;13/05/14;19.02;19.055;18.89;18.945;4251557
FR0000127771;14/05/14;18.915;19.01;18.84;18.935;4104733
FR0000127771;15/05/14;19.185;19.25;18.72;18.76;6381661
FR0000127771;16/05/14;18.695;18.72;18.435;18.65;8222723
FR0000127771;19/05/14;18.65;18.985;18.515;18.90;7715434
FR0000127771;20/05/14;18.765;18.90;18.755;18.83;3323098
FR0000127771;21/05/14;18.775;19.03;18.74;18.975;4274850
FR0000127771;22/05/14;19.20;19.20;18.955;19.05;3817102
FR0000127771;23/05/14;19.07;19.125;18.93;19.03;2983181
FR0000127771;26/05/14;19.08;19.16;19.01;19.16;1796505
FR0000127771;27/05/14;19.135;19.26;19.12;19.18;2405865
FR0000127771;28/05/14;19.215;19.25;19.05;19.145;2918127
FR0000127771;29/05/14;19.12;19.295;19.10;19.285;3180657
FR0000127771;30/05/14;19.23;19.305;19.18;19.24;4460778
FR0000130577;02/05/14;61.42;62.13;60.83;61.08;820804
FR0000130577;05/05/14;60.80;61.40;60.47;61.21;307920
FR0000130577;06/05/14;61.21;61.40;60.40;60.72;528931
FR0000130577;07/05/14;60.51;60.62;60.15;60.30;667069
FR0000130577;08/05/14;60.48;60.83;60.13;60.69;592536
FR0000130577;09/05/14;61.53;62.40;59.80;60.20;4752615
FR0000130577;12/05/14;60.50;60.58;59.80;60.51;1112272
FR0000130577;13/05/14;60.47;61.14;59.98;60.85;1501735
FR0000130577;14/05/14;60.75;60.91;60.11;60.25;780742
FR0000130577;15/05/14;60.20;60.31;58.97;59.16;1093585
FR0000130577;16/05/14;59.26;59.41;58.55;59.33;1152189
FR0000130577;19/05/14;59.19;59.79;58.69;59.74;752803
FR0000130577;20/05/14;60.00;61.43;59.75;60.91;948657
FR0000130577;21/05/14;60.98;61.67;60.73;61.60;708188
FR0000130577;22/05/14;61.79;62.31;61.56;62.30;659889
FR0000130577;23/05/14;62.35;62.60;61.86;62.59;720169
FR0000130577;26/05/14;62.70;62.76;62.36;62.63;239368
FR0000130577;27/05/14;62.50;63.28;62.41;62.96;570998
FR0000130577;28/05/14;63.15;63.44;62.80;63.43;553430
FR0000130577;29/05/14;63.36;63.60;62.94;63.14;527285
FR0000130577;30/05/14;63.08;63.28;62.53;63.28;624343
FR0000130809;02/05/14;44.745;45.27;44.58;44.935;3516844
FR0000130809;05/05/14;44.85;44.85;43.715;44.435;3039775
FR0000130809;06/05/14;44.58;44.65;43.605;43.875;4660925
FR0000130809;07/05/14;43.50;43.925;42.85;43.515;6175358
FR0000130809;08/05/14;43.75;44.905;43.23;44.845;5331987
FR0000130809;09/05/14;44.955;45.24;43.86;44.15;3608413
FR0000130809;12/05/14;44.195;44.60;43.97;44.32;3074952
FR0000130809;13/05/14;45.055;45.085;43.38;43.91;5814498
FR0000130809;14/05/14;43.92;43.99;42.94;43.19;5197800
FR0000130809;15/05/14;43.015;43.50;41.665;42.01;6866128
FR0000130809;16/05/14;42.00;42.155;41.09;41.655;7041902
FR0000130809;19/05/14;41.52;41.625;40.25;40.96;6238630
FR0000130809;20/05/14;40.755;41.795;40.565;41.435;4381404
FR0000130809;21/05/14;41.435;42.465;41.085;42.265;5058869
FR0000130809;22/05/14;42.485;42.60;41.78;42.13;2858641
FR0000130809;23/05/14;42.35;42.48;42.035;42.375;3077841
FR0000130809;26/05/14;42.54;43.13;42.345;43.13;2581007
FR0000130809;27/05/14;42.30;42.765;42.30;42.42;4064358
FR0000130809;28/05/14;42.56;43.09;42.24;43.035;4099736
FR0000130809;29/05/14;43.13;43.25;42.775;43.20;2382249
FR0000130809;30/05/14;42.32;42.51;42.01;42.265;5969378
FR0000131104;02/05/14;53.07;53.49;51.92;52.48;9055362
FR0000131104;05/05/14;52.35;52.57;51.45;52.46;3728576
FR0000131104;06/05/14;52.71;52.77;51.71;51.80;4867266
FR0000131104;07/05/14;51.59;52.59;51.24;52.52;6655099
FR0000131104;08/05/14;52.62;53.86;52.31;53.53;6453649
FR0000131104;09/05/14;53.34;53.64;52.67;52.98;3541026
FR0000131104;12/05/14;53.24;53.58;52.59;53.29;3187768
FR0000131104;13/05/14;53.24;53.33;52.08;53.06;5900393
FR0000131104;14/05/14;52.59;53.30;52.45;52.88;3466637
FR0000131104;15/05/14;52.73;53.18;51.65;52.17;7000024
FR0000131104;16/05/14;52.17;52.73;51.59;52.49;8001723
FR0000131104;19/05/14;52.13;52.71;51.56;52.20;4924565
FR0000131104;20/05/14;50.88;51.82;50.62;51.68;4508843
FR0000131104;21/05/14;50.40;51.21;50.10;51.00;5284330
FR0000131104;22/05/14;51.32;51.75;50.85;51.66;3644924
FR0000131104;23/05/14;51.82;52.27;51.63;52.22;3085971
FR0000131104;26/05/14;52.50;52.71;52.10;52.49;2011846
FR0000131104;27/05/14;52.38;52.78;52.21;52.59;2940648
FR0000131104;28/05/14;52.43;53.09;52.22;53.06;3818976
FR0000131104;29/05/14;53.00;53.09;52.38;52.65;3137130
FR0000131104;30/05/14;49.80;51.37;49.445;51.37;15755744
FR0000131906;02/05/14;70.11;71.04;69.67;70.00;750372
FR0000131906;05/05/14;69.81;69.82;67.51;68.61;996200
FR0000131906;06/05/14;68.88;69.44;67.72;68.05;828972
FR0000131906;07/05/14;67.54;69.30;66.53;68.11;1263110
FR0000131906;08/05/14;68.21;69.86;68.11;69.51;960825
FR0000131906;09/05/14;69.40;69.78;67.70;68.38;1056690
FR0000131906;12/05/14;66.75;67.45;66.07;66.82;1383692
FR0000131906;13/05/14;68.00;69.26;67.84;68.31;1477628
FR0000131906;14/05/14;68.48;69.40;67.45;68.12;953145
FR0000131906;15/05/14;68.08;69.07;65.88;66.14;1262529
FR0000131906;16/05/14;65.93;66.58;63.35;64.56;2054764
FR0000131906;19/05/14;64.25;65.22;63.14;64.92;1527161
FR0000131906;20/05/14;65.23;66.89;65.05;66.61;1312499
FR0000131906;21/05/14;66.54;68.28;66.03;68.00;1138717
FR0000131906;22/05/14;68.28;69.07;67.89;68.15;957951
FR0000131906;23/05/14;68.47;69.36;67.99;68.97;682886
FR0000131906;26/05/14;69.28;69.98;69.16;69.94;485254
FR0000131906;27/05/14;69.99;70.20;69.22;69.58;718892
FR0000131906;28/05/14;69.83;69.83;68.90;69.41;496830
FR0000131906;29/05/14;68.93;69.03;68.14;68.54;712330
FR0000131906;30/05/14;69.30;69.47;68.38;69.06;858507
FR0000133308;02/05/14;11.745;12.025;11.72;11.805;12728284
FR0000133308;05/05/14;11.755;12.11;11.755;12.07;7638575
FR0000133308;06/05/14;12.075;12.24;11.98;12.02;7975010
FR0000133308;07/05/14;12.035;12.08;11.91;12.05;6974920
FR0000133308;08/05/14;12.035;12.20;11.985;12.20;6853066
FR0000133308;09/05/14;12.22;12.23;11.96;12.065;8486744
FR0000133308;12/05/14;12.095;12.20;12.07;12.18;7187104
FR0000133308;13/05/14;12.11;12.28;12.02;12.24;6180114
FR0000133308;14/05/14;12.26;12.29;12.18;12.28;4900625
FR0000133308;15/05/14;12.30;12.465;12.135;12.27;10624805
FR0000133308;16/05/14;12.34;12.465;12.27;12.455;11034553
FR0000133308;19/05/14;12.48;12.59;12.375;12.565;7656224
FR0000133308;20/05/14;12.52;12.575;12.48;12.52;5035748
FR0000133308;21/05/14;12.445;12.475;12.055;12.175;15535800
FR0000133308;22/05/14;12.145;12.31;11.95;12.285;11337748
FR0000133308;23/05/14;12.11;12.12;11.915;12.085;11077115
FR0000133308;26/05/14;12.10;12.165;12.035;12.145;6335856
FR0000133308;27/05/14;12.205;12.39;12.15;12.155;7739206
FR0000133308;28/05/14;12.145;12.27;12.105;12.17;5669754
FR0000133308;29/05/14;12.155;12.435;12.135;12.375;8049055
FR0000133308;30/05/14;12.315;12.43;12.21;12.265;9505039
FR0010208488;02/05/14;18.465;18.745;18.415;18.545;10363432
FR0010208488;05/05/14;18.605;18.715;18.35;18.67;4276252
FR0010208488;06/05/14;18.75;18.845;18.65;18.67;5987366
FR0010208488;07/05/14;18.715;18.82;18.63;18.77;5921983
FR0010208488;08/05/14;18.84;19.115;18.815;19.08;6373145
FR0010208488;09/05/14;19.07;19.325;19.03;19.31;5243596
FR0010208488;12/05/14;19.33;19.55;19.33;19.465;4942021
FR0010208488;13/05/14;19.46;19.595;19.35;19.585;4288397
FR0010208488;14/05/14;19.56;19.77;19.425;19.51;5135268
FR0010208488;15/05/14;19.64;19.71;19.315;19.345;7187072
FR0010208488;16/05/14;19.385;19.495;19.245;19.425;5268082
FR0010208488;19/05/14;19.465;19.74;19.425;19.685;5196250
FR0010208488;20/05/14;19.69;19.79;19.65;19.79;4076790
FR0010208488;21/05/14;19.77;20.005;19.76;19.99;5851574
FR0010208488;22/05/14;20.23;20.365;20.19;20.305;9785671
FR0010208488;23/05/14;20.33;20.365;20.185;20.29;4359401
FR0010208488;26/05/14;20.285;20.415;20.245;20.415;3274162
FR0010208488;27/05/14;20.425;20.475;20.23;20.40;3805162
FR0010208488;28/05/14;20.36;20.445;20.18;20.39;3497890
FR0010208488;29/05/14;20.40;20.42;20.235;20.375;2427924
FR0010208488;30/05/14;20.46;20.50;20.38;20.485;12308682
FR0010307819;02/05/14;46.54;46.66;46.16;46.36;460468
FR0010307819;05/05/14;46.30;46.48;45.825;46.42;372309
FR0010307819;06/05/14;46.70;46.705;45.825;45.895;429815
FR0010307819;07/05/14;45.80;46.41;45.325;46.05;581946
FR0010307819;08/05/14;46.30;46.69;46.01;46.54;570601
FR0010307819;09/05/14;46.385;46.955;46.30;46.62;478370
FR0010307819;12/05/14;46.83;46.985;46.585;46.775;479556
FR0010307819;13/05/14;46.825;47.035;46.60;46.975;527421
FR0010307819;14/05/14;47.00;47.75;46.755;47.645;664054
FR0010307819;15/05/14;47.555;47.70;46.70;46.70;667340
FR0010307819;16/05/14;46.705;46.755;46.165;46.405;650090
FR0010307819;19/05/14;46.175;47.065;46.00;46.965;487903
FR0010307819;20/05/14;47.00;47.25;46.665;46.955;479493
FR0010307819;21/05/14;46.88;47.23;46.60;46.96;473970
FR0010307819;22/05/14;47.085;47.39;46.89;47.365;371938
FR0010307819;23/05/14;47.05;47.14;45.94;46.295;1011563
FR0010307819;26/05/14;46.35;46.995;46.275;46.75;398444
FR0010307819;27/05/14;46.805;47.345;46.645;47.12;505514
FR0010307819;28/05/14;47.00;47.71;46.905;47.205;530994
FR0010307819;29/05/14;46.365;46.51;46.00;46.28;357195
FR0010307819;30/05/14;46.275;46.625;46.04;46.435;570355
FR0013176526;02/05/14;32.8033;32.98;32.2733;32.5667;712848
FR0013176526;05/05/14;32.4067;32.75;32.0133;32.6067;630069
FR0013176526;06/05/14;32.70;32.82;31.6733;31.78;657891
FR0013176526;07/05/14;31.5167;31.90;30.9133;31.4267;911247
FR0013176526;08/05/14;31.5233;32.0967;31.1333;31.7333;779670
FR0013176526;09/05/14;31.57;31.71;31.2033;31.4233;676389
FR0013176526;12/05/14;31.5933;31.95;31.4267;31.65;757884
FR0013176526;13/05/14;31.65;32.21;31.5467;31.9933;868368
FR0013176526;14/05/14;31.8967;31.95;30.8933;31.2033;1075434
FR0013176526;15/05/14;31.1333;31.72;30.07;30.1833;1278918
FR0013176526;16/05/14;30.06;30.75;28.43;29.80;2732346
FR0013176526;19/05/14;29.6667;30.3267;28.84;30.08;1304010
FR0013176526;20/05/14;30.2367;31.30;30.1133;31.1167;1112868
FR0013176526;21/05/14;31.1033;31.55;30.6733;31.5433;800457
FR0013176526;22/05/14;31.6533;31.9333;31.5467;31.7833;795522
FR0013176526;23/05/14;31.7833;32.0967;31.54;32.08;516285
FR0013176526;26/05/14;32.2533;32.7967;32.1133;32.7433;442485
FR0013176526;27/05/14;32.1667;32.40;31.9467;32.0467;728697
FR0013176526;28/05/14;32.14;32.6467;32.0933;32.5933;546423
FR0013176526;29/05/14;32.59;32.6667;32.23;32.6667;661638
FR0013176526;30/05/14;33.0667;33.0667;32.5467;32.8333;999900
GB00BDSFG982;02/05/14;39.475;40.615;39.395;40.325;1074452
GB00BDSFG982;05/05/14;40.24;40.335;39.615;40.21;574494
GB00BDSFG982;06/05/14;40.345;40.355;39.38;39.46;706500
GB00BDSFG982;07/05/14;39.35;39.95;39.25;39.735;738480
GB00BDSFG982;08/05/14;39.665;40.00;39.535;39.855;600480
GB00BDSFG982;09/05/14;39.565;39.805;39.185;39.495;610294
GB00BDSFG982;12/05/14;39.495;39.95;39.30;39.945;638056
GB00BDSFG982;13/05/14;39.88;40.235;39.875;40.21;729630
GB00BDSFG982;14/05/14;40.21;40.585;40.155;40.485;679400
GB00BDSFG982;15/05/14;41.00;41.21;39.43;39.48;1458584
GB00BDSFG982;16/05/14;39.605;39.75;38.95;39.21;994058
GB00BDSFG982;19/05/14;39.17;39.585;38.97;39.52;703588
GB00BDSFG982;20/05/14;39.405;39.515;39.015;39.39;518884
GB00BDSFG982;21/05/14;39.445;39.98;39.295;39.88;620272
GB00BDSFG982;22/05/14;39.92;40.38;39.81;40.10;625292
GB00BDSFG982;23/05/14;40.16;40.25;39.81;40.21;658666
GB00BDSFG982;26/05/14;40.36;40.36;39.975;40.11;347600
GB00BDSFG982;27/05/14;40.00;40.075;39.62;39.695;660130
GB00BDSFG982;28/05/14;39.575;39.66;39.03;39.265;729266
GB00BDSFG982;29/05/14;39.205;39.82;39.04;39.82;514126
GB00BDSFG982;30/05/14;39.60;39.64;39.295;39.39;696982
LU1598757687;02/05/14;35.04;35.37;34.935;35.265;2291762
LU1598757687;05/05/14;35.10;35.19;34.545;34.905;1964354
LU1598757687;06/05/14;34.83;34.98;34.605;34.935;1682711
LU1598757687;07/05/14;34.77;35.01;34.545;34.995;1905471
LU1598757687;08/05/14;34.995;35.85;34.98;35.715;4128038
LU1598757687;09/05/14;35.325;35.595;34.23;34.50;5486714
LU1598757687;12/05/14;34.50;34.77;34.095;34.59;2985113
LU1598757687;13/05/14;34.77;35.445;34.71;35.22;3406556
LU1598757687;14/05/14;35.25;36.075;35.22;35.865;2914468
LU1598757687;15/05/14;35.79;35.985;35.085;35.19;2624749
LU1598757687;16/05/14;35.055;35.13;34.545;35.025;2924703
LU1598757687;19/05/14;34.95;35.01;34.605;34.74;2761001
LU1598757687;20/05/14;34.65;34.845;34.305;34.35;2124234
LU1598757687;21/05/14;34.035;34.11;33.69;33.96;3359127
LU1598757687;22/05/14;33.855;34.23;33.615;33.72;2689034
LU1598757687;23/05/14;33.585;34.08;33.54;33.915;1781598
LU1598757687;26/05/14;34.05;34.35;33.99;34.23;1086799
LU1598757687;27/05/14;34.305;34.56;34.185;34.275;1515530
LU1598757687;28/05/14;34.185;34.53;33.90;34.065;1875678
LU1598757687;29/05/14;34.02;34.425;33.81;34.14;1351297
LU1598757687;30/05/14;34.155;34.155;33.48;33.60;3020809
NL0000226223;02/05/14;6.99;6.99;6.837;6.86;2100398
NL0000226223;05/05/14;6.843;6.843;6.705;6.794;1460841
NL0000226223;06/05/14;6.786;6.891;6.786;6.875;1314328
NL0000226223;07/05/14;6.857;6.884;6.798;6.816;1622036
NL0000226223;08/05/14;6.811;7.011;6.811;7.011;2351122
NL0000226223;09/05/14;6.982;6.989;6.85;6.95;1635120
NL0000226223;12/05/14;6.942;7.109;6.928;7.109;2252783
NL0000226223;13/05/14;7.132;7.186;7.045;7.168;1844547
NL0000226223;14/05/14;7.17;7.185;7.093;7.174;1907404
NL0000226223;15/05/14;7.20;7.25;6.864;6.876;3208062
NL0000226223;16/05/14;6.847;6.899;6.746;6.842;2931250
NL0000226223;19/05/14;6.859;6.989;6.727;6.962;2356876
NL0000226223;20/05/14;6.973;7.01;6.869;6.927;1906527
NL0000226223;21/05/14;6.92;6.992;6.849;6.95;1091394
NL0000226223;22/05/14;6.857;6.915;6.809;6.84;1777477
NL0000226223;23/05/14;6.861;6.911;6.807;6.893;1131595
NL0000226223;26/05/14;6.946;7.156;6.93;7.156;1203906
NL0000226223;27/05/14;7.145;7.246;7.12;7.21;1814322
NL0000226223;28/05/14;7.196;7.296;7.167;7.265;1804497
NL0000226223;29/05/14;7.24;7.371;7.223;7.36;1242548
NL0000226223;30/05/14;7.364;7.417;7.327;7.34;2206072
NL0000235190;02/05/14;49.465;49.51;48.775;49.25;2189419
NL0000235190;05/05/14;48.61;49.215;48.31;49.135;2154924
NL0000235190;06/05/14;49.15;49.27;48.665;48.845;1742446
NL0000235190;07/05/14;48.79;48.79;48.10;48.555;2303893
NL0000235190;08/05/14;48.51;48.88;47.815;48.595;2739317
NL0000235190;09/05/14;48.345;48.895;48.265;48.66;2219115
NL0000235190;12/05/14;48.78;49.50;48.685;49.49;2757696
NL0000235190;13/05/14;51.93;52.96;51.50;52.54;5340334
NL0000235190;14/05/14;52.69;52.80;51.73;51.97;2203411
NL0000235190;15/05/14;51.99;52.24;50.82;50.85;2743758
NL0000235190;16/05/14;50.75;50.91;49.765;50.37;2904581
NL0000235190;19/05/14;50.29;51.39;49.75;51.32;2582322
NL0000235190;20/05/14;51.06;51.31;50.48;50.60;2433338
NL0000235190;21/05/14;50.38;50.65;50.05;50.38;1932679
NL0000235190;22/05/14;50.41;51.24;50.16;51.05;2173196
NL0000235190;23/05/14;51.05;51.85;51.01;51.59;1833373
NL0000235190;26/05/14;51.75;52.00;51.36;51.75;971686
NL0000235190;27/05/14;51.84;52.95;51.71;52.74;2601200
NL0000235190;28/05/14;52.37;53.33;52.37;53.12;2165997
NL0000235190;29/05/14;52.52;52.82;52.33;52.65;1276512
NL0000235190;30/05/14;52.46;52.89;52.35;52.61;1733650
