FR0000045072;01/03/19;11.342;11.37;11.13;11.138;8024737
FR0000045072;04/03/19;11.23;11.252;11.088;11.11;4209830
FR0000045072;05/03/19;11.12;11.18;10.974;11.07;6172405
FR0000045072;06/03/19;10.952;11.056;10.768;11.006;8541656
FR0000045072;07/03/19;11.024;11.094;10.604;10.658;11681830
FR0000045072;08/03/19;10.594;10.634;10.464;10.60;8462105
FR0000045072;11/03/19;10.668;10.92;10.668;10.886;7402806
FR0000045072;12/03/19;10.956;11.076;10.836;10.878;7407372
FR0000045072;13/03/19;10.888;11.05;10.838;11.002;5778723
FR0000045072;14/03/19;11.00;11.124;10.934;10.952;6352609
FR0000045072;15/03/19;10.98;11.042;10.882;11.042;24118542
FR0000045072;18/03/19;11.088;11.436;11.052;11.326;7429402
FR0000045072;19/03/19;11.31;11.40;11.152;11.31;5159120
FR0000045072;20/03/19;11.30;11.362;11.112;11.112;5506173
FR0000045072;21/03/19;11.032;11.05;10.902;10.922;5734720
FR0000045072;22/03/19;10.988;10.99;10.51;10.51;10157130
FR0000045072;25/03/19;10.45;10.578;10.37;10.47;5315320
FR0000045072;26/03/19;10.50;10.592;10.38;10.492;3476768
FR0000045072;27/03/19;10.58;11.052;10.474;10.866;10976061
FR0000045072;28/03/19;10.802;10.836;10.604;10.66;5392258
FR0000045072;29/03/19;10.798;10.862;10.682;10.77;5138721
FR0000051732;01/03/19;84.64;85.64;84.30;85.24;408005
FR0000051732;04/03/19;86.48;87.02;85.44;85.56;298263
FR0000051732;05/03/19;85.48;85.48;83.70;83.80;466932
FR0000051732;06/03/19;83.28;84.14;82.90;83.50;349317
FR0000051732;07/03/19;83.90;85.00;83.34;83.70;380388
FR0000051732;08/03/19;82.70;83.20;81.78;82.30;337440
FR0000051732;11/03/19;82.64;84.34;82.14;84.34;354618
FR0000051732;12/03/19;84.44;85.28;83.50;83.80;486749
FR0000051732;13/03/19;83.60;84.20;83.40;83.90;386621
FR0000051732;14/03/19;83.64;84.00;83.36;83.68;449104
FR0000051732;15/03/19;84.00;86.52;83.92;86.40;684685
FR0000051732;18/03/19;86.60;88.84;86.52;86.74;436943
FR0000051732;19/03/19;86.82;87.54;85.58;86.94;272113
FR0000051732;20/03/19;86.98;87.96;86.62;87.20;347975
FR0000051732;21/03/19;87.64;87.88;86.30;87.28;405362
FR0000051732;22/03/19;87.60;88.24;85.04;85.48;357731
FR0000051732;25/03/19;84.74;85.38;83.34;84.16;357547
FR0000051732;26/03/19;84.06;86.62;84.06;86.14;298841
FR0000051732;27/03/19;86.52;87.04;83.92;84.30;405606
FR0000051732;28/03/19;84.00;85.88;84.00;84.12;517221
FR0000051732;29/03/19;84.18;86.52;84.18;86.00;416992
FR0000052292;01/03/19;563.80;567.40;561.00;562.40;54793
FR0000052292;04/03/19;567.00;569.00;564.20;565.60;46964
FR0000052292;05/03/19;565.00;567.40;562.20;567.20;55805
FR0000052292;06/03/19;567.00;569.00;560.60;562.80;57576
FR0000052292;07/03/19;565.00;567.80;559.60;564.60;57419
FR0000052292;08/03/19;559.40;567.20;558.20;566.20;56590
FR0000052292;11/03/19;568.00;569.40;564.40;567.80;46154
FR0000052292;12/03/19;570.00;570.00;564.00;569.00;40942
FR0000052292;13/03/19;568.60;570.00;566.40;569.20;43535
FR0000052292;14/03/19;568.40;575.20;568.40;575.00;38055
FR0000052292;15/03/19;576.80;584.20;576.60;584.00;132208
FR0000052292;18/03/19;584.80;585.40;580.20;582.00;47211
FR0000052292;19/03/19;584.40;590.80;584.40;590.20;53448
FR0000052292;20/03/19;588.80;598.40;582.00;596.60;91458
FR0000052292;21/03/19;594.60;596.00;588.20;592.20;58103
FR0000052292;22/03/19;595.40;597.00;582.80;583.20;58826
FR0000052292;25/03/19;570.80;588.60;554.00;588.60;77211
FR0000052292;26/03/19;593.00;593.00;588.20;590.00;51855
FR0000052292;27/03/19;592.00;593.00;587.80;590.00;51628
FR0000052292;28/03/19;588.00;595.80;588.00;589.80;59249
FR0000052292;29/03/19;594.00;595.60;586.60;588.20;70499
FR0000073272;01/03/19;119.80;120.70;119.60;120.00;769703
FR0000073272;04/03/19;120.30;121.25;120.00;120.45;459411
FR0000073272;05/03/19;120.70;121.10;120.00;120.90;570139
FR0000073272;06/03/19;120.80;121.40;120.35;120.70;654469
FR0000073272;07/03/19;120.50;120.70;119.50;120.15;624729
FR0000073272;08/03/19;119.60;120.55;119.20;119.55;672515
FR0000073272;11/03/19;117.60;119.10;115.70;117.55;1175612
FR0000073272;12/03/19;118.50;118.50;116.10;117.00;1174822
FR0000073272;13/03/19;116.90;117.40;116.60;117.25;714889
FR0000073272;14/03/19;117.20;117.65;116.15;117.40;851282
FR0000073272;15/03/19;118.00;119.60;117.65;118.80;2307917
FR0000073272;18/03/19;119.20;119.85;118.25;119.85;585734
FR0000073272;19/03/19;119.80;121.80;119.50;121.25;766972
FR0000073272;20/03/19;121.70;122.35;120.90;120.90;648331
FR0000073272;21/03/19;121.00;121.95;120.45;120.95;558114
FR0000073272;22/03/19;121.50;121.65;118.00;118.10;909882
FR0000073272;25/03/19;117.75;118.15;116.70;117.85;799473
FR0000073272;26/03/19;117.90;119.30;117.35;118.10;608140
FR0000073272;27/03/19;118.10;118.40;116.35;116.90;790863
FR0000073272;28/03/19;117.15;119.55;117.10;118.65;734457
FR0000073272;29/03/19;119.35;122.30;119.25;122.25;1054821
FR0000120073;01/03/19;110.20;110.95;109.70;110.45;980730
FR0000120073;04/03/19;110.50;110.65;109.60;109.90;577372
FR0000120073;05/03/19;110.30;110.85;109.75;110.85;555767
FR0000120073;06/03/19;110.85;111.80;110.65;111.80;735454
FR0000120073;07/03/19;111.70;112.25;110.30;110.70;1142249
FR0000120073;08/03/19;110.55;111.45;110.20;110.85;1068892
FR0000120073;11/03/19;111.50;111.75;110.80;111.45;770212
FR0000120073;12/03/19;111.85;111.95;110.75;111.35;857968
FR0000120073;13/03/19;110.75;111.75;110.70;111.65;947918
FR0000120073;14/03/19;111.45;112.45;111.45;112.45;812105
FR0000120073;15/03/19;112.50;114.45;112.40;113.75;2258102
FR0000120073;18/03/19;113.90;113.95;112.50;112.50;893830
FR0000120073;19/03/19;112.50;112.90;111.85;111.85;893875
FR0000120073;20/03/19;111.75;112.80;111.70;112.65;862408
FR0000120073;21/03/19;112.95;113.40;112.35;112.95;650016
FR0000120073;22/03/19;113.50;113.50;110.45;110.65;956868
FR0000120073;25/03/19;110.60;112.15;110.35;112.10;886400
FR0000120073;26/03/19;112.00;113.10;111.60;112.95;573172
FR0000120073;27/03/19;113.50;113.80;112.20;112.65;834384
FR0000120073;28/03/19;113.00;113.40;112.70;112.90;634240
FR0000120073;29/03/19;113.40;113.50;112.25;113.35;818182
FR0000120172;01/03/19;17.70;18.145;17.485;17.71;4306148
FR0000120172;04/03/19;17.65;17.83;17.28;17.37;3744623
FR0000120172;05/03/19;17.40;17.45;17.14;17.35;2332381
FR0000120172;06/03/19;17.355;17.495;17.32;17.45;1687962
FR0000120172;07/03/19;17.43;17.505;17.365;17.48;2127870
FR0000120172;08/03/19;17.355;17.46;17.08;17.115;2522012
FR0000120172;11/03/19;17.13;17.325;17.12;17.295;1810712
FR0000120172;12/03/19;17.415;17.595;17.25;17.25;2871814
FR0000120172;13/03/19;17.205;17.25;17.04;17.135;2520578
FR0000120172;14/03/19;17.185;17.34;17.095;17.145;2102502
FR0000120172;15/03/19;17.20;17.20;16.925;16.925;5988825
FR0000120172;18/03/19;16.915;17.09;16.905;16.97;2583641
FR0000120172;19/03/19;16.955;17.15;16.895;17.045;1558734
FR0000120172;20/03/19;17.105;17.31;17.04;17.04;1677479
FR0000120172;21/03/19;17.01;17.05;16.88;17.005;1588830
FR0000120172;22/03/19;17.13;17.33;16.90;16.90;2731406
FR0000120172;25/03/19;16.77;16.89;16.36;16.455;3217714
FR0000120172;26/03/19;16.475;16.565;16.365;16.525;1971265
FR0000120172;27/03/19;16.485;16.72;16.435;16.715;2378106
FR0000120172;28/03/19;16.64;16.765;16.145;16.275;2575901
FR0000120172;29/03/19;16.30;16.65;16.30;16.65;3488875
FR0000120271;01/03/19;50.27;50.34;49.76;49.875;5527268
FR0000120271;04/03/19;50.28;50.57;50.04;50.37;4480026
FR0000120271;05/03/19;50.58;50.85;50.42;50.85;6483034
FR0000120271;06/03/19;50.72;51.22;50.72;51.02;5519880
FR0000120271;07/03/19;50.94;51.19;50.71;51.02;5027712
FR0000120271;08/03/19;50.60;51.12;50.19;50.33;7452126
FR0000120271;11/03/19;50.58;50.86;50.52;50.76;4666045
FR0000120271;12/03/19;51.01;51.04;50.26;50.66;6764896
FR0000120271;13/03/19;50.58;51.31;50.57;51.21;6392152
FR0000120271;14/03/19;51.47;51.75;51.40;51.45;4997647
FR0000120271;15/03/19;51.55;52.14;51.44;51.70;18133770
FR0000120271;18/03/19;51.79;52.27;51.68;52.27;4364533
FR0000120271;19/03/19;51.72;52.02;51.43;51.54;6732566
FR0000120271;20/03/19;50.98;51.04;50.34;50.36;9926478
FR0000120271;21/03/19;50.62;50.85;50.43;50.48;6037624
FR0000120271;22/03/19;50.38;50.44;49.425;49.43;8255664
FR0000120271;25/03/19;49.32;49.735;49.22;49.25;6042550
FR0000120271;26/03/19;49.41;49.825;49.235;49.585;5889868
FR0000120271;27/03/19;49.75;49.775;49.26;49.36;6693687
FR0000120271;28/03/19;49.265;49.48;49.04;49.295;6591211
FR0000120271;29/03/19;49.65;49.885;49.205;49.52;6687938
FR0000120321;01/03/19;225.00;225.00;221.30;223.40;422982
FR0000120321;04/03/19;224.00;224.70;222.80;223.20;303016
FR0000120321;05/03/19;223.70;226.80;223.00;226.20;368512
FR0000120321;06/03/19;226.90;226.90;223.90;224.00;393885
FR0000120321;07/03/19;224.40;228.30;224.10;228.10;551157
FR0000120321;08/03/19;227.20;229.90;227.00;229.10;472916
FR0000120321;11/03/19;227.00;228.90;225.30;227.30;386456
FR0000120321;12/03/19;227.80;228.80;225.10;228.30;310023
FR0000120321;13/03/19;228.00;230.40;227.90;228.90;380011
FR0000120321;14/03/19;228.60;233.00;228.60;232.60;437334
FR0000120321;15/03/19;232.70;237.20;232.60;236.10;1206393
FR0000120321;18/03/19;235.20;235.70;233.90;235.20;305897
FR0000120321;19/03/19;234.70;236.10;234.40;234.70;367079
FR0000120321;20/03/19;235.30;237.30;234.80;235.20;486145
FR0000120321;21/03/19;235.70;237.80;234.90;237.30;395251
FR0000120321;22/03/19;237.10;237.70;234.10;234.70;527129
FR0000120321;25/03/19;234.00;235.50;233.50;234.80;399983
FR0000120321;26/03/19;235.50;238.70;235.00;238.30;367588
FR0000120321;27/03/19;238.40;238.90;236.30;238.40;376089
FR0000120321;28/03/19;237.00;240.30;236.20;238.60;385436
FR0000120321;29/03/19;239.50;240.10;238.00;239.80;480685
FR0000120404;01/03/19;37.17;37.50;37.00;37.00;876405
FR0000120404;04/03/19;37.17;37.35;36.97;37.08;773978
FR0000120404;05/03/19;36.98;37.45;36.82;37.33;962778
FR0000120404;06/03/19;37.00;37.22;36.41;36.81;1673009
FR0000120404;07/03/19;36.08;36.67;35.86;36.09;1935678
FR0000120404;08/03/19;35.79;36.10;35.24;35.71;1781423
FR0000120404;11/03/19;35.80;36.08;35.40;35.79;1120174
FR0000120404;12/03/19;35.95;36.26;35.88;36.11;1652431
FR0000120404;13/03/19;36.09;36.68;36.00;36.68;1515723
FR0000120404;14/03/19;36.66;37.45;36.58;37.45;1546298
FR0000120404;15/03/19;37.43;38.02;37.29;38.02;2166684
FR0000120404;18/03/19;38.00;38.00;37.68;38.00;1068004
FR0000120404;19/03/19;37.98;38.16;37.81;38.04;1089645
FR0000120404;20/03/19;38.13;38.29;37.55;37.55;1080066
FR0000120404;21/03/19;37.52;38.15;37.11;37.95;965123
FR0000120404;22/03/19;38.00;38.00;36.96;36.96;1326908
FR0000120404;25/03/19;36.90;37.14;36.23;36.87;1003597
FR0000120404;26/03/19;37.00;37.14;36.62;36.62;994852
FR0000120404;27/03/19;36.60;36.79;36.09;36.13;1176132
FR0000120404;28/03/19;36.21;36.43;35.77;35.77;867568
FR0000120404;29/03/19;35.85;36.15;35.67;36.11;986100
FR0000120503;01/03/19;33.25;33.51;33.08;33.18;974544
FR0000120503;04/03/19;33.25;33.25;32.84;32.84;910498
FR0000120503;05/03/19;32.60;32.79;32.44;32.54;946663
FR0000120503;06/03/19;32.39;32.89;32.36;32.60;783361
FR0000120503;07/03/19;32.64;32.72;32.03;32.20;778946
FR0000120503;08/03/19;32.00;32.03;31.72;31.84;688252
FR0000120503;11/03/19;31.92;32.08;31.61;32.01;463615
FR0000120503;12/03/19;32.15;32.28;31.61;31.74;626802
FR0000120503;13/03/19;31.69;31.75;31.46;31.66;887080
FR0000120503;14/03/19;31.67;32.23;31.67;31.80;963260
FR0000120503;15/03/19;31.83;32.68;31.79;32.68;2113673
FR0000120503;18/03/19;32.70;32.83;32.59;32.78;578782
FR0000120503;19/03/19;32.81;32.88;32.33;32.33;999256
FR0000120503;20/03/19;32.30;32.54;31.96;31.96;923336
FR0000120503;21/03/19;32.30;32.85;32.14;32.44;1067195
FR0000120503;22/03/19;32.65;32.73;31.70;31.70;1017093
FR0000120503;25/03/19;31.65;31.91;31.22;31.47;740388
FR0000120503;26/03/19;31.60;31.78;31.25;31.57;654095
FR0000120503;27/03/19;31.79;32.03;31.46;31.62;894616
FR0000120503;28/03/19;31.67;31.76;31.21;31.27;1129016
FR0000120503;29/03/19;31.72;31.85;31.37;31.85;882721
FR0000120578;01/03/19;73.58;74.15;73.33;74.00;2527189
FR0000120578;04/03/19;74.58;75.49;74.30;75.03;1982860
FR0000120578;05/03/19;75.39;76.43;75.35;76.43;2841417
FR0000120578;06/03/19;76.50;77.23;76.33;76.58;2463486
FR0000120578;07/03/19;76.78;76.89;76.35;76.64;2710651
FR0000120578;08/03/19;76.86;77.91;76.78;76.78;2690333
FR0000120578;11/03/19;76.81;77.08;76.35;76.96;2163681
FR0000120578;12/03/19;77.57;77.62;76.89;77.40;2211420
FR0000120578;13/03/19;77.13;77.80;77.10;77.80;2046485
FR0000120578;14/03/19;78.00;78.81;77.77;78.35;2237810
FR0000120578;15/03/19;78.63;79.55;78.44;79.55;6378573
FR0000120578;18/03/19;79.50;79.52;78.92;79.22;1801163
FR0000120578;19/03/19;79.00;79.55;78.89;79.55;2030858
FR0000120578;20/03/19;79.40;79.83;79.26;79.40;2275738
FR0000120578;21/03/19;78.92;79.85;78.66;79.74;1475153
FR0000120578;22/03/19;79.89;80.28;78.31;78.31;2361535
FR0000120578;25/03/19;78.29;78.74;77.20;77.96;1790866
FR0000120578;26/03/19;77.76;78.76;77.51;78.33;1696707
FR0000120578;27/03/19;78.03;78.25;77.27;77.69;2089391
FR0000120578;28/03/19;78.02;79.06;77.98;78.71;2145276
FR0000120578;29/03/19;78.78;78.86;78.05;78.74;2255101
FR0000120628;01/03/19;22.39;22.63;22.325;22.525;8050754
FR0000120628;04/03/19;22.65;22.70;22.43;22.455;5012877
FR0000120628;05/03/19;22.415;22.58;22.22;22.285;7147216
FR0000120628;06/03/19;22.23;22.415;22.21;22.355;6563602
FR0000120628;07/03/19;22.355;22.405;21.985;22.225;9675362
FR0000120628;08/03/19;21.985;22.10;21.875;21.985;9393890
FR0000120628;11/03/19;22.105;22.195;22.02;22.17;6633012
FR0000120628;12/03/19;22.315;22.37;22.08;22.15;5543979
FR0000120628;13/03/19;22.105;22.385;22.10;22.31;4832153
FR0000120628;14/03/19;22.24;22.575;22.24;22.465;6836905
FR0000120628;15/03/19;22.475;22.81;22.43;22.795;18266248
FR0000120628;18/03/19;22.805;22.895;22.755;22.80;4415401
FR0000120628;19/03/19;22.865;23.01;22.805;22.845;4945383
FR0000120628;20/03/19;22.79;22.88;22.675;22.675;7049942
FR0000120628;21/03/19;22.575;22.69;22.425;22.605;6109422
FR0000120628;22/03/19;22.61;22.70;22.195;22.33;9061492
FR0000120628;25/03/19;22.20;22.455;22.115;22.295;6185254
FR0000120628;26/03/19;22.325;22.40;22.18;22.37;4735659
FR0000120628;27/03/19;22.355;22.66;22.295;22.48;7222183
FR0000120628;28/03/19;22.425;22.495;22.06;22.255;6611144
FR0000120628;29/03/19;22.315;22.485;22.265;22.43;5771515
FR0000120644;01/03/19;66.57;66.62;65.73;65.88;1858045
FR0000120644;04/03/19;65.90;66.92;65.88;66.72;1279560
FR0000120644;05/03/19;67.00;67.31;66.51;66.93;1286646
FR0000120644;06/03/19;67.14;67.57;66.69;67.36;1223604
FR0000120644;07/03/19;67.49;68.31;67.17;68.02;1716798
FR0000120644;08/03/19;68.11;68.53;67.91;67.91;1814000
FR0000120644;11/03/19;68.57;68.66;67.93;67.93;1492154
FR0000120644;12/03/19;68.02;68.02;67.43;67.61;1647211
FR0000120644;13/03/19;67.74;68.13;67.61;67.95;1197060
FR0000120644;14/03/19;68.09;68.74;68.03;68.71;1251918
FR0000120644;15/03/19;68.69;69.48;68.57;69.05;3481974
FR0000120644;18/03/19;69.03;69.42;68.76;69.13;836922
FR0000120644;19/03/19;68.70;69.29;68.69;68.78;1057899
FR0000120644;20/03/19;68.90;69.44;68.62;68.96;1371586
FR0000120644;21/03/19;69.20;69.64;69.00;69.41;1253096
FR0000120644;22/03/19;69.42;69.50;67.52;67.70;2197885
FR0000120644;25/03/19;66.60;67.60;66.48;67.13;1713169
FR0000120644;26/03/19;66.97;67.87;66.82;67.78;1259430
FR0000120644;27/03/19;67.63;67.91;66.27;67.54;1877954
FR0000120644;28/03/19;67.56;68.37;67.50;68.12;1453376
FR0000120644;29/03/19;68.24;68.71;68.09;68.69;1758767
FR0000120693;01/03/19;152.00;153.40;151.30;153.15;375356
FR0000120693;04/03/19;153.50;154.70;153.40;154.00;273992
FR0000120693;05/03/19;154.55;155.10;152.80;153.85;297788
FR0000120693;06/03/19;154.50;154.75;153.40;154.00;253212
FR0000120693;07/03/19;154.15;156.20;154.05;156.05;316068
FR0000120693;08/03/19;155.95;156.50;155.45;155.55;334869
FR0000120693;11/03/19;155.70;155.80;153.90;155.20;267752
FR0000120693;12/03/19;155.40;155.40;154.15;154.95;210635
FR0000120693;13/03/19;155.35;159.50;154.25;155.35;497646
FR0000120693;14/03/19;155.35;157.80;155.30;157.50;345553
FR0000120693;15/03/19;157.30;159.05;157.15;158.80;765414
FR0000120693;18/03/19;158.40;158.90;157.55;157.90;287917
FR0000120693;19/03/19;157.15;159.05;156.80;157.05;299980
FR0000120693;20/03/19;157.00;159.40;156.90;157.90;333750
FR0000120693;21/03/19;158.70;160.10;158.05;160.10;292210
FR0000120693;22/03/19;160.45;160.55;157.10;157.50;488841
FR0000120693;25/03/19;157.30;158.60;156.00;158.60;354499
FR0000120693;26/03/19;159.00;160.10;158.10;159.90;285525
FR0000120693;27/03/19;160.00;160.15;158.30;159.35;425731
FR0000120693;28/03/19;159.50;160.45;159.10;160.00;358112
FR0000120693;29/03/19;160.65;161.45;158.60;160.00;436724
FR0000121014;01/03/19;305.00;310.35;304.50;306.60;698031
FR0000121014;04/03/19;309.70;310.65;307.55;308.00;502921
FR0000121014;05/03/19;307.00;309.95;305.65;309.00;487960
FR0000121014;06/03/19;308.30;309.65;305.80;306.90;579273
FR0000121014;07/03/19;306.50;308.35;304.65;306.05;552032
FR0000121014;08/03/19;302.20;307.10;301.70;305.80;617703
FR0000121014;11/03/19;308.55;309.50;303.95;306.40;522688
FR0000121014;12/03/19;306.70;309.40;305.85;308.60;502289
FR0000121014;13/03/19;306.90;312.80;306.75;310.50;580282
FR0000121014;14/03/19;310.50;316.15;308.35;315.60;672763
FR0000121014;15/03/19;316.85;321.45;315.80;318.60;1505617
FR0000121014;18/03/19;316.85;318.85;316.10;317.15;427060
FR0000121014;19/03/19;318.00;321.35;317.70;320.30;561345
FR0000121014;20/03/19;320.00;321.70;317.95;318.20;476596
FR0000121014;21/03/19;320.20;321.55;316.00;317.80;481047
FR0000121014;22/03/19;319.35;320.80;312.40;313.45;682749
FR0000121014;25/03/19;310.45;317.90;285.70;317.70;765877
FR0000121014;26/03/19;319.65;324.35;318.00;322.80;629182
FR0000121014;27/03/19;322.50;325.15;321.10;322.90;640901
FR0000121014;28/03/19;322.85;327.00;322.50;324.10;507123
FR0000121014;29/03/19;329.00;330.40;326.50;327.90;709689
FR0000121220;01/03/19;96.80;97.88;95.86;96.16;223250
FR0000121220;04/03/19;96.02;97.70;96.02;96.64;218172
FR0000121220;05/03/19;96.40;96.66;95.44;96.50;200839
FR0000121220;06/03/19;96.30;96.92;96.12;96.20;192248
FR0000121220;07/03/19;96.22;97.14;96.08;97.00;181652
FR0000121220;08/03/19;96.68;97.30;96.40;97.18;266302
FR0000121220;11/03/19;97.42;98.16;96.86;97.58;223681
FR0000121220;12/03/19;97.64;98.10;97.44;98.10;272544
FR0000121220;13/03/19;97.80;98.04;96.88;97.28;239757
FR0000121220;14/03/19;97.28;98.04;97.22;97.70;217527
FR0000121220;15/03/19;97.98;99.60;97.70;99.60;480249
FR0000121220;18/03/19;99.70;100.10;99.04;100.10;182113
FR0000121220;19/03/19;99.78;101.20;99.20;101.00;182984
FR0000121220;20/03/19;100.90;101.10;100.15;100.40;226019
FR0000121220;21/03/19;98.00;98.48;95.94;97.78;450671
FR0000121220;22/03/19;98.42;98.42;96.96;96.96;293036
FR0000121220;25/03/19;96.70;97.80;96.54;96.78;199897
FR0000121220;26/03/19;96.90;97.88;96.68;97.02;194854
FR0000121220;27/03/19;97.48;97.80;96.90;97.40;214168
FR0000121220;28/03/19;97.50;98.26;97.08;97.20;180775
FR0000121220;29/03/19;97.48;98.16;97.10;98.16;295246
FR0000121261;01/03/19;106.05;107.00;105.15;105.40;517384
FR0000121261;04/03/19;106.00;106.10;104.75;105.20;406378
FR0000121261;05/03/19;105.00;105.00;103.55;103.85;598163
FR0000121261;06/03/19;103.60;104.05;102.75;103.00;734334
FR0000121261;07/03/19;102.60;103.15;101.50;102.20;911054
FR0000121261;08/03/19;100.80;101.60;100.55;100.70;835549
FR0000121261;11/03/19;101.00;101.95;100.10;101.55;488938
FR0000121261;12/03/19;102.25;102.75;100.55;100.70;819744
FR0000121261;13/03/19;100.60;103.25;100.60;102.95;742121
FR0000121261;14/03/19;103.25;105.25;102.85;104.00;652622
FR0000121261;15/03/19;104.40;105.85;103.80;105.70;916744
FR0000121261;18/03/19;105.45;105.65;104.50;104.85;412617
FR0000121261;19/03/19;104.80;106.65;104.05;105.85;490677
FR0000121261;20/03/19;105.80;105.80;103.65;103.65;589600
FR0000121261;21/03/19;103.85;104.95;103.05;104.45;321633
FR0000121261;22/03/19;105.15;106.30;102.90;102.95;650277
FR0000121261;25/03/19;102.35;103.60;101.85;103.20;422597
FR0000121261;26/03/19;103.50;104.30;102.85;103.90;631036
FR0000121261;27/03/19;104.65;106.80;104.05;104.70;539895
FR0000121261;28/03/19;104.85;105.95;103.75;103.85;539879
FR0000121261;29/03/19;105.00;105.70;104.30;105.40;655506
FR0000121329;01/03/19;108.80;109.45;106.60;107.15;276354
FR0000121329;04/03/19;107.80;108.75;107.30;107.60;243635
FR0000121329;05/03/19;107.40;109.70;107.40;109.30;300619
FR0000121329;06/03/19;109.20;109.20;107.70;108.10;264176
FR0000121329;07/03/19;107.60;107.65;105.90;106.45;347712
FR0000121329;08/03/19;105.80;108.10;105.60;108.05;351738
FR0000121329;11/03/19;108.00;108.05;106.15;107.50;171913
FR0000121329;12/03/19;107.50;107.90;106.45;106.65;180310
FR0000121329;13/03/19;106.50;107.25;106.20;107.15;272288
FR0000121329;14/03/19;106.85;109.45;106.85;109.40;318174
FR0000121329;15/03/19;109.50;110.35;109.00;110.35;383240
FR0000121329;18/03/19;110.35;110.85;109.80;110.50;266345
FR0000121329;19/03/19;110.45;110.90;109.55;110.05;193294
FR0000121329;20/03/19;110.00;110.15;108.20;108.20;250928
FR0000121329;21/03/19;108.05;108.40;107.20;108.20;303115
FR0000121329;22/03/19;108.50;108.85;105.25;105.70;249178
FR0000121329;25/03/19;105.25;106.20;104.50;105.30;158447
FR0000121329;26/03/19;105.35;106.75;104.80;106.05;149360
FR0000121329;27/03/19;106.10;106.55;104.65;104.90;258798
FR0000121329;28/03/19;104.90;106.10;104.70;105.10;184436
FR0000121329;29/03/19;105.85;107.40;105.75;106.75;230005
FR0000121485;01/03/19;500.00;500.80;491.80;495.50;309691
FR0000121485;04/03/19;498.20;503.80;493.60;494.50;209947
FR0000121485;05/03/19;493.00;493.40;487.90;493.40;199160
FR0000121485;06/03/19;491.00;494.10;485.80;489.00;193363
FR0000121485;07/03/19;487.10;491.00;480.30;487.00;209183
FR0000121485;08/03/19;480.30;489.70;480.00;486.80;201716
FR0000121485;11/03/19;489.20;490.40;484.40;487.50;166456
FR0000121485;12/03/19;490.00;490.90;486.00;487.60;147461
FR0000121485;13/03/19;486.20;492.90;485.00;490.50;129275
FR0000121485;14/03/19;489.30;495.00;488.10;494.60;192640
FR0000121485;15/03/19;495.00;505.80;494.40;496.30;503697
FR0000121485;18/03/19;497.90;499.80;494.50;496.00;148711
FR0000121485;19/03/19;498.00;512.00;497.10;509.40;232123
FR0000121485;20/03/19;512.00;512.60;502.80;502.80;243069
FR0000121485;21/03/19;503.00;504.40;495.40;500.00;178423
FR0000121485;22/03/19;504.80;507.80;490.10;492.20;241701
FR0000121485;25/03/19;487.30;497.80;481.70;497.40;225096
FR0000121485;26/03/19;497.80;505.80;497.10;504.20;210876
FR0000121485;27/03/19;506.20;508.80;500.40;502.00;186095
FR0000121485;28/03/19;501.60;511.60;500.80;503.40;191164
FR0000121485;29/03/19;510.80;513.60;508.00;511.20;211634
FR0000121501;01/03/19;22.52;23.14;22.46;22.81;3349658
FR0000121501;04/03/19;23.10;23.25;22.94;23.08;2666998
FR0000121501;05/03/19;22.95;23.05;22.64;22.80;2542961
FR0000121501;06/03/19;22.60;22.66;22.18;22.21;2780940
FR0000121501;07/03/19;22.02;22.05;21.32;21.35;3983852
FR0000121501;08/03/19;21.08;21.32;20.84;21.13;3042043
FR0000121501;11/03/19;21.13;21.57;21.12;21.55;1837410
FR0000121501;12/03/19;21.66;21.82;21.39;21.39;1944705
FR0000121501;13/03/19;21.31;21.65;21.29;21.65;2033407
FR0000121501;14/03/19;21.61;22.00;21.61;21.87;2283988
FR0000121501;15/03/19;21.82;22.22;21.75;22.16;3422391
FR0000121501;18/03/19;22.16;22.54;22.15;22.28;1554509
FR0000121501;19/03/19;22.29;22.94;22.21;22.89;2641384
FR0000121501;20/03/19;22.88;22.95;22.15;22.15;2255813
FR0000121501;21/03/19;22.11;22.50;22.02;22.20;1197216
FR0000121501;22/03/19;22.32;22.40;21.68;21.75;2231849
FR0000121501;25/03/19;21.46;21.75;20.76;21.12;2788682
FR0000121501;26/03/19;21.27;21.36;20.90;21.06;2117130
FR0000121501;27/03/19;21.19;21.94;21.12;21.63;2983354
FR0000121501;28/03/19;21.60;21.71;21.32;21.32;1690407
FR0000121501;29/03/19;21.52;21.84;21.50;21.74;2210294
FR0000121667;01/03/19;106.60;107.55;106.55;106.70;567115
FR0000121667;04/03/19;106.55;108.55;106.55;108.10;547847
FR0000121667;05/03/19;107.20;109.05;107.20;109.05;673688
FR0000121667;06/03/19;109.10;109.45;108.50;108.75;671554
FR0000121667;07/03/19;108.90;109.45;108.20;108.65;757219
FR0000121667;08/03/19;106.00;106.00;100.40;101.80;2162404
FR0000121667;11/03/19;101.00;103.65;99.62;103.65;1275453
FR0000121667;12/03/19;103.70;104.25;102.30;103.85;1207437
FR0000121667;13/03/19;104.00;104.00;102.15;102.45;1003496
FR0000121667;14/03/19;102.85;106.10;102.85;105.85;1001103
FR0000121667;15/03/19;106.00;106.90;105.00;106.40;3366675
FR0000121667;18/03/19;106.70;106.90;104.65;105.20;577207
FR0000121667;19/03/19;105.30;106.50;105.25;105.50;589992
FR0000121667;20/03/19;105.40;105.80;104.85;105.00;544094
FR0000121667;21/03/19;100.55;101.20;97.80;98.12;2337665
FR0000121667;22/03/19;98.42;99.12;96.92;97.96;1124822
FR0000121667;25/03/19;97.04;98.36;96.92;97.00;969415
FR0000121667;26/03/19;97.30;98.98;96.68;98.82;809609
FR0000121667;27/03/19;99.00;99.28;98.30;98.60;670407
FR0000121667;28/03/19;97.86;97.90;95.50;96.00;1257741
FR0000121667;29/03/19;97.16;98.00;96.64;97.38;932607
FR0000121972;01/03/19;68.42;69.26;68.16;69.06;1783273
FR0000121972;04/03/19;69.50;70.34;69.44;69.98;1250881
FR0000121972;05/03/19;70.14;70.14;69.06;69.56;1111976
FR0000121972;06/03/19;69.18;70.30;69.08;69.66;1459059
FR0000121972;07/03/19;69.68;69.68;68.72;69.26;1341390
FR0000121972;08/03/19;68.66;68.82;67.22;67.60;2085806
FR0000121972;11/03/19;68.08;68.80;67.70;68.76;1003913
FR0000121972;12/03/19;69.02;69.38;68.58;69.10;1015613
FR0000121972;13/03/19;68.80;69.62;68.78;69.40;871323
FR0000121972;14/03/19;69.36;70.16;69.30;69.82;1104515
FR0000121972;15/03/19;69.82;71.00;69.74;70.72;3563469
FR0000121972;18/03/19;70.30;70.58;69.76;70.34;1325254
FR0000121972;19/03/19;70.22;71.50;70.22;71.14;1311327
FR0000121972;20/03/19;70.90;71.34;70.08;70.26;1482814
FR0000121972;21/03/19;70.02;70.86;69.62;70.18;1048280
FR0000121972;22/03/19;70.38;70.64;67.52;67.74;2023933
FR0000121972;25/03/19;68.22;68.60;67.14;68.30;1545938
FR0000121972;26/03/19;68.54;68.72;67.76;68.72;1257580
FR0000121972;27/03/19;68.98;69.64;68.38;68.98;1702999
FR0000121972;28/03/19;68.90;69.46;68.54;68.68;1387749
FR0000121972;29/03/19;69.04;70.06;69.04;69.94;1364581
FR0000124141;01/03/19;19.495;19.54;19.355;19.36;1570699
FR0000124141;04/03/19;19.20;19.525;19.20;19.44;1308349
FR0000124141;05/03/19;19.425;19.57;19.29;19.465;1651559
FR0000124141;06/03/19;19.475;19.54;19.375;19.52;1405220
FR0000124141;07/03/19;19.51;19.715;19.40;19.695;1486194
FR0000124141;08/03/19;19.61;19.825;19.61;19.69;2196792
FR0000124141;11/03/19;19.755;19.87;19.62;19.81;1238372
FR0000124141;12/03/19;19.89;20.00;19.72;19.93;1554706
FR0000124141;13/03/19;19.85;19.94;19.80;19.93;1349599
FR0000124141;14/03/19;19.92;20.08;19.91;20.04;1197685
FR0000124141;15/03/19;20.10;20.11;19.935;20.05;2442092
FR0000124141;18/03/19;20.01;20.18;19.94;20.12;1224425
FR0000124141;19/03/19;20.10;20.35;20.07;20.28;1363322
FR0000124141;20/03/19;20.00;20.13;19.975;19.985;1932897
FR0000124141;21/03/19;20.00;20.19;19.98;20.16;1416850
FR0000124141;22/03/19;20.20;20.27;19.89;19.965;2189997
FR0000124141;25/03/19;19.825;20.03;19.715;19.755;1442853
FR0000124141;26/03/19;19.765;19.95;19.73;19.85;1345324
FR0000124141;27/03/19;19.85;19.98;19.755;19.895;1391442
FR0000124141;28/03/19;19.945;20.02;19.735;19.81;1138335
FR0000124141;29/03/19;19.95;20.05;19.74;19.93;1654269
FR0000125007;01/03/19;31.95;31.96;31.315;31.335;2469364
FR0000125007;04/03/19;31.535;32.035;31.505;31.825;2009249
FR0000125007;05/03/19;31.945;32.00;31.54;31.715;1776116
FR0000125007;06/03/19;31.585;31.72;31.405;31.405;1682446
FR0000125007;07/03/19;31.40;31.41;31.01;31.135;2477134
FR0000125007;08/03/19;30.935;31.275;30.775;31.165;2689028
FR0000125007;11/03/19;31.20;31.41;30.71;31.38;2107819
FR0000125007;12/03/19;32.19;32.60;31.81;31.92;3794569
FR0000125007;13/03/19;31.70;32.185;31.605;32.185;2352275
FR0000125007;14/03/19;32.28;33.02;32.28;32.70;2433105
FR0000125007;15/03/19;32.70;33.15;32.54;33.105;3868218
FR0000125007;18/03/19;33.185;33.195;32.865;32.945;1194557
FR0000125007;19/03/19;32.91;32.99;32.665;32.665;1888660
FR0000125007;20/03/19;32.845;32.845;32.53;32.565;1153664
FR0000125007;21/03/19;32.55;32.72;32.26;32.365;1387602
FR0000125007;22/03/19;32.43;32.465;31.025;31.13;2324038
FR0000125007;25/03/19;31.00;31.17;30.505;30.73;1654073
FR0000125007;26/03/19;30.66;31.17;30.175;31.08;2072346
FR0000125007;27/03/19;31.36;32.27;31.335;32.04;3430163
FR0000125007;28/03/19;32.00;32.20;31.745;31.785;1758403
FR0000125007;29/03/19;32.015;32.66;31.91;32.31;1908758
FR0000125338;01/03/19;105.65;107.65;105.50;107.10;553775
FR0000125338;04/03/19;107.00;107.65;106.55;106.75;433707
FR0000125338;05/03/19;107.15;107.15;106.25;106.90;349902
FR0000125338;06/03/19;107.00;108.10;106.90;107.50;433168
FR0000125338;07/03/19;108.10;108.10;105.65;105.85;462273
FR0000125338;08/03/19;104.60;105.35;104.10;105.10;480578
FR0000125338;11/03/19;105.20;106.25;104.65;106.25;238317
FR0000125338;12/03/19;106.05;106.70;105.50;105.55;329287
FR0000125338;13/03/19;105.35;106.90;105.25;106.90;324627
FR0000125338;14/03/19;107.00;107.55;105.65;106.25;351974
FR0000125338;15/03/19;106.00;108.10;106.00;107.90;622321
FR0000125338;18/03/19;108.10;108.35;107.00;107.35;293880
FR0000125338;19/03/19;107.10;107.50;106.25;106.75;326706
FR0000125338;20/03/19;106.20;107.60;105.85;106.35;437491
FR0000125338;21/03/19;106.20;106.85;105.45;106.70;447647
FR0000125338;22/03/19;107.00;107.20;103.75;103.75;487004
FR0000125338;25/03/19;102.65;103.35;101.25;101.65;584452
FR0000125338;26/03/19;101.95;105.00;101.55;105.00;620391
FR0000125338;27/03/19;105.00;105.60;102.65;102.70;590049
FR0000125338;28/03/19;103.00;106.60;102.95;106.60;645946
FR0000125338;29/03/19;107.00;108.75;106.75;108.10;586722
FR0000125486;01/03/19;83.52;84.00;83.16;83.16;1397608
FR0000125486;04/03/19;83.38;83.86;83.24;83.52;807752
FR0000125486;05/03/19;83.52;83.92;83.34;83.78;939390
FR0000125486;06/03/19;83.54;84.22;83.22;83.68;1032481
FR0000125486;07/03/19;83.88;84.46;83.04;84.02;1146066
FR0000125486;08/03/19;84.48;84.72;83.66;84.36;1348049
FR0000125486;11/03/19;84.62;84.94;84.04;84.82;809933
FR0000125486;12/03/19;84.72;84.98;83.96;84.04;1040762
FR0000125486;13/03/19;83.64;84.26;83.02;84.00;1122118
FR0000125486;14/03/19;84.02;85.82;84.02;85.82;1517301
FR0000125486;15/03/19;85.20;87.40;85.20;86.28;3738839
FR0000125486;18/03/19;86.10;86.96;85.42;86.76;1136237
FR0000125486;19/03/19;86.46;86.62;85.88;85.88;1256930
FR0000125486;20/03/19;85.78;86.60;85.20;85.84;1392860
FR0000125486;21/03/19;85.68;86.74;85.68;86.08;980519
FR0000125486;22/03/19;86.08;86.20;84.68;84.84;1710972
FR0000125486;25/03/19;84.24;84.92;83.28;84.88;1269249
FR0000125486;26/03/19;84.76;86.24;84.06;86.04;1351660
FR0000125486;27/03/19;86.40;86.58;85.54;86.24;1038771
FR0000125486;28/03/19;86.46;86.68;85.32;85.56;898523
FR0000125486;29/03/19;85.66;86.72;85.46;86.72;1086686
FR0000127771;01/03/19;25.72;25.83;25.42;25.62;4538806
FR0000127771;04/03/19;25.40;25.68;25.32;25.45;2805859
FR0000127771;05/03/19;25.29;25.61;25.25;25.61;3467090
FR0000127771;06/03/19;25.62;25.84;25.58;25.70;3313890
FR0000127771;07/03/19;25.65;25.85;25.55;25.55;3781792
FR0000127771;08/03/19;25.49;25.67;25.40;25.57;4457725
FR0000127771;11/03/19;25.74;25.81;25.48;25.61;2515821
FR0000127771;12/03/19;25.60;25.74;25.56;25.61;2608842
FR0000127771;13/03/19;25.53;25.91;25.52;25.82;3056972
FR0000127771;14/03/19;25.78;26.02;25.70;25.93;3503825
FR0000127771;15/03/19;25.93;26.15;25.78;25.90;8572745
FR0000127771;18/03/19;25.82;26.02;25.82;25.94;2508273
FR0000127771;19/03/19;25.85;26.12;25.85;26.11;2430860
FR0000127771;20/03/19;26.05;26.24;25.89;25.89;2844896
FR0000127771;21/03/19;25.78;25.91;25.68;25.86;2720284
FR0000127771;22/03/19;25.98;26.03;25.49;25.51;3680953
FR0000127771;25/03/19;25.34;25.60;25.26;25.46;2736181
FR0000127771;26/03/19;25.59;25.80;25.43;25.80;2868102
FR0000127771;27/03/19;25.84;25.90;25.60;25.77;2528193
FR0000127771;28/03/19;25.76;25.93;25.70;25.78;2155658
FR0000127771;29/03/19;25.78;25.95;25.75;25.83;2533157
FR0000130577;01/03/19;48.87;50.06;48.81;49.76;1121807
FR0000130577;04/03/19;49.90;50.76;49.90;50.20;683595
FR0000130577;05/03/19;50.30;50.40;49.76;49.86;436059
FR0000130577;06/03/19;49.81;50.54;49.80;50.36;494411
FR0000130577;07/03/19;50.50;50.78;50.10;50.24;571605
FR0000130577;08/03/19;49.91;50.08;49.46;49.81;500318
FR0000130577;11/03/19;50.30;50.86;50.16;50.22;499623
FR0000130577;12/03/19;50.50;50.76;49.87;49.87;658126
FR0000130577;13/03/19;49.77;50.48;49.68;50.38;563376
FR0000130577;14/03/19;50.46;50.78;50.30;50.50;487527
FR0000130577;15/03/19;50.74;50.74;49.87;50.36;1336175
FR0000130577;18/03/19;50.32;50.88;50.22;50.46;488707
FR0000130577;19/03/19;50.50;51.40;50.50;50.82;505245
FR0000130577;20/03/19;50.82;51.56;50.24;50.24;507583
FR0000130577;21/03/19;50.24;50.24;49.56;49.85;633243
FR0000130577;22/03/19;50.30;50.30;48.66;48.70;841538
FR0000130577;25/03/19;48.53;49.01;47.74;47.83;639872
FR0000130577;26/03/19;48.04;48.33;47.66;47.66;533239
FR0000130577;27/03/19;47.66;48.31;47.48;47.91;768031
FR0000130577;28/03/19;47.86;48.00;47.15;47.53;629346
FR0000130577;29/03/19;47.72;48.19;47.55;47.73;633427
FR0000130650;01/03/19;128.75;130.40;128.55;129.95;267998
FR0000130650;04/03/19;131.00;131.90;128.70;128.70;223959
FR0000130650;05/03/19;128.90;131.60;128.20;131.55;299472
FR0000130650;06/03/19;131.25;131.45;128.00;128.00;324095
FR0000130650;07/03/19;127.85;130.05;127.15;129.00;253677
FR0000130650;08/03/19;127.50;129.80;127.50;129.45;271940
FR0000130650;11/03/19;129.70;129.80;128.25;129.50;152055
FR0000130650;12/03/19;129.25;129.50;128.35;129.40;199699
FR0000130650;13/03/19;129.65;131.90;129.45;131.75;255590
FR0000130650;14/03/19;131.50;132.25;129.55;130.80;221362
FR0000130650;15/03/19;130.55;133.30;130.00;132.55;775763
FR0000130650;18/03/19;132.35;132.35;129.30;129.95;257147
FR0000130650;19/03/19;130.15;131.85;129.80;131.00;271988
FR0000130650;20/03/19;130.75;132.35;130.40;130.65;296866
FR0000130650;21/03/19;130.90;131.65;130.20;130.95;203966
FR0000130650;22/03/19;131.40;132.25;129.85;129.90;238628
FR0000130650;25/03/19;128.60;129.70;127.60;129.20;216912
FR0000130650;26/03/19;129.30;132.45;128.90;132.45;215559
FR0000130650;27/03/19;132.75;133.15;127.85;128.55;343910
FR0000130650;28/03/19;128.90;131.90;128.65;130.70;200691
FR0000130650;29/03/19;131.65;132.90;131.10;132.75;260854
FR0000130809;01/03/19;27.05;27.495;26.985;27.04;5479428
FR0000130809;04/03/19;27.39;27.43;27.13;27.215;3607778
FR0000130809;05/03/19;27.405;27.565;26.80;27.025;4449033
FR0000130809;06/03/19;26.94;27.39;26.805;27.11;3729820
FR0000130809;07/03/19;27.095;27.28;25.895;25.94;7420163
FR0000130809;08/03/19;25.645;25.82;25.14;25.30;6531095
FR0000130809;11/03/19;25.54;26.46;25.44;26.355;5481318
FR0000130809;12/03/19;26.695;26.865;26.19;26.30;4781791
FR0000130809;13/03/19;26.495;26.86;26.215;26.73;4290289
FR0000130809;14/03/19;26.79;27.215;26.73;27.00;4460111
FR0000130809;15/03/19;27.125;27.295;26.845;27.295;16976851
FR0000130809;18/03/19;27.48;28.10;27.40;27.97;5674298
FR0000130809;19/03/19;28.065;28.24;27.47;27.975;4140245
FR0000130809;20/03/19;28.00;28.07;27.24;27.24;4827928
FR0000130809;21/03/19;27.14;27.345;26.46;26.575;5967768
FR0000130809;22/03/19;26.815;26.83;25.435;25.525;7110375
FR0000130809;25/03/19;25.495;25.825;25.26;25.40;4158530
FR0000130809;26/03/19;25.54;25.66;25.21;25.475;3602921
FR0000130809;27/03/19;25.565;26.55;25.40;25.97;5573580
FR0000130809;28/03/19;25.90;25.985;25.385;25.47;3789209
FR0000130809;29/03/19;25.77;25.955;25.525;25.775;3684544
FR0000131104;01/03/19;45.40;45.535;44.895;44.895;4772152
FR0000131104;04/03/19;45.30;45.485;44.785;44.94;3166569
FR0000131104;05/03/19;44.955;45.31;44.165;44.515;4567642
FR0000131104;06/03/19;44.425;45.045;43.885;44.69;4197388
FR0000131104;07/03/19;44.505;44.86;42.75;43.18;6908125
FR0000131104;08/03/19;42.81;43.00;41.97;42.345;6079628
FR0000131104;11/03/19;42.51;43.35;42.51;43.33;4426716
FR0000131104;12/03/19;43.74;43.90;42.88;43.045;4613595
FR0000131104;13/03/19;43.10;43.765;42.89;43.555;3391159
FR0000131104;14/03/19;43.55;44.265;43.50;43.84;4424543
FR0000131104;15/03/19;44.00;44.295;43.715;44.285;13182683
FR0000131104;18/03/19;44.585;45.48;44.00;45.10;4447520
FR0000131104;19/03/19;45.15;45.525;44.64;45.11;4209756
FR0000131104;20/03/19;45.20;45.235;44.19;44.19;4743619
FR0000131104;21/03/19;43.865;43.985;42.90;43.04;5930463
FR0000131104;22/03/19;43.455;43.455;41.365;41.625;7642535
FR0000131104;25/03/19;41.475;41.965;41.06;41.525;3648529
FR0000131104;26/03/19;41.66;41.79;41.085;41.425;3734534
FR0000131104;27/03/19;41.655;43.06;41.275;42.325;6223200
FR0000131104;28/03/19;42.13;42.35;41.665;41.985;4395584
FR0000131104;29/03/19;42.585;42.84;42.235;42.61;4389447
FR0000131906;01/03/19;60.44;61.20;60.30;60.65;628105
FR0000131906;04/03/19;60.95;61.29;60.26;60.33;724114
FR0000131906;05/03/19;60.17;60.73;59.79;60.17;712463
FR0000131906;06/03/19;59.80;59.81;59.18;59.44;898189
FR0000131906;07/03/19;59.10;59.10;57.38;57.73;1424658
FR0000131906;08/03/19;57.20;57.45;56.38;57.19;1281555
FR0000131906;11/03/19;57.79;58.96;57.64;58.73;1275341
FR0000131906;12/03/19;59.44;60.06;58.44;58.56;941745
FR0000131906;13/03/19;58.33;59.19;58.30;58.98;769509
FR0000131906;14/03/19;58.70;59.77;58.70;58.80;749859
FR0000131906;15/03/19;59.11;59.68;58.36;59.68;3450659
FR0000131906;18/03/19;59.50;60.84;59.50;60.28;1026634
FR0000131906;19/03/19;60.51;62.36;60.06;61.60;1354545
FR0000131906;20/03/19;61.50;62.04;60.11;60.56;1512546
FR0000131906;21/03/19;60.53;61.06;59.47;59.78;1026366
FR0000131906;22/03/19;59.91;60.13;57.58;57.58;2220431
FR0000131906;25/03/19;57.29;57.67;56.13;56.50;1374675
FR0000131906;26/03/19;56.43;57.17;55.67;56.88;1050172
FR0000131906;27/03/19;57.62;59.63;57.44;58.49;2249466
FR0000131906;28/03/19;58.40;58.40;57.44;57.89;1018366
FR0000131906;29/03/19;58.27;59.39;58.13;58.91;871682
FR0000133308;01/03/19;13.385;13.475;13.29;13.33;6345789
FR0000133308;04/03/19;13.44;13.44;13.315;13.315;4098920
FR0000133308;05/03/19;13.215;13.475;13.21;13.36;5383637
FR0000133308;06/03/19;13.37;13.415;13.255;13.26;7575759
FR0000133308;07/03/19;13.31;13.43;13.275;13.425;9417338
FR0000133308;08/03/19;13.445;13.645;13.425;13.565;8980585
FR0000133308;11/03/19;13.67;13.685;13.515;13.595;6099869
FR0000133308;12/03/19;13.605;13.64;13.47;13.525;5640965
FR0000133308;13/03/19;13.535;13.59;13.485;13.59;6615389
FR0000133308;14/03/19;13.59;13.83;13.58;13.785;8032923
FR0000133308;15/03/19;13.795;14.18;13.775;14.155;19881142
FR0000133308;18/03/19;14.19;14.365;14.16;14.27;6738967
FR0000133308;19/03/19;14.30;14.415;14.20;14.36;6050026
FR0000133308;20/03/19;14.37;14.475;14.34;14.355;6167999
FR0000133308;21/03/19;14.35;14.605;14.26;14.545;7333813
FR0000133308;22/03/19;14.545;14.565;14.41;14.41;9629022
FR0000133308;25/03/19;14.395;14.52;14.295;14.325;6634346
FR0000133308;26/03/19;14.30;14.46;14.23;14.40;4225171
FR0000133308;27/03/19;14.475;14.51;14.32;14.40;5223388
FR0000133308;28/03/19;14.445;14.49;14.315;14.36;5068050
FR0000133308;29/03/19;14.345;14.50;14.24;14.50;6385600
FR0010208488;01/03/19;13.27;13.41;13.245;13.34;6762703
FR0010208488;04/03/19;13.415;13.43;13.195;13.20;5010194
FR0010208488;05/03/19;13.19;13.25;13.125;13.175;6025191
FR0010208488;06/03/19;13.18;13.225;13.075;13.115;6452803
FR0010208488;07/03/19;13.125;13.305;13.095;13.28;5815023
FR0010208488;08/03/19;13.21;13.37;13.185;13.24;4903090
FR0010208488;11/03/19;13.255;13.34;13.21;13.28;3916873
FR0010208488;12/03/19;13.38;13.385;13.24;13.335;3895449
FR0010208488;13/03/19;13.27;13.425;13.27;13.335;4334055
FR0010208488;14/03/19;13.295;13.375;13.21;13.30;4047081
FR0010208488;15/03/19;13.265;13.545;13.26;13.515;16216258
FR0010208488;18/03/19;13.50;13.57;13.445;13.50;4616811
FR0010208488;19/03/19;13.48;13.50;13.395;13.44;4698390
FR0010208488;20/03/19;13.455;13.56;13.43;13.475;4496633
FR0010208488;21/03/19;13.46;13.535;13.40;13.45;3490424
FR0010208488;22/03/19;13.475;13.505;13.20;13.245;8245775
FR0010208488;25/03/19;13.195;13.335;13.175;13.30;4614259
FR0010208488;26/03/19;13.28;13.315;13.175;13.23;3827079
FR0010208488;27/03/19;13.30;13.315;13.11;13.295;5889614
FR0010208488;28/03/19;13.29;13.355;13.225;13.24;4277992
FR0010208488;29/03/19;13.285;13.35;13.195;13.28;5839055
FR0010307819;01/03/19;58.40;58.40;57.96;58.20;425492
FR0010307819;04/03/19;58.56;59.16;58.54;58.82;391993
FR0010307819;05/03/19;58.94;58.98;58.40;58.82;437754
FR0010307819;06/03/19;58.92;58.98;58.40;58.58;422939
FR0010307819;07/03/19;58.30;58.62;57.94;58.50;337509
FR0010307819;08/03/19;57.92;58.26;57.90;58.00;403675
FR0010307819;11/03/19;58.38;58.70;57.88;58.58;412975
FR0010307819;12/03/19;58.92;59.02;58.38;58.86;348491
FR0010307819;13/03/19;59.00;59.98;58.76;59.98;757979
FR0010307819;14/03/19;59.86;60.32;59.68;60.18;474772
FR0010307819;15/03/19;60.16;60.56;60.00;60.28;1139342
FR0010307819;18/03/19;60.36;60.42;59.80;59.94;351108
FR0010307819;19/03/19;59.86;60.54;59.80;60.38;306634
FR0010307819;20/03/19;60.38;60.68;59.88;59.88;383529
FR0010307819;21/03/19;60.24;60.38;59.60;60.18;358160
FR0010307819;22/03/19;60.22;60.36;58.58;58.62;482634
FR0010307819;25/03/19;58.60;59.26;58.04;58.82;479294
FR0010307819;26/03/19;58.76;58.94;57.96;58.94;426134
FR0010307819;27/03/19;59.16;59.30;58.36;59.06;447250
FR0010307819;28/03/19;59.04;59.44;58.50;58.66;328761
FR0010307819;29/03/19;59.22;59.66;58.98;59.66;504437
FR0013326246;01/03/19;142.22;143.56;141.70;141.80;443603
FR0013326246;04/03/19;142.80;143.74;142.50;143.74;491498
FR0013326246;05/03/19;143.74;144.40;143.02;144.28;356355
FR0013326246;06/03/19;144.30;145.00;143.40;143.72;301657
FR0013326246;07/03/19;144.50;145.78;143.38;144.32;373227
FR0013326246;08/03/19;144.86;148.02;143.66;146.64;479336
FR0013326246;11/03/19;147.54;147.54;145.38;146.00;384312
FR0013326246;12/03/19;146.50;147.56;144.62;144.64;453758
FR0013326246;13/03/19;144.00;145.62;143.70;145.50;461695
FR0013326246;14/03/19;145.40;149.00;144.92;148.50;448156
FR0013326246;15/03/19;147.60;149.40;146.94;149.34;1590448
FR0013326246;18/03/19;149.50;150.86;148.90;149.90;378008
FR0013326246;19/03/19;150.00;150.98;149.06;150.04;406628
FR0013326246;20/03/19;150.44;151.72;149.38;149.38;477001
FR0013326246;21/03/19;150.50;152.56;149.90;151.92;563934
FR0013326246;22/03/19;153.42;154.00;150.88;152.14;724024
FR0013326246;25/03/19;153.00;153.62;149.90;150.50;606162
FR0013326246;26/03/19;150.22;153.00;150.22;153.00;408279
FR0013326246;27/03/19;147.36;148.90;146.52;147.96;527169
FR0013326246;28/03/19;147.02;148.82;145.86;145.86;494674
FR0013326246;29/03/19;146.00;147.18;145.56;146.14;538989
GB00BDSFG982;01/03/19;19.80;20.04;19.73;19.78;1355645
GB00BDSFG982;04/03/19;19.80;20.24;19.74;19.88;1504851
GB00BDSFG982;05/03/19;19.935;19.955;19.525;19.575;1157966
GB00BDSFG982;06/03/19;19.505;19.78;19.455;19.48;1095935
GB00BDSFG982;07/03/19;19.385;19.475;19.15;19.30;1335694
GB00BDSFG982;08/03/19;19.05;19.095;18.59;18.735;1878526
GB00BDSFG982;11/03/19;18.97;19.185;18.605;19.115;1155732
GB00BDSFG982;12/03/19;19.275;19.29;18.86;19.155;1646355
GB00BDSFG982;13/03/19;19.04;19.51;19.04;19.465;1385206
GB00BDSFG982;14/03/19;19.48;20.70;19.48;20.45;4265618
GB00BDSFG982;15/03/19;20.60;21.27;20.14;20.42;4338925
GB00BDSFG982;18/03/19;20.38;20.67;20.12;20.63;1671363
GB00BDSFG982;19/03/19;20.57;21.09;20.57;20.70;1701382
GB00BDSFG982;20/03/19;20.61;20.83;20.47;20.77;1429570
GB00BDSFG982;21/03/19;20.70;21.15;20.70;20.93;1520754
GB00BDSFG982;22/03/19;21.20;21.39;20.13;20.23;1924522
GB00BDSFG982;25/03/19;20.19;20.52;19.955;20.31;2136548
GB00BDSFG982;26/03/19;20.52;20.99;20.43;20.69;1512591
GB00BDSFG982;27/03/19;20.70;21.15;20.45;20.64;1196724
GB00BDSFG982;28/03/19;20.48;20.69;20.25;20.56;1312403
GB00BDSFG982;29/03/19;20.97;21.33;20.72;20.84;1916229
LU1598757687;01/03/19;20.30;20.66;20.30;20.32;3528050
LU1598757687;04/03/19;20.60;20.66;20.345;20.345;3128043
LU1598757687;05/03/19;20.20;20.295;19.93;20.055;3697497
LU1598757687;06/03/19;19.92;20.045;19.798;19.96;3684847
LU1598757687;07/03/19;19.75;19.75;19.10;19.382;5949733
LU1598757687;08/03/19;19.09;19.09;18.614;18.71;7080277
LU1598757687;11/03/19;18.79;18.99;18.502;18.97;3883444
LU1598757687;12/03/19;19.282;19.404;18.958;19.25;6474436
LU1598757687;13/03/19;19.148;19.36;19.10;19.316;3881401
LU1598757687;14/03/19;19.224;19.526;18.846;18.848;5529912
LU1598757687;15/03/19;18.95;19.13;18.842;19.126;7275465
LU1598757687;18/03/19;19.258;19.716;19.20;19.55;6159767
LU1598757687;19/03/19;19.666;20.09;19.448;19.914;4856402
LU1598757687;20/03/19;19.65;19.774;19.35;19.35;5025707
LU1598757687;21/03/19;19.58;19.754;19.326;19.418;5114762
LU1598757687;22/03/19;19.40;19.496;18.30;18.368;8322915
LU1598757687;25/03/19;18.20;18.334;17.818;18.216;5311073
LU1598757687;26/03/19;18.01;18.238;17.836;17.936;4875972
LU1598757687;27/03/19;18.042;18.166;17.804;17.952;4668934
LU1598757687;28/03/19;18.002;18.082;17.726;17.726;4283543
LU1598757687;29/03/19;18.08;18.312;17.974;18.058;5082673
NL0000226223;01/03/19;14.50;14.81;14.50;14.695;3891389
NL0000226223;04/03/19;14.84;14.96;14.70;14.845;2362248
NL0000226223;05/03/19;14.845;14.865;14.695;14.79;1782910
NL0000226223;06/03/19;14.71;14.73;14.18;14.245;4546062
NL0000226223;07/03/19;14.12;14.22;13.855;13.945;3996061
NL0000226223;08/03/19;13.615;13.98;13.475;13.93;3097077
NL0000226223;11/03/19;14.00;14.19;13.745;14.15;3062323
NL0000226223;12/03/19;14.295;14.305;13.985;14.085;2374216
NL0000226223;13/03/19;14.005;14.055;13.935;13.97;2071765
NL0000226223;14/03/19;13.92;14.07;13.80;13.925;2727796
NL0000226223;15/03/19;14.03;14.665;14.02;14.62;7392046
NL0000226223;18/03/19;14.635;14.635;14.17;14.25;2824696
NL0000226223;19/03/19;14.28;14.45;14.17;14.40;2045357
NL0000226223;20/03/19;14.385;14.57;14.215;14.225;2813218
NL0000226223;21/03/19;14.355;14.89;14.245;14.85;3790222
NL0000226223;22/03/19;14.985;15.18;14.505;14.53;3086225
NL0000226223;25/03/19;14.385;14.43;13.93;13.97;3474307
NL0000226223;26/03/19;14.05;14.17;13.935;14.13;2903638
NL0000226223;27/03/19;14.185;14.195;13.145;13.195;7438990
NL0000226223;28/03/19;13.19;13.27;12.715;12.73;6261424
NL0000226223;29/03/19;12.89;13.165;12.825;13.165;4099180
NL0000235190;01/03/19;114.06;114.34;113.34;113.90;1263899
NL0000235190;04/03/19;114.30;114.90;113.68;114.02;1133867
NL0000235190;05/03/19;113.50;113.66;112.12;113.24;1510042
NL0000235190;06/03/19;112.84;113.94;112.82;113.72;1035032
NL0000235190;07/03/19;113.14;113.66;112.08;112.74;1682174
NL0000235190;08/03/19;110.92;111.92;109.30;111.52;1678207
NL0000235190;11/03/19;112.00;113.16;111.56;112.96;1217340
NL0000235190;12/03/19;114.10;114.68;112.70;114.58;1614290
NL0000235190;13/03/19;115.00;116.96;114.58;116.88;2334138
NL0000235190;14/03/19;117.02;117.24;115.30;117.00;1698454
NL0000235190;15/03/19;116.90;119.24;116.82;117.68;3463099
NL0000235190;18/03/19;118.00;118.08;116.96;118.00;974655
NL0000235190;19/03/19;118.30;119.20;117.80;119.00;1217304
NL0000235190;20/03/19;118.72;119.28;117.42;117.86;1651569
NL0000235190;21/03/19;118.08;118.78;117.26;118.56;991764
NL0000235190;22/03/19;119.44;119.44;114.60;114.60;1548212
NL0000235190;25/03/19;114.02;114.86;112.62;114.04;1607484
NL0000235190;26/03/19;114.88;117.30;114.88;116.34;1254958
NL0000235190;27/03/19;116.40;116.78;114.86;115.48;1104628
NL0000235190;28/03/19;115.12;116.64;115.10;116.26;950323
NL0000235190;29/03/19;116.94;118.20;116.60;117.90;1220119
