FR0000045072;03/06/19;10.15;10.17;10.05;10.17;4390591
FR0000045072;04/06/19;10.105;10.52;10.09;10.52;7976145
FR0000045072;05/06/19;10.535;10.555;10.30;10.415;5014067
FR0000045072;06/06/19;10.33;10.605;10.135;10.24;8183991
FR0000045072;07/06/19;10.29;10.445;10.24;10.29;5115303
FR0000045072;10/06/19;10.375;10.545;10.325;10.495;3554798
FR0000045072;11/06/19;10.50;10.635;10.44;10.50;4330784
FR0000045072;12/06/19;10.425;10.455;10.325;10.375;3717760
FR0000045072;13/06/19;10.35;10.455;10.255;10.385;3601180
FR0000045072;14/06/19;10.325;10.36;10.205;10.295;3148228
FR0000045072;17/06/19;10.30;10.445;10.30;10.37;3525733
FR0000045072;18/06/19;10.35;10.535;10.175;10.51;5996749
FR0000045072;19/06/19;10.51;10.775;10.485;10.75;6404118
FR0000045072;20/06/19;10.75;10.80;10.42;10.435;7946341
FR0000045072;21/06/19;10.505;10.64;10.335;10.37;11164460
FR0000045072;24/06/19;10.355;10.48;10.22;10.335;6730625
FR0000045072;25/06/19;10.24;10.25;10.11;10.22;5389166
FR0000045072;26/06/19;10.21;10.43;10.195;10.37;4313892
FR0000045072;27/06/19;10.45;10.545;10.405;10.49;4682234
FR0000045072;28/06/19;10.53;10.58;10.475;10.545;4317528
FR0000051732;03/06/19;67.60;68.48;66.82;68.06;416731
FR0000051732;04/06/19;67.28;69.12;66.80;68.40;530801
FR0000051732;05/06/19;68.76;70.16;68.22;69.40;457890
FR0000051732;06/06/19;69.52;70.78;68.80;68.80;468971
FR0000051732;07/06/19;69.04;70.90;68.78;70.12;468353
FR0000051732;10/06/19;70.46;70.64;69.76;70.20;317326
FR0000051732;11/06/19;70.20;72.36;70.12;71.98;466995
FR0000051732;12/06/19;71.34;71.84;70.92;71.78;361461
FR0000051732;13/06/19;71.40;72.70;71.30;72.52;441441
FR0000051732;14/06/19;72.32;72.68;71.48;71.48;588153
FR0000051732;17/06/19;71.50;72.00;70.56;71.46;338217
FR0000051732;18/06/19;71.08;73.44;70.66;72.84;687032
FR0000051732;19/06/19;72.86;74.16;72.50;72.50;566129
FR0000051732;20/06/19;73.00;73.64;71.74;71.86;595665
FR0000051732;21/06/19;71.90;72.66;71.46;71.94;982009
FR0000051732;24/06/19;72.00;72.90;71.48;71.84;404415
FR0000051732;25/06/19;71.50;72.46;71.50;71.80;559367
FR0000051732;26/06/19;71.58;71.90;70.86;70.90;429977
FR0000051732;27/06/19;71.42;71.90;70.86;71.44;361433
FR0000051732;28/06/19;71.50;73.52;71.26;73.52;522335
FR0000052292;03/06/19;593.80;598.60;591.80;597.60;54533
FR0000052292;04/06/19;596.40;600.60;590.60;595.60;72009
FR0000052292;05/06/19;595.40;606.00;593.00;606.00;68289
FR0000052292;06/06/19;605.00;615.80;604.60;607.20;58731
FR0000052292;07/06/19;602.80;615.00;602.80;611.40;54001
FR0000052292;10/06/19;612.20;614.60;609.00;610.60;25342
FR0000052292;11/06/19;613.60;620.40;613.20;618.00;46705
FR0000052292;12/06/19;616.40;620.20;613.00;613.80;52156
FR0000052292;13/06/19;612.60;617.00;609.80;611.20;39995
FR0000052292;14/06/19;609.00;612.20;606.60;612.20;51995
FR0000052292;17/06/19;612.40;614.20;609.60;611.60;52253
FR0000052292;18/06/19;611.20;632.40;610.40;632.40;80144
FR0000052292;19/06/19;637.00;638.00;628.20;628.80;72606
FR0000052292;20/06/19;631.40;638.40;631.40;634.00;45883
FR0000052292;21/06/19;635.60;637.80;630.00;630.00;124573
FR0000052292;24/06/19;630.00;633.60;629.00;630.00;42334
FR0000052292;25/06/19;628.80;632.40;628.00;628.00;41096
FR0000052292;26/06/19;626.60;634.60;625.80;626.00;45091
FR0000052292;27/06/19;628.40;630.40;624.60;627.40;40090
FR0000052292;28/06/19;627.80;634.20;626.80;634.20;54257
FR0000073272;03/06/19;117.00;119.10;116.20;119.05;700327
FR0000073272;04/06/19;118.70;120.35;117.20;120.35;894708
FR0000073272;05/06/19;120.50;122.15;120.20;120.75;621843
FR0000073272;06/06/19;121.25;122.05;119.60;119.95;610723
FR0000073272;07/06/19;120.40;123.25;120.40;122.35;658493
FR0000073272;10/06/19;123.35;123.35;121.95;123.30;477112
FR0000073272;11/06/19;123.25;125.20;123.25;124.75;708374
FR0000073272;12/06/19;124.10;124.50;122.75;124.15;635479
FR0000073272;13/06/19;124.15;124.30;122.90;123.25;518756
FR0000073272;14/06/19;123.20;123.65;122.50;122.90;569550
FR0000073272;17/06/19;122.85;124.95;122.85;124.90;723735
FR0000073272;18/06/19;124.80;129.00;124.45;129.00;1313735
FR0000073272;19/06/19;130.00;133.95;129.55;131.70;1557154
FR0000073272;20/06/19;132.60;133.60;131.25;132.45;763877
FR0000073272;21/06/19;132.40;133.85;131.80;131.85;1530496
FR0000073272;24/06/19;131.90;133.15;131.45;131.45;661345
FR0000073272;25/06/19;131.40;132.70;131.10;131.55;555882
FR0000073272;26/06/19;131.30;131.80;130.60;130.80;595369
FR0000073272;27/06/19;130.75;130.85;128.35;128.35;966191
FR0000073272;28/06/19;128.50;129.25;127.20;128.85;1121306
FR0000120073;03/06/19;111.20;113.20;111.05;112.85;829052
FR0000120073;04/06/19;112.80;114.75;112.25;114.30;1037727
FR0000120073;05/06/19;114.50;114.80;113.70;114.20;677556
FR0000120073;06/06/19;114.55;115.60;113.35;114.20;864570
FR0000120073;07/06/19;114.00;117.75;114.00;116.90;1182770
FR0000120073;10/06/19;116.90;116.95;116.00;116.10;360872
FR0000120073;11/06/19;116.65;117.40;116.40;117.20;685090
FR0000120073;12/06/19;116.55;118.40;116.55;118.30;713227
FR0000120073;13/06/19;117.90;118.45;117.30;118.20;809748
FR0000120073;14/06/19;118.30;118.75;117.70;118.75;680778
FR0000120073;17/06/19;118.60;118.90;118.15;118.35;603083
FR0000120073;18/06/19;118.15;121.10;118.05;121.10;1211431
FR0000120073;19/06/19;121.10;121.60;120.50;120.80;966838
FR0000120073;20/06/19;121.40;123.90;120.75;120.75;953515
FR0000120073;21/06/19;120.75;122.35;120.60;122.35;1869590
FR0000120073;24/06/19;122.40;122.90;121.85;121.95;817214
FR0000120073;25/06/19;121.40;122.30;121.15;121.90;617071
FR0000120073;26/06/19;121.60;121.90;120.35;120.70;772433
FR0000120073;27/06/19;120.95;121.75;120.45;121.75;752875
FR0000120073;28/06/19;121.35;123.15;121.35;123.05;1066545
FR0000120172;03/06/19;16.755;16.92;16.69;16.92;1761611
FR0000120172;04/06/19;16.735;17.08;16.715;17.025;2776424
FR0000120172;05/06/19;17.04;17.36;16.62;16.90;3818513
FR0000120172;06/06/19;16.80;16.84;16.48;16.515;4257908
FR0000120172;07/06/19;16.575;16.84;16.555;16.78;3009035
FR0000120172;10/06/19;16.80;17.06;16.80;16.99;1605771
FR0000120172;11/06/19;16.94;17.26;16.94;17.155;2387085
FR0000120172;12/06/19;17.10;17.265;17.04;17.22;2014261
FR0000120172;13/06/19;17.05;17.31;17.015;17.25;2719993
FR0000120172;14/06/19;17.165;17.45;17.03;17.11;2051937
FR0000120172;17/06/19;17.115;17.20;17.015;17.20;1620395
FR0000120172;18/06/19;17.16;17.385;17.075;17.265;3896775
FR0000120172;19/06/19;17.225;17.345;16.915;17.205;3233410
FR0000120172;20/06/19;16.80;16.905;16.695;16.79;2822039
FR0000120172;21/06/19;16.785;17.05;16.76;17.00;5324428
FR0000120172;24/06/19;17.32;17.50;17.035;17.035;4234413
FR0000120172;25/06/19;16.985;17.015;16.31;16.44;5204354
FR0000120172;26/06/19;16.46;16.695;16.41;16.675;2782107
FR0000120172;27/06/19;16.71;16.98;16.71;16.915;2529278
FR0000120172;28/06/19;16.915;17.02;16.66;16.98;2246826
FR0000120271;03/06/19;46.105;46.935;45.96;46.71;5637607
FR0000120271;04/06/19;46.435;47.27;46.295;47.22;6313093
FR0000120271;05/06/19;47.105;47.24;46.67;46.875;5432624
FR0000120271;06/06/19;46.895;47.485;46.895;47.24;5689629
FR0000120271;07/06/19;47.455;48.02;47.365;47.795;5916268
FR0000120271;10/06/19;48.00;48.27;47.95;48.25;3300164
FR0000120271;11/06/19;47.935;48.555;47.755;48.27;7268737
FR0000120271;12/06/19;47.745;47.985;46.95;46.95;7951966
FR0000120271;13/06/19;46.94;47.45;46.83;46.98;5782706
FR0000120271;14/06/19;47.12;47.335;46.785;47.25;5936906
FR0000120271;17/06/19;47.31;47.365;46.86;47.15;5242045
FR0000120271;18/06/19;47.18;48.35;47.13;48.19;8704242
FR0000120271;19/06/19;48.335;48.40;48.105;48.315;6519823
FR0000120271;20/06/19;48.90;49.24;48.655;48.69;8976976
FR0000120271;21/06/19;48.615;49.72;48.55;49.115;15533206
FR0000120271;24/06/19;49.075;49.465;48.87;49.00;4530139
FR0000120271;25/06/19;48.90;49.26;48.82;48.945;3867344
FR0000120271;26/06/19;49.05;49.75;49.03;49.52;5371571
FR0000120271;27/06/19;49.35;49.59;49.06;49.125;3827552
FR0000120271;28/06/19;49.02;49.37;48.765;49.275;5655684
FR0000120321;03/06/19;240.00;241.70;238.30;241.50;424531
FR0000120321;04/06/19;240.40;242.80;238.10;239.80;460361
FR0000120321;05/06/19;239.40;242.20;238.50;242.20;363544
FR0000120321;06/06/19;243.00;244.70;241.90;242.10;386368
FR0000120321;07/06/19;242.30;246.40;242.30;245.10;445486
FR0000120321;10/06/19;245.10;246.20;243.80;245.20;177975
FR0000120321;11/06/19;245.10;246.80;244.50;245.60;341395
FR0000120321;12/06/19;245.10;248.40;244.30;247.20;434945
FR0000120321;13/06/19;246.60;248.00;246.10;247.40;421316
FR0000120321;14/06/19;245.10;248.10;245.10;248.00;339463
FR0000120321;17/06/19;247.20;250.20;247.10;249.30;400811
FR0000120321;18/06/19;249.30;255.60;248.70;252.90;546167
FR0000120321;19/06/19;253.40;254.20;251.20;254.20;473465
FR0000120321;20/06/19;256.10;257.10;254.80;255.60;472242
FR0000120321;21/06/19;255.00;257.30;254.10;255.30;1128103
FR0000120321;24/06/19;255.40;256.30;254.70;255.40;347578
FR0000120321;25/06/19;255.40;256.80;254.10;254.10;348295
FR0000120321;26/06/19;254.00;254.20;249.80;250.00;482002
FR0000120321;27/06/19;250.00;250.80;246.20;248.00;430159
FR0000120321;28/06/19;247.80;250.70;247.10;250.50;619149
FR0000120404;03/06/19;32.83;32.93;32.56;32.69;542552
FR0000120404;04/06/19;32.61;33.00;32.39;32.84;991297
FR0000120404;05/06/19;33.00;33.88;32.95;33.50;949599
FR0000120404;06/06/19;33.58;34.10;33.46;33.72;1044530
FR0000120404;07/06/19;33.79;34.29;33.65;34.25;705151
FR0000120404;10/06/19;34.40;34.78;34.35;34.61;446234
FR0000120404;11/06/19;34.76;35.01;34.55;34.78;770312
FR0000120404;12/06/19;34.60;34.71;34.22;34.22;787781
FR0000120404;13/06/19;34.25;34.82;34.20;34.69;666863
FR0000120404;14/06/19;34.55;34.94;34.50;34.80;578085
FR0000120404;17/06/19;34.82;34.99;34.47;34.62;642283
FR0000120404;18/06/19;35.14;36.37;35.06;36.32;1756689
FR0000120404;19/06/19;36.32;36.52;35.75;36.29;1132490
FR0000120404;20/06/19;36.41;36.50;35.58;35.80;1304857
FR0000120404;21/06/19;35.85;36.29;35.66;36.24;1632908
FR0000120404;24/06/19;36.24;37.01;36.24;36.76;1171494
FR0000120404;25/06/19;36.71;37.47;36.50;37.14;871679
FR0000120404;26/06/19;36.97;37.55;36.78;37.12;743196
FR0000120404;27/06/19;37.27;37.64;37.16;37.27;647515
FR0000120404;28/06/19;37.30;37.78;37.19;37.75;899951
FR0000120503;03/06/19;31.14;31.14;30.85;31.14;733929
FR0000120503;04/06/19;31.01;31.52;30.89;31.44;958040
FR0000120503;05/06/19;31.51;31.81;31.24;31.53;826662
FR0000120503;06/06/19;31.55;31.65;31.17;31.18;728072
FR0000120503;07/06/19;31.29;31.65;31.20;31.65;907170
FR0000120503;10/06/19;31.76;31.92;31.70;31.80;305323
FR0000120503;11/06/19;31.76;32.05;31.70;31.88;706146
FR0000120503;12/06/19;31.76;31.79;31.35;31.45;743555
FR0000120503;13/06/19;31.39;31.57;31.23;31.43;756994
FR0000120503;14/06/19;31.50;31.55;31.15;31.44;702578
FR0000120503;17/06/19;31.52;31.55;31.28;31.28;473254
FR0000120503;18/06/19;31.30;32.05;31.10;32.05;1240502
FR0000120503;19/06/19;32.00;32.57;31.82;32.50;1132063
FR0000120503;20/06/19;32.69;32.97;32.23;32.30;819386
FR0000120503;21/06/19;32.39;32.59;31.91;32.11;1732511
FR0000120503;24/06/19;32.11;32.23;31.88;31.92;1067527
FR0000120503;25/06/19;31.70;31.98;31.54;31.80;926385
FR0000120503;26/06/19;31.81;32.10;31.75;31.97;746225
FR0000120503;27/06/19;32.00;32.14;31.94;32.03;651006
FR0000120503;28/06/19;32.09;32.73;32.05;32.57;1149368
FR0000120578;03/06/19;72.12;73.75;71.74;73.75;2490079
FR0000120578;04/06/19;73.25;74.01;73.09;73.68;2335429
FR0000120578;05/06/19;73.96;73.96;72.56;73.71;1618601
FR0000120578;06/06/19;73.96;75.47;73.88;75.02;2873593
FR0000120578;07/06/19;76.93;79.50;76.66;78.32;7097860
FR0000120578;10/06/19;78.38;78.49;76.98;77.30;2272634
FR0000120578;11/06/19;76.81;77.27;75.97;76.10;3012467
FR0000120578;12/06/19;75.95;77.10;75.47;76.57;2658874
FR0000120578;13/06/19;76.49;76.84;75.89;75.98;1963865
FR0000120578;14/06/19;75.68;76.40;75.37;75.98;2498012
FR0000120578;17/06/19;75.79;76.05;75.47;75.47;1989179
FR0000120578;18/06/19;75.66;77.82;75.60;77.47;3302012
FR0000120578;19/06/19;77.35;77.88;76.39;77.88;2586290
FR0000120578;20/06/19;78.12;79.04;78.03;78.33;2796588
FR0000120578;21/06/19;78.17;78.48;77.19;77.68;6401532
FR0000120578;24/06/19;77.83;77.97;77.05;77.12;1732966
FR0000120578;25/06/19;76.98;77.30;76.35;77.05;2272351
FR0000120578;26/06/19;76.60;76.87;75.59;75.92;2837801
FR0000120578;27/06/19;75.85;75.91;75.04;75.68;1618717
FR0000120578;28/06/19;75.39;76.20;75.02;75.91;2374744
FR0000120628;03/06/19;21.925;21.925;21.76;21.80;6698920
FR0000120628;04/06/19;21.745;22.34;21.69;22.29;8727304
FR0000120628;05/06/19;22.325;22.33;22.09;22.20;5359281
FR0000120628;06/06/19;22.19;22.39;22.095;22.17;3989547
FR0000120628;07/06/19;22.15;22.47;22.125;22.40;5875222
FR0000120628;10/06/19;22.52;22.545;22.395;22.42;2325415
FR0000120628;11/06/19;22.425;22.79;22.41;22.655;6012290
FR0000120628;12/06/19;22.59;22.63;22.485;22.60;4885820
FR0000120628;13/06/19;22.54;22.76;22.465;22.685;4473948
FR0000120628;14/06/19;22.60;22.695;22.49;22.61;4037685
FR0000120628;17/06/19;22.615;22.985;22.595;22.925;6142637
FR0000120628;18/06/19;22.81;23.255;22.81;23.12;8766894
FR0000120628;19/06/19;23.12;23.225;22.93;23.18;8072114
FR0000120628;20/06/19;23.15;23.285;23.115;23.115;5227954
FR0000120628;21/06/19;23.115;23.295;23.05;23.255;12800869
FR0000120628;24/06/19;23.195;23.41;23.195;23.30;5752692
FR0000120628;25/06/19;23.17;23.24;23.075;23.12;4253822
FR0000120628;26/06/19;23.025;23.155;22.99;23.155;5114832
FR0000120628;27/06/19;23.15;23.18;22.865;23.00;5170920
FR0000120628;28/06/19;22.91;23.105;22.805;23.10;5911129
FR0000120644;03/06/19;71.32;72.96;71.06;72.96;2131732
FR0000120644;04/06/19;72.60;72.76;71.80;71.82;1828569
FR0000120644;05/06/19;72.00;72.08;71.32;71.70;1550939
FR0000120644;06/06/19;71.66;72.38;71.38;71.58;1448567
FR0000120644;07/06/19;71.50;72.42;71.50;72.26;1279290
FR0000120644;10/06/19;72.26;72.68;72.18;72.60;593287
FR0000120644;11/06/19;72.46;72.62;72.18;72.38;1165155
FR0000120644;12/06/19;72.00;72.68;72.00;72.40;1452950
FR0000120644;13/06/19;72.52;73.08;72.36;72.66;1460193
FR0000120644;14/06/19;72.82;72.82;72.22;72.52;1151304
FR0000120644;17/06/19;72.70;72.98;72.46;72.84;1134990
FR0000120644;18/06/19;73.90;74.46;73.42;74.10;2185580
FR0000120644;19/06/19;73.98;74.40;73.44;74.30;1616261
FR0000120644;20/06/19;74.70;75.00;74.40;74.88;1834996
FR0000120644;21/06/19;74.80;75.14;74.34;74.80;4254606
FR0000120644;24/06/19;74.80;75.24;74.64;75.20;1498630
FR0000120644;25/06/19;74.98;75.34;74.78;75.28;1368758
FR0000120644;26/06/19;74.76;75.18;74.62;74.70;1580013
FR0000120644;27/06/19;74.58;74.74;73.80;74.70;1563853
FR0000120644;28/06/19;74.44;74.58;73.78;74.50;1687080
FR0000120693;03/06/19;157.75;159.75;157.35;159.00;524855
FR0000120693;04/06/19;158.45;158.90;155.75;156.30;612874
FR0000120693;05/06/19;156.65;159.00;155.90;159.00;491057
FR0000120693;06/06/19;159.00;160.30;157.00;157.40;458648
FR0000120693;07/06/19;158.00;160.35;157.75;160.20;466238
FR0000120693;10/06/19;160.35;160.85;159.25;159.40;220136
FR0000120693;11/06/19;159.50;159.60;158.85;159.20;341955
FR0000120693;12/06/19;158.55;159.30;158.50;159.10;413170
FR0000120693;13/06/19;158.75;159.70;158.55;158.95;340965
FR0000120693;14/06/19;158.40;158.85;156.60;157.85;300970
FR0000120693;17/06/19;158.25;160.75;158.00;160.10;410597
FR0000120693;18/06/19;159.95;163.95;159.95;162.95;588283
FR0000120693;19/06/19;162.25;163.00;160.85;162.35;463262
FR0000120693;20/06/19;163.25;164.45;162.70;163.75;407124
FR0000120693;21/06/19;163.70;164.90;162.60;162.80;940212
FR0000120693;24/06/19;162.55;163.95;162.15;163.50;377627
FR0000120693;25/06/19;162.15;163.75;162.05;163.00;270838
FR0000120693;26/06/19;162.30;163.35;161.85;162.25;414884
FR0000120693;27/06/19;162.05;162.05;160.30;161.40;383851
FR0000120693;28/06/19;161.35;162.55;160.50;162.05;553759
FR0000121014;03/06/19;335.30;340.50;330.40;340.50;731788
FR0000121014;04/06/19;336.00;342.25;334.55;342.10;766874
FR0000121014;05/06/19;342.95;352.60;342.50;349.50;765834
FR0000121014;06/06/19;351.55;357.10;349.05;350.35;770857
FR0000121014;07/06/19;350.70;360.45;350.60;357.05;725433
FR0000121014;10/06/19;360.00;360.35;357.25;358.20;282579
FR0000121014;11/06/19;359.95;363.70;359.20;359.60;525245
FR0000121014;12/06/19;357.70;359.95;355.25;356.80;651478
FR0000121014;13/06/19;355.20;355.75;353.05;355.25;524987
FR0000121014;14/06/19;355.15;356.40;352.70;354.00;608201
FR0000121014;17/06/19;355.05;360.00;354.15;358.30;582785
FR0000121014;18/06/19;358.25;370.50;356.80;368.80;900429
FR0000121014;19/06/19;370.00;370.95;364.80;366.00;619848
FR0000121014;20/06/19;369.90;372.30;368.75;370.00;633607
FR0000121014;21/06/19;370.50;373.95;367.25;368.30;1432369
FR0000121014;24/06/19;370.00;371.25;366.55;371.25;485551
FR0000121014;25/06/19;368.75;373.15;368.45;371.70;485233
FR0000121014;26/06/19;370.65;375.25;366.80;367.60;579443
FR0000121014;27/06/19;368.25;370.40;367.00;368.35;440354
FR0000121014;28/06/19;368.85;375.15;368.60;374.30;601351
FR0000121220;03/06/19;102.25;102.90;101.60;102.90;227165
FR0000121220;04/06/19;102.20;102.55;100.65;102.00;347637
FR0000121220;05/06/19;102.00;103.55;102.00;103.55;326935
FR0000121220;06/06/19;103.55;104.90;103.55;104.10;254635
FR0000121220;07/06/19;103.60;104.50;103.60;104.15;286529
FR0000121220;10/06/19;104.40;104.75;104.05;104.40;116736
FR0000121220;11/06/19;104.45;104.50;103.65;104.25;285618
FR0000121220;12/06/19;104.15;104.60;104.00;104.35;273129
FR0000121220;13/06/19;104.15;104.35;103.60;104.10;207246
FR0000121220;14/06/19;103.80;104.60;103.75;104.25;228868
FR0000121220;17/06/19;104.25;105.00;104.00;104.90;267585
FR0000121220;18/06/19;104.80;105.75;104.65;104.95;246436
FR0000121220;19/06/19;105.15;105.40;104.40;104.65;253430
FR0000121220;20/06/19;103.55;104.25;102.90;103.25;275210
FR0000121220;21/06/19;102.90;103.60;101.00;101.55;602923
FR0000121220;24/06/19;101.45;102.75;101.45;101.70;284167
FR0000121220;25/06/19;101.50;102.50;100.80;102.50;318284
FR0000121220;26/06/19;102.30;102.55;101.95;102.20;163132
FR0000121220;27/06/19;102.05;102.15;101.25;101.90;149247
FR0000121220;28/06/19;101.85;102.80;101.60;102.80;216520
FR0000121261;03/06/19;102.15;102.40;100.95;101.85;558704
FR0000121261;04/06/19;101.50;104.30;101.35;104.05;601766
FR0000121261;05/06/19;105.10;105.40;103.90;104.75;373613
FR0000121261;06/06/19;104.20;106.00;103.55;104.00;414702
FR0000121261;07/06/19;103.95;105.20;103.65;104.05;444905
FR0000121261;10/06/19;105.15;105.45;104.60;105.15;150395
FR0000121261;11/06/19;105.15;108.65;105.15;107.85;522708
FR0000121261;12/06/19;106.95;108.15;106.75;107.35;496431
FR0000121261;13/06/19;107.05;110.25;106.40;110.25;635631
FR0000121261;14/06/19;109.70;110.20;108.60;109.90;653472
FR0000121261;17/06/19;109.90;111.85;109.70;111.50;535579
FR0000121261;18/06/19;111.00;113.50;109.80;112.35;576494
FR0000121261;19/06/19;112.20;114.10;111.25;114.05;685433
FR0000121261;20/06/19;113.90;115.95;113.65;113.85;648446
FR0000121261;21/06/19;114.00;114.75;113.20;113.20;984233
FR0000121261;24/06/19;112.70;113.90;112.60;113.30;488430
FR0000121261;25/06/19;112.00;112.10;110.25;110.25;577672
FR0000121261;26/06/19;109.70;111.80;109.35;111.00;395118
FR0000121261;27/06/19;111.00;112.05;110.15;110.75;340581
FR0000121261;28/06/19;111.25;112.10;110.90;111.55;472173
FR0000121329;03/06/19;98.40;99.80;97.66;99.42;308413
FR0000121329;04/06/19;99.34;99.34;97.40;98.28;519064
FR0000121329;05/06/19;98.54;99.64;98.38;99.28;343501
FR0000121329;06/06/19;99.42;101.35;99.42;100.05;238480
FR0000121329;07/06/19;100.05;102.80;100.05;102.80;325504
FR0000121329;10/06/19;103.90;104.20;102.95;103.30;151532
FR0000121329;11/06/19;103.15;104.30;102.85;103.95;319393
FR0000121329;12/06/19;103.30;105.20;103.30;105.00;364587
FR0000121329;13/06/19;107.05;108.45;106.20;106.50;431720
FR0000121329;14/06/19;107.70;108.25;104.95;105.45;470537
FR0000121329;17/06/19;105.55;108.40;105.35;108.00;414940
FR0000121329;18/06/19;107.65;108.75;106.65;108.30;394526
FR0000121329;19/06/19;108.45;108.85;107.00;107.00;467517
FR0000121329;20/06/19;107.30;108.05;107.00;107.00;351778
FR0000121329;21/06/19;106.85;107.70;106.25;106.70;2276779
FR0000121329;24/06/19;106.55;108.05;106.50;107.50;247721
FR0000121329;25/06/19;107.15;108.25;107.15;107.70;207071
FR0000121329;26/06/19;107.20;107.70;107.20;107.50;171089
FR0000121329;27/06/19;107.65;107.65;106.30;106.75;217432
FR0000121329;28/06/19;106.65;108.65;106.45;108.65;385287
FR0000121485;03/06/19;461.25;466.55;455.70;466.55;277790
FR0000121485;04/06/19;461.95;471.20;455.85;468.45;291484
FR0000121485;05/06/19;469.95;476.50;467.20;471.40;254191
FR0000121485;06/06/19;471.45;484.70;468.65;470.95;297759
FR0000121485;07/06/19;471.50;481.95;471.50;479.60;258924
FR0000121485;10/06/19;483.85;485.45;480.05;481.75;173929
FR0000121485;11/06/19;482.05;497.65;482.00;490.60;346370
FR0000121485;12/06/19;489.00;489.45;481.15;487.15;245743
FR0000121485;13/06/19;484.50;486.35;482.00;485.00;166800
FR0000121485;14/06/19;483.10;487.45;480.05;486.45;138923
FR0000121485;17/06/19;488.70;497.45;485.95;494.25;248983
FR0000121485;18/06/19;493.85;514.30;490.00;514.20;403332
FR0000121485;19/06/19;515.50;518.40;508.20;508.20;236807
FR0000121485;20/06/19;516.40;520.20;513.00;513.00;247656
FR0000121485;21/06/19;513.90;521.00;512.80;516.20;457494
FR0000121485;24/06/19;515.00;521.10;515.00;518.00;144858
FR0000121485;25/06/19;515.50;520.90;510.60;510.60;240635
FR0000121485;26/06/19;508.90;518.60;505.60;510.20;205753
FR0000121485;27/06/19;513.90;519.80;511.90;515.60;207066
FR0000121485;28/06/19;514.80;523.80;514.50;520.10;290816
FR0000121501;03/06/19;19.80;19.98;19.515;19.98;2049493
FR0000121501;04/06/19;19.75;20.50;19.75;20.46;2672631
FR0000121501;05/06/19;20.58;20.74;20.38;20.60;2055977
FR0000121501;06/06/19;20.55;21.23;20.43;20.60;3262053
FR0000121501;07/06/19;20.74;20.77;20.40;20.54;1943023
FR0000121501;10/06/19;20.80;20.97;20.70;20.88;937994
FR0000121501;11/06/19;20.96;21.13;20.92;21.12;1929906
FR0000121501;12/06/19;20.92;21.09;20.74;20.79;1774837
FR0000121501;13/06/19;20.71;21.10;20.59;20.90;1776807
FR0000121501;14/06/19;20.86;20.89;20.35;20.72;1459811
FR0000121501;17/06/19;20.75;20.94;20.58;20.83;1251518
FR0000121501;18/06/19;20.83;21.41;20.73;21.36;1973656
FR0000121501;19/06/19;21.43;21.80;21.26;21.37;2603809
FR0000121501;20/06/19;21.49;21.87;21.47;21.52;2366439
FR0000121501;21/06/19;21.52;21.68;21.36;21.68;3895006
FR0000121501;24/06/19;21.55;21.73;21.37;21.39;1338493
FR0000121501;25/06/19;21.18;21.41;21.05;21.10;1551609
FR0000121501;26/06/19;21.03;21.43;20.97;21.31;1988759
FR0000121501;27/06/19;21.46;21.75;21.41;21.56;1756763
FR0000121501;28/06/19;21.63;21.70;21.33;21.67;1869699
FR0000121667;03/06/19;102.55;105.00;101.95;105.00;819930
FR0000121667;04/06/19;104.15;104.30;103.30;103.55;984753
FR0000121667;05/06/19;104.00;105.90;103.30;105.90;790486
FR0000121667;06/06/19;105.80;107.30;105.35;105.70;713046
FR0000121667;07/06/19;105.60;107.50;105.60;107.00;648898
FR0000121667;10/06/19;107.60;107.60;106.60;106.80;208096
FR0000121667;11/06/19;107.20;107.75;106.75;106.75;444748
FR0000121667;12/06/19;106.50;106.55;105.20;105.50;483638
FR0000121667;13/06/19;104.90;105.65;103.95;104.65;548123
FR0000121667;14/06/19;104.80;106.65;104.65;106.40;509578
FR0000121667;17/06/19;106.25;107.00;105.80;106.75;470658
FR0000121667;18/06/19;106.45;110.30;106.20;110.00;906424
FR0000121667;19/06/19;110.10;111.70;109.85;111.60;854914
FR0000121667;20/06/19;112.00;113.10;111.35;112.60;845674
FR0000121667;21/06/19;112.50;113.25;110.30;111.20;1841012
FR0000121667;24/06/19;111.20;111.40;109.80;110.40;595732
FR0000121667;25/06/19;109.85;110.30;108.95;109.80;758966
FR0000121667;26/06/19;109.20;110.10;108.90;109.15;531117
FR0000121667;27/06/19;109.30;113.65;109.10;113.60;914001
FR0000121667;28/06/19;113.00;115.05;111.05;114.75;999839
FR0000121972;03/06/19;70.14;71.86;70.14;71.86;1403885
FR0000121972;04/06/19;71.14;72.22;70.58;72.06;1447596
FR0000121972;05/06/19;72.16;73.00;71.98;72.30;841827
FR0000121972;06/06/19;72.52;73.08;71.74;71.94;1023717
FR0000121972;07/06/19;71.94;73.68;71.90;73.16;1150974
FR0000121972;10/06/19;73.48;74.10;73.14;74.02;662960
FR0000121972;11/06/19;73.70;74.72;73.70;74.32;1130766
FR0000121972;12/06/19;73.82;74.44;73.66;74.44;949602
FR0000121972;13/06/19;73.98;75.36;73.84;75.08;1142759
FR0000121972;14/06/19;74.72;75.16;74.50;75.06;837283
FR0000121972;17/06/19;75.00;75.46;74.86;75.04;900892
FR0000121972;18/06/19;74.78;77.86;74.70;77.44;2007753
FR0000121972;19/06/19;77.38;77.62;77.02;77.26;1211273
FR0000121972;20/06/19;78.00;79.32;77.78;78.30;1970189
FR0000121972;21/06/19;78.04;79.50;77.86;78.90;3519256
FR0000121972;24/06/19;78.80;78.90;78.08;78.28;1160924
FR0000121972;25/06/19;77.68;78.52;77.58;78.06;937935
FR0000121972;26/06/19;77.88;79.20;77.76;78.64;1383334
FR0000121972;27/06/19;78.58;79.28;77.94;78.98;1033595
FR0000121972;28/06/19;79.10;79.96;79.04;79.76;1563357
FR0000124141;03/06/19;20.67;21.00;20.56;20.94;2006889
FR0000124141;04/06/19;20.94;21.00;20.65;20.65;1755176
FR0000124141;05/06/19;20.75;20.99;20.69;20.99;2063702
FR0000124141;06/06/19;21.00;21.24;21.00;21.04;1470980
FR0000124141;07/06/19;21.01;21.46;20.98;21.34;1807677
FR0000124141;10/06/19;21.30;21.37;21.24;21.29;527891
FR0000124141;11/06/19;21.30;21.36;20.98;21.11;1995820
FR0000124141;12/06/19;21.10;21.20;21.07;21.15;1315618
FR0000124141;13/06/19;21.21;21.38;21.15;21.15;1425528
FR0000124141;14/06/19;21.16;21.35;21.14;21.25;835415
FR0000124141;17/06/19;21.29;21.38;21.20;21.26;1212221
FR0000124141;18/06/19;21.19;21.77;21.12;21.58;2732039
FR0000124141;19/06/19;21.59;21.59;21.28;21.42;1992720
FR0000124141;20/06/19;21.48;21.57;21.40;21.45;1271843
FR0000124141;21/06/19;21.51;21.73;21.44;21.52;3619734
FR0000124141;24/06/19;21.58;21.72;21.53;21.65;1469406
FR0000124141;25/06/19;21.57;21.78;21.45;21.60;1295709
FR0000124141;26/06/19;21.59;21.65;21.42;21.44;956331
FR0000124141;27/06/19;21.40;21.41;21.23;21.26;1635443
FR0000124141;28/06/19;21.25;21.42;21.21;21.42;2336379
FR0000125007;03/06/19;32.225;32.715;31.975;32.675;2575169
FR0000125007;04/06/19;32.57;33.125;32.255;32.995;1907774
FR0000125007;05/06/19;33.185;33.645;32.935;33.375;2179417
FR0000125007;06/06/19;33.355;33.435;32.945;33.11;1826796
FR0000125007;07/06/19;33.20;33.95;33.05;33.565;2258346
FR0000125007;10/06/19;32.565;32.665;32.395;32.605;973013
FR0000125007;11/06/19;32.665;33.65;32.58;33.48;2286303
FR0000125007;12/06/19;33.20;33.53;32.95;33.49;1719155
FR0000125007;13/06/19;33.115;33.775;32.97;33.775;1482590
FR0000125007;14/06/19;33.615;33.625;33.20;33.265;1214005
FR0000125007;17/06/19;33.35;33.41;33.115;33.18;992842
FR0000125007;18/06/19;33.15;34.395;32.98;34.395;3047010
FR0000125007;19/06/19;34.36;34.885;34.25;34.59;1863636
FR0000125007;20/06/19;34.825;34.945;34.365;34.365;1509083
FR0000125007;21/06/19;34.45;34.91;34.02;34.02;4089417
FR0000125007;24/06/19;34.05;34.315;33.925;34.175;2011906
FR0000125007;25/06/19;33.90;33.97;33.67;33.90;1357235
FR0000125007;26/06/19;33.76;34.09;33.675;33.895;1390698
FR0000125007;27/06/19;33.94;34.19;33.855;33.96;1036091
FR0000125007;28/06/19;33.90;34.275;33.875;34.275;1288789
FR0000125338;03/06/19;99.08;99.18;97.74;98.76;474969
FR0000125338;04/06/19;97.66;98.68;97.20;97.80;621717
FR0000125338;05/06/19;96.56;98.72;96.14;98.08;525095
FR0000125338;06/06/19;98.02;98.74;96.96;97.08;383234
FR0000125338;07/06/19;97.38;99.92;97.36;99.36;420243
FR0000125338;10/06/19;99.84;100.70;99.34;100.05;220604
FR0000125338;11/06/19;100.10;101.60;99.74;100.90;420294
FR0000125338;12/06/19;100.20;100.55;98.74;99.48;449406
FR0000125338;13/06/19;99.60;100.05;99.14;99.86;382356
FR0000125338;14/06/19;99.32;99.52;96.80;97.16;713628
FR0000125338;17/06/19;97.24;98.60;96.90;98.34;504371
FR0000125338;18/06/19;98.20;102.05;97.42;101.90;901650
FR0000125338;19/06/19;102.00;102.55;100.60;101.50;561652
FR0000125338;20/06/19;102.00;103.10;101.65;103.00;634801
FR0000125338;21/06/19;103.00;103.40;102.20;103.20;895739
FR0000125338;24/06/19;103.05;103.75;102.75;103.70;408037
FR0000125338;25/06/19;112.30;112.60;108.85;112.45;2024740
FR0000125338;26/06/19;112.00;113.60;108.90;109.35;878650
FR0000125338;27/06/19;109.80;110.20;107.10;108.70;730137
FR0000125338;28/06/19;108.95;110.75;108.80;109.35;759532
FR0000125486;03/06/19;87.90;88.94;87.42;88.94;1039572
FR0000125486;04/06/19;88.10;89.52;88.00;89.24;1082279
FR0000125486;05/06/19;89.56;89.88;88.86;89.32;905530
FR0000125486;06/06/19;89.42;90.26;88.86;89.14;979978
FR0000125486;07/06/19;89.10;90.58;89.10;90.28;916607
FR0000125486;10/06/19;90.30;90.84;90.20;90.54;473432
FR0000125486;11/06/19;90.24;90.88;90.24;90.66;815719
FR0000125486;12/06/19;90.02;90.64;90.00;90.16;933024
FR0000125486;13/06/19;89.92;90.10;89.34;89.58;1171210
FR0000125486;14/06/19;89.40;89.74;89.00;89.58;1186698
FR0000125486;17/06/19;89.52;89.98;89.32;89.90;830133
FR0000125486;18/06/19;89.28;91.70;89.28;91.60;1735199
FR0000125486;19/06/19;91.50;92.68;91.00;92.68;1297189
FR0000125486;20/06/19;92.68;93.26;92.54;92.68;1265428
FR0000125486;21/06/19;92.72;92.72;91.04;91.04;2619616
FR0000125486;24/06/19;91.20;91.70;90.96;91.70;1050579
FR0000125486;25/06/19;91.06;92.06;91.06;92.06;835848
FR0000125486;26/06/19;91.64;91.70;90.38;90.38;976021
FR0000125486;27/06/19;90.30;90.30;88.82;89.74;1041383
FR0000125486;28/06/19;89.46;90.36;89.12;90.06;1437257
FR0000127771;03/06/19;24.06;24.43;24.04;24.41;4463951
FR0000127771;04/06/19;24.26;24.59;24.20;24.25;4898490
FR0000127771;05/06/19;24.30;24.70;24.25;24.52;4119178
FR0000127771;06/06/19;24.49;24.65;24.11;24.11;5790662
FR0000127771;07/06/19;24.15;24.67;24.11;24.44;4939838
FR0000127771;10/06/19;24.51;24.73;24.48;24.55;1812833
FR0000127771;11/06/19;24.10;24.51;24.05;24.20;5394429
FR0000127771;12/06/19;24.21;24.62;24.19;24.51;3991203
FR0000127771;13/06/19;24.45;24.56;24.26;24.47;3607119
FR0000127771;14/06/19;24.49;24.52;24.41;24.48;3099066
FR0000127771;17/06/19;24.43;24.73;24.36;24.63;4019417
FR0000127771;18/06/19;24.57;24.92;24.49;24.77;4658253
FR0000127771;19/06/19;24.74;24.83;24.55;24.55;4732890
FR0000127771;20/06/19;24.60;24.97;24.56;24.87;4505640
FR0000127771;21/06/19;24.83;24.94;24.62;24.73;11227140
FR0000127771;24/06/19;24.90;24.95;24.73;24.94;3865107
FR0000127771;25/06/19;24.91;25.00;24.78;24.78;3885507
FR0000127771;26/06/19;24.70;24.75;24.46;24.46;4267430
FR0000127771;27/06/19;24.48;24.50;23.44;23.81;7513970
FR0000127771;28/06/19;23.81;24.29;23.76;24.21;4953831
FR0000130577;03/06/19;48.75;49.35;48.48;49.18;612683
FR0000130577;04/06/19;49.00;49.92;48.63;49.53;673658
FR0000130577;05/06/19;49.65;50.14;49.17;49.25;503260
FR0000130577;06/06/19;49.14;49.56;49.00;49.00;632319
FR0000130577;07/06/19;49.10;49.97;49.00;49.58;942039
FR0000130577;10/06/19;49.69;49.90;49.56;49.64;236021
FR0000130577;11/06/19;49.66;50.54;49.66;50.44;601660
FR0000130577;12/06/19;50.36;50.60;50.06;50.18;451735
FR0000130577;13/06/19;50.00;50.42;49.68;50.26;516505
FR0000130577;14/06/19;50.14;50.28;49.90;50.00;557252
FR0000130577;17/06/19;50.32;50.56;50.18;50.18;417729
FR0000130577;18/06/19;50.00;50.26;49.70;50.22;665834
FR0000130577;19/06/19;50.16;50.90;50.06;50.72;637140
FR0000130577;20/06/19;50.72;50.96;49.41;49.46;881571
FR0000130577;21/06/19;49.64;49.85;47.96;47.96;1867556
FR0000130577;24/06/19;48.01;48.10;46.23;47.35;1579181
FR0000130577;25/06/19;45.19;45.50;44.95;45.48;1015972
FR0000130577;26/06/19;45.43;45.66;45.06;45.22;764952
FR0000130577;27/06/19;45.26;45.35;44.52;45.11;913005
FR0000130577;28/06/19;45.13;46.53;45.13;46.43;1217057
FR0000130650;03/06/19;132.25;133.50;131.55;133.50;359584
FR0000130650;04/06/19;131.00;131.45;127.05;129.60;402635
FR0000130650;05/06/19;130.15;133.10;129.80;132.40;303377
FR0000130650;06/06/19;132.55;133.85;131.40;131.85;233060
FR0000130650;07/06/19;132.00;136.00;132.00;135.35;262884
FR0000130650;10/06/19;135.55;135.95;135.15;135.55;98510
FR0000130650;11/06/19;135.75;138.25;135.75;136.45;264050
FR0000130650;12/06/19;133.00;136.05;132.40;134.95;303638
FR0000130650;13/06/19;135.70;138.90;135.70;137.75;323222
FR0000130650;14/06/19;137.35;137.95;136.30;137.00;233958
FR0000130650;17/06/19;137.25;138.55;136.45;137.85;210072
FR0000130650;18/06/19;138.20;142.00;137.25;141.90;481041
FR0000130650;19/06/19;141.60;142.05;139.80;141.30;310925
FR0000130650;20/06/19;142.25;143.35;141.70;142.10;263750
FR0000130650;21/06/19;142.75;143.00;138.60;138.60;770458
FR0000130650;24/06/19;139.00;140.85;138.75;138.90;359479
FR0000130650;25/06/19;138.60;141.00;138.60;140.50;244913
FR0000130650;26/06/19;140.20;140.70;138.70;139.50;212628
FR0000130650;27/06/19;139.80;140.65;138.35;139.00;252157
FR0000130650;28/06/19;138.70;140.80;137.90;140.30;308040
FR0000130809;03/06/19;22.32;22.44;22.23;22.395;5167882
FR0000130809;04/06/19;22.285;22.73;22.265;22.72;9606634
FR0000130809;05/06/19;22.735;22.78;22.325;22.42;8019646
FR0000130809;06/06/19;22.42;22.485;22.26;22.305;11108235
FR0000130809;07/06/19;22.355;22.41;22.00;22.105;6403520
FR0000130809;10/06/19;22.285;22.47;22.185;22.27;3504672
FR0000130809;11/06/19;22.21;22.52;22.19;22.30;4925145
FR0000130809;12/06/19;22.195;22.385;21.825;21.845;4698828
FR0000130809;13/06/19;21.74;21.75;21.31;21.48;6362606
FR0000130809;14/06/19;21.32;21.365;21.02;21.235;4873739
FR0000130809;17/06/19;21.31;21.46;21.105;21.13;3154514
FR0000130809;18/06/19;21.10;21.635;20.81;21.57;6434573
FR0000130809;19/06/19;21.61;22.11;21.54;22.05;5597511
FR0000130809;20/06/19;22.09;22.325;21.695;21.725;5014033
FR0000130809;21/06/19;21.86;22.265;21.815;22.05;15797242
FR0000130809;24/06/19;22.05;22.18;21.555;21.565;5661074
FR0000130809;25/06/19;21.38;21.48;21.055;21.425;3783291
FR0000130809;26/06/19;21.41;21.975;21.31;21.765;3826203
FR0000130809;27/06/19;22.10;22.32;21.99;21.99;3903702
FR0000130809;28/06/19;22.045;22.22;21.925;22.22;3107988
FR0000131104;03/06/19;40.60;41.025;40.415;40.815;4228688
FR0000131104;04/06/19;40.655;42.125;40.65;41.995;5615538
FR0000131104;05/06/19;42.00;42.08;41.355;41.73;4488129
FR0000131104;06/06/19;41.62;42.23;40.435;41.005;6411744
FR0000131104;07/06/19;40.98;41.25;40.515;40.815;4324562
FR0000131104;10/06/19;41.06;41.77;40.96;41.48;2632832
FR0000131104;11/06/19;41.235;41.985;41.20;41.555;3331645
FR0000131104;12/06/19;41.215;41.38;40.795;41.14;3874173
FR0000131104;13/06/19;41.105;41.475;40.79;41.10;3047184
FR0000131104;14/06/19;41.055;41.075;40.57;40.86;3301270
FR0000131104;17/06/19;41.03;41.26;40.755;40.755;2464571
FR0000131104;18/06/19;40.605;41.74;40.105;41.495;6116652
FR0000131104;19/06/19;41.50;42.34;41.435;42.225;4941433
FR0000131104;20/06/19;42.185;42.58;41.33;41.42;5026599
FR0000131104;21/06/19;41.575;42.095;40.89;41.05;11582145
FR0000131104;24/06/19;41.00;41.28;40.58;40.76;3396974
FR0000131104;25/06/19;40.30;40.57;39.92;40.46;3073195
FR0000131104;26/06/19;40.575;41.42;40.375;41.165;4226710
FR0000131104;27/06/19;41.51;42.025;41.43;41.445;3837909
FR0000131104;28/06/19;41.525;41.885;41.39;41.765;3743258
FR0000131906;03/06/19;53.74;55.16;53.71;54.25;2199738
FR0000131906;04/06/19;54.60;57.32;54.10;56.57;2394878
FR0000131906;05/06/19;56.96;57.11;55.77;56.20;1474864
FR0000131906;06/06/19;51.90;53.35;51.71;52.60;5412694
FR0000131906;07/06/19;52.25;54.28;52.00;53.69;1764535
FR0000131906;10/06/19;54.00;55.37;53.77;55.08;1217700
FR0000131906;11/06/19;55.41;56.54;55.36;55.72;1960647
FR0000131906;12/06/19;55.28;55.55;54.92;54.99;1223261
FR0000131906;13/06/19;55.09;56.14;54.80;55.61;1119840
FR0000131906;14/06/19;55.72;56.00;54.98;55.74;1444052
FR0000131906;17/06/19;56.10;56.75;55.62;56.19;1545455
FR0000131906;18/06/19;52.95;54.75;52.59;54.73;2606373
FR0000131906;19/06/19;54.76;55.39;54.40;54.58;1069043
FR0000131906;20/06/19;54.73;55.67;54.73;54.85;1090282
FR0000131906;21/06/19;55.29;56.16;55.25;56.15;2305136
FR0000131906;24/06/19;56.00;56.66;55.56;55.59;1021994
FR0000131906;25/06/19;55.09;55.30;54.44;54.46;1429521
FR0000131906;26/06/19;54.00;54.72;53.00;54.50;1096955
FR0000131906;27/06/19;54.95;55.42;54.39;54.45;909644
FR0000131906;28/06/19;54.70;55.49;54.41;55.29;1234086
FR0000133308;03/06/19;13.96;14.15;13.905;14.15;7375083
FR0000133308;04/06/19;13.75;13.885;13.70;13.81;7851420
FR0000133308;05/06/19;13.83;13.92;13.82;13.90;5085635
FR0000133308;06/06/19;13.70;13.76;13.57;13.625;7449597
FR0000133308;07/06/19;13.62;13.76;13.555;13.725;5955013
FR0000133308;10/06/19;13.73;13.81;13.70;13.765;2427620
FR0000133308;11/06/19;13.79;13.865;13.75;13.85;5453719
FR0000133308;12/06/19;13.815;13.90;13.80;13.86;3221142
FR0000133308;13/06/19;13.825;13.955;13.82;13.89;3845429
FR0000133308;14/06/19;13.855;13.885;13.77;13.82;3377999
FR0000133308;17/06/19;13.80;13.91;13.785;13.785;3757690
FR0000133308;18/06/19;13.835;14.20;13.79;14.11;8328300
FR0000133308;19/06/19;14.11;14.125;13.945;14.00;5995094
FR0000133308;20/06/19;13.96;14.075;13.96;13.975;8405617
FR0000133308;21/06/19;13.995;14.015;13.79;13.925;14043769
FR0000133308;24/06/19;13.94;13.955;13.85;13.915;3404996
FR0000133308;25/06/19;13.84;13.945;13.805;13.88;4924968
FR0000133308;26/06/19;13.86;13.90;13.825;13.875;3785956
FR0000133308;27/06/19;13.855;13.86;13.74;13.83;4502574
FR0000133308;28/06/19;13.815;13.885;13.77;13.865;5970822
FR0010208488;03/06/19;12.41;12.515;12.315;12.515;5390842
FR0010208488;04/06/19;12.475;12.695;12.475;12.655;6035891
FR0010208488;05/06/19;12.675;12.945;12.625;12.945;6480724
FR0010208488;06/06/19;12.94;13.115;12.935;12.99;5840820
FR0010208488;07/06/19;13.00;13.30;13.00;13.215;5823110
FR0010208488;10/06/19;13.21;13.265;13.07;13.10;3197936
FR0010208488;11/06/19;13.09;13.16;13.07;13.07;5395205
FR0010208488;12/06/19;13.01;13.09;12.98;13.005;3945173
FR0010208488;13/06/19;12.975;12.99;12.785;12.81;6045649
FR0010208488;14/06/19;12.97;13.01;12.915;12.955;6312506
FR0010208488;17/06/19;12.925;12.95;12.825;12.825;4557955
FR0010208488;18/06/19;12.84;13.435;12.79;13.43;9963899
FR0010208488;19/06/19;13.43;13.50;13.34;13.50;8023359
FR0010208488;20/06/19;13.60;13.615;13.325;13.445;6491161
FR0010208488;21/06/19;13.495;13.62;13.455;13.50;12342398
FR0010208488;24/06/19;13.51;13.52;13.395;13.435;4233062
FR0010208488;25/06/19;13.355;13.455;13.31;13.365;4070222
FR0010208488;26/06/19;13.315;13.335;13.225;13.25;4850006
FR0010208488;27/06/19;13.215;13.225;13.12;13.15;3979732
FR0010208488;28/06/19;13.115;13.34;13.06;13.34;7634895
FR0010307819;03/06/19;58.84;59.46;58.36;59.46;625833
FR0010307819;04/06/19;59.20;60.06;58.78;59.96;561153
FR0010307819;05/06/19;60.20;60.52;59.92;60.50;477427
FR0010307819;06/06/19;60.30;60.92;60.06;60.38;464333
FR0010307819;07/06/19;60.42;62.30;60.24;61.94;702669
FR0010307819;10/06/19;62.00;62.20;61.70;62.16;330761
FR0010307819;11/06/19;63.00;63.46;62.60;62.96;552225
FR0010307819;12/06/19;62.88;63.32;62.76;62.92;483912
FR0010307819;13/06/19;62.70;63.32;62.62;62.94;443883
FR0010307819;14/06/19;62.96;62.96;61.74;62.54;417468
FR0010307819;17/06/19;62.32;62.92;62.16;62.84;360929
FR0010307819;18/06/19;62.50;64.06;62.48;63.94;493133
FR0010307819;19/06/19;63.92;64.06;63.06;63.40;577201
FR0010307819;20/06/19;63.58;64.22;63.58;63.80;557589
FR0010307819;21/06/19;63.80;64.46;63.62;64.42;1286457
FR0010307819;24/06/19;64.32;64.46;63.96;64.20;391567
FR0010307819;25/06/19;63.82;64.16;63.52;63.82;614480
FR0010307819;26/06/19;63.52;63.70;63.08;63.30;441177
FR0010307819;27/06/19;63.50;63.64;63.08;63.58;364327
FR0010307819;28/06/19;63.46;64.52;63.46;64.30;567675
FR0013326246;03/06/19;135.10;135.20;133.40;134.70;382948
FR0013326246;04/06/19;136.50;138.30;135.95;136.40;485468
FR0013326246;05/06/19;136.95;138.30;135.55;138.30;386240
FR0013326246;06/06/19;137.85;138.20;134.50;135.00;516386
FR0013326246;07/06/19;134.30;137.45;133.80;136.40;417453
FR0013326246;10/06/19;137.10;138.10;136.85;137.85;166006
FR0013326246;11/06/19;138.55;138.65;136.70;137.35;381691
FR0013326246;12/06/19;137.40;137.85;135.00;135.65;407257
FR0013326246;13/06/19;135.85;138.00;134.80;136.80;359008
FR0013326246;14/06/19;136.40;136.65;135.15;135.85;304687
FR0013326246;17/06/19;135.90;136.85;134.05;134.60;424556
FR0013326246;18/06/19;135.00;136.85;133.30;136.55;602143
FR0013326246;19/06/19;137.00;137.95;135.25;136.80;621535
FR0013326246;20/06/19;137.00;137.60;133.75;133.85;544168
FR0013326246;21/06/19;134.00;135.40;133.15;134.15;1286807
FR0013326246;24/06/19;135.00;135.00;129.25;129.25;675148
FR0013326246;25/06/19;129.30;130.30;128.10;129.20;550555
FR0013326246;26/06/19;129.10;129.10;125.75;126.30;658463
FR0013326246;27/06/19;127.00;128.05;125.70;127.25;611794
FR0013326246;28/06/19;128.00;131.80;127.00;131.75;875812
GB00BDSFG982;03/06/19;18.50;19.00;18.33;18.87;1438524
GB00BDSFG982;04/06/19;18.87;19.21;18.70;19.165;1398099
GB00BDSFG982;05/06/19;18.92;19.395;18.655;18.825;1716525
GB00BDSFG982;06/06/19;19.08;19.30;18.90;19.30;1475522
GB00BDSFG982;07/06/19;19.71;19.98;19.48;19.61;1456416
GB00BDSFG982;10/06/19;19.95;20.37;19.95;20.22;957393
GB00BDSFG982;11/06/19;20.27;20.45;20.15;20.37;931626
GB00BDSFG982;12/06/19;20.05;20.18;19.565;19.64;1135397
GB00BDSFG982;13/06/19;19.675;20.11;19.60;20.05;975693
GB00BDSFG982;14/06/19;20.30;20.30;19.925;20.04;939606
GB00BDSFG982;17/06/19;20.28;20.54;20.06;20.45;1036766
GB00BDSFG982;18/06/19;20.46;21.17;20.33;21.10;1632749
GB00BDSFG982;19/06/19;21.28;21.41;20.98;21.18;1826182
GB00BDSFG982;20/06/19;21.42;21.95;21.36;21.89;1350790
GB00BDSFG982;21/06/19;22.00;22.28;21.89;22.10;2070696
GB00BDSFG982;24/06/19;21.97;22.26;21.70;21.76;790171
GB00BDSFG982;25/06/19;21.71;21.82;21.44;21.75;1210729
GB00BDSFG982;26/06/19;22.20;22.39;21.95;22.39;1277340
GB00BDSFG982;27/06/19;22.30;22.53;22.10;22.31;738552
GB00BDSFG982;28/06/19;22.29;22.66;22.24;22.60;1043076
LU1598757687;03/06/19;13.10;13.404;12.898;13.318;6868385
LU1598757687;04/06/19;13.32;13.94;13.23;13.858;8727757
LU1598757687;05/06/19;14.06;14.10;13.378;13.51;7224356
LU1598757687;06/06/19;13.458;13.648;13.15;13.266;5966377
LU1598757687;07/06/19;13.352;13.588;13.314;13.484;4982021
LU1598757687;10/06/19;13.744;14.198;13.698;14.086;4631268
LU1598757687;11/06/19;14.312;15.176;14.23;15.014;10913431
LU1598757687;12/06/19;15.062;15.182;14.488;14.592;8613937
LU1598757687;13/06/19;14.474;14.97;14.23;14.928;6075713
LU1598757687;14/06/19;14.924;14.96;14.454;14.572;4869748
LU1598757687;17/06/19;14.532;14.582;14.174;14.374;4345299
LU1598757687;18/06/19;14.304;15.39;14.16;15.282;8690192
LU1598757687;19/06/19;15.34;15.75;15.20;15.308;8146290
LU1598757687;20/06/19;15.618;15.73;15.256;15.30;6445677
LU1598757687;21/06/19;15.294;15.45;15.10;15.25;7337287
LU1598757687;24/06/19;15.25;15.438;14.942;14.948;4048807
LU1598757687;25/06/19;14.72;15.214;14.57;14.986;4714182
LU1598757687;26/06/19;15.18;15.98;15.092;15.71;8597635
LU1598757687;27/06/19;16.004;16.24;15.748;15.758;6138635
LU1598757687;28/06/19;15.79;15.82;15.59;15.736;5482603
NL0000226223;03/06/19;13.49;13.77;13.375;13.745;3326436
NL0000226223;04/06/19;13.52;14.17;13.37;14.13;3462414
NL0000226223;05/06/19;14.205;14.33;13.85;13.995;2573849
NL0000226223;06/06/19;13.995;14.17;13.71;13.805;3566662
NL0000226223;07/06/19;13.92;14.31;13.885;14.125;3115458
NL0000226223;10/06/19;14.46;14.565;14.275;14.475;2478238
NL0000226223;11/06/19;14.475;15.015;14.455;14.795;3462357
NL0000226223;12/06/19;14.655;14.76;14.50;14.545;2346239
NL0000226223;13/06/19;14.445;14.62;14.315;14.61;2337367
NL0000226223;14/06/19;14.285;14.285;13.94;14.14;3584201
NL0000226223;17/06/19;14.15;14.285;14.04;14.065;1531712
NL0000226223;18/06/19;13.95;14.555;13.615;14.495;5072924
NL0000226223;19/06/19;14.635;14.975;14.635;14.815;3699998
NL0000226223;20/06/19;14.935;15.40;14.935;15.17;3397946
NL0000226223;21/06/19;15.13;15.13;14.89;14.98;4534306
NL0000226223;24/06/19;14.95;15.175;14.82;14.985;1878606
NL0000226223;25/06/19;14.895;15.115;14.875;14.875;1969311
NL0000226223;26/06/19;14.90;15.395;14.89;15.15;3393430
NL0000226223;27/06/19;15.30;15.51;15.215;15.39;2586242
NL0000226223;28/06/19;15.475;15.705;15.44;15.60;2754482
NL0000235190;03/06/19;113.70;117.16;112.86;117.16;1158939
NL0000235190;04/06/19;116.50;118.70;115.18;118.48;1259997
NL0000235190;05/06/19;118.22;119.86;117.78;118.70;1234756
NL0000235190;06/06/19;119.04;120.56;117.78;117.96;1025038
NL0000235190;07/06/19;118.40;122.44;118.06;120.92;1199498
NL0000235190;10/06/19;121.94;122.00;120.16;121.06;507749
NL0000235190;11/06/19;121.50;124.16;121.48;123.40;1125280
NL0000235190;12/06/19;122.18;123.16;121.00;122.28;924062
NL0000235190;13/06/19;122.40;123.70;122.00;122.66;890365
NL0000235190;14/06/19;122.76;122.94;121.04;122.42;873534
NL0000235190;17/06/19;122.84;125.14;122.40;125.00;1368430
NL0000235190;18/06/19;124.78;126.50;124.58;125.46;1679579
NL0000235190;19/06/19;125.60;125.76;122.56;123.00;1646889
NL0000235190;20/06/19;123.00;124.24;121.78;123.46;1751922
NL0000235190;21/06/19;123.28;124.98;122.76;122.78;2456772
NL0000235190;24/06/19;122.56;123.44;122.40;123.26;839580
NL0000235190;25/06/19;122.60;125.24;122.60;125.18;1068534
NL0000235190;26/06/19;125.00;126.00;124.50;125.54;1028633
NL0000235190;27/06/19;125.50;125.76;123.82;123.88;995489
NL0000235190;28/06/19;123.66;125.00;123.22;124.68;1108817
