FR0000045072;02/05/19;12.215;12.505;12.16;12.34;6636696
FR0000045072;03/05/19;12.43;12.475;12.305;12.38;4121316
FR0000045072;06/05/19;12.11;12.275;11.955;12.255;5947767
FR0000045072;07/05/19;12.275;12.33;12.05;12.085;7035944
FR0000045072;08/05/19;12.045;12.175;11.95;12.115;4274539
FR0000045072;09/05/19;11.955;11.96;11.51;11.565;9118727
FR0000045072;10/05/19;11.705;11.81;11.495;11.555;5523045
FR0000045072;13/05/19;11.555;11.66;11.215;11.26;6931686
FR0000045072;14/05/19;11.425;11.505;11.26;11.365;5593348
FR0000045072;15/05/19;11.04;11.18;10.815;11.07;13883917
FR0000045072;16/05/19;11.135;11.345;10.965;11.32;7675073
FR0000045072;17/05/19;11.27;11.375;11.105;11.20;7275766
FR0000045072;20/05/19;11.17;11.21;10.93;11.07;6711361
FR0000045072;21/05/19;11.145;11.235;11.02;11.205;6163927
FR0000045072;22/05/19;11.205;11.215;10.90;10.98;6676474
FR0000045072;23/05/19;10.85;10.85;10.635;10.675;7529911
FR0000045072;24/05/19;10.11;10.255;10.06;10.185;9990970
FR0000045072;27/05/19;10.325;10.445;10.30;10.35;4949216
FR0000045072;28/05/19;10.39;10.39;10.16;10.31;6549362
FR0000045072;29/05/19;10.14;10.26;10.105;10.22;6623880
FR0000045072;30/05/19;10.34;10.395;10.295;10.32;4015918
FR0000045072;31/05/19;10.125;10.245;10.115;10.23;5422811
FR0000051732;02/05/19;93.38;93.38;90.06;93.16;1481885
FR0000051732;03/05/19;69.00;69.82;67.62;67.96;1072833
FR0000051732;06/05/19;67.20;68.88;66.56;68.88;552882
FR0000051732;07/05/19;68.62;69.52;66.20;66.30;627964
FR0000051732;08/05/19;66.72;68.50;66.30;68.24;501554
FR0000051732;09/05/19;67.98;67.98;66.34;67.24;916479
FR0000051732;10/05/19;67.80;69.94;67.80;68.38;645902
FR0000051732;13/05/19;68.74;69.42;67.64;67.78;626234
FR0000051732;14/05/19;68.18;70.66;67.96;70.26;732157
FR0000051732;15/05/19;70.56;71.70;69.46;70.58;766978
FR0000051732;16/05/19;70.88;72.10;69.92;71.10;479977
FR0000051732;17/05/19;71.00;72.18;70.82;71.62;638229
FR0000051732;20/05/19;71.46;71.66;68.78;69.08;553354
FR0000051732;21/05/19;69.90;71.40;69.62;70.92;496697
FR0000051732;22/05/19;71.18;72.82;71.18;72.82;626336
FR0000051732;23/05/19;72.00;72.10;70.26;70.58;700220
FR0000051732;24/05/19;71.22;72.78;70.88;71.00;629863
FR0000051732;27/05/19;71.48;72.14;70.82;71.48;328754
FR0000051732;28/05/19;71.34;72.42;70.94;70.94;906656
FR0000051732;29/05/19;70.18;70.24;68.60;69.20;571730
FR0000051732;30/05/19;69.42;69.62;68.54;69.00;303200
FR0000051732;31/05/19;68.20;68.40;67.18;68.22;538809
FR0000052292;02/05/19;624.80;625.20;616.20;618.00;63064
FR0000052292;03/05/19;618.40;623.80;618.40;621.40;61401
FR0000052292;06/05/19;608.00;618.00;606.00;618.00;45970
FR0000052292;07/05/19;617.40;620.80;608.00;611.60;65155
FR0000052292;08/05/19;608.00;618.80;607.80;618.80;52298
FR0000052292;09/05/19;614.80;614.80;605.40;607.80;51526
FR0000052292;10/05/19;610.00;615.00;607.20;608.60;44140
FR0000052292;13/05/19;607.80;609.60;596.60;598.60;60082
FR0000052292;14/05/19;598.20;607.80;596.20;607.00;59786
FR0000052292;15/05/19;608.00;612.60;601.60;612.60;53479
FR0000052292;16/05/19;611.40;615.00;604.80;615.00;89221
FR0000052292;17/05/19;610.40;620.00;610.00;620.00;61563
FR0000052292;20/05/19;616.60;621.20;601.20;603.40;68584
FR0000052292;21/05/19;605.00;615.20;602.00;615.20;50475
FR0000052292;22/05/19;612.60;619.60;612.00;617.60;54480
FR0000052292;23/05/19;612.00;614.60;604.80;605.00;58528
FR0000052292;24/05/19;606.20;607.00;602.80;603.00;48751
FR0000052292;27/05/19;606.20;610.40;603.80;606.00;23126
FR0000052292;28/05/19;607.60;610.20;601.40;605.20;59729
FR0000052292;29/05/19;601.20;603.80;593.80;595.40;79974
FR0000052292;30/05/19;597.80;600.60;594.20;598.60;38065
FR0000052292;31/05/19;593.40;596.20;587.80;594.80;65116
FR0000073272;02/05/19;129.90;130.00;126.90;126.90;762921
FR0000073272;03/05/19;126.80;128.00;126.65;126.95;589259
FR0000073272;06/05/19;125.05;127.55;123.15;127.05;495488
FR0000073272;07/05/19;127.20;127.80;124.55;124.55;718747
FR0000073272;08/05/19;124.50;124.95;122.90;124.25;783944
FR0000073272;09/05/19;124.00;124.40;122.30;122.40;656639
FR0000073272;10/05/19;123.55;124.15;122.30;123.05;663129
FR0000073272;13/05/19;123.15;123.55;120.10;120.20;517094
FR0000073272;14/05/19;121.25;122.00;120.50;121.40;695821
FR0000073272;15/05/19;121.50;124.30;121.15;124.30;1139293
FR0000073272;16/05/19;124.25;126.20;123.15;126.15;791658
FR0000073272;17/05/19;126.25;126.50;124.95;125.75;826712
FR0000073272;20/05/19;125.90;126.35;124.55;124.80;737462
FR0000073272;21/05/19;124.80;125.15;123.15;123.15;836597
FR0000073272;22/05/19;123.40;124.25;122.75;123.50;581347
FR0000073272;23/05/19;122.55;122.90;119.00;119.35;811730
FR0000073272;24/05/19;120.15;122.55;120.05;121.90;854406
FR0000073272;27/05/19;121.80;122.35;120.90;121.80;536311
FR0000073272;28/05/19;122.10;123.00;119.20;119.25;1300935
FR0000073272;29/05/19;118.10;119.15;116.85;117.15;790057
FR0000073272;30/05/19;117.90;118.35;117.25;118.10;390382
FR0000073272;31/05/19;116.95;117.70;116.30;117.70;717710
FR0000120073;02/05/19;118.50;118.60;117.70;118.50;788188
FR0000120073;03/05/19;118.50;118.75;118.15;118.55;460684
FR0000120073;06/05/19;117.05;118.00;116.40;117.80;588081
FR0000120073;07/05/19;117.85;118.10;115.65;115.70;792275
FR0000120073;08/05/19;115.75;116.15;115.15;115.40;718940
FR0000120073;09/05/19;114.90;115.00;113.00;113.10;1238884
FR0000120073;10/05/19;113.75;114.45;113.10;113.55;1016203
FR0000120073;13/05/19;114.00;114.25;113.10;113.30;886670
FR0000120073;14/05/19;114.20;115.20;114.05;115.20;773804
FR0000120073;15/05/19;115.20;115.30;113.45;115.00;877555
FR0000120073;16/05/19;115.00;118.20;114.65;118.20;1151278
FR0000120073;17/05/19;117.55;118.10;117.05;118.10;1248399
FR0000120073;20/05/19;115.75;115.75;112.00;113.15;1122673
FR0000120073;21/05/19;113.75;114.90;113.30;113.35;773086
FR0000120073;22/05/19;113.70;114.95;113.30;114.70;847474
FR0000120073;23/05/19;113.95;114.00;112.20;112.50;829868
FR0000120073;24/05/19;113.35;114.00;113.05;113.70;653386
FR0000120073;27/05/19;114.35;115.00;113.95;114.45;316681
FR0000120073;28/05/19;114.95;114.95;113.00;113.00;1149657
FR0000120073;29/05/19;112.00;112.45;111.10;111.95;880670
FR0000120073;30/05/19;112.50;113.25;112.10;112.95;463451
FR0000120073;31/05/19;112.05;112.40;111.10;111.50;976314
FR0000120172;02/05/19;17.295;17.505;17.295;17.325;1608870
FR0000120172;03/05/19;17.40;17.44;17.165;17.165;1206916
FR0000120172;06/05/19;16.98;17.115;16.87;17.115;1322539
FR0000120172;07/05/19;17.15;17.58;17.10;17.58;3118957
FR0000120172;08/05/19;17.59;17.995;17.49;17.615;2942970
FR0000120172;09/05/19;17.50;17.57;17.32;17.50;1980257
FR0000120172;10/05/19;17.625;17.88;17.53;17.53;2598974
FR0000120172;13/05/19;17.44;17.44;17.05;17.315;2635403
FR0000120172;14/05/19;17.36;17.495;17.29;17.495;2032999
FR0000120172;15/05/19;17.545;17.705;17.45;17.605;1995125
FR0000120172;16/05/19;17.555;17.61;17.32;17.55;2017954
FR0000120172;17/05/19;17.355;17.42;17.005;17.35;2955861
FR0000120172;20/05/19;17.20;17.25;16.97;17.06;2460302
FR0000120172;21/05/19;17.005;17.215;16.925;17.12;1951439
FR0000120172;22/05/19;16.995;17.085;16.835;17.06;2043588
FR0000120172;23/05/19;16.805;17.005;16.685;16.86;3051835
FR0000120172;24/05/19;16.825;17.05;16.585;16.68;3553542
FR0000120172;27/05/19;16.665;16.915;16.65;16.77;1425315
FR0000120172;28/05/19;16.685;16.92;16.675;16.895;2498240
FR0000120172;29/05/19;16.68;16.855;16.665;16.83;2216279
FR0000120172;30/05/19;16.835;16.91;16.72;16.87;1217237
FR0000120172;31/05/19;16.68;16.875;16.665;16.84;1882727
FR0000120271;02/05/19;49.745;49.80;49.17;49.38;7623246
FR0000120271;03/05/19;49.31;49.655;49.17;49.17;5340123
FR0000120271;06/05/19;48.50;48.545;47.715;47.99;7265522
FR0000120271;07/05/19;47.995;47.995;46.705;46.705;8449338
FR0000120271;08/05/19;46.94;47.12;46.67;46.98;6693872
FR0000120271;09/05/19;46.93;46.995;46.48;46.605;7616486
FR0000120271;10/05/19;47.11;47.19;46.64;46.87;6126865
FR0000120271;13/05/19;47.005;47.33;46.72;46.865;5581236
FR0000120271;14/05/19;46.985;47.43;46.82;47.40;4621271
FR0000120271;15/05/19;47.595;47.98;47.205;47.73;6644141
FR0000120271;16/05/19;47.51;48.605;47.50;48.605;5837841
FR0000120271;17/05/19;48.435;49.345;48.405;49.17;9836069
FR0000120271;20/05/19;49.415;49.995;48.95;49.225;6889953
FR0000120271;21/05/19;49.475;49.80;49.235;49.765;5670416
FR0000120271;22/05/19;49.50;49.60;48.80;49.005;5875158
FR0000120271;23/05/19;48.36;48.495;47.295;47.39;7811701
FR0000120271;24/05/19;47.67;48.045;47.325;47.555;5717165
FR0000120271;27/05/19;48.00;48.08;47.81;47.85;2927814
FR0000120271;28/05/19;48.00;48.145;47.52;47.52;8622164
FR0000120271;29/05/19;47.17;47.29;46.43;46.835;6938653
FR0000120271;30/05/19;47.34;47.615;46.75;46.84;3600086
FR0000120271;31/05/19;46.25;46.64;46.01;46.64;7720273
FR0000120321;02/05/19;244.00;244.10;238.50;238.70;633402
FR0000120321;03/05/19;238.70;242.10;238.20;241.30;410016
FR0000120321;06/05/19;238.50;241.00;235.50;240.40;324300
FR0000120321;07/05/19;239.90;241.50;236.10;236.10;460345
FR0000120321;08/05/19;236.70;238.30;236.20;238.30;383068
FR0000120321;09/05/19;237.70;239.30;235.60;235.80;445025
FR0000120321;10/05/19;237.50;237.90;234.80;235.00;393124
FR0000120321;13/05/19;235.90;237.20;233.10;235.70;436901
FR0000120321;14/05/19;237.80;237.80;234.40;237.30;363233
FR0000120321;15/05/19;236.80;239.70;235.70;239.70;491332
FR0000120321;16/05/19;240.00;244.50;238.40;244.50;514913
FR0000120321;17/05/19;244.40;244.90;242.30;243.60;562316
FR0000120321;20/05/19;243.00;243.90;238.70;241.20;510795
FR0000120321;21/05/19;241.90;242.90;239.90;241.30;344708
FR0000120321;22/05/19;241.10;243.90;241.00;243.10;349865
FR0000120321;23/05/19;241.90;243.00;240.00;242.10;479522
FR0000120321;24/05/19;242.90;244.10;241.70;243.20;512941
FR0000120321;27/05/19;244.70;245.70;243.20;244.50;187495
FR0000120321;28/05/19;244.10;245.10;241.70;243.50;537212
FR0000120321;29/05/19;241.20;242.10;238.60;240.30;582499
FR0000120321;30/05/19;240.40;242.30;239.00;241.90;206393
FR0000120321;31/05/19;240.40;241.30;238.30;240.40;537408
FR0000120404;02/05/19;37.50;38.16;37.41;37.83;809090
FR0000120404;03/05/19;37.80;37.87;37.50;37.68;591505
FR0000120404;06/05/19;37.43;37.43;36.47;36.90;718173
FR0000120404;07/05/19;36.87;37.06;36.49;36.49;827530
FR0000120404;08/05/19;36.50;36.70;36.38;36.57;588932
FR0000120404;09/05/19;36.54;36.69;35.96;35.96;965924
FR0000120404;10/05/19;35.54;35.67;34.97;35.08;1047563
FR0000120404;13/05/19;34.98;35.06;34.04;34.30;1257195
FR0000120404;14/05/19;34.50;34.90;34.33;34.90;892820
FR0000120404;15/05/19;35.05;35.16;34.60;34.80;755560
FR0000120404;16/05/19;34.78;34.78;34.28;34.65;755462
FR0000120404;17/05/19;34.55;35.01;34.42;34.96;695969
FR0000120404;20/05/19;34.86;34.88;34.02;34.30;869492
FR0000120404;21/05/19;34.50;34.54;34.22;34.39;560788
FR0000120404;22/05/19;34.46;34.65;34.35;34.48;525776
FR0000120404;23/05/19;34.27;34.41;33.92;34.16;853433
FR0000120404;24/05/19;34.25;34.37;33.92;33.95;1018497
FR0000120404;27/05/19;34.20;34.38;33.96;34.03;217925
FR0000120404;28/05/19;34.16;34.40;33.97;34.15;1217375
FR0000120404;29/05/19;34.00;34.00;33.17;33.23;845716
FR0000120404;30/05/19;33.30;33.36;32.99;33.29;442206
FR0000120404;31/05/19;32.97;33.18;32.76;33.04;668197
FR0000120503;02/05/19;33.49;33.81;33.35;33.67;958893
FR0000120503;03/05/19;33.68;33.69;33.16;33.33;858932
FR0000120503;06/05/19;32.68;32.91;32.34;32.90;716231
FR0000120503;07/05/19;32.91;33.13;32.73;32.78;1179802
FR0000120503;08/05/19;32.85;33.24;32.73;33.15;989429
FR0000120503;09/05/19;32.89;32.97;32.53;32.58;1071439
FR0000120503;10/05/19;32.93;33.07;32.56;32.57;628292
FR0000120503;13/05/19;32.69;32.70;31.54;31.83;1319202
FR0000120503;14/05/19;32.05;32.38;31.92;32.15;850874
FR0000120503;15/05/19;32.38;33.10;32.02;32.92;1431177
FR0000120503;16/05/19;34.20;34.20;32.94;33.39;1366602
FR0000120503;17/05/19;33.21;33.26;32.80;32.95;996517
FR0000120503;20/05/19;33.40;33.60;32.29;32.44;1595293
FR0000120503;21/05/19;32.58;32.76;32.35;32.59;1282405
FR0000120503;22/05/19;32.57;32.64;32.10;32.32;884009
FR0000120503;23/05/19;32.12;32.12;31.63;31.70;905801
FR0000120503;24/05/19;31.87;32.23;31.87;31.90;767570
FR0000120503;27/05/19;32.11;32.15;31.67;31.84;453289
FR0000120503;28/05/19;31.92;31.92;31.45;31.45;1444643
FR0000120503;29/05/19;31.20;31.74;30.95;31.50;1604731
FR0000120503;30/05/19;31.57;32.05;31.55;31.88;637483
FR0000120503;31/05/19;31.49;31.67;31.14;31.33;893221
FR0000120578;02/05/19;78.24;78.41;77.03;77.03;2397975
FR0000120578;03/05/19;77.80;78.07;77.37;77.62;2015737
FR0000120578;06/05/19;76.82;76.90;75.79;76.71;2930471
FR0000120578;07/05/19;76.87;77.42;76.04;76.23;2512641
FR0000120578;08/05/19;76.26;76.74;75.38;76.33;2864467
FR0000120578;09/05/19;73.00;73.96;73.00;73.38;2900616
FR0000120578;10/05/19;73.75;73.95;72.70;72.72;2159115
FR0000120578;13/05/19;72.70;73.04;72.19;72.96;2010481
FR0000120578;14/05/19;73.24;73.65;73.01;73.40;1966009
FR0000120578;15/05/19;73.30;73.90;72.75;73.82;2088285
FR0000120578;16/05/19;73.80;75.17;73.59;75.04;2590901
FR0000120578;17/05/19;74.71;75.26;74.37;75.23;2713268
FR0000120578;20/05/19;75.00;75.10;73.88;74.34;1796302
FR0000120578;21/05/19;74.29;74.34;73.46;73.95;2484630
FR0000120578;22/05/19;73.72;74.90;73.46;74.90;2222834
FR0000120578;23/05/19;74.93;75.66;74.65;74.90;2486165
FR0000120578;24/05/19;75.18;75.51;74.95;75.16;1806876
FR0000120578;27/05/19;75.47;75.80;75.11;75.57;826615
FR0000120578;28/05/19;75.50;75.61;74.11;74.24;3420488
FR0000120578;29/05/19;73.67;73.69;72.85;73.26;2174010
FR0000120578;30/05/19;73.14;73.34;72.67;73.19;1035190
FR0000120578;31/05/19;72.72;73.00;71.98;72.24;2460287
FR0000120628;02/05/19;22.66;22.755;22.525;22.63;9732070
FR0000120628;03/05/19;23.00;23.14;22.865;23.07;10550508
FR0000120628;06/05/19;22.625;22.815;22.375;22.815;7466945
FR0000120628;07/05/19;22.84;22.855;22.385;22.505;8909821
FR0000120628;08/05/19;22.345;22.45;22.21;22.345;6667444
FR0000120628;09/05/19;22.245;22.315;22.015;22.11;8948009
FR0000120628;10/05/19;22.235;22.355;22.07;22.10;5319689
FR0000120628;13/05/19;22.175;22.175;21.805;21.955;5734308
FR0000120628;14/05/19;22.06;22.15;21.95;22.15;5590600
FR0000120628;15/05/19;22.265;22.28;22.01;22.245;7518692
FR0000120628;16/05/19;22.155;22.725;22.085;22.61;9328973
FR0000120628;17/05/19;22.47;22.68;22.355;22.605;8407493
FR0000120628;20/05/19;22.60;22.65;22.21;22.415;5502536
FR0000120628;21/05/19;22.555;22.655;22.435;22.58;4834988
FR0000120628;22/05/19;22.64;22.65;22.375;22.435;4014976
FR0000120628;23/05/19;22.34;22.34;22.025;22.155;7680491
FR0000120628;24/05/19;22.26;22.47;22.205;22.305;5491719
FR0000120628;27/05/19;22.415;22.49;22.36;22.38;2632261
FR0000120628;28/05/19;22.48;22.48;22.19;22.195;8894469
FR0000120628;29/05/19;22.095;22.095;21.82;22.06;6976912
FR0000120628;30/05/19;22.145;22.35;22.145;22.17;4936641
FR0000120628;31/05/19;22.03;22.08;21.88;22.08;7141491
FR0000120644;02/05/19;71.90;72.24;71.76;71.82;1367488
FR0000120644;03/05/19;71.76;72.46;71.50;72.46;1605963
FR0000120644;06/05/19;71.84;72.54;71.40;72.44;1274946
FR0000120644;07/05/19;70.70;71.02;69.46;69.86;1867014
FR0000120644;08/05/19;70.00;70.32;69.78;70.02;1039113
FR0000120644;09/05/19;69.64;70.12;69.44;69.46;1351881
FR0000120644;10/05/19;69.44;69.82;69.26;69.82;1364925
FR0000120644;13/05/19;69.80;69.96;69.38;69.68;1234737
FR0000120644;14/05/19;70.00;70.06;69.58;69.94;1004037
FR0000120644;15/05/19;69.84;70.06;69.46;70.06;1232607
FR0000120644;16/05/19;69.96;71.16;69.80;71.16;1588166
FR0000120644;17/05/19;70.92;71.30;70.62;71.20;1560796
FR0000120644;20/05/19;71.20;71.24;70.24;70.54;1257377
FR0000120644;21/05/19;70.62;71.44;70.62;71.20;1712162
FR0000120644;22/05/19;71.40;71.58;70.46;71.02;1564607
FR0000120644;23/05/19;70.92;71.18;70.20;70.80;1874371
FR0000120644;24/05/19;71.10;71.80;70.88;71.80;1756524
FR0000120644;27/05/19;72.00;72.26;71.86;71.96;678112
FR0000120644;28/05/19;72.08;72.44;71.72;72.26;2048102
FR0000120644;29/05/19;71.86;71.92;71.10;71.40;1698800
FR0000120644;30/05/19;71.32;71.86;71.24;71.84;784531
FR0000120644;31/05/19;71.60;71.78;70.98;71.40;1811696
FR0000120693;02/05/19;156.45;156.45;154.35;154.35;464329
FR0000120693;03/05/19;154.75;155.60;153.20;155.20;383388
FR0000120693;06/05/19;153.05;155.00;152.10;155.00;217638
FR0000120693;07/05/19;155.05;155.85;154.45;154.90;399254
FR0000120693;08/05/19;154.65;157.05;153.80;157.05;551033
FR0000120693;09/05/19;156.70;157.15;154.00;154.40;415494
FR0000120693;10/05/19;154.55;154.90;153.20;153.60;279867
FR0000120693;13/05/19;154.10;154.55;151.90;152.95;294478
FR0000120693;14/05/19;154.00;154.75;152.80;154.40;374609
FR0000120693;15/05/19;154.35;155.50;153.85;155.50;352829
FR0000120693;16/05/19;155.10;159.35;155.00;158.90;564950
FR0000120693;17/05/19;158.95;161.35;158.05;160.55;436658
FR0000120693;20/05/19;160.35;160.90;158.20;158.80;348903
FR0000120693;21/05/19;159.45;161.15;158.35;160.80;323415
FR0000120693;22/05/19;160.55;162.80;160.50;161.90;412619
FR0000120693;23/05/19;161.75;161.90;159.95;161.75;360565
FR0000120693;24/05/19;161.50;163.10;161.40;162.80;314016
FR0000120693;27/05/19;163.45;164.25;162.85;163.05;179166
FR0000120693;28/05/19;163.15;163.25;161.75;162.50;537890
FR0000120693;29/05/19;161.70;162.15;159.45;160.75;470356
FR0000120693;30/05/19;160.50;161.90;160.10;161.80;201452
FR0000120693;31/05/19;161.35;161.80;157.40;157.80;732469
FR0000121014;02/05/19;349.45;351.20;348.15;351.00;686263
FR0000121014;03/05/19;350.00;355.05;350.00;355.05;468076
FR0000121014;06/05/19;346.60;346.60;341.50;344.40;684398
FR0000121014;07/05/19;344.00;345.45;334.60;335.05;717360
FR0000121014;08/05/19;333.05;339.80;333.00;339.60;589689
FR0000121014;09/05/19;334.60;336.55;330.40;331.85;648732
FR0000121014;10/05/19;335.00;338.00;331.80;333.55;561304
FR0000121014;13/05/19;333.00;333.00;323.05;323.75;611125
FR0000121014;14/05/19;326.70;334.80;326.40;334.30;629105
FR0000121014;15/05/19;336.20;337.15;329.05;337.15;556644
FR0000121014;16/05/19;336.65;341.20;333.85;341.20;589339
FR0000121014;17/05/19;340.20;342.70;336.90;340.85;658521
FR0000121014;20/05/19;339.70;340.80;328.65;330.05;628134
FR0000121014;21/05/19;332.10;336.00;329.70;335.15;495509
FR0000121014;22/05/19;336.70;339.00;333.65;336.30;470565
FR0000121014;23/05/19;334.00;335.55;331.60;334.00;708374
FR0000121014;24/05/19;335.05;337.30;335.00;336.50;575972
FR0000121014;27/05/19;338.50;341.45;336.50;338.65;222774
FR0000121014;28/05/19;339.65;342.60;336.65;342.60;917832
FR0000121014;29/05/19;338.15;340.50;336.75;338.20;881878
FR0000121014;30/05/19;338.55;341.75;337.50;341.65;382038
FR0000121014;31/05/19;337.55;338.85;333.50;338.60;816098
FR0000121220;02/05/19;101.90;102.20;101.20;102.20;368060
FR0000121220;03/05/19;102.00;102.45;101.60;101.95;338294
FR0000121220;06/05/19;100.95;101.80;100.55;101.80;187428
FR0000121220;07/05/19;101.45;102.65;101.45;102.00;367764
FR0000121220;08/05/19;102.05;102.30;100.25;100.25;367977
FR0000121220;09/05/19;99.86;101.40;99.00;100.30;281906
FR0000121220;10/05/19;100.55;101.00;100.05;100.05;202245
FR0000121220;13/05/19;100.00;100.25;99.02;99.24;234175
FR0000121220;14/05/19;99.70;100.10;99.10;99.50;278502
FR0000121220;15/05/19;99.94;100.45;99.50;99.96;359184
FR0000121220;16/05/19;99.64;100.75;99.34;100.70;356737
FR0000121220;17/05/19;100.30;101.95;100.30;101.95;290613
FR0000121220;20/05/19;101.95;101.95;100.25;101.35;255786
FR0000121220;21/05/19;101.70;103.05;101.40;102.50;233680
FR0000121220;22/05/19;101.60;102.50;101.55;101.60;167709
FR0000121220;23/05/19;101.00;102.45;100.75;102.00;233091
FR0000121220;24/05/19;101.95;102.80;101.65;102.00;214040
FR0000121220;27/05/19;102.30;102.75;102.05;102.40;85373
FR0000121220;28/05/19;102.65;102.65;101.55;102.00;264216
FR0000121220;29/05/19;101.50;101.70;99.98;101.50;281330
FR0000121220;30/05/19;101.95;102.65;101.20;102.60;117970
FR0000121220;31/05/19;102.05;103.85;101.60;103.00;290341
FR0000121261;02/05/19;114.85;115.50;114.10;114.45;564667
FR0000121261;03/05/19;114.40;114.70;113.40;113.90;518251
FR0000121261;06/05/19;111.45;112.55;110.55;112.00;596198
FR0000121261;07/05/19;112.15;112.95;110.20;110.75;559497
FR0000121261;08/05/19;110.30;111.50;109.50;110.60;593572
FR0000121261;09/05/19;109.10;110.00;106.90;107.40;790911
FR0000121261;10/05/19;110.40;111.10;108.75;109.95;825619
FR0000121261;13/05/19;110.00;110.00;106.35;106.40;749563
FR0000121261;14/05/19;107.15;109.25;106.95;109.25;673705
FR0000121261;15/05/19;109.90;112.40;107.55;112.40;1029616
FR0000121261;16/05/19;111.85;112.15;108.80;111.35;866864
FR0000121261;17/05/19;110.55;110.90;108.65;110.00;476607
FR0000121261;20/05/19;110.00;110.00;107.75;108.00;466676
FR0000121261;21/05/19;106.00;106.20;104.95;105.85;608449
FR0000121261;22/05/19;106.25;106.40;104.50;105.85;398974
FR0000121261;23/05/19;104.40;104.40;102.90;103.55;452943
FR0000121261;24/05/19;104.65;105.75;104.25;105.50;408436
FR0000121261;27/05/19;106.80;107.75;105.10;105.90;336601
FR0000121261;28/05/19;106.20;107.65;105.60;106.90;680101
FR0000121261;29/05/19;105.85;106.05;102.65;103.15;655163
FR0000121261;30/05/19;103.65;104.30;102.60;103.60;251568
FR0000121261;31/05/19;102.05;102.95;101.00;102.95;596337
FR0000121329;02/05/19;105.40;105.40;102.65;105.15;576794
FR0000121329;03/05/19;105.00;105.50;104.30;105.50;176194
FR0000121329;06/05/19;104.35;104.85;103.25;104.45;208179
FR0000121329;07/05/19;104.25;104.45;102.40;102.40;293123
FR0000121329;08/05/19;102.65;103.50;101.45;102.05;224585
FR0000121329;09/05/19;101.95;102.20;100.55;100.65;220209
FR0000121329;10/05/19;101.30;102.10;100.20;100.50;280900
FR0000121329;13/05/19;100.00;100.90;98.54;98.96;310045
FR0000121329;14/05/19;99.30;100.35;96.84;98.74;518179
FR0000121329;15/05/19;99.00;100.25;98.54;100.20;415487
FR0000121329;16/05/19;100.35;102.20;100.00;102.20;309385
FR0000121329;17/05/19;101.65;101.95;100.75;101.90;192020
FR0000121329;20/05/19;101.55;102.05;100.80;101.50;280015
FR0000121329;21/05/19;100.85;102.15;99.94;101.65;354606
FR0000121329;22/05/19;101.25;101.75;100.45;101.15;243089
FR0000121329;23/05/19;100.80;100.85;98.60;99.16;353887
FR0000121329;24/05/19;99.24;100.00;98.36;99.12;374912
FR0000121329;27/05/19;99.66;100.00;98.42;98.80;164284
FR0000121329;28/05/19;98.96;100.05;98.00;98.68;770882
FR0000121329;29/05/19;98.06;98.86;97.20;97.40;330937
FR0000121329;30/05/19;97.46;98.68;97.44;98.68;141686
FR0000121329;31/05/19;97.64;98.56;97.22;98.56;262143
FR0000121485;02/05/19;524.00;524.00;514.80;520.20;220154
FR0000121485;03/05/19;516.70;526.30;516.70;526.00;107264
FR0000121485;06/05/19;508.90;514.10;507.00;513.00;213940
FR0000121485;07/05/19;513.20;516.50;503.60;507.20;297284
FR0000121485;08/05/19;507.00;516.30;503.20;515.70;194755
FR0000121485;09/05/19;509.50;510.40;498.05;501.60;246130
FR0000121485;10/05/19;502.80;513.50;502.50;507.10;236281
FR0000121485;13/05/19;511.00;514.40;489.75;491.00;287750
FR0000121485;14/05/19;495.45;510.90;493.80;508.50;251128
FR0000121485;15/05/19;510.20;516.60;501.40;516.60;294688
FR0000121485;16/05/19;516.60;522.70;510.90;521.90;200943
FR0000121485;17/05/19;519.00;522.60;514.70;522.00;242654
FR0000121485;20/05/19;520.10;525.60;503.00;503.20;255510
FR0000121485;21/05/19;505.50;510.10;499.75;510.10;222548
FR0000121485;22/05/19;510.60;521.90;506.50;508.50;287713
FR0000121485;23/05/19;505.90;506.20;488.05;491.20;333399
FR0000121485;24/05/19;493.00;495.65;479.50;482.70;362033
FR0000121485;27/05/19;486.25;491.20;483.10;485.95;136281
FR0000121485;28/05/19;488.00;490.20;479.25;479.25;470417
FR0000121485;29/05/19;472.50;475.05;459.65;461.10;488413
FR0000121485;30/05/19;464.75;475.05;464.00;474.55;222108
FR0000121485;31/05/19;465.10;466.70;456.20;465.95;354086
FR0000121501;02/05/19;22.95;23.10;22.60;22.90;2322792
FR0000121501;03/05/19;22.78;22.86;22.50;22.64;1447877
FR0000121501;06/05/19;22.10;22.16;21.68;22.16;2057375
FR0000121501;07/05/19;22.02;22.23;21.62;21.76;2170486
FR0000121501;08/05/19;21.73;21.97;21.57;21.78;1864781
FR0000121501;09/05/19;21.50;21.65;21.14;21.24;2772657
FR0000121501;10/05/19;21.39;21.65;20.92;21.16;1925393
FR0000121501;13/05/19;21.06;21.06;20.41;20.62;2536090
FR0000121501;14/05/19;20.73;21.07;20.50;21.07;2938206
FR0000121501;15/05/19;21.22;21.58;20.72;21.41;3131605
FR0000121501;16/05/19;21.39;21.40;20.90;21.36;3130775
FR0000121501;17/05/19;21.25;21.45;21.08;21.37;2006345
FR0000121501;20/05/19;21.25;21.44;20.77;21.00;1770612
FR0000121501;21/05/19;21.12;21.36;21.00;21.29;1978367
FR0000121501;22/05/19;21.28;21.34;20.84;20.87;1706488
FR0000121501;23/05/19;20.53;20.83;20.35;20.49;2563617
FR0000121501;24/05/19;20.72;20.90;20.41;20.59;2574444
FR0000121501;27/05/19;21.06;21.17;19.705;19.92;3405000
FR0000121501;28/05/19;20.06;20.90;20.06;20.84;5475828
FR0000121501;29/05/19;20.70;20.73;20.23;20.33;2996900
FR0000121501;30/05/19;20.46;20.55;20.01;20.10;1398429
FR0000121501;31/05/19;19.70;19.97;19.605;19.97;2777530
FR0000121667;02/05/19;108.50;109.35;106.90;106.90;899785
FR0000121667;03/05/19;106.60;106.95;105.75;106.50;625900
FR0000121667;06/05/19;105.00;107.90;105.00;107.30;538800
FR0000121667;07/05/19;107.30;107.90;105.50;105.80;789473
FR0000121667;08/05/19;102.70;107.05;100.00;106.95;1055136
FR0000121667;09/05/19;106.05;106.55;105.30;106.00;769505
FR0000121667;10/05/19;107.10;111.45;106.65;110.20;1399798
FR0000121667;13/05/19;113.10;115.80;110.05;110.35;1307954
FR0000121667;14/05/19;110.75;110.80;107.95;109.00;1026416
FR0000121667;15/05/19;108.55;109.45;107.25;108.55;813983
FR0000121667;16/05/19;108.45;109.95;107.65;109.95;696040
FR0000121667;17/05/19;109.95;110.20;108.65;109.95;977234
FR0000121667;20/05/19;109.95;110.25;108.35;108.45;778710
FR0000121667;21/05/19;107.30;107.30;106.00;107.15;619164
FR0000121667;22/05/19;106.20;107.60;106.15;106.80;551703
FR0000121667;23/05/19;106.15;106.40;105.15;105.90;827940
FR0000121667;24/05/19;106.40;106.75;105.95;106.10;797942
FR0000121667;27/05/19;106.95;107.25;105.70;106.20;290167
FR0000121667;28/05/19;106.45;106.65;103.85;104.00;1599199
FR0000121667;29/05/19;103.50;103.70;102.60;103.20;814024
FR0000121667;30/05/19;103.25;103.65;102.30;103.65;381532
FR0000121667;31/05/19;102.80;103.15;101.80;103.15;909706
FR0000121972;02/05/19;74.72;74.96;73.96;73.96;1584440
FR0000121972;03/05/19;73.64;74.58;73.48;74.50;1134100
FR0000121972;06/05/19;72.76;73.84;72.06;73.54;1150077
FR0000121972;07/05/19;73.70;73.76;72.32;72.54;1441978
FR0000121972;08/05/19;72.64;73.58;72.58;72.82;985367
FR0000121972;09/05/19;71.82;72.00;71.10;71.28;1102912
FR0000121972;10/05/19;71.90;72.54;71.26;71.30;1130884
FR0000121972;13/05/19;71.32;71.38;69.92;70.02;1012241
FR0000121972;14/05/19;70.74;71.92;70.74;71.92;1306339
FR0000121972;15/05/19;72.00;72.24;70.94;72.16;1260353
FR0000121972;16/05/19;72.00;73.26;71.68;73.26;1348571
FR0000121972;17/05/19;72.80;73.24;72.44;72.68;1582648
FR0000121972;20/05/19;72.62;72.72;71.44;72.22;1247966
FR0000121972;21/05/19;72.42;73.38;72.42;73.18;1175962
FR0000121972;22/05/19;73.24;73.64;72.54;73.12;1167188
FR0000121972;23/05/19;72.56;72.76;71.52;71.90;1373243
FR0000121972;24/05/19;72.46;73.90;72.36;73.90;1401751
FR0000121972;27/05/19;74.02;74.28;73.32;73.84;566163
FR0000121972;28/05/19;73.74;74.36;73.32;73.68;1496401
FR0000121972;29/05/19;72.74;72.84;71.12;71.24;1999220
FR0000121972;30/05/19;71.54;71.82;71.38;71.62;1009917
FR0000121972;31/05/19;70.50;70.80;69.80;70.80;2018676
FR0000124141;02/05/19;21.15;21.58;21.15;21.27;2830824
FR0000124141;03/05/19;21.25;21.46;21.17;21.44;1482686
FR0000124141;06/05/19;21.29;21.29;20.98;21.21;1340509
FR0000124141;07/05/19;21.21;21.63;21.18;21.60;2185995
FR0000124141;08/05/19;21.59;21.62;21.07;21.07;2603941
FR0000124141;09/05/19;21.07;21.14;20.59;20.67;2427497
FR0000124141;10/05/19;20.85;20.97;20.65;20.70;2126840
FR0000124141;13/05/19;20.99;21.10;20.71;20.82;2524439
FR0000124141;14/05/19;20.15;20.47;19.745;19.98;3462662
FR0000124141;15/05/19;20.00;20.16;19.78;20.10;2193095
FR0000124141;16/05/19;20.06;20.24;20.05;20.13;1493225
FR0000124141;17/05/19;20.13;20.26;19.985;20.09;1251673
FR0000124141;20/05/19;20.11;20.27;19.885;20.02;1195119
FR0000124141;21/05/19;20.06;20.37;20.00;20.26;1590605
FR0000124141;22/05/19;20.30;20.40;20.22;20.35;1287421
FR0000124141;23/05/19;20.26;20.34;19.915;20.09;2086043
FR0000124141;24/05/19;20.15;20.45;20.06;20.39;1772039
FR0000124141;27/05/19;20.41;20.72;20.41;20.68;1057933
FR0000124141;28/05/19;20.70;20.88;20.63;20.76;2229043
FR0000124141;29/05/19;20.60;20.62;20.41;20.54;1543216
FR0000124141;30/05/19;20.52;20.70;20.46;20.52;961681
FR0000124141;31/05/19;20.51;20.71;20.43;20.71;1625284
FR0000125007;02/05/19;36.495;36.80;36.07;36.33;1555765
FR0000125007;03/05/19;36.295;36.31;35.99;36.12;1219243
FR0000125007;06/05/19;35.40;35.485;34.885;35.485;1690216
FR0000125007;07/05/19;35.555;35.56;34.55;34.70;2278767
FR0000125007;08/05/19;34.50;35.04;34.39;34.875;1314257
FR0000125007;09/05/19;34.63;34.63;33.91;33.965;1991291
FR0000125007;10/05/19;34.24;34.46;33.965;34.015;1243649
FR0000125007;13/05/19;34.13;34.15;33.29;33.39;1643074
FR0000125007;14/05/19;33.60;33.91;33.525;33.835;1358679
FR0000125007;15/05/19;34.185;34.28;33.46;34.045;1760198
FR0000125007;16/05/19;34.00;34.49;33.82;34.49;1690825
FR0000125007;17/05/19;34.325;34.375;33.775;34.10;2268964
FR0000125007;20/05/19;34.10;34.385;33.815;33.975;1764454
FR0000125007;21/05/19;34.225;34.295;33.755;33.84;1733423
FR0000125007;22/05/19;33.93;33.99;33.31;33.65;1635120
FR0000125007;23/05/19;33.42;33.48;33.04;33.125;1851722
FR0000125007;24/05/19;33.325;33.565;33.16;33.20;1793459
FR0000125007;27/05/19;33.545;33.58;33.105;33.225;857614
FR0000125007;28/05/19;33.225;33.40;33.015;33.11;2143177
FR0000125007;29/05/19;32.70;32.725;32.38;32.42;1936623
FR0000125007;30/05/19;32.61;32.875;32.56;32.775;846692
FR0000125007;31/05/19;32.405;32.49;32.095;32.415;1862678
FR0000125338;02/05/19;107.65;107.90;106.15;107.40;546317
FR0000125338;03/05/19;107.00;107.30;105.85;107.30;567868
FR0000125338;06/05/19;105.50;105.50;102.95;104.15;455328
FR0000125338;07/05/19;104.65;105.95;103.70;104.15;649732
FR0000125338;08/05/19;104.40;105.35;104.15;104.70;351510
FR0000125338;09/05/19;104.40;104.50;102.10;102.30;451134
FR0000125338;10/05/19;103.00;105.15;103.00;104.40;614157
FR0000125338;13/05/19;104.60;104.60;103.55;103.65;690787
FR0000125338;14/05/19;104.00;106.40;103.90;106.40;494001
FR0000125338;15/05/19;106.25;106.55;103.65;104.35;733405
FR0000125338;16/05/19;104.00;107.10;103.85;107.05;572240
FR0000125338;17/05/19;106.50;107.55;105.85;106.25;424994
FR0000125338;20/05/19;105.80;106.00;102.80;103.80;474638
FR0000125338;21/05/19;104.45;105.40;104.05;104.85;347737
FR0000125338;22/05/19;104.70;107.20;104.70;106.70;464487
FR0000125338;23/05/19;105.50;105.60;102.65;102.65;501084
FR0000125338;24/05/19;103.00;104.50;102.90;103.40;393005
FR0000125338;27/05/19;104.25;104.25;103.20;103.55;164837
FR0000125338;28/05/19;103.35;104.05;102.10;102.10;862418
FR0000125338;29/05/19;101.55;101.65;100.20;100.30;605294
FR0000125338;30/05/19;100.65;101.20;100.10;100.80;208767
FR0000125338;31/05/19;100.00;100.35;98.54;100.10;589558
FR0000125486;02/05/19;89.60;89.82;89.02;89.18;1399906
FR0000125486;03/05/19;88.80;88.92;88.14;88.38;903869
FR0000125486;06/05/19;87.18;87.82;85.62;87.54;1036860
FR0000125486;07/05/19;87.46;87.92;86.50;86.62;1283092
FR0000125486;08/05/19;86.44;87.12;86.24;86.64;1067158
FR0000125486;09/05/19;85.94;86.24;85.20;85.22;1176942
FR0000125486;10/05/19;85.50;86.68;85.22;85.84;1275108
FR0000125486;13/05/19;86.00;86.18;84.48;85.08;1055621
FR0000125486;14/05/19;85.70;87.60;85.58;87.00;1531475
FR0000125486;15/05/19;87.30;88.38;86.60;88.38;1406611
FR0000125486;16/05/19;88.34;89.20;87.96;89.20;1079592
FR0000125486;17/05/19;89.26;89.88;88.94;89.48;1371948
FR0000125486;20/05/19;89.08;89.50;88.14;88.92;984146
FR0000125486;21/05/19;89.38;89.84;88.92;89.40;983271
FR0000125486;22/05/19;89.16;89.44;88.36;89.42;750034
FR0000125486;23/05/19;88.40;88.68;87.52;88.42;1066184
FR0000125486;24/05/19;88.50;90.18;88.50;90.04;1299418
FR0000125486;27/05/19;90.00;90.48;89.74;90.44;575435
FR0000125486;28/05/19;90.32;90.44;89.30;89.60;1302647
FR0000125486;29/05/19;88.70;88.86;87.88;88.08;1084888
FR0000125486;30/05/19;88.48;88.88;88.24;88.82;577223
FR0000125486;31/05/19;88.12;88.50;87.48;88.46;1118960
FR0000127771;02/05/19;25.69;25.93;25.60;25.79;2642029
FR0000127771;03/05/19;25.54;25.75;25.54;25.56;2434212
FR0000127771;06/05/19;25.09;25.43;25.04;25.42;2215397
FR0000127771;07/05/19;25.21;25.50;25.12;25.12;2931531
FR0000127771;08/05/19;25.03;25.41;25.02;25.41;2626132
FR0000127771;09/05/19;25.05;25.29;24.88;24.88;3455888
FR0000127771;10/05/19;24.99;25.15;24.76;24.76;3378173
FR0000127771;13/05/19;24.69;24.83;24.45;24.62;2543200
FR0000127771;14/05/19;24.65;24.82;24.63;24.78;2771561
FR0000127771;15/05/19;24.70;24.84;24.53;24.84;3399511
FR0000127771;16/05/19;24.69;25.02;24.69;24.98;3133622
FR0000127771;17/05/19;24.82;25.00;24.71;24.90;3876532
FR0000127771;20/05/19;24.76;24.92;24.51;24.56;2633619
FR0000127771;21/05/19;24.59;24.74;24.50;24.65;2150535
FR0000127771;22/05/19;24.59;24.71;24.46;24.55;2295662
FR0000127771;23/05/19;23.90;24.15;23.35;23.57;7243292
FR0000127771;24/05/19;23.70;23.93;23.59;23.60;4141201
FR0000127771;27/05/19;23.61;23.69;23.38;23.40;2284026
FR0000127771;28/05/19;23.41;23.91;23.39;23.63;17208025
FR0000127771;29/05/19;23.55;23.82;23.54;23.65;4566179
FR0000127771;30/05/19;23.73;24.21;23.73;24.10;3366662
FR0000127771;31/05/19;23.90;24.21;23.87;24.13;4952780
FR0000130577;02/05/19;52.70;53.88;52.56;53.38;919440
FR0000130577;03/05/19;53.52;53.52;52.78;52.86;545703
FR0000130577;06/05/19;52.06;52.74;51.24;52.54;588749
FR0000130577;07/05/19;52.82;53.10;52.46;52.76;720822
FR0000130577;08/05/19;52.52;53.14;52.26;52.28;795467
FR0000130577;09/05/19;51.90;52.06;50.92;51.22;1244862
FR0000130577;10/05/19;51.58;52.28;51.00;51.00;965084
FR0000130577;13/05/19;51.00;51.10;49.65;49.66;881581
FR0000130577;14/05/19;50.02;50.50;49.76;50.12;513633
FR0000130577;15/05/19;50.06;50.74;49.83;50.72;798495
FR0000130577;16/05/19;50.58;50.82;50.28;50.72;559802
FR0000130577;17/05/19;50.30;50.64;50.02;50.50;506290
FR0000130577;20/05/19;50.32;50.82;50.00;50.32;635117
FR0000130577;21/05/19;50.36;50.80;50.16;50.54;527184
FR0000130577;22/05/19;50.36;50.96;50.36;50.84;441232
FR0000130577;23/05/19;50.46;50.50;49.39;49.65;720552
FR0000130577;24/05/19;49.65;50.02;49.12;49.39;578823
FR0000130577;27/05/19;49.35;49.79;49.30;49.57;228427
FR0000130577;28/05/19;49.66;50.12;49.00;50.12;871059
FR0000130577;29/05/19;49.77;49.77;48.95;49.00;769527
FR0000130577;30/05/19;49.15;49.52;49.13;49.52;409617
FR0000130577;31/05/19;49.00;49.23;48.69;48.90;746683
FR0000130650;02/05/19;140.00;140.20;134.55;136.70;414606
FR0000130650;03/05/19;137.05;137.05;135.10;135.40;280773
FR0000130650;06/05/19;133.55;136.20;132.05;136.20;218513
FR0000130650;07/05/19;136.65;138.25;133.70;134.25;397176
FR0000130650;08/05/19;134.35;136.20;134.25;136.15;236219
FR0000130650;09/05/19;135.90;136.80;133.90;135.15;277389
FR0000130650;10/05/19;136.00;137.30;135.45;135.80;304634
FR0000130650;13/05/19;135.65;136.65;132.65;132.70;187972
FR0000130650;14/05/19;133.20;135.15;132.95;135.10;267362
FR0000130650;15/05/19;136.00;136.50;131.45;134.15;379129
FR0000130650;16/05/19;133.90;138.65;133.45;138.65;341530
FR0000130650;17/05/19;139.50;141.40;138.10;141.30;446058
FR0000130650;20/05/19;141.05;141.40;135.05;137.50;296103
FR0000130650;21/05/19;138.45;140.25;138.00;139.20;328035
FR0000130650;22/05/19;138.40;140.75;138.40;140.25;319531
FR0000130650;23/05/19;138.85;139.35;135.35;137.10;326089
FR0000130650;24/05/19;137.00;138.35;136.35;136.75;254535
FR0000130650;27/05/19;137.50;137.95;135.55;136.00;212478
FR0000130650;28/05/19;136.05;136.50;133.60;133.60;557341
FR0000130650;29/05/19;131.65;132.75;131.15;132.25;333354
FR0000130650;30/05/19;132.10;133.40;131.75;133.00;151755
FR0000130650;31/05/19;131.65;132.95;131.00;132.85;279762
FR0000130809;02/05/19;28.01;29.205;27.985;28.38;6625792
FR0000130809;03/05/19;28.195;29.66;28.195;28.70;7249609
FR0000130809;06/05/19;27.665;28.18;27.515;28.18;5643523
FR0000130809;07/05/19;27.915;28.04;27.085;27.085;7457104
FR0000130809;08/05/19;26.81;27.26;26.50;26.90;5006072
FR0000130809;09/05/19;26.435;26.575;26.26;26.285;5870240
FR0000130809;10/05/19;26.50;26.745;25.89;26.09;5003865
FR0000130809;13/05/19;25.85;25.94;25.51;25.51;5102064
FR0000130809;14/05/19;25.51;25.84;25.42;25.795;4165716
FR0000130809;15/05/19;25.515;25.73;25.19;25.63;5815755
FR0000130809;16/05/19;25.40;25.995;25.245;25.995;4413445
FR0000130809;17/05/19;25.51;25.855;25.42;25.715;5286312
FR0000130809;20/05/19;25.35;25.605;25.025;25.085;6197277
FR0000130809;21/05/19;25.30;25.385;25.00;25.24;3948828
FR0000130809;22/05/19;25.30;25.35;24.90;25.025;5292722
FR0000130809;23/05/19;24.85;24.87;24.51;24.60;6095208
FR0000130809;24/05/19;24.79;25.01;24.655;24.655;6662166
FR0000130809;27/05/19;22.825;23.12;22.57;23.045;8602446
FR0000130809;28/05/19;23.06;23.07;22.41;22.595;7974027
FR0000130809;29/05/19;22.31;22.59;22.285;22.55;5975960
FR0000130809;30/05/19;22.65;22.805;22.43;22.565;3632855
FR0000130809;31/05/19;22.225;22.46;22.22;22.46;5478975
FR0000131104;02/05/19;48.16;49.315;47.74;48.00;5626874
FR0000131104;03/05/19;48.30;48.835;47.975;48.255;3504809
FR0000131104;06/05/19;47.11;48.025;47.05;47.885;4070456
FR0000131104;07/05/19;48.195;48.20;46.52;46.875;5132652
FR0000131104;08/05/19;46.595;47.06;46.205;46.82;3321406
FR0000131104;09/05/19;46.27;46.41;45.375;45.42;4955409
FR0000131104;10/05/19;45.845;46.135;45.005;45.49;3976555
FR0000131104;13/05/19;45.345;45.38;44.585;44.78;3760748
FR0000131104;14/05/19;45.14;45.48;44.85;45.48;3353309
FR0000131104;15/05/19;45.365;45.425;44.535;45.255;3981261
FR0000131104;16/05/19;45.10;45.95;44.77;45.95;3946104
FR0000131104;17/05/19;45.32;45.78;44.895;45.375;5488732
FR0000131104;20/05/19;45.25;45.55;44.43;44.625;4178524
FR0000131104;21/05/19;45.01;45.385;44.655;44.995;4132209
FR0000131104;22/05/19;45.005;45.11;44.265;44.51;4312371
FR0000131104;23/05/19;44.20;44.335;43.535;43.65;5412749
FR0000131104;24/05/19;43.87;44.235;43.635;43.905;4328427
FR0000131104;27/05/19;44.435;44.60;43.97;44.20;2497380
FR0000131104;28/05/19;44.385;44.425;43.50;44.285;5841362
FR0000131104;29/05/19;40.99;41.325;40.445;41.325;7450354
FR0000131104;30/05/19;41.93;41.98;41.315;41.35;3018877
FR0000131104;31/05/19;40.895;41.00;40.45;40.875;5158866
FR0000131906;02/05/19;60.90;61.87;60.36;60.91;822398
FR0000131906;03/05/19;60.73;60.89;59.94;60.27;725829
FR0000131906;06/05/19;58.77;58.87;57.69;58.87;1487983
FR0000131906;07/05/19;58.90;58.90;57.55;58.29;1442357
FR0000131906;08/05/19;58.29;58.57;57.50;58.02;821318
FR0000131906;09/05/19;57.20;57.35;55.92;56.21;1582968
FR0000131906;10/05/19;56.75;57.37;55.11;55.73;1174714
FR0000131906;13/05/19;55.70;55.70;53.94;54.37;1698545
FR0000131906;14/05/19;54.20;54.68;52.31;53.11;2502972
FR0000131906;15/05/19;52.69;53.57;50.51;52.59;3426848
FR0000131906;16/05/19;52.57;52.63;51.25;52.00;1906081
FR0000131906;17/05/19;51.57;51.92;51.01;51.69;1708244
FR0000131906;20/05/19;51.80;52.02;50.22;50.64;1128689
FR0000131906;21/05/19;51.18;51.65;50.82;51.38;1285093
FR0000131906;22/05/19;51.45;51.63;50.43;50.95;966581
FR0000131906;23/05/19;50.50;50.94;49.855;49.97;1414975
FR0000131906;24/05/19;50.90;51.69;49.855;49.985;1155577
FR0000131906;27/05/19;58.10;58.33;55.62;56.03;6931360
FR0000131906;28/05/19;56.10;57.45;54.92;56.50;3932520
FR0000131906;29/05/19;55.71;57.35;55.33;56.85;2457747
FR0000131906;30/05/19;57.29;57.53;55.57;56.49;1431842
FR0000131906;31/05/19;54.42;54.89;53.39;53.92;3239721
FR0000133308;02/05/19;14.00;14.20;13.945;14.105;8923018
FR0000133308;03/05/19;14.08;14.10;13.89;13.93;5324420
FR0000133308;06/05/19;13.78;13.905;13.77;13.88;4018532
FR0000133308;07/05/19;13.905;14.085;13.88;13.91;6017747
FR0000133308;08/05/19;13.95;14.025;13.89;13.95;5312848
FR0000133308;09/05/19;13.90;14.01;13.835;13.885;5847714
FR0000133308;10/05/19;13.925;13.925;13.695;13.73;7276830
FR0000133308;13/05/19;13.70;13.725;13.415;13.52;8022848
FR0000133308;14/05/19;13.575;13.725;13.51;13.66;6929231
FR0000133308;15/05/19;13.655;13.68;13.555;13.65;5636277
FR0000133308;16/05/19;13.625;13.80;13.585;13.78;6119523
FR0000133308;17/05/19;13.715;13.835;13.70;13.825;7578812
FR0000133308;20/05/19;13.765;14.00;13.75;13.96;7378924
FR0000133308;21/05/19;13.975;14.05;13.865;13.885;5679974
FR0000133308;22/05/19;13.83;13.91;13.72;13.87;6227143
FR0000133308;23/05/19;13.76;13.865;13.695;13.78;5574420
FR0000133308;24/05/19;13.825;14.14;13.805;13.95;7325111
FR0000133308;27/05/19;13.985;14.115;13.965;14.02;2885835
FR0000133308;28/05/19;14.03;14.065;13.92;14.03;11084414
FR0000133308;29/05/19;13.92;13.99;13.83;13.935;6561033
FR0000133308;30/05/19;13.95;14.13;13.95;14.045;5011019
FR0000133308;31/05/19;13.985;14.065;13.965;14.04;7940094
FR0010208488;02/05/19;13.215;13.22;13.095;13.21;5190987
FR0010208488;03/05/19;13.20;13.30;13.135;13.255;4318791
FR0010208488;06/05/19;13.14;13.235;13.105;13.165;4025701
FR0010208488;07/05/19;13.205;13.315;13.15;13.155;6311649
FR0010208488;08/05/19;13.20;13.25;12.945;13.135;4710418
FR0010208488;09/05/19;13.07;13.175;12.965;12.995;7332315
FR0010208488;10/05/19;13.065;13.165;13.045;13.12;6550399
FR0010208488;13/05/19;13.25;13.325;13.11;13.195;6096274
FR0010208488;14/05/19;13.25;13.505;13.175;13.44;8888062
FR0010208488;15/05/19;13.46;13.63;13.395;13.61;8074047
FR0010208488;16/05/19;13.595;13.82;13.52;13.82;9058799
FR0010208488;17/05/19;13.77;13.815;13.54;13.58;7373613
FR0010208488;20/05/19;13.595;13.71;13.47;13.555;9483763
FR0010208488;21/05/19;13.00;13.05;12.785;12.835;9627690
FR0010208488;22/05/19;12.84;12.86;12.715;12.82;4790374
FR0010208488;23/05/19;12.71;12.775;12.535;12.55;5865358
FR0010208488;24/05/19;12.615;12.685;12.595;12.62;4784221
FR0010208488;27/05/19;12.66;12.75;12.645;12.75;2940516
FR0010208488;28/05/19;12.75;12.795;12.625;12.70;6044565
FR0010208488;29/05/19;12.60;12.605;12.51;12.52;5616463
FR0010208488;30/05/19;12.51;12.56;12.47;12.50;3404151
FR0010208488;31/05/19;12.43;12.47;12.31;12.45;6382356
FR0010307819;02/05/19;63.00;63.50;62.16;62.16;1684313
FR0010307819;03/05/19;62.14;62.80;62.00;62.38;786428
FR0010307819;06/05/19;61.90;61.90;60.96;61.36;689809
FR0010307819;07/05/19;61.22;61.96;61.16;61.40;722249
FR0010307819;08/05/19;61.34;61.96;60.94;61.02;750541
FR0010307819;09/05/19;60.58;60.60;60.00;60.00;589199
FR0010307819;10/05/19;60.36;60.86;60.10;60.10;373330
FR0010307819;13/05/19;60.26;60.26;59.26;59.48;487091
FR0010307819;14/05/19;59.70;60.76;59.52;60.60;576352
FR0010307819;15/05/19;60.68;61.04;60.26;60.90;454590
FR0010307819;16/05/19;60.68;61.70;60.60;61.70;373148
FR0010307819;17/05/19;61.52;61.66;61.14;61.62;518964
FR0010307819;20/05/19;61.34;61.52;60.66;60.82;699570
FR0010307819;21/05/19;61.20;61.82;61.14;61.52;485637
FR0010307819;22/05/19;61.72;62.16;61.40;62.10;670631
FR0010307819;23/05/19;61.68;61.82;61.10;61.18;571696
FR0010307819;24/05/19;61.32;61.84;61.32;61.44;416426
FR0010307819;27/05/19;61.70;61.88;61.28;61.58;249084
FR0010307819;28/05/19;61.60;62.16;61.36;61.96;588178
FR0010307819;29/05/19;61.56;61.64;60.42;60.64;646553
FR0010307819;30/05/19;61.06;61.06;60.60;60.98;492591
FR0010307819;31/05/19;60.44;60.84;59.86;60.14;926360
FR0013326246;02/05/19;152.10;154.70;152.10;153.80;383186
FR0013326246;03/05/19;153.30;153.45;150.70;150.90;283943
FR0013326246;06/05/19;150.00;151.35;148.75;151.25;306510
FR0013326246;07/05/19;151.85;152.45;149.55;149.55;356116
FR0013326246;08/05/19;149.55;149.55;147.55;148.15;283946
FR0013326246;09/05/19;147.50;147.80;145.05;146.60;418966
FR0013326246;10/05/19;145.00;146.85;144.00;145.75;447369
FR0013326246;13/05/19;145.75;145.75;142.00;143.10;457730
FR0013326246;14/05/19;143.40;144.95;142.90;144.25;396959
FR0013326246;15/05/19;143.80;144.40;142.45;143.25;399995
FR0013326246;16/05/19;142.00;144.25;141.75;144.00;480305
FR0013326246;17/05/19;144.00;144.70;141.20;142.10;558868
FR0013326246;20/05/19;142.75;143.20;140.45;141.35;429853
FR0013326246;21/05/19;142.25;142.50;140.30;141.30;445590
FR0013326246;22/05/19;140.80;141.50;138.75;139.50;355216
FR0013326246;23/05/19;139.45;139.50;135.55;135.60;519881
FR0013326246;24/05/19;136.65;138.70;135.90;138.40;444624
FR0013326246;27/05/19;139.55;140.00;138.05;138.90;163099
FR0013326246;28/05/19;139.65;139.90;136.55;137.95;587784
FR0013326246;29/05/19;137.45;138.05;135.90;136.35;403698
FR0013326246;30/05/19;136.35;136.55;134.50;134.95;272833
FR0013326246;31/05/19;133.75;135.35;132.85;135.35;509383
GB00BDSFG982;02/05/19;21.40;21.49;20.93;20.93;2247704
GB00BDSFG982;03/05/19;20.94;21.46;20.93;21.09;1395160
GB00BDSFG982;06/05/19;20.50;20.92;20.25;20.83;1239812
GB00BDSFG982;07/05/19;20.84;20.86;20.10;20.26;1592407
GB00BDSFG982;08/05/19;20.60;20.73;20.41;20.58;1017303
GB00BDSFG982;09/05/19;20.30;20.31;19.90;20.08;1033083
GB00BDSFG982;10/05/19;20.34;20.56;20.01;20.10;946523
GB00BDSFG982;13/05/19;20.22;20.28;19.805;19.84;1073940
GB00BDSFG982;14/05/19;19.78;20.31;19.73;20.31;1211178
GB00BDSFG982;15/05/19;20.25;20.27;19.745;20.22;1288191
GB00BDSFG982;16/05/19;20.18;20.67;20.14;20.67;832524
GB00BDSFG982;17/05/19;20.52;20.67;20.27;20.54;848290
GB00BDSFG982;20/05/19;20.16;20.68;19.96;20.42;2007647
GB00BDSFG982;21/05/19;20.65;21.14;20.62;21.14;1227387
GB00BDSFG982;22/05/19;21.05;21.31;20.54;20.57;1182117
GB00BDSFG982;23/05/19;20.34;20.34;19.495;19.65;1500631
GB00BDSFG982;24/05/19;19.695;20.04;19.465;19.565;1397784
GB00BDSFG982;27/05/19;19.62;19.725;19.525;19.725;463670
GB00BDSFG982;28/05/19;19.79;20.00;19.62;19.705;904147
GB00BDSFG982;29/05/19;19.57;19.59;19.00;19.335;1532134
GB00BDSFG982;30/05/19;19.655;19.83;19.23;19.29;1053375
GB00BDSFG982;31/05/19;18.97;19.04;18.60;18.80;1508605
LU1598757687;02/05/19;19.15;19.174;18.62;18.62;6291998
LU1598757687;03/05/19;18.582;18.952;18.518;18.816;4448595
LU1598757687;06/05/19;18.184;18.396;17.742;18.37;6777597
LU1598757687;07/05/19;18.32;18.334;17.646;17.808;5924276
LU1598757687;08/05/19;17.80;18.01;17.436;17.77;5662096
LU1598757687;09/05/19;17.10;17.25;16.57;16.688;8708271
LU1598757687;10/05/19;16.99;17.03;16.194;16.24;8663175
LU1598757687;13/05/19;16.24;16.26;15.35;15.40;8698796
LU1598757687;14/05/19;15.40;15.528;15.194;15.38;6770454
LU1598757687;15/05/19;15.49;15.60;14.74;15.30;10481076
LU1598757687;16/05/19;15.214;15.314;14.836;15.206;6811306
LU1598757687;17/05/19;15.00;15.136;14.498;14.622;8605946
LU1598757687;20/05/19;14.748;14.772;14.222;14.426;5429228
LU1598757687;21/05/19;14.55;14.952;14.498;14.952;6548347
LU1598757687;22/05/19;14.97;14.998;14.626;14.662;4260786
LU1598757687;23/05/19;14.40;14.46;13.948;14.01;7223874
LU1598757687;24/05/19;14.23;14.332;14.06;14.142;5395599
LU1598757687;27/05/19;14.30;14.478;14.15;14.244;2371905
LU1598757687;28/05/19;14.22;14.45;14.014;14.124;6168779
LU1598757687;29/05/19;13.16;13.672;13.10;13.536;9754372
LU1598757687;30/05/19;13.764;13.872;13.51;13.524;4934299
LU1598757687;31/05/19;13.25;13.336;13.128;13.26;5884577
NL0000226223;02/05/19;16.46;16.605;16.275;16.395;2337923
NL0000226223;03/05/19;16.385;16.46;16.29;16.425;1617709
NL0000226223;06/05/19;15.89;15.925;15.555;15.615;5281451
NL0000226223;07/05/19;15.70;15.84;15.265;15.335;4041880
NL0000226223;08/05/19;15.285;15.585;15.105;15.56;4323349
NL0000226223;09/05/19;15.255;15.255;14.66;14.78;3903342
NL0000226223;10/05/19;15.025;15.255;14.835;14.915;3591661
NL0000226223;13/05/19;14.80;14.845;13.99;14.17;5716610
NL0000226223;14/05/19;14.23;15.14;14.205;15.09;8050160
NL0000226223;15/05/19;15.505;15.695;14.845;15.635;5627358
NL0000226223;16/05/19;15.49;15.84;15.175;15.765;4385340
NL0000226223;17/05/19;15.68;15.765;15.385;15.585;3541566
NL0000226223;20/05/19;15.34;15.355;13.99;14.17;8129451
NL0000226223;21/05/19;14.27;14.795;14.15;14.76;4987101
NL0000226223;22/05/19;14.80;14.87;14.43;14.555;2678087
NL0000226223;23/05/19;14.27;14.33;13.695;13.73;4990479
NL0000226223;24/05/19;13.88;14.06;13.575;13.66;4185216
NL0000226223;27/05/19;13.795;13.93;13.56;13.705;1886995
NL0000226223;28/05/19;13.705;13.90;13.52;13.54;5031238
NL0000226223;29/05/19;13.40;13.715;13.13;13.495;4065910
NL0000226223;30/05/19;13.645;13.705;13.405;13.585;1887906
NL0000226223;31/05/19;13.39;13.705;13.21;13.695;3665658
NL0000235190;02/05/19;120.66;121.58;119.68;119.98;1602622
NL0000235190;03/05/19;119.24;120.70;119.18;119.56;919711
NL0000235190;06/05/19;117.02;119.84;115.06;119.70;943587
NL0000235190;07/05/19;119.72;120.10;117.06;117.54;1245034
NL0000235190;08/05/19;117.68;119.28;116.94;118.80;1135884
NL0000235190;09/05/19;117.64;118.32;116.38;116.80;1071567
NL0000235190;10/05/19;117.50;118.36;116.52;117.50;1146292
NL0000235190;13/05/19;117.04;117.24;114.82;115.52;1187754
NL0000235190;14/05/19;117.00;119.14;116.70;119.00;1080454
NL0000235190;15/05/19;119.06;120.88;118.08;120.88;1225273
NL0000235190;16/05/19;120.66;122.78;119.94;122.50;1171146
NL0000235190;17/05/19;122.46;122.82;120.50;121.00;1346495
NL0000235190;20/05/19;120.72;121.18;118.24;119.08;880698
NL0000235190;21/05/19;119.46;119.72;117.84;118.26;797150
NL0000235190;22/05/19;118.20;118.36;117.36;118.22;841620
NL0000235190;23/05/19;117.18;117.78;114.74;114.88;1292608
NL0000235190;24/05/19;115.58;117.50;115.46;116.54;941761
NL0000235190;27/05/19;117.78;118.00;116.50;116.84;314712
NL0000235190;28/05/19;116.98;117.54;115.68;116.32;1121118
NL0000235190;29/05/19;115.96;116.44;113.12;114.38;1460847
NL0000235190;30/05/19;114.60;115.44;114.48;115.24;527329
NL0000235190;31/05/19;113.60;114.88;112.60;114.86;1422449
