BE0003470755;01/06/17;116.50;117.45;116.05;117.25;262544
BE0003470755;02/06/17;117.50;119.00;117.35;118.05;213483
BE0003470755;05/06/17;118.00;118.30;116.65;116.95;131726
BE0003470755;06/06/17;116.95;116.95;116.10;116.45;147103
BE0003470755;07/06/17;116.30;117.70;115.45;116.70;251932
BE0003470755;08/06/17;116.55;117.75;116.20;117.50;274101
BE0003470755;09/06/17;117.65;119.75;117.65;119.60;325936
BE0003470755;12/06/17;119.35;120.00;118.90;119.85;260625
BE0003470755;13/06/17;120.00;122.50;119.70;121.70;469805
BE0003470755;14/06/17;122.00;122.70;121.30;121.30;327577
BE0003470755;15/06/17;121.00;121.35;119.95;120.90;312736
BE0003470755;16/06/17;120.80;122.05;119.90;121.15;737123
BE0003470755;19/06/17;121.45;123.20;121.15;122.85;238879
BE0003470755;20/06/17;123.05;123.65;121.35;121.35;229574
BE0003470755;21/06/17;121.00;121.55;119.90;121.00;158643
BE0003470755;22/06/17;120.80;120.90;119.75;120.15;196640
BE0003470755;23/06/17;119.85;120.05;118.85;119.80;156281
BE0003470755;26/06/17;120.00;121.75;119.95;120.70;214552
BE0003470755;27/06/17;120.75;120.90;118.80;119.00;251592
BE0003470755;28/06/17;118.75;119.10;117.80;119.10;231752
BE0003470755;29/06/17;119.60;119.70;117.50;118.25;305319
BE0003470755;30/06/17;117.95;118.85;117.45;117.50;183121
CH0012214059;01/06/17;53.56;53.97;53.22;53.30;247762
CH0012214059;02/06/17;53.80;53.80;52.75;52.83;331647
CH0012214059;05/06/17;52.95;52.95;52.45;52.74;172832
CH0012214059;06/06/17;52.72;52.94;51.85;52.07;326009
CH0012214059;07/06/17;51.73;52.03;51.57;51.71;258851
CH0012214059;08/06/17;51.49;52.02;51.27;51.77;318045
CH0012214059;09/06/17;52.00;52.83;51.91;52.57;290774
CH0012214059;12/06/17;52.10;52.80;52.02;52.40;271946
CH0012214059;13/06/17;52.35;52.64;52.19;52.30;225984
CH0012214059;14/06/17;52.35;52.67;51.71;51.71;356976
CH0012214059;15/06/17;51.69;51.86;50.86;51.23;404146
CH0012214059;16/06/17;51.72;52.00;51.28;51.79;428314
CH0012214059;19/06/17;52.42;52.42;51.80;51.80;284406
CH0012214059;20/06/17;52.26;52.26;51.23;51.23;292101
CH0012214059;21/06/17;51.21;51.40;50.90;51.35;274156
CH0012214059;22/06/17;51.28;51.29;50.90;51.13;240216
CH0012214059;23/06/17;50.99;51.76;50.99;51.56;327348
CH0012214059;26/06/17;51.65;52.07;51.54;51.58;233380
CH0012214059;27/06/17;51.59;52.02;51.49;51.81;316254
CH0012214059;28/06/17;51.41;51.63;50.65;51.49;251471
CH0012214059;29/06/17;51.40;51.54;49.92;50.28;502431
CH0012214059;30/06/17;50.42;50.93;50.07;50.27;272239
FR0000045072;01/06/17;13.61;13.715;13.415;13.71;6250019
FR0000045072;02/06/17;13.84;14.105;13.74;13.79;7428012
FR0000045072;05/06/17;13.83;13.87;13.605;13.715;3228908
FR0000045072;06/06/17;13.66;13.705;13.58;13.705;4305742
FR0000045072;07/06/17;13.875;14.075;13.72;13.975;7224102
FR0000045072;08/06/17;14.03;14.24;13.925;14.13;8177719
FR0000045072;09/06/17;14.15;14.365;14.075;14.25;5628466
FR0000045072;12/06/17;14.245;14.25;13.945;14.015;5644353
FR0000045072;13/06/17;14.07;14.225;14.015;14.11;4648147
FR0000045072;14/06/17;14.165;14.225;13.87;13.895;5973249
FR0000045072;15/06/17;13.905;13.935;13.635;13.885;9015031
FR0000045072;16/06/17;13.945;14.05;13.78;13.85;7920286
FR0000045072;19/06/17;14.00;14.165;13.98;14.06;5192652
FR0000045072;20/06/17;14.15;14.225;13.945;13.945;5359223
FR0000045072;21/06/17;13.895;13.965;13.57;13.925;6239296
FR0000045072;22/06/17;13.905;13.935;13.725;13.865;4862682
FR0000045072;23/06/17;13.84;13.935;13.735;13.835;3345071
FR0000045072;26/06/17;13.925;14.13;13.91;13.925;3694482
FR0000045072;27/06/17;13.92;14.12;13.795;14.095;5188322
FR0000045072;28/06/17;14.055;14.34;13.945;14.315;7768272
FR0000045072;29/06/17;14.45;14.585;14.23;14.305;9295285
FR0000045072;30/06/17;14.315;14.375;14.075;14.085;6253497
FR0000051732;01/06/17;127.80;129.80;126.90;129.80;289952
FR0000051732;02/06/17;130.00;131.10;129.70;130.60;257746
FR0000051732;05/06/17;130.80;130.85;130.30;130.45;142080
FR0000051732;06/06/17;130.35;130.55;129.15;130.25;216325
FR0000051732;07/06/17;129.95;132.05;129.35;131.70;299769
FR0000051732;08/06/17;131.55;132.50;131.15;131.15;312763
FR0000051732;09/06/17;131.30;132.15;129.80;130.75;292892
FR0000051732;12/06/17;129.00;129.00;124.65;124.80;450144
FR0000051732;13/06/17;125.25;126.80;125.15;126.30;265400
FR0000051732;14/06/17;127.30;128.50;126.95;126.95;345362
FR0000051732;15/06/17;126.70;126.75;124.60;125.35;299032
FR0000051732;16/06/17;125.75;126.80;125.45;126.15;442917
FR0000051732;19/06/17;128.30;128.65;127.65;128.25;244377
FR0000051732;20/06/17;128.90;130.10;128.10;128.30;244472
FR0000051732;21/06/17;128.00;128.80;127.00;128.75;205989
FR0000051732;22/06/17;129.05;129.05;127.55;127.75;250318
FR0000051732;23/06/17;127.80;128.30;127.10;127.40;198428
FR0000051732;26/06/17;128.05;128.55;127.55;128.00;176768
FR0000051732;27/06/17;127.75;127.95;125.65;125.90;246415
FR0000051732;28/06/17;125.00;125.85;123.80;125.80;290729
FR0000051732;29/06/17;126.40;126.55;121.05;121.05;320150
FR0000051732;30/06/17;121.45;123.60;120.35;122.90;398419
FR0000073272;01/06/17;79.21;80.49;79.03;79.91;1150069
FR0000073272;02/06/17;80.04;80.36;79.64;79.78;863569
FR0000073272;05/06/17;80.08;80.33;79.89;80.07;571203
FR0000073272;06/06/17;79.70;80.18;79.55;79.66;977134
FR0000073272;07/06/17;79.50;80.03;79.23;79.23;792671
FR0000073272;08/06/17;79.21;79.31;78.42;78.70;984583
FR0000073272;09/06/17;78.85;79.61;78.76;79.20;1018179
FR0000073272;12/06/17;79.18;79.26;77.93;78.06;779290
FR0000073272;13/06/17;78.02;78.52;77.80;78.29;751583
FR0000073272;14/06/17;78.20;79.20;78.02;78.02;691670
FR0000073272;15/06/17;78.03;78.11;76.96;77.86;1415629
FR0000073272;16/06/17;77.86;80.21;77.75;80.21;1722176
FR0000073272;19/06/17;79.87;81.05;79.72;80.83;1087036
FR0000073272;20/06/17;81.00;81.68;80.81;81.14;1070762
FR0000073272;21/06/17;80.73;81.53;80.05;81.48;1085848
FR0000073272;22/06/17;81.52;81.95;81.39;81.92;1092120
FR0000073272;23/06/17;81.85;82.15;81.48;81.82;783165
FR0000073272;26/06/17;81.90;82.79;81.90;82.01;805519
FR0000073272;27/06/17;81.62;81.73;80.82;81.37;934621
FR0000073272;28/06/17;81.14;81.41;80.12;80.91;835578
FR0000073272;29/06/17;81.08;81.17;79.30;79.84;1166805
FR0000073272;30/06/17;79.80;81.30;79.80;80.24;1418876
FR0000120073;01/06/17;98.8636;99.9545;98.8182;99.8636;771051
FR0000120073;02/06/17;100.50;101.3182;100.1818;101.00;791261
FR0000120073;05/06/17;100.9091;101.0455;100.1818;100.4091;357531
FR0000120073;06/06/17;99.9545;99.9545;99.3182;99.50;732855
FR0000120073;07/06/17;98.7273;99.9091;98.50;98.6818;817163
FR0000120073;08/06/17;98.8182;99.2273;98.2727;98.50;795978
FR0000120073;09/06/17;98.7727;100.1364;98.4091;99.8182;770885
FR0000120073;12/06/17;99.8182;99.9545;98.7727;99.2273;736467
FR0000120073;13/06/17;99.8182;100.9091;99.6818;100.1364;805907
FR0000120073;14/06/17;100.50;100.9091;98.7273;98.7273;1017276
FR0000120073;15/06/17;98.6364;98.7273;96.9545;97.6818;1142686
FR0000120073;16/06/17;100.4091;100.6818;99.00;99.8182;1777735
FR0000120073;19/06/17;100.6818;102.4091;100.4091;102.2727;1151340
FR0000120073;20/06/17;102.4545;103.50;102.4091;102.50;1143389
FR0000120073;21/06/17;102.0455;102.6818;101.4545;102.3636;1087067
FR0000120073;22/06/17;102.2727;102.5455;101.4091;101.7273;1065442
FR0000120073;23/06/17;101.3636;101.7727;100.7273;101.3636;608682
FR0000120073;26/06/17;101.8182;102.00;101.0455;101.3636;655405
FR0000120073;27/06/17;101.2727;101.5909;100.4545;100.9546;803773
FR0000120073;28/06/17;100.50;101.4091;99.6818;100.4091;938280
FR0000120073;29/06/17;100.6364;100.8182;98.2727;98.4091;1123302
FR0000120073;30/06/17;98.6364;99.5455;98.3636;98.3636;1146212
FR0000120172;01/06/17;23.155;23.315;23.11;23.245;1949890
FR0000120172;02/06/17;23.28;23.505;23.245;23.405;2394204
FR0000120172;05/06/17;23.435;23.59;23.27;23.335;1868337
FR0000120172;06/06/17;23.30;23.31;23.065;23.065;2267454
FR0000120172;07/06/17;22.90;23.525;22.87;23.17;4387223
FR0000120172;08/06/17;23.075;23.34;23.05;23.175;3083798
FR0000120172;09/06/17;23.18;23.60;23.135;23.135;3993280
FR0000120172;12/06/17;23.09;23.33;22.95;23.30;3035127
FR0000120172;13/06/17;23.30;23.465;23.225;23.295;2749685
FR0000120172;14/06/17;23.265;23.67;23.265;23.50;3050039
FR0000120172;15/06/17;23.50;23.54;23.215;23.295;2812192
FR0000120172;16/06/17;23.50;23.645;22.29;22.545;9509507
FR0000120172;19/06/17;22.815;22.855;22.465;22.59;3110147
FR0000120172;20/06/17;22.745;22.945;22.59;22.60;3741396
FR0000120172;21/06/17;21.90;22.095;21.555;21.86;3028016
FR0000120172;22/06/17;21.845;21.85;21.565;21.85;2222515
FR0000120172;23/06/17;21.815;22.075;21.74;22.01;2268593
FR0000120172;26/06/17;22.15;22.34;22.125;22.215;2203265
FR0000120172;27/06/17;22.175;22.42;22.10;22.26;2716458
FR0000120172;28/06/17;22.20;22.47;22.12;22.425;2685605
FR0000120172;29/06/17;22.58;22.675;22.065;22.08;2785928
FR0000120172;30/06/17;22.13;22.27;21.995;22.15;2305083
FR0000120271;01/06/17;47.525;47.74;47.05;47.175;4924927
FR0000120271;02/06/17;47.10;47.33;46.52;46.80;7311919
FR0000120271;05/06/17;46.50;46.60;45.76;45.815;4436142
FR0000120271;06/06/17;45.735;45.91;45.505;45.745;5892944
FR0000120271;07/06/17;46.14;46.19;45.28;45.325;6488960
FR0000120271;08/06/17;45.41;45.81;45.315;45.535;5988428
FR0000120271;09/06/17;45.56;45.81;45.32;45.695;5035859
FR0000120271;12/06/17;46.105;46.11;45.41;45.485;6502016
FR0000120271;13/06/17;45.895;45.90;45.325;45.47;5031319
FR0000120271;14/06/17;45.80;45.81;44.755;44.755;9026497
FR0000120271;15/06/17;44.70;44.70;44.155;44.49;9980171
FR0000120271;16/06/17;44.60;44.925;44.515;44.81;13408800
FR0000120271;19/06/17;45.18;45.405;45.10;45.15;3833811
FR0000120271;20/06/17;45.105;45.21;44.305;44.555;5835711
FR0000120271;21/06/17;44.405;44.86;43.965;44.40;5995445
FR0000120271;22/06/17;44.10;44.41;43.555;44.35;7054201
FR0000120271;23/06/17;44.23;44.38;43.875;44.11;4268658
FR0000120271;26/06/17;44.26;44.56;43.94;44.105;4156979
FR0000120271;27/06/17;44.00;44.50;43.695;44.40;5881122
FR0000120271;28/06/17;44.20;44.46;43.875;44.435;6002922
FR0000120271;29/06/17;44.58;44.665;43.705;43.90;7529877
FR0000120271;30/06/17;43.755;43.95;43.145;43.285;6890591
FR0000120321;01/06/17;190.55;192.05;190.40;190.95;533897
FR0000120321;02/06/17;192.40;193.35;191.45;192.90;572037
FR0000120321;05/06/17;192.45;192.95;191.00;191.20;278242
FR0000120321;06/06/17;190.85;192.30;190.25;191.25;523811
FR0000120321;07/06/17;190.45;192.75;189.30;190.25;563255
FR0000120321;08/06/17;190.15;191.05;188.20;188.30;592160
FR0000120321;09/06/17;189.00;191.30;188.60;190.05;525672
FR0000120321;12/06/17;189.40;189.60;187.20;187.50;724256
FR0000120321;13/06/17;188.15;188.15;186.85;187.35;479715
FR0000120321;14/06/17;188.05;189.70;187.60;188.10;513222
FR0000120321;15/06/17;187.55;188.50;186.60;188.30;788853
FR0000120321;16/06/17;188.80;191.00;188.75;191.00;1145316
FR0000120321;19/06/17;192.25;193.10;190.90;190.90;452092
FR0000120321;20/06/17;191.65;192.90;191.25;191.25;460963
FR0000120321;21/06/17;191.05;191.05;188.35;190.00;549201
FR0000120321;22/06/17;189.80;190.00;188.65;189.60;472378
FR0000120321;23/06/17;189.10;189.35;187.45;188.10;349491
FR0000120321;26/06/17;192.00;197.15;192.00;195.35;1152037
FR0000120321;27/06/17;194.95;194.95;191.20;191.20;633717
FR0000120321;28/06/17;190.95;192.05;189.40;190.20;601818
FR0000120321;29/06/17;190.80;191.00;183.05;183.45;809420
FR0000120321;30/06/17;184.45;184.95;182.20;182.40;836029
FR0000120404;01/06/17;42.40;43.03;42.37;42.89;1055187
FR0000120404;02/06/17;43.10;43.60;43.015;43.35;1107070
FR0000120404;05/06/17;43.30;43.355;42.755;42.85;546689
FR0000120404;06/06/17;42.805;42.81;41.91;42.095;830481
FR0000120404;07/06/17;42.07;42.27;41.64;41.82;674628
FR0000120404;08/06/17;41.90;42.07;41.485;41.665;597394
FR0000120404;09/06/17;41.705;41.855;41.37;41.56;671129
FR0000120404;12/06/17;41.495;41.66;41.05;41.145;638878
FR0000120404;13/06/17;41.235;42.035;41.235;41.87;770493
FR0000120404;14/06/17;42.005;42.42;41.995;42.00;794929
FR0000120404;15/06/17;42.035;42.045;41.21;41.54;964398
FR0000120404;16/06/17;41.70;42.08;41.475;41.55;1281707
FR0000120404;19/06/17;41.885;42.175;41.69;41.855;845164
FR0000120404;20/06/17;42.00;42.225;41.42;41.45;1065849
FR0000120404;21/06/17;41.33;41.635;40.90;41.50;794200
FR0000120404;22/06/17;41.435;41.68;41.28;41.56;736698
FR0000120404;23/06/17;41.405;41.545;41.125;41.36;760301
FR0000120404;26/06/17;41.485;42.38;41.375;42.205;1045198
FR0000120404;27/06/17;42.055;42.185;41.585;41.655;1124007
FR0000120404;28/06/17;41.515;41.685;41.185;41.33;958310
FR0000120404;29/06/17;41.485;41.635;41.005;41.275;1292249
FR0000120404;30/06/17;41.275;41.765;41.015;41.045;1365806
FR0000120503;01/06/17;38.00;38.37;37.93;38.075;672474
FR0000120503;02/06/17;38.24;38.59;38.135;38.38;763407
FR0000120503;05/06/17;38.13;38.33;38.08;38.23;380071
FR0000120503;06/06/17;38.285;38.745;38.06;38.195;943352
FR0000120503;07/06/17;38.105;38.375;37.765;37.765;810075
FR0000120503;08/06/17;37.85;38.075;37.56;38.075;713283
FR0000120503;09/06/17;38.13;38.335;37.875;38.335;502592
FR0000120503;12/06/17;38.295;38.295;37.815;38.07;758240
FR0000120503;13/06/17;38.15;38.42;38.015;38.265;689976
FR0000120503;14/06/17;38.475;38.625;38.28;38.345;961642
FR0000120503;15/06/17;38.31;38.345;37.79;38.195;890286
FR0000120503;16/06/17;38.365;38.95;38.36;38.85;2015361
FR0000120503;19/06/17;38.79;39.565;38.75;39.50;1883380
FR0000120503;20/06/17;39.44;39.70;39.43;39.475;693842
FR0000120503;21/06/17;39.455;39.455;38.945;39.43;554553
FR0000120503;22/06/17;39.36;39.38;38.815;38.895;682187
FR0000120503;23/06/17;39.025;39.185;38.725;39.075;518065
FR0000120503;26/06/17;39.045;39.47;39.00;39.21;546165
FR0000120503;27/06/17;39.015;39.05;38.52;38.54;779543
FR0000120503;28/06/17;38.39;38.56;38.08;38.425;777638
FR0000120503;29/06/17;38.545;38.60;36.91;36.96;1828362
FR0000120503;30/06/17;37.00;37.26;36.825;36.92;1175615
FR0000120578;01/06/17;87.50;88.68;87.41;87.88;1955471
FR0000120578;02/06/17;88.31;89.19;88.21;88.87;2057016
FR0000120578;05/06/17;88.42;89.13;88.42;88.69;1341906
FR0000120578;06/06/17;88.07;88.77;87.83;87.83;2108232
FR0000120578;07/06/17;87.29;87.88;86.08;86.08;3169237
FR0000120578;08/06/17;85.63;86.67;84.01;85.98;2393064
FR0000120578;09/06/17;85.93;86.78;85.36;86.14;2037755
FR0000120578;12/06/17;86.12;86.41;84.67;84.85;2418318
FR0000120578;13/06/17;85.00;85.62;84.84;85.34;1929468
FR0000120578;14/06/17;85.34;86.10;84.86;84.86;2139529
FR0000120578;15/06/17;84.73;85.66;83.93;85.48;3402960
FR0000120578;16/06/17;86.03;86.55;84.79;85.06;9020472
FR0000120578;19/06/17;85.55;87.24;85.30;86.70;2303616
FR0000120578;20/06/17;87.12;87.75;86.82;86.82;1883933
FR0000120578;21/06/17;86.69;86.80;85.78;86.56;2182716
FR0000120578;22/06/17;87.00;88.97;86.69;88.65;2814602
FR0000120578;23/06/17;88.34;88.88;87.87;87.87;2401275
FR0000120578;26/06/17;88.17;89.06;87.95;88.70;1857317
FR0000120578;27/06/17;88.68;88.73;87.33;87.63;2012519
FR0000120578;28/06/17;87.14;87.32;86.16;86.70;2489086
FR0000120578;29/06/17;86.80;86.81;84.31;84.54;2940094
FR0000120578;30/06/17;84.36;85.37;83.75;83.76;3326999
FR0000120628;01/06/17;23.725;23.935;23.705;23.845;5799340
FR0000120628;02/06/17;24.07;24.285;23.85;23.885;6638319
FR0000120628;05/06/17;23.845;23.91;23.705;23.845;3416402
FR0000120628;06/06/17;23.775;23.775;23.46;23.585;8170792
FR0000120628;07/06/17;23.60;23.95;23.525;23.525;6315849
FR0000120628;08/06/17;23.595;23.87;23.57;23.755;6031007
FR0000120628;09/06/17;23.835;24.16;23.775;24.025;5601178
FR0000120628;12/06/17;24.00;24.185;23.85;24.07;6048308
FR0000120628;13/06/17;24.06;24.27;24.04;24.10;5999792
FR0000120628;14/06/17;24.21;24.41;23.995;24.045;8800608
FR0000120628;15/06/17;23.97;24.04;23.585;23.925;10240735
FR0000120628;16/06/17;24.025;24.275;23.965;24.225;11318357
FR0000120628;19/06/17;24.40;24.54;24.295;24.295;5624406
FR0000120628;20/06/17;24.36;24.44;24.23;24.27;4950524
FR0000120628;21/06/17;24.23;24.23;23.60;24.045;9413373
FR0000120628;22/06/17;23.985;24.06;23.63;24.02;6458168
FR0000120628;23/06/17;23.995;24.055;23.675;23.92;5625539
FR0000120628;26/06/17;24.02;24.28;23.97;23.99;4877969
FR0000120628;27/06/17;23.96;24.005;23.75;23.885;5670542
FR0000120628;28/06/17;23.855;24.265;23.74;24.17;8203144
FR0000120628;29/06/17;24.325;24.54;24.075;24.165;8660636
FR0000120628;30/06/17;24.23;24.36;23.905;23.95;7503156
FR0000120644;01/06/17;66.25;67.24;66.20;66.87;1412234
FR0000120644;02/06/17;67.39;67.53;67.13;67.32;1183628
FR0000120644;05/06/17;67.13;67.43;67.10;67.14;702670
FR0000120644;06/06/17;66.81;67.18;66.54;66.80;1279022
FR0000120644;07/06/17;66.58;67.80;66.41;67.23;1700079
FR0000120644;08/06/17;66.83;67.30;66.49;66.64;1658669
FR0000120644;09/06/17;66.70;67.54;66.47;66.91;1394358
FR0000120644;12/06/17;66.65;66.79;65.98;66.31;1455229
FR0000120644;13/06/17;66.50;66.70;66.17;66.70;1459551
FR0000120644;14/06/17;66.59;67.56;66.52;66.60;1697310
FR0000120644;15/06/17;66.47;66.83;66.18;66.69;1688036
FR0000120644;16/06/17;66.84;67.75;66.83;67.43;2761887
FR0000120644;19/06/17;67.80;68.56;67.57;67.57;2005619
FR0000120644;20/06/17;67.95;69.36;67.75;68.54;2012825
FR0000120644;21/06/17;68.35;68.35;67.53;68.31;1874620
FR0000120644;22/06/17;68.33;68.41;67.57;67.65;1602268
FR0000120644;23/06/17;67.41;67.54;66.67;67.48;1411167
FR0000120644;26/06/17;68.08;69.52;68.08;69.44;3134850
FR0000120644;27/06/17;69.45;69.45;67.93;67.93;2201505
FR0000120644;28/06/17;67.93;68.53;67.35;67.59;2001084
FR0000120644;29/06/17;67.82;67.97;66.32;66.38;2544311
FR0000120644;30/06/17;66.28;67.08;65.81;65.81;2282862
FR0000120693;01/06/17;121.10;121.75;120.80;121.75;339473
FR0000120693;02/06/17;121.80;122.50;121.65;122.50;352899
FR0000120693;05/06/17;122.50;122.80;121.95;122.05;199875
FR0000120693;06/06/17;121.65;122.55;121.55;122.20;276390
FR0000120693;07/06/17;122.00;122.85;121.75;121.95;268535
FR0000120693;08/06/17;122.65;122.90;120.30;120.45;293727
FR0000120693;09/06/17;120.25;122.15;120.25;121.00;317053
FR0000120693;12/06/17;120.45;120.55;119.55;120.50;433616
FR0000120693;13/06/17;120.50;120.65;119.55;120.20;341952
FR0000120693;14/06/17;120.40;122.60;120.35;121.35;388675
FR0000120693;15/06/17;121.40;121.40;119.70;120.80;333924
FR0000120693;16/06/17;121.20;123.15;121.10;123.15;599384
FR0000120693;19/06/17;123.75;124.15;123.25;124.00;300747
FR0000120693;20/06/17;123.70;124.45;123.70;123.75;296635
FR0000120693;21/06/17;123.25;123.25;122.10;123.20;370347
FR0000120693;22/06/17;122.85;122.95;122.00;122.40;261333
FR0000120693;23/06/17;121.90;122.35;121.60;121.80;238201
FR0000120693;26/06/17;122.75;123.90;122.60;123.15;244353
FR0000120693;27/06/17;122.95;123.15;121.40;121.40;406680
FR0000120693;28/06/17;121.20;121.20;119.55;120.20;454763
FR0000120693;29/06/17;120.50;120.55;116.95;117.60;512344
FR0000120693;30/06/17;117.65;118.45;117.15;117.25;451399
FR0000121014;01/06/17;227.50;229.80;227.40;229.00;472365
FR0000121014;02/06/17;231.30;232.85;230.50;231.45;470563
FR0000121014;05/06/17;231.80;231.90;230.00;230.25;231064
FR0000121014;06/06/17;229.35;230.50;226.25;226.25;624276
FR0000121014;07/06/17;226.70;231.15;225.90;228.05;626273
FR0000121014;08/06/17;228.25;228.85;226.30;227.00;491434
FR0000121014;09/06/17;227.85;229.95;226.50;227.90;517315
FR0000121014;12/06/17;227.30;227.45;224.10;224.10;534167
FR0000121014;13/06/17;224.90;228.30;224.40;227.65;572286
FR0000121014;14/06/17;228.45;230.95;227.45;227.90;578469
FR0000121014;15/06/17;228.30;228.60;224.85;226.40;769548
FR0000121014;16/06/17;228.00;230.70;227.30;230.70;1050333
FR0000121014;19/06/17;232.75;233.65;231.45;232.80;557652
FR0000121014;20/06/17;234.45;235.10;232.30;232.40;542161
FR0000121014;21/06/17;230.30;231.90;228.25;231.90;807593
FR0000121014;22/06/17;231.50;232.20;230.50;231.85;539043
FR0000121014;23/06/17;231.65;232.65;230.30;231.65;474916
FR0000121014;26/06/17;232.85;234.40;230.85;230.85;574082
FR0000121014;27/06/17;231.20;231.65;228.20;229.80;697189
FR0000121014;28/06/17;228.30;229.40;226.30;226.65;727781
FR0000121014;29/06/17;226.65;226.65;217.90;218.25;1195245
FR0000121014;30/06/17;219.10;223.15;218.25;218.30;897273
FR0000121220;01/06/17;121.40;122.80;121.40;122.15;211402
FR0000121220;02/06/17;122.70;123.60;122.45;123.25;166825
FR0000121220;05/06/17;123.35;123.45;122.65;122.75;131524
FR0000121220;06/06/17;122.50;122.65;121.60;121.85;143705
FR0000121220;07/06/17;121.55;121.85;120.80;121.15;227835
FR0000121220;08/06/17;121.20;121.65;120.80;121.05;172763
FR0000121220;09/06/17;121.35;121.90;120.05;120.45;217122
FR0000121220;12/06/17;120.00;120.25;118.30;118.70;174800
FR0000121220;13/06/17;118.70;120.20;118.70;119.45;165520
FR0000121220;14/06/17;119.85;120.65;119.75;120.05;168110
FR0000121220;15/06/17;119.85;119.85;117.90;119.45;240123
FR0000121220;16/06/17;119.90;120.75;119.55;120.60;286257
FR0000121220;19/06/17;121.20;121.50;120.45;120.60;163068
FR0000121220;20/06/17;120.80;121.55;120.50;120.50;159196
FR0000121220;21/06/17;119.75;119.75;116.80;118.55;431380
FR0000121220;22/06/17;118.40;118.45;117.00;117.20;199066
FR0000121220;23/06/17;117.00;117.75;116.90;117.15;171507
FR0000121220;26/06/17;117.60;118.65;117.45;117.95;152454
FR0000121220;27/06/17;117.45;117.50;116.25;116.90;183107
FR0000121220;28/06/17;116.55;117.05;115.65;115.85;217291
FR0000121220;29/06/17;116.25;116.50;113.35;113.85;202934
FR0000121220;30/06/17;113.75;115.20;113.20;113.20;258652
FR0000121261;01/06/17;112.00;114.30;111.90;114.20;613259
FR0000121261;02/06/17;114.80;116.75;114.20;116.55;661905
FR0000121261;05/06/17;116.05;116.20;114.95;115.05;347597
FR0000121261;06/06/17;115.50;115.75;114.55;115.75;567786
FR0000121261;07/06/17;115.50;117.60;115.05;116.15;465395
FR0000121261;08/06/17;116.00;116.80;115.45;116.00;495089
FR0000121261;09/06/17;116.30;118.35;115.85;118.00;525562
FR0000121261;12/06/17;117.45;119.60;117.25;118.30;747037
FR0000121261;13/06/17;118.60;119.05;118.20;118.35;311378
FR0000121261;14/06/17;119.00;121.85;119.00;120.50;1074766
FR0000121261;15/06/17;120.15;120.30;118.20;119.60;731409
FR0000121261;16/06/17;120.05;121.20;119.55;120.90;1056854
FR0000121261;19/06/17;121.95;122.90;120.50;120.90;509931
FR0000121261;20/06/17;121.30;121.30;119.15;119.40;507908
FR0000121261;21/06/17;119.10;120.15;118.15;119.70;448424
FR0000121261;22/06/17;119.50;120.35;118.45;120.25;348980
FR0000121261;23/06/17;120.05;120.75;118.55;119.15;346290
FR0000121261;26/06/17;119.75;121.65;119.70;120.90;488439
FR0000121261;27/06/17;119.50;120.15;118.50;119.35;620959
FR0000121261;28/06/17;118.65;120.20;117.65;119.40;429525
FR0000121261;29/06/17;119.80;120.00;116.15;117.25;533484
FR0000121261;30/06/17;117.30;118.25;116.40;116.40;568621
FR0000121485;01/06/17;294.05;297.30;293.75;296.75;141540
FR0000121485;02/06/17;298.95;303.75;298.65;299.85;249960
FR0000121485;05/06/17;299.85;300.10;298.00;298.70;77548
FR0000121485;06/06/17;298.70;300.60;295.70;295.85;255582
FR0000121485;07/06/17;295.45;300.40;293.80;298.90;216679
FR0000121485;08/06/17;299.00;299.80;294.05;294.90;285526
FR0000121485;09/06/17;295.05;297.55;294.00;295.70;170841
FR0000121485;12/06/17;295.10;295.20;289.75;290.90;220998
FR0000121485;13/06/17;290.90;300.00;289.65;297.90;255118
FR0000121485;14/06/17;299.50;303.60;299.45;300.05;268852
FR0000121485;15/06/17;300.15;300.40;293.15;294.65;284998
FR0000121485;16/06/17;296.15;299.50;295.95;299.45;294838
FR0000121485;19/06/17;302.65;305.40;302.05;304.45;165097
FR0000121485;20/06/17;306.00;311.00;305.60;307.90;226738
FR0000121485;21/06/17;307.10;307.60;302.80;307.15;169170
FR0000121485;22/06/17;306.60;307.75;305.35;306.85;126423
FR0000121485;23/06/17;306.25;308.15;305.05;307.35;144234
FR0000121485;26/06/17;308.85;313.05;308.80;308.80;234357
FR0000121485;27/06/17;309.85;310.30;306.60;309.10;196647
FR0000121485;28/06/17;308.00;308.25;305.50;305.85;201203
FR0000121485;29/06/17;306.80;307.45;297.95;299.30;315485
FR0000121485;30/06/17;299.65;304.75;298.10;298.20;209482
FR0000121501;01/06/17;17.69;17.92;17.58;17.855;2850787
FR0000121501;02/06/17;18.01;18.245;17.84;17.91;3547757
FR0000121501;05/06/17;17.905;18.00;17.635;17.89;1968818
FR0000121501;06/06/17;17.89;17.89;17.51;17.585;2262003
FR0000121501;07/06/17;17.615;17.98;17.515;17.77;2583894
FR0000121501;08/06/17;17.81;17.87;17.58;17.785;2830857
FR0000121501;09/06/17;17.87;18.025;17.715;17.99;2002138
FR0000121501;12/06/17;17.945;18.315;17.84;18.15;3682774
FR0000121501;13/06/17;18.20;18.43;18.00;18.16;2408188
FR0000121501;14/06/17;18.185;18.215;17.74;17.755;2780429
FR0000121501;15/06/17;17.75;17.79;17.415;17.665;3036219
FR0000121501;16/06/17;17.87;18.07;17.82;18.03;4170567
FR0000121501;19/06/17;18.17;18.395;18.095;18.105;2478765
FR0000121501;20/06/17;18.25;18.26;17.975;18.005;2689838
FR0000121501;21/06/17;17.93;18.17;17.705;18.17;1775999
FR0000121501;22/06/17;18.125;18.43;18.00;18.42;2223865
FR0000121501;23/06/17;18.38;18.435;18.115;18.165;2300988
FR0000121501;26/06/17;18.23;18.445;17.955;18.065;2472712
FR0000121501;27/06/17;17.945;17.945;17.545;17.81;3723950
FR0000121501;28/06/17;17.72;17.945;17.61;17.77;2590207
FR0000121501;29/06/17;17.88;17.88;17.265;17.50;3120274
FR0000121501;30/06/17;17.50;17.72;17.365;17.465;3228287
FR0000121667;01/06/17;118.65;119.30;117.50;118.70;482332
FR0000121667;02/06/17;119.70;119.95;118.60;119.20;360966
FR0000121667;05/06/17;119.50;119.50;118.50;118.70;238497
FR0000121667;06/06/17;117.95;118.50;117.20;118.15;515888
FR0000121667;07/06/17;118.25;119.00;117.50;117.65;415208
FR0000121667;08/06/17;117.95;118.20;117.05;117.50;425443
FR0000121667;09/06/17;118.25;118.80;117.65;118.25;349800
FR0000121667;12/06/17;118.35;118.55;116.60;116.80;402047
FR0000121667;13/06/17;117.60;120.20;117.30;119.85;845326
FR0000121667;14/06/17;120.00;121.40;119.95;120.05;600346
FR0000121667;15/06/17;120.55;120.55;118.40;119.65;644226
FR0000121667;16/06/17;120.00;120.80;119.65;120.75;1043027
FR0000121667;19/06/17;121.75;122.15;120.70;120.70;542707
FR0000121667;20/06/17;121.10;121.15;120.05;120.05;398045
FR0000121667;21/06/17;119.80;119.80;117.45;118.60;633941
FR0000121667;22/06/17;119.00;119.05;117.95;118.95;370546
FR0000121667;23/06/17;118.50;119.10;117.75;118.25;361363
FR0000121667;26/06/17;118.60;119.25;118.25;118.45;409270
FR0000121667;27/06/17;118.15;118.15;116.30;116.45;459022
FR0000121667;28/06/17;115.50;115.55;113.65;114.30;942202
FR0000121667;29/06/17;114.30;114.45;110.90;111.85;736682
FR0000121667;30/06/17;112.10;113.20;111.30;111.40;632685
FR0000121972;01/06/17;68.85;69.25;68.60;68.86;972710
FR0000121972;02/06/17;69.40;69.83;69.00;69.62;1040435
FR0000121972;05/06/17;69.50;69.61;68.36;68.43;844100
FR0000121972;06/06/17;68.03;68.76;67.70;67.77;1352178
FR0000121972;07/06/17;67.61;68.70;67.41;68.14;1273846
FR0000121972;08/06/17;68.19;68.47;67.60;68.23;844650
FR0000121972;09/06/17;68.44;69.24;68.26;68.92;957769
FR0000121972;12/06/17;68.74;69.00;67.32;67.44;1205159
FR0000121972;13/06/17;67.59;68.27;67.39;67.55;1298217
FR0000121972;14/06/17;67.76;68.78;66.92;66.92;1445038
FR0000121972;15/06/17;66.66;66.95;65.89;66.80;2044269
FR0000121972;16/06/17;67.21;67.67;66.65;67.55;4419748
FR0000121972;19/06/17;68.90;69.39;68.60;69.20;1447555
FR0000121972;20/06/17;69.32;69.47;68.85;68.87;1159796
FR0000121972;21/06/17;68.73;69.03;68.07;68.98;1195228
FR0000121972;22/06/17;69.00;70.82;68.63;70.46;1952587
FR0000121972;23/06/17;70.36;70.70;69.93;70.16;1400917
FR0000121972;26/06/17;70.50;70.71;69.95;70.07;1168698
FR0000121972;27/06/17;70.00;70.14;69.04;69.17;1222440
FR0000121972;28/06/17;68.94;69.48;68.29;69.00;1179754
FR0000121972;29/06/17;69.04;69.31;67.42;67.77;1467498
FR0000121972;30/06/17;67.68;68.38;67.15;67.27;1621550
FR0000124141;01/06/17;19.615;19.845;19.585;19.70;2155299
FR0000124141;02/06/17;19.795;19.86;19.15;19.365;4492455
FR0000124141;05/06/17;19.34;19.51;19.325;19.485;1351347
FR0000124141;06/06/17;19.46;19.685;19.345;19.635;1727222
FR0000124141;07/06/17;19.515;19.725;19.25;19.295;3384744
FR0000124141;08/06/17;19.335;19.54;19.23;19.33;2917318
FR0000124141;09/06/17;19.385;19.51;19.215;19.265;1858794
FR0000124141;12/06/17;19.23;19.27;18.915;19.07;1824015
FR0000124141;13/06/17;19.13;19.215;19.07;19.135;1306369
FR0000124141;14/06/17;19.19;19.645;19.19;19.51;2667960
FR0000124141;15/06/17;19.45;19.49;19.16;19.45;2864411
FR0000124141;16/06/17;19.55;19.76;19.18;19.24;4441783
FR0000124141;19/06/17;19.40;19.43;19.06;19.06;2133252
FR0000124141;20/06/17;19.115;19.25;19.01;19.035;1873067
FR0000124141;21/06/17;19.00;19.105;18.94;19.075;1924922
FR0000124141;22/06/17;19.02;19.075;18.79;19.075;2411930
FR0000124141;23/06/17;18.99;19.095;18.915;19.095;1292516
FR0000124141;26/06/17;19.13;19.465;19.11;19.355;2238414
FR0000124141;27/06/17;19.32;19.325;18.91;18.945;2566929
FR0000124141;28/06/17;18.915;19.175;18.66;18.955;2891851
FR0000124141;29/06/17;18.995;19.015;18.48;18.585;2472306
FR0000124141;30/06/17;18.55;18.85;18.45;18.50;2313548
FR0000124711;01/06/17;229.80;232.60;229.45;231.90;272018
FR0000124711;02/06/17;235.10;237.00;234.70;236.15;428393
FR0000124711;05/06/17;236.00;236.45;231.00;232.25;230909
FR0000124711;06/06/17;231.25;233.50;229.80;233.30;355868
FR0000124711;07/06/17;233.50;235.35;232.35;233.80;296920
FR0000124711;08/06/17;234.50;234.50;231.95;232.25;277102
FR0000124711;09/06/17;232.95;234.00;231.10;233.55;233669
FR0000124711;12/06/17;232.55;232.85;230.70;231.55;235349
FR0000124711;13/06/17;232.25;233.45;231.70;233.05;241079
FR0000124711;14/06/17;233.20;234.90;233.00;233.45;296511
FR0000124711;15/06/17;232.40;232.75;228.95;231.05;384824
FR0000124711;16/06/17;231.60;232.80;230.50;232.00;739125
FR0000124711;19/06/17;232.50;233.35;231.65;232.80;235371
FR0000124711;20/06/17;234.25;234.25;232.15;232.40;354608
FR0000124711;21/06/17;232.55;233.45;230.40;231.80;269809
FR0000124711;22/06/17;231.35;231.35;229.25;230.75;308498
FR0000124711;23/06/17;230.25;232.95;229.95;232.85;226373
FR0000124711;26/06/17;233.55;234.10;232.45;232.45;279402
FR0000124711;27/06/17;232.00;232.35;229.00;229.75;298012
FR0000124711;28/06/17;227.00;229.50;225.10;225.35;452195
FR0000124711;29/06/17;225.60;226.10;221.10;222.50;470771
FR0000124711;30/06/17;222.55;223.20;220.50;220.65;408379
FR0000125007;01/06/17;50.01;50.74;49.90;50.47;1606198
FR0000125007;02/06/17;50.10;50.40;49.83;50.00;3181928
FR0000125007;05/06/17;50.20;50.20;49.835;50.02;1111329
FR0000125007;06/06/17;49.80;49.895;49.05;49.24;2106265
FR0000125007;07/06/17;49.295;49.485;49.09;49.215;1982172
FR0000125007;08/06/17;49.26;49.43;48.88;49.27;2034768
FR0000125007;09/06/17;49.40;50.18;49.28;49.97;2379626
FR0000125007;12/06/17;48.78;48.905;48.41;48.665;2775943
FR0000125007;13/06/17;48.81;49.245;48.625;48.935;1948712
FR0000125007;14/06/17;49.095;49.745;48.84;48.85;1829155
FR0000125007;15/06/17;48.80;48.855;47.74;47.98;2679019
FR0000125007;16/06/17;48.00;48.575;47.97;48.14;3116460
FR0000125007;19/06/17;48.635;49.06;48.59;48.665;1332253
FR0000125007;20/06/17;48.91;48.91;48.30;48.34;1447522
FR0000125007;21/06/17;48.20;48.455;47.80;48.365;1622921
FR0000125007;22/06/17;48.185;48.285;47.805;48.17;1590281
FR0000125007;23/06/17;48.08;48.265;47.84;48.205;1568272
FR0000125007;26/06/17;48.49;48.545;48.07;48.07;1617685
FR0000125007;27/06/17;47.905;47.905;47.035;47.56;2786567
FR0000125007;28/06/17;47.335;47.82;46.785;47.52;2302104
FR0000125007;29/06/17;47.68;47.855;46.40;46.70;2560758
FR0000125007;30/06/17;46.63;47.775;46.535;46.78;2529635
FR0000125338;01/06/17;92.27;94.34;92.21;93.46;622741
FR0000125338;02/06/17;94.30;94.33;93.73;93.86;431800
FR0000125338;05/06/17;93.98;93.98;92.66;92.94;250333
FR0000125338;06/06/17;92.80;92.80;91.94;92.32;332001
FR0000125338;07/06/17;92.13;93.75;91.57;92.97;429754
FR0000125338;08/06/17;93.00;93.42;92.59;93.23;367716
FR0000125338;09/06/17;93.59;94.21;92.64;92.93;370751
FR0000125338;12/06/17;92.02;92.10;90.48;91.22;680333
FR0000125338;13/06/17;91.10;92.74;90.89;92.24;588794
FR0000125338;14/06/17;92.55;93.45;92.34;92.34;582762
FR0000125338;15/06/17;92.30;92.30;89.67;90.64;815014
FR0000125338;16/06/17;90.64;92.00;90.64;92.00;812001
FR0000125338;19/06/17;92.62;93.13;92.06;92.11;367711
FR0000125338;20/06/17;92.52;94.35;92.45;92.72;649232
FR0000125338;21/06/17;92.63;92.63;91.39;92.39;689257
FR0000125338;22/06/17;92.74;93.82;92.21;93.11;617563
FR0000125338;23/06/17;93.27;94.50;93.18;93.63;606831
FR0000125338;26/06/17;94.39;95.09;93.91;94.15;420428
FR0000125338;27/06/17;94.16;94.22;92.66;93.01;470504
FR0000125338;28/06/17;92.40;92.46;90.83;91.80;699943
FR0000125338;29/06/17;92.02;92.30;89.51;89.77;850346
FR0000125338;30/06/17;89.81;91.08;89.32;90.48;713483
FR0000125486;01/06/17;78.02;78.32;77.37;77.56;1149434
FR0000125486;02/06/17;78.00;78.30;77.60;78.09;969193
FR0000125486;05/06/17;78.01;78.26;77.55;77.80;612051
FR0000125486;06/06/17;77.28;77.44;76.69;76.77;1197832
FR0000125486;07/06/17;76.59;77.26;76.43;76.70;1082112
FR0000125486;08/06/17;76.79;77.23;76.53;77.06;884957
FR0000125486;09/06/17;77.21;78.15;77.17;78.01;1223473
FR0000125486;12/06/17;77.69;77.98;77.44;77.60;1340139
FR0000125486;13/06/17;77.85;77.90;77.45;77.69;1071330
FR0000125486;14/06/17;77.78;79.41;77.78;78.55;1556474
FR0000125486;15/06/17;78.23;78.49;77.46;78.46;1651811
FR0000125486;16/06/17;78.56;79.59;78.50;79.59;2637799
FR0000125486;19/06/17;79.50;80.40;79.49;79.80;1272950
FR0000125486;20/06/17;79.99;80.43;79.91;79.91;1159982
FR0000125486;21/06/17;79.83;79.93;79.40;79.50;1135240
FR0000125486;22/06/17;79.26;79.41;78.73;79.00;1143909
FR0000125486;23/06/17;78.78;79.21;78.40;78.97;938092
FR0000125486;26/06/17;79.25;79.78;79.04;79.51;1007946
FR0000125486;27/06/17;78.78;79.08;77.50;77.70;1615007
FR0000125486;28/06/17;77.30;77.84;76.83;77.36;1499053
FR0000125486;29/06/17;77.44;77.51;74.27;74.89;2763013
FR0000125486;30/06/17;74.82;75.72;74.53;74.73;1803182
FR0000127771;01/06/17;19.33;19.86;19.285;19.685;4656836
FR0000127771;02/06/17;19.80;20.165;19.755;19.92;4060610
FR0000127771;05/06/17;19.895;19.955;19.775;19.90;1899020
FR0000127771;06/06/17;19.855;19.965;19.745;19.885;3391748
FR0000127771;07/06/17;19.90;20.645;19.90;20.315;8493510
FR0000127771;08/06/17;20.33;20.345;20.095;20.095;3690588
FR0000127771;09/06/17;20.10;20.24;19.88;20.05;3147809
FR0000127771;12/06/17;20.02;20.02;19.57;19.635;4060805
FR0000127771;13/06/17;19.635;19.84;19.635;19.745;3028033
FR0000127771;14/06/17;19.755;20.035;19.755;19.85;4362450
FR0000127771;15/06/17;19.785;20.145;19.615;20.145;5899416
FR0000127771;16/06/17;20.23;20.755;20.23;20.56;14068153
FR0000127771;19/06/17;20.68;20.785;20.505;20.545;2628023
FR0000127771;20/06/17;20.65;20.74;20.385;20.665;3689007
FR0000127771;21/06/17;20.58;20.62;20.355;20.57;3660250
FR0000127771;22/06/17;20.42;20.575;20.295;20.575;2637267
FR0000127771;23/06/17;20.595;20.77;20.505;20.595;3064474
FR0000127771;26/06/17;20.70;20.82;20.425;20.435;2770443
FR0000127771;27/06/17;20.39;20.405;20.08;20.23;2780547
FR0000127771;28/06/17;20.145;20.41;20.04;20.30;3439015
FR0000127771;29/06/17;20.345;20.345;19.675;19.675;5881661
FR0000127771;30/06/17;19.675;19.845;19.49;19.49;3860241
FR0000130577;01/06/17;68.33;68.65;68.03;68.30;617349
FR0000130577;02/06/17;68.82;68.90;68.19;68.31;590705
FR0000130577;05/06/17;68.53;68.57;67.51;68.00;358024
FR0000130577;06/06/17;66.06;66.06;65.35;65.73;739192
FR0000130577;07/06/17;65.70;66.77;65.45;65.51;844492
FR0000130577;08/06/17;65.60;65.98;65.11;65.11;577000
FR0000130577;09/06/17;65.27;65.82;64.93;65.43;303154
FR0000130577;12/06/17;65.31;65.41;64.79;65.27;518891
FR0000130577;13/06/17;66.50;67.24;65.81;67.02;755619
FR0000130577;14/06/17;67.20;67.54;66.93;67.10;597670
FR0000130577;15/06/17;66.99;67.13;66.34;67.00;653696
FR0000130577;16/06/17;67.31;67.88;66.77;67.29;995838
FR0000130577;19/06/17;67.71;67.85;67.33;67.59;462478
FR0000130577;20/06/17;67.90;68.63;67.83;67.84;534321
FR0000130577;21/06/17;67.70;67.90;67.18;67.67;630721
FR0000130577;22/06/17;67.62;67.67;67.24;67.40;526994
FR0000130577;23/06/17;67.25;67.52;66.97;67.23;384693
FR0000130577;26/06/17;67.48;68.16;67.35;67.65;447663
FR0000130577;27/06/17;67.68;67.78;66.69;66.99;636392
FR0000130577;28/06/17;66.85;67.10;66.05;66.50;740968
FR0000130577;29/06/17;66.60;66.62;65.45;65.65;653578
FR0000130577;30/06/17;65.82;65.86;65.31;65.31;712907
FR0000130809;01/06/17;46.79;47.36;46.305;47.14;3781858
FR0000130809;02/06/17;47.63;48.46;47.075;47.30;4081044
FR0000130809;05/06/17;47.40;47.535;46.555;47.03;2051035
FR0000130809;06/06/17;46.81;46.855;46.07;46.35;3699802
FR0000130809;07/06/17;46.225;47.84;46.155;47.105;4271267
FR0000130809;08/06/17;47.405;48.11;46.835;47.80;4308459
FR0000130809;09/06/17;47.86;48.63;47.275;48.00;4855592
FR0000130809;12/06/17;47.925;47.925;46.70;46.975;4340630
FR0000130809;13/06/17;47.255;47.435;46.89;47.065;2829471
FR0000130809;14/06/17;47.30;47.51;46.265;46.35;3875927
FR0000130809;15/06/17;46.21;46.49;45.52;46.47;5154064
FR0000130809;16/06/17;46.645;47.485;46.20;46.49;7669266
FR0000130809;19/06/17;47.01;47.55;46.93;47.14;3528889
FR0000130809;20/06/17;47.525;47.67;46.85;46.85;3102061
FR0000130809;21/06/17;46.62;46.725;45.645;46.47;3762167
FR0000130809;22/06/17;46.39;46.41;45.615;46.38;3489285
FR0000130809;23/06/17;46.285;46.845;45.815;46.085;2289887
FR0000130809;26/06/17;46.37;47.12;46.37;46.58;3140049
FR0000130809;27/06/17;46.57;47.43;46.27;47.30;3498025
FR0000130809;28/06/17;47.46;48.635;47.11;48.465;5958272
FR0000130809;29/06/17;49.00;49.53;48.33;48.52;6188118
FR0000130809;30/06/17;48.785;48.93;47.025;47.11;5704447
FR0000131104;01/06/17;63.00;63.18;62.09;62.99;3261801
FR0000131104;02/06/17;63.85;64.49;63.09;63.40;4343283
FR0000131104;05/06/17;63.40;63.69;62.64;63.10;1771291
FR0000131104;06/06/17;62.69;62.94;61.96;62.45;3271002
FR0000131104;07/06/17;62.34;64.35;62.23;63.48;4585164
FR0000131104;08/06/17;63.82;64.48;62.83;63.72;4052677
FR0000131104;09/06/17;64.05;64.94;63.39;64.51;4733126
FR0000131104;12/06/17;64.47;64.90;63.04;63.39;3405206
FR0000131104;13/06/17;63.75;63.92;63.09;63.35;2565311
FR0000131104;14/06/17;63.73;64.00;62.27;62.40;3996069
FR0000131104;15/06/17;62.24;62.37;61.08;61.85;5378476
FR0000131104;16/06/17;62.38;62.88;61.68;62.05;10471570
FR0000131104;19/06/17;62.86;63.60;62.75;63.06;3238334
FR0000131104;20/06/17;63.50;63.68;62.55;62.55;2552864
FR0000131104;21/06/17;62.29;62.42;61.11;62.14;4040572
FR0000131104;22/06/17;61.91;62.00;61.18;61.93;3356928
FR0000131104;23/06/17;62.16;62.51;61.18;61.50;2919202
FR0000131104;26/06/17;61.80;62.46;61.39;61.60;2765463
FR0000131104;27/06/17;61.53;63.07;61.08;62.65;4960829
FR0000131104;28/06/17;62.55;64.56;62.16;64.33;5874039
FR0000131104;29/06/17;64.94;65.46;63.64;63.97;5940081
FR0000131104;30/06/17;64.10;64.45;62.82;63.06;4945911
FR0000131906;01/06/17;83.74;85.22;83.74;84.81;1245378
FR0000131906;02/06/17;85.27;86.46;84.59;85.21;915654
FR0000131906;05/06/17;85.21;85.53;84.66;84.99;474134
FR0000131906;06/06/17;85.00;85.01;83.26;83.61;988398
FR0000131906;07/06/17;83.61;85.64;83.07;84.59;1051610
FR0000131906;08/06/17;84.72;84.82;83.35;83.84;743773
FR0000131906;09/06/17;84.11;84.71;83.36;84.11;615541
FR0000131906;12/06/17;84.28;86.74;83.76;86.00;1559937
FR0000131906;13/06/17;86.33;86.38;83.36;83.68;1389456
FR0000131906;14/06/17;83.79;84.14;82.41;82.70;1275382
FR0000131906;15/06/17;82.62;82.62;80.91;82.18;1255443
FR0000131906;16/06/17;83.20;83.86;82.80;82.95;1268801
FR0000131906;19/06/17;83.82;84.33;82.80;82.91;635236
FR0000131906;20/06/17;83.20;83.46;81.80;82.10;851605
FR0000131906;21/06/17;79.03;80.15;78.12;80.15;1088087
FR0000131906;22/06/17;80.23;81.37;79.57;81.25;796434
FR0000131906;23/06/17;81.18;81.45;79.75;80.40;761575
FR0000131906;26/06/17;80.70;81.67;79.93;80.58;747132
FR0000131906;27/06/17;80.00;80.34;78.61;80.04;1304363
FR0000131906;28/06/17;79.98;81.24;79.56;80.54;863076
FR0000131906;29/06/17;81.05;81.06;79.03;79.77;840512
FR0000131906;30/06/17;80.00;80.70;78.98;79.25;1036616
FR0000133308;01/06/17;15.65;15.725;15.53;15.53;7983923
FR0000133308;02/06/17;15.60;15.645;15.445;15.55;6961058
FR0000133308;05/06/17;15.565;15.60;15.405;15.46;2409482
FR0000133308;06/06/17;15.415;15.495;15.275;15.42;5411725
FR0000133308;07/06/17;15.34;15.54;15.295;15.315;6175892
FR0000133308;08/06/17;15.30;15.37;15.205;15.245;6093674
FR0000133308;09/06/17;15.215;15.42;15.215;15.27;5893212
FR0000133308;12/06/17;14.90;15.065;14.825;15.065;8408545
FR0000133308;13/06/17;14.97;15.025;14.79;14.88;7741153
FR0000133308;14/06/17;14.91;15.04;14.855;14.855;6977822
FR0000133308;15/06/17;14.82;14.825;14.455;14.64;10989490
FR0000133308;16/06/17;14.68;14.745;14.605;14.735;9447142
FR0000133308;19/06/17;14.78;14.835;14.56;14.56;6707643
FR0000133308;20/06/17;14.60;14.62;14.41;14.415;9468144
FR0000133308;21/06/17;14.40;14.545;14.265;14.51;6898927
FR0000133308;22/06/17;14.475;14.485;14.285;14.40;6470027
FR0000133308;23/06/17;14.35;14.40;14.285;14.37;3931602
FR0000133308;26/06/17;14.43;14.49;14.345;14.39;4244820
FR0000133308;27/06/17;14.39;14.39;14.175;14.25;4964439
FR0000133308;28/06/17;14.20;14.345;14.125;14.19;5549457
FR0000133308;29/06/17;14.235;14.255;13.925;14.035;8608492
FR0000133308;30/06/17;14.025;14.095;13.85;13.89;7901631
FR0010208488;01/06/17;13.615;13.665;13.495;13.525;7036351
FR0010208488;02/06/17;13.59;13.625;13.455;13.50;5739112
FR0010208488;05/06/17;13.495;13.535;13.42;13.46;3585688
FR0010208488;06/06/17;13.44;13.605;13.36;13.60;6696959
FR0010208488;07/06/17;13.58;13.89;13.46;13.73;7936003
FR0010208488;08/06/17;13.80;13.985;13.77;13.985;7259848
FR0010208488;09/06/17;14.00;14.075;13.87;13.93;5809013
FR0010208488;12/06/17;13.895;13.92;13.65;13.655;6379718
FR0010208488;13/06/17;13.685;13.735;13.555;13.57;5295947
FR0010208488;14/06/17;13.63;13.96;13.63;13.84;7693813
FR0010208488;15/06/17;13.825;13.93;13.66;13.93;9524111
FR0010208488;16/06/17;13.96;14.085;13.95;14.015;13668018
FR0010208488;19/06/17;14.15;14.19;14.00;14.00;5694112
FR0010208488;20/06/17;14.005;14.04;13.92;13.92;5614493
FR0010208488;21/06/17;13.87;13.885;13.73;13.82;4295616
FR0010208488;22/06/17;13.80;13.825;13.655;13.785;4705655
FR0010208488;23/06/17;13.75;13.935;13.735;13.915;5741494
FR0010208488;26/06/17;13.975;14.09;13.895;13.985;5693868
FR0010208488;27/06/17;13.95;13.96;13.605;13.675;6781440
FR0010208488;28/06/17;13.73;13.83;13.47;13.655;7597597
FR0010208488;29/06/17;13.68;13.71;13.24;13.40;7051482
FR0010208488;30/06/17;13.385;13.465;13.20;13.215;5922385
FR0010307819;01/06/17;61.01;61.70;61.01;61.49;408967
FR0010307819;02/06/17;61.00;61.00;60.24;60.75;666282
FR0010307819;05/06/17;60.86;60.86;60.13;60.25;320551
FR0010307819;06/06/17;60.12;60.17;59.74;60.08;410029
FR0010307819;07/06/17;60.01;60.77;60.01;60.28;467392
FR0010307819;08/06/17;60.30;60.71;60.10;60.41;450899
FR0010307819;09/06/17;60.40;61.00;60.23;60.97;403758
FR0010307819;12/06/17;61.00;61.02;59.63;59.89;509220
FR0010307819;13/06/17;59.99;60.28;59.80;59.97;508857
FR0010307819;14/06/17;60.13;60.82;60.13;60.42;617448
FR0010307819;15/06/17;60.26;60.35;59.50;60.35;752920
FR0010307819;16/06/17;60.58;61.59;60.57;61.51;1148340
FR0010307819;19/06/17;61.90;62.15;61.85;61.86;488114
FR0010307819;20/06/17;62.09;62.56;61.99;61.99;494612
FR0010307819;21/06/17;61.89;62.34;61.28;62.20;564846
FR0010307819;22/06/17;62.00;62.14;61.59;61.78;502884
FR0010307819;23/06/17;61.56;62.03;61.40;61.86;417762
FR0010307819;26/06/17;62.22;62.58;61.97;62.12;423791
FR0010307819;27/06/17;61.89;62.37;61.54;62.37;799508
FR0010307819;28/06/17;64.86;64.86;62.71;62.99;1201597
FR0010307819;29/06/17;63.18;63.24;61.08;61.32;935835
FR0010307819;30/06/17;61.35;61.84;61.01;61.25;791633
FR0013176526;01/06/17;62.28;62.97;62.11;62.81;877257
FR0013176526;02/06/17;63.40;64.75;63.12;64.58;933401
FR0013176526;05/06/17;64.75;64.75;63.47;64.05;556611
FR0013176526;06/06/17;64.18;64.18;62.74;62.75;660419
FR0013176526;07/06/17;62.89;63.75;62.71;62.90;480748
FR0013176526;08/06/17;62.25;62.45;60.71;61.00;1261103
FR0013176526;09/06/17;61.30;61.87;60.80;61.38;662389
FR0013176526;12/06/17;61.08;62.06;60.62;61.37;926591
FR0013176526;13/06/17;61.50;62.28;61.19;61.67;504334
FR0013176526;14/06/17;61.91;62.17;60.53;60.62;1216058
FR0013176526;15/06/17;60.52;60.71;59.81;60.56;816799
FR0013176526;16/06/17;61.80;62.59;60.79;61.01;986826
FR0013176526;19/06/17;61.60;62.35;61.60;61.91;755602
FR0013176526;20/06/17;62.19;62.19;61.07;61.26;764850
FR0013176526;21/06/17;61.05;61.71;60.44;61.71;618467
FR0013176526;22/06/17;61.71;62.02;61.26;62.02;507430
FR0013176526;23/06/17;61.92;61.92;60.84;61.10;583825
FR0013176526;26/06/17;61.50;62.13;61.24;61.45;479654
FR0013176526;27/06/17;60.50;60.74;59.22;59.37;2342229
FR0013176526;28/06/17;59.20;60.17;58.61;59.99;871605
FR0013176526;29/06/17;60.27;60.27;58.40;58.51;959587
FR0013176526;30/06/17;58.50;59.99;58.44;58.99;969977
GB00BDSFG982;01/06/17;25.62;26.05;25.45;25.69;2146346
GB00BDSFG982;02/06/17;26.16;26.185;25.50;25.87;2659358
GB00BDSFG982;05/06/17;25.75;25.92;25.495;25.695;964772
GB00BDSFG982;06/06/17;25.85;25.85;25.46;25.55;1210546
GB00BDSFG982;07/06/17;25.59;25.635;25.025;25.075;1830152
GB00BDSFG982;08/06/17;25.02;25.32;24.825;25.16;1675199
GB00BDSFG982;09/06/17;24.985;25.215;24.74;25.18;1641882
GB00BDSFG982;12/06/17;25.44;25.785;25.135;25.50;1870360
GB00BDSFG982;13/06/17;25.65;25.72;25.37;25.55;1731415
GB00BDSFG982;14/06/17;25.65;25.87;24.955;24.955;2024841
GB00BDSFG982;15/06/17;25.26;25.28;24.39;24.69;2986993
GB00BDSFG982;16/06/17;24.82;24.99;24.36;24.40;3336321
GB00BDSFG982;19/06/17;24.455;24.595;24.155;24.395;1738228
GB00BDSFG982;20/06/17;24.375;24.505;23.72;23.935;2203136
GB00BDSFG982;21/06/17;23.765;24.275;23.64;23.745;1995978
GB00BDSFG982;22/06/17;23.655;24.255;23.405;24.11;2508435
GB00BDSFG982;23/06/17;24.105;24.18;23.935;23.955;1382650
GB00BDSFG982;26/06/17;23.985;24.63;23.905;24.04;1543562
GB00BDSFG982;27/06/17;23.98;24.265;23.825;24.115;1919508
GB00BDSFG982;28/06/17;23.74;24.165;23.61;24.13;2134424
GB00BDSFG982;29/06/17;24.00;24.215;23.68;23.73;2091891
GB00BDSFG982;30/06/17;23.77;23.95;23.435;23.745;1982851
LU1598757687;01/06/17;19.265;19.58;19.14;19.495;9675159
LU1598757687;02/06/17;19.60;19.665;18.605;18.825;13950995
LU1598757687;05/06/17;18.705;18.935;18.36;18.785;6989667
LU1598757687;06/06/17;18.64;18.645;18.15;18.34;10528790
LU1598757687;07/06/17;18.43;18.78;18.21;18.45;8295089
LU1598757687;08/06/17;18.45;18.895;18.325;18.80;8834161
LU1598757687;09/06/17;19.10;19.20;18.84;19.00;10040866
LU1598757687;12/06/17;19.04;19.125;18.675;18.88;6314488
LU1598757687;13/06/17;18.84;19.015;18.755;18.935;7043680
LU1598757687;14/06/17;19.06;19.275;18.565;18.575;13081469
LU1598757687;15/06/17;18.61;18.67;17.82;18.045;11827280
LU1598757687;16/06/17;18.025;18.225;17.725;17.865;10845324
LU1598757687;19/06/17;18.15;18.595;18.08;18.40;10021855
LU1598757687;20/06/17;18.34;18.54;17.715;17.835;9426919
LU1598757687;21/06/17;17.85;18.38;17.72;18.205;8556107
LU1598757687;22/06/17;18.06;18.80;17.89;18.77;11059323
LU1598757687;23/06/17;18.74;18.985;18.595;18.855;8202531
LU1598757687;26/06/17;19.00;19.16;18.805;18.945;6190558
LU1598757687;27/06/17;19.195;19.69;19.195;19.555;12406680
LU1598757687;28/06/17;19.44;19.945;19.24;19.865;9915926
LU1598757687;29/06/17;20.38;20.49;19.655;19.655;12793572
LU1598757687;30/06/17;19.63;20.095;19.335;19.86;9490176
NL0000226223;01/06/17;14.625;14.715;14.375;14.555;1532195
NL0000226223;02/06/17;14.59;14.96;14.585;14.73;1843522
NL0000226223;05/06/17;14.775;14.84;14.51;14.75;873418
NL0000226223;06/06/17;14.695;14.70;14.365;14.51;1822518
NL0000226223;07/06/17;14.50;15.13;14.435;15.045;2320699
NL0000226223;08/06/17;15.12;15.34;15.075;15.22;2232624
NL0000226223;09/06/17;15.36;15.57;15.22;15.32;2689988
NL0000226223;12/06/17;14.70;14.70;13.67;13.96;6857792
NL0000226223;13/06/17;14.05;14.32;13.94;14.10;3384594
NL0000226223;14/06/17;14.195;14.36;13.90;13.90;2207495
NL0000226223;15/06/17;13.80;13.81;13.37;13.545;3486665
NL0000226223;16/06/17;13.655;13.80;13.515;13.55;3028207
NL0000226223;19/06/17;13.715;14.025;13.63;13.975;1986538
NL0000226223;20/06/17;13.99;14.195;13.635;13.635;2480220
NL0000226223;21/06/17;13.54;13.80;13.42;13.755;2318794
NL0000226223;22/06/17;13.645;13.65;13.14;13.42;7240548
NL0000226223;23/06/17;13.55;13.71;13.37;13.41;5204561
NL0000226223;26/06/17;13.395;13.50;12.935;12.94;3745965
NL0000226223;27/06/17;13.035;13.295;12.82;12.82;4069542
NL0000226223;28/06/17;12.595;12.835;12.40;12.815;4649221
NL0000226223;29/06/17;13.10;13.10;12.465;12.51;4387716
NL0000226223;30/06/17;12.565;12.795;12.45;12.57;3880891
NL0000235190;01/06/17;73.22;75.25;73.19;75.23;1903343
NL0000235190;02/06/17;75.60;75.75;75.01;75.60;1548696
NL0000235190;05/06/17;75.43;75.50;74.55;74.76;1393976
NL0000235190;06/06/17;74.30;75.22;74.16;74.70;1778237
NL0000235190;07/06/17;74.47;74.49;73.47;73.47;2075635
NL0000235190;08/06/17;73.26;74.13;72.26;73.75;2064322
NL0000235190;09/06/17;73.98;75.50;73.80;75.41;1696443
NL0000235190;12/06/17;75.05;75.14;73.92;74.27;1453664
NL0000235190;13/06/17;74.33;74.97;74.07;74.60;950069
NL0000235190;14/06/17;74.96;75.85;74.84;75.13;1554647
NL0000235190;15/06/17;74.88;74.94;73.13;73.28;2453122
NL0000235190;16/06/17;73.59;74.93;73.42;74.93;2946719
NL0000235190;19/06/17;75.28;76.98;75.28;76.40;1754422
NL0000235190;20/06/17;76.72;77.25;75.82;75.95;1901702
NL0000235190;21/06/17;75.51;75.76;74.41;75.25;1599386
NL0000235190;22/06/17;74.98;75.23;74.40;75.04;1168764
NL0000235190;23/06/17;75.10;75.83;74.91;75.70;1390598
NL0000235190;26/06/17;75.98;76.45;75.73;75.95;1341540
NL0000235190;27/06/17;75.72;75.72;74.30;74.48;1823710
NL0000235190;28/06/17;74.00;74.08;72.52;73.80;2237554
NL0000235190;29/06/17;73.81;73.93;71.58;72.22;2917366
NL0000235190;30/06/17;72.22;72.94;72.00;72.00;2020251
