BE0003470755;01/03/17;110.45;111.75;110.30;111.60;252977
BE0003470755;02/03/17;111.70;112.25;110.70;111.10;258465
BE0003470755;03/03/17;110.60;111.00;109.85;110.65;232837
BE0003470755;06/03/17;110.40;110.45;109.50;109.65;231248
BE0003470755;07/03/17;109.90;109.95;109.10;109.70;177825
BE0003470755;08/03/17;109.20;111.05;109.00;110.95;262848
BE0003470755;09/03/17;110.75;111.30;110.15;111.00;184517
BE0003470755;10/03/17;111.10;111.50;109.25;109.45;252003
BE0003470755;13/03/17;109.65;110.85;108.85;110.85;221937
BE0003470755;14/03/17;110.80;111.05;110.35;110.55;204168
BE0003470755;15/03/17;110.65;111.90;110.45;111.40;189010
BE0003470755;16/03/17;112.05;112.90;111.40;111.70;225356
BE0003470755;17/03/17;111.30;112.10;111.00;111.95;330721
BE0003470755;20/03/17;111.50;111.70;110.50;111.05;165754
BE0003470755;21/03/17;111.20;111.30;108.85;108.90;329593
BE0003470755;22/03/17;108.25;109.00;107.35;108.65;373203
BE0003470755;23/03/17;108.75;111.55;108.55;111.50;341561
BE0003470755;24/03/17;111.65;112.50;111.40;111.60;178186
BE0003470755;27/03/17;110.40;110.95;109.60;109.95;176171
BE0003470755;28/03/17;110.30;111.65;110.10;111.65;158634
BE0003470755;29/03/17;111.80;113.30;111.70;113.30;215682
BE0003470755;30/03/17;113.00;114.20;113.00;114.10;228800
BE0003470755;31/03/17;113.70;114.60;113.50;114.55;218705
CH0012214059;01/03/17;54.19;55.06;54.19;54.89;481239
CH0012214059;02/03/17;56.10;57.09;55.43;55.43;669554
CH0012214059;03/03/17;55.00;55.31;54.60;55.03;364537
CH0012214059;06/03/17;55.24;55.54;54.23;54.44;413670
CH0012214059;07/03/17;54.66;55.05;54.27;54.77;244698
CH0012214059;08/03/17;54.80;54.85;54.03;54.03;272917
CH0012214059;09/03/17;54.06;54.16;53.37;53.86;305254
CH0012214059;10/03/17;53.93;54.21;53.13;53.40;365231
CH0012214059;13/03/17;53.56;54.10;53.38;53.96;259602
CH0012214059;14/03/17;53.83;53.91;52.91;53.42;254753
CH0012214059;15/03/17;53.60;54.14;53.48;54.07;302295
CH0012214059;16/03/17;54.81;55.00;53.88;54.19;379120
CH0012214059;17/03/17;54.33;54.94;54.09;54.90;483782
CH0012214059;20/03/17;54.61;54.76;54.16;54.60;266748
CH0012214059;21/03/17;54.58;54.83;53.44;53.54;402738
CH0012214059;22/03/17;53.20;53.50;52.38;53.44;356841
CH0012214059;23/03/17;53.50;54.14;53.17;54.14;268413
CH0012214059;24/03/17;53.96;54.40;53.27;53.72;206853
CH0012214059;27/03/17;53.27;53.46;52.57;53.35;309902
CH0012214059;28/03/17;53.67;53.74;52.99;53.58;232165
CH0012214059;29/03/17;53.72;53.90;53.12;53.64;195776
CH0012214059;30/03/17;53.61;55.23;53.61;55.07;288588
CH0012214059;31/03/17;55.00;55.50;54.72;55.50;313172
FR0000045072;01/03/17;11.55;11.895;11.55;11.81;10022435
FR0000045072;02/03/17;11.90;12.045;11.86;11.86;6106506
FR0000045072;03/03/17;11.82;12.34;11.775;12.195;9308677
FR0000045072;06/03/17;12.13;12.325;12.07;12.095;4759337
FR0000045072;07/03/17;12.15;12.15;11.96;12.065;3449441
FR0000045072;08/03/17;12.065;12.165;11.87;12.065;5880155
FR0000045072;09/03/17;12.07;12.44;12.00;12.395;7567112
FR0000045072;10/03/17;12.445;12.65;12.415;12.645;11536807
FR0000045072;13/03/17;12.61;12.69;12.51;12.515;5353361
FR0000045072;14/03/17;12.525;12.525;12.275;12.335;4674853
FR0000045072;15/03/17;12.30;12.415;12.22;12.37;4236050
FR0000045072;16/03/17;12.525;12.57;12.34;12.35;6913841
FR0000045072;17/03/17;12.42;12.54;12.26;12.305;7913107
FR0000045072;20/03/17;12.25;12.315;12.185;12.245;2741296
FR0000045072;21/03/17;12.36;12.49;12.195;12.28;6196729
FR0000045072;22/03/17;12.15;12.25;11.955;12.20;5378775
FR0000045072;23/03/17;12.28;12.40;12.12;12.355;6554271
FR0000045072;24/03/17;12.36;12.365;12.21;12.28;2793101
FR0000045072;27/03/17;12.10;12.25;12.025;12.245;4257579
FR0000045072;28/03/17;12.42;12.74;12.415;12.71;10253019
FR0000045072;29/03/17;12.75;12.865;12.57;12.64;6771724
FR0000045072;30/03/17;12.69;12.695;12.515;12.64;3447633
FR0000045072;31/03/17;12.58;12.705;12.535;12.70;3821683
FR0000051732;01/03/17;111.65;112.50;109.55;111.30;387363
FR0000051732;02/03/17;111.50;111.85;109.70;110.55;429122
FR0000051732;03/03/17;110.40;111.25;110.15;110.65;250019
FR0000051732;06/03/17;110.65;110.75;109.85;110.30;167856
FR0000051732;07/03/17;110.30;111.60;110.15;110.85;289102
FR0000051732;08/03/17;110.35;110.95;109.85;110.70;185253
FR0000051732;09/03/17;110.70;112.35;110.00;112.20;325132
FR0000051732;10/03/17;113.00;113.00;110.90;111.85;451567
FR0000051732;13/03/17;112.05;112.85;111.65;112.60;227687
FR0000051732;14/03/17;112.95;113.80;111.50;113.30;279518
FR0000051732;15/03/17;113.60;113.65;112.65;112.95;209283
FR0000051732;16/03/17;113.35;114.10;113.35;114.00;226784
FR0000051732;17/03/17;113.40;113.40;111.40;111.40;2071600
FR0000051732;20/03/17;111.10;112.70;110.15;111.45;374095
FR0000051732;21/03/17;111.95;112.05;110.75;110.95;217096
FR0000051732;22/03/17;110.30;111.25;109.45;111.25;319212
FR0000051732;23/03/17;111.00;112.20;110.55;111.85;232764
FR0000051732;24/03/17;112.00;113.25;111.75;113.20;241609
FR0000051732;27/03/17;112.65;113.15;111.70;113.15;272542
FR0000051732;28/03/17;113.80;114.45;113.35;113.70;228225
FR0000051732;29/03/17;113.60;114.60;113.30;114.60;179956
FR0000051732;30/03/17;114.50;115.05;114.00;115.00;200106
FR0000051732;31/03/17;114.65;116.20;114.40;115.95;228496
FR0000073272;01/03/17;67.50;68.25;67.19;67.93;1246162
FR0000073272;02/03/17;68.20;68.80;68.06;68.77;1073370
FR0000073272;03/03/17;68.73;68.89;68.17;68.60;1020084
FR0000073272;06/03/17;68.67;69.12;68.40;69.00;696917
FR0000073272;07/03/17;69.05;69.05;68.68;68.80;732438
FR0000073272;08/03/17;68.28;69.40;68.28;69.30;674414
FR0000073272;09/03/17;69.25;69.37;68.82;69.14;774983
FR0000073272;10/03/17;69.24;69.43;68.96;69.05;751317
FR0000073272;13/03/17;69.10;69.20;68.57;68.72;534131
FR0000073272;14/03/17;68.78;68.83;68.10;68.40;807821
FR0000073272;15/03/17;68.00;68.41;67.22;67.84;1746131
FR0000073272;16/03/17;68.36;68.41;67.30;67.80;1238762
FR0000073272;17/03/17;67.76;68.11;67.17;68.11;1436345
FR0000073272;20/03/17;68.22;68.29;67.89;68.20;511652
FR0000073272;21/03/17;68.34;68.66;67.79;68.15;892615
FR0000073272;22/03/17;68.10;69.19;67.54;69.19;1238675
FR0000073272;23/03/17;68.97;70.10;68.68;69.86;1045844
FR0000073272;24/03/17;69.85;69.96;69.43;69.60;775787
FR0000073272;27/03/17;69.60;69.71;68.53;69.65;693408
FR0000073272;28/03/17;69.79;69.89;69.13;69.76;757684
FR0000073272;29/03/17;69.94;70.17;69.66;69.86;576982
FR0000073272;30/03/17;69.84;70.30;69.75;70.04;745592
FR0000073272;31/03/17;69.44;70.14;69.23;70.03;1461662
FR0000120073;01/03/17;93.4091;94.6364;93.1818;94.1364;1050933
FR0000120073;02/03/17;94.1364;94.1818;93.4091;93.4091;838515
FR0000120073;03/03/17;93.4091;93.5909;92.9091;93.4546;825381
FR0000120073;06/03/17;93.50;93.7727;92.9091;93.4546;852431
FR0000120073;07/03/17;93.8182;93.8182;92.5455;92.8182;781312
FR0000120073;08/03/17;92.5909;93.2273;92.4091;92.9545;574999
FR0000120073;09/03/17;92.9545;93.50;92.3182;93.00;818513
FR0000120073;10/03/17;93.2273;93.8182;92.8182;93.00;703788
FR0000120073;13/03/17;93.3636;94.0455;93.0909;94.0455;755131
FR0000120073;14/03/17;94.0909;94.3636;93.6818;94.1364;788208
FR0000120073;15/03/17;94.0455;94.7273;93.9091;94.5455;637964
FR0000120073;16/03/17;95.00;95.3636;94.7273;95.1818;1014303
FR0000120073;17/03/17;95.1364;96.0909;94.9091;95.9091;1677352
FR0000120073;20/03/17;95.6364;96.2727;95.5909;96.0455;547262
FR0000120073;21/03/17;96.2727;96.8182;95.8182;96.0909;762187
FR0000120073;22/03/17;95.7727;96.50;95.4545;96.3636;754052
FR0000120073;23/03/17;96.1364;96.9091;95.7727;96.8636;648375
FR0000120073;24/03/17;96.6818;97.1818;96.1364;96.5455;639411
FR0000120073;27/03/17;95.8636;96.7727;95.4545;96.7727;679310
FR0000120073;28/03/17;96.5909;96.7273;95.5455;96.5455;816461
FR0000120073;29/03/17;96.7727;97.3182;96.3182;97.3182;684796
FR0000120073;30/03/17;97.2727;97.4091;96.7273;97.0909;562281
FR0000120073;31/03/17;97.1364;97.3636;96.4091;97.3636;1137006
FR0000120172;01/03/17;22.665;22.895;22.665;22.80;2348727
FR0000120172;02/03/17;22.865;22.955;22.73;22.81;2079580
FR0000120172;03/03/17;22.79;23.07;22.72;22.835;2201912
FR0000120172;06/03/17;22.865;22.955;22.76;22.91;2049080
FR0000120172;07/03/17;22.90;22.945;22.645;22.795;1996486
FR0000120172;08/03/17;22.73;22.76;22.51;22.715;2176247
FR0000120172;09/03/17;22.20;22.225;21.455;21.80;9116806
FR0000120172;10/03/17;21.80;21.80;21.50;21.565;4924355
FR0000120172;13/03/17;21.59;21.99;21.565;21.845;3447635
FR0000120172;14/03/17;21.915;22.025;21.735;21.75;2918311
FR0000120172;15/03/17;21.76;21.77;21.53;21.70;2570267
FR0000120172;16/03/17;21.81;21.825;21.50;21.59;3108106
FR0000120172;17/03/17;21.55;21.88;21.48;21.82;4754518
FR0000120172;20/03/17;21.84;21.855;21.595;21.79;2072987
FR0000120172;21/03/17;21.835;21.88;21.60;21.62;2448249
FR0000120172;22/03/17;21.61;21.65;21.30;21.59;3271601
FR0000120172;23/03/17;21.65;21.655;21.46;21.61;2674446
FR0000120172;24/03/17;21.65;21.73;21.59;21.71;2164208
FR0000120172;27/03/17;21.63;21.72;21.50;21.71;1787610
FR0000120172;28/03/17;21.75;21.81;21.585;21.76;2319059
FR0000120172;29/03/17;21.78;22.00;21.72;21.945;2662225
FR0000120172;30/03/17;22.00;22.155;21.95;21.99;2067650
FR0000120172;31/03/17;22.025;22.10;21.955;22.10;1978766
FR0000120271;01/03/17;47.25;47.885;47.25;47.75;5646676
FR0000120271;02/03/17;47.55;47.955;47.45;47.795;4023715
FR0000120271;03/03/17;47.655;48.22;47.58;48.075;4596460
FR0000120271;06/03/17;47.525;48.085;47.51;48.03;4541783
FR0000120271;07/03/17;47.65;47.88;47.475;47.705;4975946
FR0000120271;08/03/17;47.38;47.605;47.075;47.165;4751017
FR0000120271;09/03/17;46.78;46.79;45.85;46.79;8455345
FR0000120271;10/03/17;46.97;47.825;46.92;47.265;6256792
FR0000120271;13/03/17;47.085;47.425;46.885;47.10;4465846
FR0000120271;14/03/17;46.975;47.13;46.06;46.30;7032065
FR0000120271;15/03/17;46.59;46.985;46.465;46.98;5322576
FR0000120271;16/03/17;47.50;47.60;46.915;47.13;6711628
FR0000120271;17/03/17;46.92;47.73;46.90;47.36;13783809
FR0000120271;20/03/17;46.515;46.645;46.05;46.05;5869161
FR0000120271;21/03/17;46.26;46.735;46.07;46.32;5697212
FR0000120271;22/03/17;46.21;46.45;45.87;46.24;5190058
FR0000120271;23/03/17;46.21;46.50;45.89;46.50;5263462
FR0000120271;24/03/17;46.20;46.325;45.925;46.21;3605979
FR0000120271;27/03/17;45.855;46.30;45.825;46.125;5114084
FR0000120271;28/03/17;46.10;46.415;45.94;46.415;4827128
FR0000120271;29/03/17;46.51;46.75;46.03;46.615;4511535
FR0000120271;30/03/17;46.645;47.215;46.645;47.075;5431874
FR0000120271;31/03/17;47.07;47.415;46.815;47.415;6786119
FR0000120321;01/03/17;176.75;177.25;176.10;176.60;721117
FR0000120321;02/03/17;176.00;176.20;174.05;176.05;693973
FR0000120321;03/03/17;176.10;176.70;175.60;176.45;543852
FR0000120321;06/03/17;176.05;176.50;175.45;176.30;542579
FR0000120321;07/03/17;176.00;176.85;175.10;175.50;524289
FR0000120321;08/03/17;174.85;175.65;174.50;175.10;609714
FR0000120321;09/03/17;174.50;176.40;173.90;176.40;715477
FR0000120321;10/03/17;177.00;177.95;176.20;177.35;643934
FR0000120321;13/03/17;177.20;177.20;176.45;176.45;455479
FR0000120321;14/03/17;176.80;177.70;176.15;177.55;481090
FR0000120321;15/03/17;177.60;177.75;176.90;177.30;424839
FR0000120321;16/03/17;177.40;178.00;176.60;177.75;477284
FR0000120321;17/03/17;177.15;177.50;176.30;177.45;927301
FR0000120321;20/03/17;176.55;178.35;176.55;176.90;423874
FR0000120321;21/03/17;177.10;177.75;176.25;177.40;516500
FR0000120321;22/03/17;177.00;179.60;176.65;178.30;663903
FR0000120321;23/03/17;178.05;179.05;176.50;178.50;426038
FR0000120321;24/03/17;178.10;179.05;177.00;177.85;478901
FR0000120321;27/03/17;176.60;179.50;176.35;179.50;546422
FR0000120321;28/03/17;179.50;179.50;178.00;178.70;434879
FR0000120321;29/03/17;179.60;180.15;177.55;179.80;480597
FR0000120321;30/03/17;179.45;179.70;178.45;179.05;473301
FR0000120321;31/03/17;178.65;180.15;177.60;180.15;706089
FR0000120404;01/03/17;37.495;37.59;37.225;37.52;1199037
FR0000120404;02/03/17;37.54;37.55;37.295;37.305;770058
FR0000120404;03/03/17;37.34;37.405;37.01;37.295;802780
FR0000120404;06/03/17;37.25;37.365;36.985;37.25;738309
FR0000120404;07/03/17;37.35;37.645;37.125;37.485;955195
FR0000120404;08/03/17;37.415;37.53;37.22;37.25;892223
FR0000120404;09/03/17;37.355;38.145;37.175;38.015;1306355
FR0000120404;10/03/17;38.12;38.37;38.065;38.10;979516
FR0000120404;13/03/17;38.18;38.18;37.705;37.80;655649
FR0000120404;14/03/17;37.88;37.92;37.63;37.77;576840
FR0000120404;15/03/17;37.69;37.87;37.56;37.61;695205
FR0000120404;16/03/17;37.90;38.015;37.415;37.515;1063132
FR0000120404;17/03/17;37.315;37.98;37.315;37.885;992845
FR0000120404;20/03/17;37.86;37.915;37.555;37.83;548786
FR0000120404;21/03/17;37.90;38.125;37.80;37.97;646495
FR0000120404;22/03/17;37.745;37.755;37.26;37.44;769574
FR0000120404;23/03/17;37.425;37.85;37.375;37.85;657831
FR0000120404;24/03/17;37.935;37.95;37.525;37.76;710003
FR0000120404;27/03/17;37.45;38.225;37.42;38.225;772113
FR0000120404;28/03/17;38.21;39.335;38.20;39.155;1707202
FR0000120404;29/03/17;39.26;39.28;38.68;38.80;794786
FR0000120404;30/03/17;38.795;39.065;38.725;39.02;497528
FR0000120404;31/03/17;38.945;39.05;38.83;39.05;763254
FR0000120503;01/03/17;36.585;37.11;36.57;37.10;1015567
FR0000120503;02/03/17;37.15;37.32;36.785;36.98;935773
FR0000120503;03/03/17;36.79;37.255;36.785;37.255;594692
FR0000120503;06/03/17;37.195;37.215;36.90;37.165;570949
FR0000120503;07/03/17;37.125;37.175;36.88;36.925;541536
FR0000120503;08/03/17;36.835;37.19;36.75;37.185;509288
FR0000120503;09/03/17;37.185;37.58;37.09;37.525;719448
FR0000120503;10/03/17;37.60;37.96;37.53;37.915;646144
FR0000120503;13/03/17;38.00;39.055;37.87;38.20;1874844
FR0000120503;14/03/17;38.25;38.25;37.935;38.06;643856
FR0000120503;15/03/17;38.10;38.295;37.905;38.15;637816
FR0000120503;16/03/17;38.25;38.505;38.12;38.26;1236208
FR0000120503;17/03/17;38.245;38.495;38.15;38.41;1463322
FR0000120503;20/03/17;38.38;38.565;38.31;38.425;616283
FR0000120503;21/03/17;38.50;38.50;37.96;38.01;595795
FR0000120503;22/03/17;37.90;38.50;37.33;38.445;1110965
FR0000120503;23/03/17;38.44;38.50;38.055;38.50;755620
FR0000120503;24/03/17;38.41;38.64;38.275;38.45;673069
FR0000120503;27/03/17;38.22;38.255;38.02;38.19;829185
FR0000120503;28/03/17;38.20;38.345;38.125;38.25;969354
FR0000120503;29/03/17;38.205;38.41;38.155;38.195;686709
FR0000120503;30/03/17;38.145;38.50;38.145;38.43;817571
FR0000120503;31/03/17;38.375;38.385;37.905;38.155;1155025
FR0000120578;01/03/17;81.77;83.29;81.76;82.82;2802589
FR0000120578;02/03/17;82.78;83.29;82.35;82.64;1822381
FR0000120578;03/03/17;82.60;83.73;82.49;83.59;2269713
FR0000120578;06/03/17;83.56;83.66;81.82;82.45;2357686
FR0000120578;07/03/17;82.49;82.53;81.18;81.80;2516723
FR0000120578;08/03/17;81.44;82.55;80.81;82.15;2524880
FR0000120578;09/03/17;81.87;82.65;81.57;82.32;2239055
FR0000120578;10/03/17;82.56;82.86;82.20;82.24;1804521
FR0000120578;13/03/17;82.52;82.69;81.92;82.04;1541018
FR0000120578;14/03/17;82.45;82.46;81.70;82.21;1733056
FR0000120578;15/03/17;82.46;82.57;81.84;82.32;1576109
FR0000120578;16/03/17;83.00;83.02;82.31;83.02;1889680
FR0000120578;17/03/17;82.83;83.70;81.98;82.61;6002374
FR0000120578;20/03/17;82.47;83.19;82.25;82.74;1711810
FR0000120578;21/03/17;82.89;83.38;82.33;82.72;2167414
FR0000120578;22/03/17;82.35;83.08;82.18;82.77;2053061
FR0000120578;23/03/17;82.64;83.86;82.53;83.30;1971804
FR0000120578;24/03/17;83.11;83.11;82.42;82.87;1444188
FR0000120578;27/03/17;82.17;83.72;82.14;83.47;1944737
FR0000120578;28/03/17;83.90;84.00;83.12;83.94;1732989
FR0000120578;29/03/17;84.13;84.93;83.99;84.51;1941170
FR0000120578;30/03/17;84.50;84.67;83.48;84.24;1702510
FR0000120578;31/03/17;84.10;84.64;83.91;84.62;2768566
FR0000120628;01/03/17;22.49;23.175;22.455;23.04;10396196
FR0000120628;02/03/17;23.17;23.355;22.975;23.20;5914732
FR0000120628;03/03/17;23.195;23.745;23.125;23.605;7917729
FR0000120628;06/03/17;23.545;23.79;23.42;23.57;5731129
FR0000120628;07/03/17;23.575;23.66;23.405;23.58;5215830
FR0000120628;08/03/17;23.52;23.935;23.465;23.725;5617626
FR0000120628;09/03/17;23.725;24.14;23.64;24.01;6873146
FR0000120628;10/03/17;24.115;24.285;23.87;23.92;6740682
FR0000120628;13/03/17;23.96;24.075;23.81;23.93;4554705
FR0000120628;14/03/17;24.09;24.09;23.465;23.73;5892489
FR0000120628;15/03/17;23.75;23.925;23.645;23.83;5005679
FR0000120628;16/03/17;24.15;24.365;23.895;23.925;6037557
FR0000120628;17/03/17;23.935;24.27;23.705;23.865;8227136
FR0000120628;20/03/17;23.805;23.995;23.73;23.84;4111694
FR0000120628;21/03/17;23.995;24.23;23.77;23.925;5895691
FR0000120628;22/03/17;23.735;23.735;23.33;23.485;9060582
FR0000120628;23/03/17;23.55;23.67;23.19;23.64;6379666
FR0000120628;24/03/17;23.675;23.675;23.22;23.55;6795663
FR0000120628;27/03/17;23.19;23.715;23.055;23.705;6593576
FR0000120628;28/03/17;23.76;23.965;23.62;23.875;4909207
FR0000120628;29/03/17;23.985;24.135;23.885;24.045;5546906
FR0000120628;30/03/17;24.075;24.27;24.00;24.215;5233928
FR0000120628;31/03/17;24.15;24.28;24.035;24.255;7463471
FR0000120644;01/03/17;62.90;63.05;62.57;62.86;1734390
FR0000120644;02/03/17;62.73;62.79;62.20;62.73;1303529
FR0000120644;03/03/17;62.75;62.75;62.09;62.53;1373990
FR0000120644;06/03/17;62.26;62.54;62.01;62.50;1189860
FR0000120644;07/03/17;62.05;62.52;61.84;61.87;1576451
FR0000120644;08/03/17;61.85;61.96;61.14;61.83;1527970
FR0000120644;09/03/17;61.90;62.57;61.66;62.45;1411898
FR0000120644;10/03/17;62.77;62.97;62.02;62.84;1516310
FR0000120644;13/03/17;63.00;63.06;62.47;62.98;1177591
FR0000120644;14/03/17;62.79;62.90;62.54;62.66;930123
FR0000120644;15/03/17;62.76;62.78;62.30;62.62;997388
FR0000120644;16/03/17;63.21;63.39;62.59;62.79;1852287
FR0000120644;17/03/17;62.90;63.21;62.23;63.21;2470651
FR0000120644;20/03/17;63.14;64.32;63.05;64.00;1774601
FR0000120644;21/03/17;64.18;64.46;63.57;63.79;1866100
FR0000120644;22/03/17;63.82;64.16;63.55;63.97;1639796
FR0000120644;23/03/17;64.03;64.10;63.46;63.97;1444241
FR0000120644;24/03/17;63.86;63.86;63.35;63.61;1169752
FR0000120644;27/03/17;63.41;64.24;62.93;64.20;1585232
FR0000120644;28/03/17;63.58;63.81;63.07;63.31;1794172
FR0000120644;29/03/17;63.07;63.39;62.77;63.31;1438444
FR0000120644;30/03/17;63.04;63.58;62.94;63.55;1489278
FR0000120644;31/03/17;63.30;63.76;63.02;63.76;2019023
FR0000120693;01/03/17;108.50;109.50;108.35;109.00;444710
FR0000120693;02/03/17;108.65;109.20;107.95;108.80;368738
FR0000120693;03/03/17;108.85;108.85;108.00;108.40;269803
FR0000120693;06/03/17;108.25;108.75;107.90;108.45;266583
FR0000120693;07/03/17;108.35;108.40;107.15;107.55;380855
FR0000120693;08/03/17;107.25;108.05;106.95;107.70;205361
FR0000120693;09/03/17;107.70;108.50;106.85;108.10;400353
FR0000120693;10/03/17;108.60;108.60;107.60;108.00;353765
FR0000120693;13/03/17;108.35;108.90;107.85;108.50;256256
FR0000120693;14/03/17;108.50;109.45;108.10;108.80;296178
FR0000120693;15/03/17;108.30;108.55;107.95;108.35;252013
FR0000120693;16/03/17;109.20;109.55;108.30;108.65;345534
FR0000120693;17/03/17;108.50;110.00;108.20;110.00;493997
FR0000120693;20/03/17;110.00;110.40;109.55;110.05;287303
FR0000120693;21/03/17;110.55;110.55;109.55;110.00;335099
FR0000120693;22/03/17;109.50;110.90;109.25;110.65;492969
FR0000120693;23/03/17;110.15;110.15;107.55;108.45;605311
FR0000120693;24/03/17;108.45;108.50;107.60;108.05;486894
FR0000120693;27/03/17;107.50;108.20;107.25;107.85;328552
FR0000120693;28/03/17;108.20;108.80;107.30;108.80;395805
FR0000120693;29/03/17;109.30;109.70;108.65;109.55;362558
FR0000120693;30/03/17;109.65;109.90;109.30;109.80;296407
FR0000120693;31/03/17;109.40;110.90;109.25;110.90;506119
FR0000121014;01/03/17;191.35;195.95;191.35;195.30;715213
FR0000121014;02/03/17;194.80;194.85;193.00;194.10;443630
FR0000121014;03/03/17;193.70;194.65;192.95;194.35;396855
FR0000121014;06/03/17;194.75;194.95;193.25;193.75;448186
FR0000121014;07/03/17;194.25;194.35;193.10;193.75;361154
FR0000121014;08/03/17;193.25;195.60;192.95;194.80;427709
FR0000121014;09/03/17;194.05;196.10;193.30;195.65;539640
FR0000121014;10/03/17;196.30;197.25;195.70;196.40;469193
FR0000121014;13/03/17;197.15;198.45;195.95;198.25;477391
FR0000121014;14/03/17;198.45;198.45;196.75;198.35;438132
FR0000121014;15/03/17;198.40;198.40;197.35;197.80;402554
FR0000121014;16/03/17;198.50;201.15;198.50;198.75;710334
FR0000121014;17/03/17;198.85;201.50;198.20;201.50;1377018
FR0000121014;20/03/17;201.80;201.80;200.00;200.00;377839
FR0000121014;21/03/17;200.90;200.90;198.05;198.70;628230
FR0000121014;22/03/17;197.50;199.80;195.45;199.60;788325
FR0000121014;23/03/17;200.10;201.95;199.15;201.95;557488
FR0000121014;24/03/17;202.30;203.10;200.35;201.10;558683
FR0000121014;27/03/17;200.05;202.40;199.35;201.55;457095
FR0000121014;28/03/17;202.65;202.65;200.20;201.45;467102
FR0000121014;29/03/17;202.65;202.70;201.00;202.60;396037
FR0000121014;30/03/17;203.25;203.30;202.00;202.90;313050
FR0000121014;31/03/17;202.45;205.85;201.90;205.85;791085
FR0000121220;01/03/17;104.00;104.95;103.95;104.55;203439
FR0000121220;02/03/17;104.70;105.40;103.80;105.25;176544
FR0000121220;03/03/17;105.00;105.20;104.15;105.05;215270
FR0000121220;06/03/17;104.65;104.75;104.00;104.65;137717
FR0000121220;07/03/17;104.95;105.00;103.50;103.65;144439
FR0000121220;08/03/17;103.30;104.65;103.20;104.20;141391
FR0000121220;09/03/17;104.20;104.65;103.70;104.60;100584
FR0000121220;10/03/17;104.85;106.20;104.75;104.85;282212
FR0000121220;13/03/17;105.00;105.45;104.20;105.15;131217
FR0000121220;14/03/17;105.05;105.20;104.15;104.50;148182
FR0000121220;15/03/17;104.45;105.05;104.40;104.75;139068
FR0000121220;16/03/17;105.25;105.50;104.60;104.95;209166
FR0000121220;17/03/17;104.55;105.25;104.25;105.20;321703
FR0000121220;20/03/17;105.00;105.40;105.00;105.15;110414
FR0000121220;21/03/17;105.50;105.65;104.40;104.50;110332
FR0000121220;22/03/17;104.25;104.35;103.35;103.85;144142
FR0000121220;23/03/17;103.90;106.60;103.80;106.60;195166
FR0000121220;24/03/17;106.45;107.15;105.85;106.95;129895
FR0000121220;27/03/17;106.40;107.45;106.10;107.45;202308
FR0000121220;28/03/17;107.45;108.00;107.15;107.90;140484
FR0000121220;29/03/17;107.75;108.35;107.30;107.50;170994
FR0000121220;30/03/17;107.25;109.20;107.20;109.10;183521
FR0000121220;31/03/17;109.00;110.25;108.75;110.25;239608
FR0000121261;01/03/17;106.55;107.80;106.35;107.30;449706
FR0000121261;02/03/17;106.85;107.15;106.35;107.00;511673
FR0000121261;03/03/17;106.95;107.25;106.45;106.50;382124
FR0000121261;06/03/17;106.30;106.70;105.90;106.05;365051
FR0000121261;07/03/17;106.80;107.20;106.30;106.70;411801
FR0000121261;08/03/17;106.00;107.30;105.55;106.65;364458
FR0000121261;09/03/17;106.60;106.60;104.80;105.05;520043
FR0000121261;10/03/17;105.10;106.70;105.10;106.15;480198
FR0000121261;13/03/17;106.40;107.85;106.10;107.50;560592
FR0000121261;14/03/17;107.50;107.65;106.65;107.45;526397
FR0000121261;15/03/17;107.25;108.10;107.15;107.35;520984
FR0000121261;16/03/17;108.10;108.50;107.20;107.95;510117
FR0000121261;17/03/17;107.50;108.50;106.95;108.50;605785
FR0000121261;20/03/17;108.00;109.20;107.85;109.00;332181
FR0000121261;21/03/17;109.10;109.35;108.05;108.55;561166
FR0000121261;22/03/17;107.90;108.95;107.40;108.75;500104
FR0000121261;23/03/17;108.65;110.70;108.20;110.70;696285
FR0000121261;24/03/17;110.55;111.85;110.30;111.85;446211
FR0000121261;27/03/17;110.90;111.05;109.75;111.05;556015
FR0000121261;28/03/17;111.90;112.45;110.95;111.70;462873
FR0000121261;29/03/17;111.45;112.15;110.65;111.05;458195
FR0000121261;30/03/17;111.10;112.40;110.80;112.30;459343
FR0000121261;31/03/17;112.35;113.85;111.55;113.85;792563
FR0000121485;01/03/17;231.40;235.60;231.40;234.50;255101
FR0000121485;02/03/17;234.70;234.80;232.00;232.00;146590
FR0000121485;03/03/17;231.80;233.15;230.65;232.60;134931
FR0000121485;06/03/17;232.80;234.00;232.60;233.75;152036
FR0000121485;07/03/17;234.45;234.50;232.40;232.85;137908
FR0000121485;08/03/17;232.05;234.30;232.05;233.75;191466
FR0000121485;09/03/17;233.85;236.95;232.15;236.85;232189
FR0000121485;10/03/17;237.40;237.90;234.70;235.40;132466
FR0000121485;13/03/17;235.95;241.60;235.45;239.00;347557
FR0000121485;14/03/17;239.00;239.95;237.05;238.80;169568
FR0000121485;15/03/17;239.00;240.10;237.75;238.95;145933
FR0000121485;16/03/17;240.05;243.10;239.60;242.80;354850
FR0000121485;17/03/17;242.00;242.00;238.40;240.15;556699
FR0000121485;20/03/17;239.95;240.00;236.50;236.75;229238
FR0000121485;21/03/17;237.10;238.75;235.05;235.65;226924
FR0000121485;22/03/17;235.00;236.15;231.35;235.50;313661
FR0000121485;23/03/17;235.30;238.50;235.05;238.50;222887
FR0000121485;24/03/17;238.90;239.45;237.30;237.55;182481
FR0000121485;27/03/17;236.85;238.10;235.80;236.80;196941
FR0000121485;28/03/17;238.45;239.00;237.00;238.55;190506
FR0000121485;29/03/17;240.00;240.00;237.60;239.35;160376
FR0000121485;30/03/17;240.00;241.90;239.15;241.30;205382
FR0000121485;31/03/17;241.50;242.45;239.80;242.45;236265
FR0000121501;01/03/17;18.22;18.51;18.005;18.41;3548465
FR0000121501;02/03/17;18.39;18.525;18.22;18.525;2338921
FR0000121501;03/03/17;18.49;19.06;18.42;19.06;4111033
FR0000121501;06/03/17;20.00;20.06;19.40;19.58;11559210
FR0000121501;07/03/17;19.705;19.93;19.58;19.685;4842591
FR0000121501;08/03/17;19.53;19.915;19.38;19.71;3426033
FR0000121501;09/03/17;19.70;19.715;19.22;19.50;4068602
FR0000121501;10/03/17;19.58;19.735;19.28;19.28;3540286
FR0000121501;13/03/17;19.28;19.50;19.19;19.475;2471602
FR0000121501;14/03/17;19.50;19.57;19.34;19.50;2772195
FR0000121501;15/03/17;19.325;19.46;19.175;19.41;2587848
FR0000121501;16/03/17;19.535;19.57;18.855;19.20;6208316
FR0000121501;17/03/17;19.05;19.05;18.77;18.945;3570956
FR0000121501;20/03/17;18.84;18.92;18.705;18.785;2186932
FR0000121501;21/03/17;18.85;18.93;18.485;18.61;2258388
FR0000121501;22/03/17;18.41;18.63;18.17;18.565;3923551
FR0000121501;23/03/17;18.58;18.60;18.345;18.54;2411606
FR0000121501;24/03/17;18.575;18.575;18.405;18.42;2107682
FR0000121501;27/03/17;18.275;18.52;18.09;18.41;2525973
FR0000121501;28/03/17;18.575;18.875;18.50;18.825;2970828
FR0000121501;29/03/17;18.90;19.14;18.875;18.975;2872902
FR0000121501;30/03/17;19.02;19.085;18.935;18.95;1764969
FR0000121501;31/03/17;18.93;18.95;18.705;18.875;2662162
FR0000121667;01/03/17;108.85;110.65;108.50;109.50;552596
FR0000121667;02/03/17;109.20;109.20;106.70;108.50;751009
FR0000121667;03/03/17;108.05;108.90;106.95;108.90;494050
FR0000121667;06/03/17;108.40;108.55;107.70;108.40;302121
FR0000121667;07/03/17;108.70;108.70;107.55;108.00;398724
FR0000121667;08/03/17;108.55;109.45;107.55;109.25;485870
FR0000121667;09/03/17;108.80;111.80;108.70;111.80;777115
FR0000121667;10/03/17;112.30;113.50;111.85;111.85;759149
FR0000121667;13/03/17;111.85;112.45;111.20;111.45;392400
FR0000121667;14/03/17;111.35;111.60;110.50;110.80;354904
FR0000121667;15/03/17;110.80;110.95;110.05;110.35;389203
FR0000121667;16/03/17;110.85;110.85;109.85;110.50;497003
FR0000121667;17/03/17;111.10;112.90;110.40;112.45;1100116
FR0000121667;20/03/17;111.95;113.10;111.85;112.55;414246
FR0000121667;21/03/17;112.50;113.10;112.00;112.50;407274
FR0000121667;22/03/17;112.00;112.15;110.55;111.75;539198
FR0000121667;23/03/17;111.60;112.75;111.45;112.75;347287
FR0000121667;24/03/17;112.60;113.80;112.20;113.55;408703
FR0000121667;27/03/17;112.80;113.50;112.25;113.40;396997
FR0000121667;28/03/17;113.25;113.85;112.95;113.85;420851
FR0000121667;29/03/17;113.80;113.85;113.00;113.00;389718
FR0000121667;30/03/17;113.20;113.30;112.80;113.00;372559
FR0000121667;31/03/17;113.00;113.90;112.90;113.90;725311
FR0000121972;01/03/17;64.25;65.81;64.25;65.27;1680806
FR0000121972;02/03/17;65.57;65.69;65.12;65.12;908383
FR0000121972;03/03/17;65.21;65.41;64.58;65.30;1138493
FR0000121972;06/03/17;65.32;65.50;64.72;65.18;734073
FR0000121972;07/03/17;65.40;65.49;64.99;65.27;1110018
FR0000121972;08/03/17;65.01;65.53;64.86;65.22;900422
FR0000121972;09/03/17;65.16;65.16;64.17;64.51;1331828
FR0000121972;10/03/17;64.58;65.89;64.54;65.26;1547303
FR0000121972;13/03/17;65.42;65.62;65.12;65.12;1084814
FR0000121972;14/03/17;65.50;65.56;64.91;65.16;1141325
FR0000121972;15/03/17;65.40;66.39;65.40;66.06;1672955
FR0000121972;16/03/17;66.97;67.56;66.30;66.44;1538578
FR0000121972;17/03/17;66.89;67.45;66.40;67.20;2221483
FR0000121972;20/03/17;66.97;67.77;66.94;67.67;1073282
FR0000121972;21/03/17;67.97;68.32;67.02;67.09;1506918
FR0000121972;22/03/17;67.09;67.09;66.07;66.40;1198163
FR0000121972;23/03/17;66.69;67.20;66.23;67.19;1144153
FR0000121972;24/03/17;67.05;67.50;66.80;67.31;1022552
FR0000121972;27/03/17;66.70;66.70;65.88;66.34;1259219
FR0000121972;28/03/17;66.53;66.74;66.07;66.73;994431
FR0000121972;29/03/17;67.10;67.66;66.97;67.60;1248304
FR0000121972;30/03/17;67.48;68.38;67.39;68.38;1115636
FR0000121972;31/03/17;68.00;68.63;67.52;68.63;1582832
FR0000124141;01/03/17;15.50;15.78;15.285;15.78;4942020
FR0000124141;02/03/17;15.80;16.24;15.695;16.19;4564094
FR0000124141;03/03/17;16.15;16.40;16.105;16.26;3632658
FR0000124141;06/03/17;16.20;16.31;16.07;16.27;2447292
FR0000124141;07/03/17;16.315;16.345;15.975;16.02;3190512
FR0000124141;08/03/17;15.945;16.07;15.72;15.99;3910485
FR0000124141;09/03/17;16.00;16.15;15.90;16.15;2649374
FR0000124141;10/03/17;16.22;16.225;16.03;16.055;2089079
FR0000124141;13/03/17;16.09;16.18;15.96;16.165;1326141
FR0000124141;14/03/17;16.20;16.25;15.95;16.005;2280046
FR0000124141;15/03/17;16.05;16.125;15.91;16.08;2011411
FR0000124141;16/03/17;16.19;16.30;16.04;16.165;2693604
FR0000124141;17/03/17;16.18;16.22;15.965;16.20;3300786
FR0000124141;20/03/17;16.145;16.395;16.14;16.325;1793503
FR0000124141;21/03/17;16.365;16.78;16.29;16.715;4066836
FR0000124141;22/03/17;16.70;16.82;16.555;16.605;2723460
FR0000124141;23/03/17;16.60;16.78;16.515;16.77;2068135
FR0000124141;24/03/17;16.80;16.815;16.62;16.79;1977966
FR0000124141;27/03/17;16.705;16.97;16.625;16.97;2807034
FR0000124141;28/03/17;17.00;17.18;16.975;17.05;2770316
FR0000124141;29/03/17;17.115;17.15;16.90;17.04;2259633
FR0000124141;30/03/17;17.30;17.355;17.18;17.30;3877977
FR0000124141;31/03/17;17.305;17.56;17.29;17.56;2853295
FR0000124711;01/03/17;215.70;218.35;215.65;217.35;282554
FR0000124711;02/03/17;217.40;217.40;214.35;215.85;293332
FR0000124711;03/03/17;214.90;217.55;214.30;217.45;237103
FR0000124711;06/03/17;217.00;217.45;215.80;217.10;199036
FR0000124711;07/03/17;217.70;217.70;214.55;214.60;250965
FR0000124711;08/03/17;214.10;215.70;213.00;215.50;323797
FR0000124711;09/03/17;215.40;217.95;214.50;217.40;289446
FR0000124711;10/03/17;217.00;217.00;213.25;213.25;372630
FR0000124711;13/03/17;213.30;214.75;213.10;213.90;223367
FR0000124711;14/03/17;214.45;214.45;212.45;213.30;258461
FR0000124711;15/03/17;214.40;215.00;212.15;212.90;251151
FR0000124711;16/03/17;215.00;219.50;213.35;218.30;497683
FR0000124711;17/03/17;218.50;220.20;216.90;220.15;716348
FR0000124711;20/03/17;219.00;220.50;218.50;218.70;261029
FR0000124711;21/03/17;218.50;219.45;217.65;219.45;284956
FR0000124711;22/03/17;219.40;220.75;218.65;220.00;331932
FR0000124711;23/03/17;220.55;221.90;220.00;221.90;280037
FR0000124711;24/03/17;221.00;222.70;220.20;222.70;311124
FR0000124711;27/03/17;217.60;218.30;216.20;217.70;303332
FR0000124711;28/03/17;218.20;218.40;214.15;215.20;239828
FR0000124711;29/03/17;216.20;217.05;214.60;216.80;193326
FR0000124711;30/03/17;216.20;216.20;214.30;215.00;228114
FR0000124711;31/03/17;215.35;219.10;214.90;219.10;398743
FR0000125007;01/03/17;45.76;46.28;45.575;46.10;1961186
FR0000125007;02/03/17;46.46;46.495;45.485;45.595;1836368
FR0000125007;03/03/17;45.55;46.19;45.29;46.17;1270070
FR0000125007;06/03/17;46.07;46.07;45.45;45.52;1235204
FR0000125007;07/03/17;45.71;45.90;45.475;45.75;982985
FR0000125007;08/03/17;45.79;46.185;45.715;45.82;1179184
FR0000125007;09/03/17;45.845;46.31;45.645;46.22;1367700
FR0000125007;10/03/17;46.28;46.65;46.085;46.125;1309762
FR0000125007;13/03/17;46.235;46.47;46.025;46.23;894383
FR0000125007;14/03/17;46.465;46.465;45.74;45.87;1229330
FR0000125007;15/03/17;46.01;46.37;45.94;46.365;1097940
FR0000125007;16/03/17;46.77;46.85;46.43;46.795;1453487
FR0000125007;17/03/17;46.635;47.00;46.485;46.745;2269229
FR0000125007;20/03/17;46.565;46.81;46.285;46.63;1061623
FR0000125007;21/03/17;46.71;46.995;46.115;46.22;1231228
FR0000125007;22/03/17;46.15;46.325;45.505;46.205;1412888
FR0000125007;23/03/17;46.13;46.66;46.03;46.66;1495549
FR0000125007;24/03/17;46.605;46.80;46.315;46.64;932419
FR0000125007;27/03/17;46.20;46.245;45.75;46.00;1601017
FR0000125007;28/03/17;46.275;46.69;46.18;46.67;1244086
FR0000125007;29/03/17;46.90;46.95;46.42;46.63;1014611
FR0000125007;30/03/17;46.635;47.625;46.63;47.625;1433907
FR0000125007;31/03/17;47.55;48.135;47.31;48.135;2153298
FR0000125338;01/03/17;80.50;82.60;80.21;82.24;873156
FR0000125338;02/03/17;82.08;83.87;82.06;83.37;900437
FR0000125338;03/03/17;83.45;84.33;83.45;84.02;610236
FR0000125338;06/03/17;83.85;83.85;83.12;83.23;425751
FR0000125338;07/03/17;84.00;84.05;83.15;83.61;481371
FR0000125338;08/03/17;83.37;83.87;82.90;83.65;458984
FR0000125338;09/03/17;83.55;83.71;83.02;83.21;555840
FR0000125338;10/03/17;83.19;83.68;82.78;82.85;487998
FR0000125338;13/03/17;82.75;82.88;82.24;82.40;534056
FR0000125338;14/03/17;82.44;83.10;82.04;83.10;517191
FR0000125338;15/03/17;83.10;83.48;82.91;83.19;444556
FR0000125338;16/03/17;83.84;84.84;83.55;84.36;594619
FR0000125338;17/03/17;84.38;85.10;83.88;84.32;583511
FR0000125338;20/03/17;84.36;85.02;84.20;84.72;392435
FR0000125338;21/03/17;84.74;84.89;83.34;83.34;535450
FR0000125338;22/03/17;83.00;84.13;82.54;84.10;557997
FR0000125338;23/03/17;84.00;84.18;83.62;83.79;585644
FR0000125338;24/03/17;83.94;84.85;83.72;84.66;442767
FR0000125338;27/03/17;84.31;84.84;83.77;84.81;497355
FR0000125338;28/03/17;84.76;85.13;84.22;84.85;382987
FR0000125338;29/03/17;84.99;85.13;83.65;84.30;456224
FR0000125338;30/03/17;84.50;85.73;84.10;85.68;424774
FR0000125338;31/03/17;85.80;86.76;85.19;86.56;709137
FR0000125486;01/03/17;68.53;70.19;68.53;69.73;1798012
FR0000125486;02/03/17;69.76;69.92;69.42;69.92;1101316
FR0000125486;03/03/17;69.12;70.35;69.12;70.00;1340932
FR0000125486;06/03/17;70.03;70.36;69.85;69.99;974492
FR0000125486;07/03/17;70.13;70.25;69.68;70.06;943153
FR0000125486;08/03/17;70.20;70.46;69.88;70.32;1167220
FR0000125486;09/03/17;70.31;70.82;70.20;70.74;971943
FR0000125486;10/03/17;70.73;70.87;70.29;70.34;1099892
FR0000125486;13/03/17;70.51;70.51;69.86;69.91;880761
FR0000125486;14/03/17;70.30;70.30;69.64;69.77;888545
FR0000125486;15/03/17;70.02;70.09;69.37;69.45;1277981
FR0000125486;16/03/17;69.82;70.57;69.54;70.37;1243605
FR0000125486;17/03/17;70.46;71.70;70.33;71.70;2938575
FR0000125486;20/03/17;71.43;71.95;71.40;71.69;1166306
FR0000125486;21/03/17;71.65;72.63;71.57;72.19;1829932
FR0000125486;22/03/17;72.07;72.51;71.63;72.19;1261908
FR0000125486;23/03/17;72.90;73.89;72.61;73.73;1881745
FR0000125486;24/03/17;73.93;74.48;73.66;74.36;1726331
FR0000125486;27/03/17;74.86;75.03;74.24;74.35;2204052
FR0000125486;28/03/17;74.55;74.78;73.49;73.93;1292176
FR0000125486;29/03/17;74.25;74.25;73.49;73.75;1164176
FR0000125486;30/03/17;74.05;74.17;73.76;74.16;1100737
FR0000125486;31/03/17;74.09;74.38;73.51;74.30;1503518
FR0000127771;01/03/17;16.725;16.78;16.50;16.73;5373299
FR0000127771;02/03/17;16.47;16.755;16.47;16.68;4412323
FR0000127771;03/03/17;16.685;16.685;16.48;16.545;4436754
FR0000127771;06/03/17;16.405;16.645;16.33;16.565;3371642
FR0000127771;07/03/17;16.495;16.77;16.475;16.735;4606236
FR0000127771;08/03/17;16.615;16.895;16.565;16.825;4452374
FR0000127771;09/03/17;17.00;17.395;16.98;17.345;6574586
FR0000127771;10/03/17;17.33;17.485;17.265;17.325;3810611
FR0000127771;13/03/17;17.365;17.365;17.125;17.245;3066150
FR0000127771;14/03/17;17.245;17.275;16.985;17.09;2832919
FR0000127771;15/03/17;17.13;17.135;17.015;17.035;2323783
FR0000127771;16/03/17;17.115;17.145;16.90;16.98;2792564
FR0000127771;17/03/17;16.91;17.185;16.91;17.13;8304886
FR0000127771;20/03/17;17.11;17.215;17.075;17.17;2550044
FR0000127771;21/03/17;17.17;17.255;16.98;16.98;3100496
FR0000127771;22/03/17;17.00;17.00;16.875;16.93;2233225
FR0000127771;23/03/17;16.85;17.20;16.85;17.175;3146671
FR0000127771;24/03/17;17.135;17.205;17.045;17.165;2077580
FR0000127771;27/03/17;17.00;17.34;16.99;17.295;2762267
FR0000127771;28/03/17;17.35;17.485;17.325;17.41;2293384
FR0000127771;29/03/17;17.49;17.725;17.435;17.675;3343760
FR0000127771;30/03/17;17.70;17.72;17.50;17.63;2730172
FR0000127771;31/03/17;17.635;18.25;17.585;18.225;7015183
FR0000130577;01/03/17;63.99;64.62;63.88;64.59;616097
FR0000130577;02/03/17;64.63;64.71;64.21;64.21;471404
FR0000130577;03/03/17;63.96;64.12;63.09;63.09;951415
FR0000130577;06/03/17;63.16;63.18;62.25;62.40;706190
FR0000130577;07/03/17;62.25;62.62;62.06;62.50;680700
FR0000130577;08/03/17;62.50;63.06;62.22;62.69;526097
FR0000130577;09/03/17;62.70;63.07;62.29;62.94;592363
FR0000130577;10/03/17;63.12;63.24;62.00;62.31;548694
FR0000130577;13/03/17;62.49;62.49;61.88;61.98;519878
FR0000130577;14/03/17;62.15;63.19;61.61;62.64;973792
FR0000130577;15/03/17;62.70;62.71;62.07;62.07;504365
FR0000130577;16/03/17;62.56;62.56;61.60;62.10;643405
FR0000130577;17/03/17;61.95;63.07;61.87;63.00;987015
FR0000130577;20/03/17;63.00;63.14;62.60;62.77;380163
FR0000130577;21/03/17;62.96;63.00;62.12;62.12;601499
FR0000130577;22/03/17;61.95;62.04;61.34;61.86;623905
FR0000130577;23/03/17;61.83;62.27;61.55;61.70;812205
FR0000130577;24/03/17;61.69;62.10;61.51;62.06;518279
FR0000130577;27/03/17;61.63;62.53;61.54;62.53;517697
FR0000130577;28/03/17;62.74;63.06;62.57;63.00;605265
FR0000130577;29/03/17;63.32;63.47;62.98;63.47;693581
FR0000130577;30/03/17;63.64;64.82;63.38;64.75;951422
FR0000130577;31/03/17;64.79;65.51;64.56;65.51;682769
FR0000130809;01/03/17;42.60;44.185;42.51;43.97;6332074
FR0000130809;02/03/17;43.98;44.42;43.785;44.115;4449405
FR0000130809;03/03/17;43.91;46.32;43.75;46.13;6663331
FR0000130809;06/03/17;45.77;46.27;45.155;45.205;3590820
FR0000130809;07/03/17;45.375;45.475;44.62;45.15;2497201
FR0000130809;08/03/17;45.235;46.42;45.01;45.805;3883875
FR0000130809;09/03/17;45.81;47.25;45.81;46.755;4324418
FR0000130809;10/03/17;47.00;48.24;46.935;47.75;5702563
FR0000130809;13/03/17;47.92;48.035;47.25;47.65;2995818
FR0000130809;14/03/17;47.655;47.745;46.585;46.945;3414377
FR0000130809;15/03/17;46.955;47.44;46.77;46.96;3311401
FR0000130809;16/03/17;48.20;48.35;46.93;47.12;4599629
FR0000130809;17/03/17;47.235;48.155;47.03;47.11;5685799
FR0000130809;20/03/17;47.07;47.27;46.515;46.725;2069366
FR0000130809;21/03/17;47.28;48.65;47.095;47.49;4410575
FR0000130809;22/03/17;46.835;47.495;46.08;46.765;4661800
FR0000130809;23/03/17;46.785;47.72;46.555;47.475;3716385
FR0000130809;24/03/17;47.405;47.80;46.98;47.315;2431839
FR0000130809;27/03/17;46.40;47.26;46.155;47.13;2873211
FR0000130809;28/03/17;47.28;47.645;46.70;47.575;3127896
FR0000130809;29/03/17;47.92;48.15;46.63;47.20;3247595
FR0000130809;30/03/17;47.41;47.455;46.485;47.07;2646743
FR0000130809;31/03/17;46.865;47.555;46.74;47.55;3608112
FR0000131104;01/03/17;55.89;57.96;55.74;57.59;5436640
FR0000131104;02/03/17;57.91;58.11;57.49;57.67;3819429
FR0000131104;03/03/17;57.70;59.94;57.53;59.31;4950723
FR0000131104;06/03/17;58.99;59.48;58.46;58.70;2809388
FR0000131104;07/03/17;59.00;59.09;58.09;58.84;2755034
FR0000131104;08/03/17;59.00;59.89;58.56;59.35;3422590
FR0000131104;09/03/17;59.33;61.17;59.22;60.79;5616477
FR0000131104;10/03/17;60.96;62.24;60.84;61.86;6413094
FR0000131104;13/03/17;61.30;61.98;61.14;61.18;3102950
FR0000131104;14/03/17;61.22;61.32;59.65;59.85;4114290
FR0000131104;15/03/17;59.38;60.22;59.28;60.09;3492638
FR0000131104;16/03/17;61.22;62.00;60.52;60.69;5450793
FR0000131104;17/03/17;60.87;61.87;60.06;60.28;6076097
FR0000131104;20/03/17;60.03;60.43;59.60;59.65;2123537
FR0000131104;21/03/17;60.35;61.85;60.04;60.26;4120914
FR0000131104;22/03/17;59.41;60.86;58.96;60.29;3657229
FR0000131104;23/03/17;60.55;61.54;59.95;61.10;3635753
FR0000131104;24/03/17;61.10;61.11;60.22;60.46;2643444
FR0000131104;27/03/17;59.40;60.59;59.16;60.36;2867677
FR0000131104;28/03/17;60.58;62.07;60.30;61.92;3658366
FR0000131104;29/03/17;62.45;62.78;61.45;62.04;4058229
FR0000131104;30/03/17;62.80;62.80;61.09;61.80;3106664
FR0000131104;31/03/17;61.49;62.43;61.28;62.43;4030526
FR0000131906;01/03/17;84.40;87.15;84.38;86.40;1078135
FR0000131906;02/03/17;86.40;86.45;85.24;85.88;674418
FR0000131906;03/03/17;85.40;87.37;85.25;87.32;730972
FR0000131906;06/03/17;87.20;87.90;86.10;86.14;525371
FR0000131906;07/03/17;86.48;86.91;85.97;86.43;482474
FR0000131906;08/03/17;86.04;86.99;85.48;85.65;536746
FR0000131906;09/03/17;85.70;86.26;84.56;85.33;637361
FR0000131906;10/03/17;85.71;86.30;84.66;84.67;581936
FR0000131906;13/03/17;85.10;86.35;84.98;86.20;539024
FR0000131906;14/03/17;85.83;85.86;84.70;85.33;732181
FR0000131906;15/03/17;83.26;83.75;81.30;82.20;1926678
FR0000131906;16/03/17;80.00;80.61;77.00;79.45;3374737
FR0000131906;17/03/17;79.11;79.45;78.21;78.65;1676876
FR0000131906;20/03/17;78.60;80.08;78.38;79.73;958665
FR0000131906;21/03/17;80.17;80.55;78.75;79.45;1184824
FR0000131906;22/03/17;78.81;79.99;78.76;79.50;1044831
FR0000131906;23/03/17;79.71;80.98;79.37;80.68;770313
FR0000131906;24/03/17;80.91;81.10;80.17;80.85;834672
FR0000131906;27/03/17;80.26;80.63;79.64;80.60;608446
FR0000131906;28/03/17;80.93;82.10;80.91;81.78;720209
FR0000131906;29/03/17;81.95;82.37;81.22;81.54;633050
FR0000131906;30/03/17;81.59;81.80;81.04;81.51;562420
FR0000131906;31/03/17;81.12;81.65;80.49;81.43;728837
FR0000133308;01/03/17;14.36;14.445;14.26;14.40;6019119
FR0000133308;02/03/17;14.435;14.435;14.255;14.37;6331941
FR0000133308;03/03/17;14.25;14.495;14.25;14.375;6715324
FR0000133308;06/03/17;14.40;14.435;14.295;14.40;5277870
FR0000133308;07/03/17;14.47;14.475;14.285;14.345;5838383
FR0000133308;08/03/17;14.31;14.40;14.23;14.385;4567407
FR0000133308;09/03/17;14.39;14.675;14.335;14.635;6431180
FR0000133308;10/03/17;14.72;14.86;14.65;14.765;6571792
FR0000133308;13/03/17;14.745;15.155;14.66;14.695;7929317
FR0000133308;14/03/17;14.695;14.73;14.515;14.595;4962007
FR0000133308;15/03/17;14.605;14.605;14.49;14.52;3820643
FR0000133308;16/03/17;14.665;14.755;14.575;14.73;6742041
FR0000133308;17/03/17;14.725;14.855;14.61;14.855;8552928
FR0000133308;20/03/17;14.80;14.915;14.76;14.78;3882600
FR0000133308;21/03/17;14.81;14.87;14.64;14.695;5636120
FR0000133308;22/03/17;14.68;14.84;14.615;14.825;5296330
FR0000133308;23/03/17;14.795;14.86;14.58;14.80;6581260
FR0000133308;24/03/17;14.77;14.78;14.61;14.65;7008709
FR0000133308;27/03/17;14.55;14.78;14.51;14.78;4932079
FR0000133308;28/03/17;14.73;14.77;14.59;14.685;6234365
FR0000133308;29/03/17;14.67;14.68;14.55;14.60;5271576
FR0000133308;30/03/17;14.615;14.625;14.48;14.625;4618537
FR0000133308;31/03/17;14.565;14.605;14.36;14.565;10500152
FR0010208488;01/03/17;11.565;11.66;11.49;11.645;7716717
FR0010208488;02/03/17;12.00;12.63;12.00;12.605;21785627
FR0010208488;03/03/17;12.725;12.92;12.65;12.795;13058479
FR0010208488;06/03/17;12.80;12.805;12.615;12.75;7463209
FR0010208488;07/03/17;12.835;12.845;12.635;12.665;7384370
FR0010208488;08/03/17;12.66;12.725;12.465;12.595;8046191
FR0010208488;09/03/17;12.71;12.76;12.585;12.72;7534699
FR0010208488;10/03/17;12.75;12.755;12.505;12.56;7418832
FR0010208488;13/03/17;12.61;12.64;12.53;12.625;4774361
FR0010208488;14/03/17;12.495;12.50;12.27;12.455;10765189
FR0010208488;15/03/17;12.50;12.535;12.325;12.505;7193331
FR0010208488;16/03/17;12.60;12.635;12.455;12.50;6911074
FR0010208488;17/03/17;12.53;12.53;12.365;12.48;17107824
FR0010208488;20/03/17;12.445;12.50;12.35;12.48;5271538
FR0010208488;21/03/17;12.55;12.575;12.455;12.48;5525055
FR0010208488;22/03/17;12.475;12.58;12.435;12.47;5520173
FR0010208488;23/03/17;12.42;12.575;12.385;12.55;5197097
FR0010208488;24/03/17;12.545;12.65;12.45;12.58;3941555
FR0010208488;27/03/17;12.54;12.66;12.41;12.60;4914197
FR0010208488;28/03/17;12.70;12.755;12.61;12.725;5204719
FR0010208488;29/03/17;12.88;13.165;12.88;13.10;11281577
FR0010208488;30/03/17;13.10;13.125;12.965;13.00;5385610
FR0010208488;31/03/17;13.00;13.28;12.98;13.28;6945557
FR0010307819;01/03/17;53.65;54.38;53.55;54.23;620870
FR0010307819;02/03/17;54.26;54.32;53.61;53.61;444143
FR0010307819;03/03/17;53.42;53.49;52.97;53.32;517049
FR0010307819;06/03/17;53.28;53.35;52.92;53.24;365983
FR0010307819;07/03/17;52.62;53.28;52.51;53.00;447426
FR0010307819;08/03/17;52.85;53.29;52.58;53.10;413598
FR0010307819;09/03/17;53.02;53.24;52.60;52.98;512959
FR0010307819;10/03/17;53.06;53.44;52.92;52.92;379391
FR0010307819;13/03/17;53.06;53.38;52.76;53.18;502025
FR0010307819;14/03/17;53.17;53.40;52.85;53.37;483766
FR0010307819;15/03/17;53.26;53.58;53.18;53.53;416948
FR0010307819;16/03/17;53.94;54.25;53.65;53.87;468182
FR0010307819;17/03/17;53.90;54.15;53.75;54.15;639159
FR0010307819;20/03/17;54.00;54.32;53.94;54.16;335325
FR0010307819;21/03/17;54.37;54.54;53.98;54.10;457115
FR0010307819;22/03/17;53.97;54.21;53.30;54.03;435939
FR0010307819;23/03/17;54.16;55.03;53.73;54.94;470449
FR0010307819;24/03/17;54.83;55.25;54.77;55.03;403105
FR0010307819;27/03/17;54.50;54.88;54.27;54.83;416487
FR0010307819;28/03/17;54.95;55.13;54.53;54.92;313214
FR0010307819;29/03/17;55.09;55.15;54.78;55.13;338598
FR0010307819;30/03/17;55.04;56.12;55.04;56.06;439521
FR0010307819;31/03/17;55.90;56.54;55.77;56.52;578435
FR0013176526;01/03/17;58.83;59.79;58.54;59.54;1045058
FR0013176526;02/03/17;59.47;59.91;59.25;59.56;717988
FR0013176526;03/03/17;59.29;59.78;57.80;59.49;514322
FR0013176526;06/03/17;59.66;59.90;59.00;59.00;438944
FR0013176526;07/03/17;59.48;59.63;58.74;59.20;726472
FR0013176526;08/03/17;59.00;59.65;58.75;59.10;544938
FR0013176526;09/03/17;59.00;59.20;57.95;58.29;732407
FR0013176526;10/03/17;58.71;59.01;58.25;58.29;684166
FR0013176526;13/03/17;58.55;59.19;58.33;59.17;600090
FR0013176526;14/03/17;59.54;60.30;59.26;60.14;1018554
FR0013176526;15/03/17;59.89;60.25;59.67;60.00;695882
FR0013176526;16/03/17;60.38;61.00;59.72;60.95;769774
FR0013176526;17/03/17;60.76;61.07;59.95;60.81;1080235
FR0013176526;20/03/17;60.64;60.91;60.33;60.45;408075
FR0013176526;21/03/17;60.57;60.94;59.52;59.62;992245
FR0013176526;22/03/17;59.22;59.22;58.34;59.04;765768
FR0013176526;23/03/17;59.04;59.53;58.63;59.29;569413
FR0013176526;24/03/17;59.34;59.99;59.00;59.99;613885
FR0013176526;27/03/17;59.40;59.64;59.04;59.34;598310
FR0013176526;28/03/17;59.76;60.41;59.70;60.36;658222
FR0013176526;29/03/17;61.20;61.55;60.57;61.21;727963
FR0013176526;30/03/17;61.64;62.70;61.44;62.49;940385
FR0013176526;31/03/17;62.49;62.60;61.87;62.43;708817
GB00BDSFG982;01/03/17;30.51;31.31;30.51;31.30;1423037
GB00BDSFG982;02/03/17;31.50;32.105;31.495;31.58;1434108
GB00BDSFG982;03/03/17;31.48;31.58;31.245;31.245;1084780
GB00BDSFG982;06/03/17;30.51;30.62;30.25;30.26;1397348
GB00BDSFG982;07/03/17;30.30;30.39;29.93;29.99;1152400
GB00BDSFG982;08/03/17;29.90;30.26;29.515;30.01;1372967
GB00BDSFG982;09/03/17;30.00;30.00;29.175;29.34;2193082
GB00BDSFG982;10/03/17;29.545;29.895;29.315;29.47;1575527
GB00BDSFG982;13/03/17;29.78;30.025;29.64;29.71;1275971
GB00BDSFG982;14/03/17;29.70;29.805;29.12;29.25;1431685
GB00BDSFG982;15/03/17;29.60;29.93;29.54;29.74;1781921
GB00BDSFG982;16/03/17;29.955;30.125;29.35;29.60;1617318
GB00BDSFG982;17/03/17;29.27;29.735;29.00;29.00;8583527
GB00BDSFG982;20/03/17;29.26;29.30;28.945;29.095;1565386
GB00BDSFG982;21/03/17;29.29;29.42;29.015;29.25;1307197
GB00BDSFG982;22/03/17;29.205;29.565;29.02;29.50;1629426
GB00BDSFG982;23/03/17;29.60;29.63;29.18;29.235;1882324
GB00BDSFG982;24/03/17;29.275;29.36;29.00;29.05;1086698
GB00BDSFG982;27/03/17;28.99;28.99;28.65;28.90;1218388
GB00BDSFG982;28/03/17;28.975;29.26;28.77;29.06;1678951
GB00BDSFG982;29/03/17;29.44;30.40;29.44;30.39;1817329
GB00BDSFG982;30/03/17;30.55;30.96;30.405;30.56;1044910
GB00BDSFG982;31/03/17;30.245;30.775;30.10;30.59;957274
LU1598757687;01/03/17;25.17;26.241;25.164;26.22;8433288
LU1598757687;02/03/17;26.292;26.52;25.521;25.668;6544209
LU1598757687;03/03/17;25.32;25.614;25.134;25.227;6123502
LU1598757687;06/03/17;25.095;25.206;24.54;24.765;6278275
LU1598757687;07/03/17;24.855;24.93;24.411;24.492;4752061
LU1598757687;08/03/17;24.42;24.891;24.27;24.414;4808031
LU1598757687;09/03/17;24.24;24.543;23.574;24.105;8288160
LU1598757687;10/03/17;24.06;24.435;23.544;23.664;6293109
LU1598757687;13/03/17;23.85;24.819;23.79;24.78;7242086
LU1598757687;14/03/17;24.945;25.14;24.18;24.678;7628202
LU1598757687;15/03/17;25.05;25.245;24.753;24.99;6594430
LU1598757687;16/03/17;25.788;25.923;25.434;25.605;9846011
LU1598757687;17/03/17;25.383;25.737;25.203;25.554;7383564
LU1598757687;20/03/17;25.26;25.524;25.161;25.377;3969610
LU1598757687;21/03/17;25.47;25.53;24.408;24.567;7476327
LU1598757687;22/03/17;24.06;24.63;23.727;24.429;8726414
LU1598757687;23/03/17;24.498;24.855;24.036;24.105;6967138
LU1598757687;24/03/17;24.225;24.45;23.814;23.961;4605205
LU1598757687;27/03/17;23.001;23.40;22.368;22.794;10856477
LU1598757687;28/03/17;23.04;23.259;22.566;23.256;5860214
LU1598757687;29/03/17;23.382;23.853;23.172;23.406;5779025
LU1598757687;30/03/17;23.34;23.961;23.13;23.937;5471800
LU1598757687;31/03/17;24.00;24.12;23.523;23.658;6743508
NL0000226223;01/03/17;14.47;14.68;14.425;14.67;1809268
NL0000226223;02/03/17;14.775;14.825;14.555;14.715;2163916
NL0000226223;03/03/17;14.77;14.81;14.59;14.73;1719653
NL0000226223;06/03/17;14.70;14.70;14.42;14.44;1444901
NL0000226223;07/03/17;14.50;14.59;14.43;14.575;2498779
NL0000226223;08/03/17;14.515;14.84;14.51;14.775;1937134
NL0000226223;09/03/17;14.78;14.78;13.77;14.395;4728432
NL0000226223;10/03/17;14.395;14.40;14.18;14.19;2293001
NL0000226223;13/03/17;14.155;14.40;13.80;14.235;3885809
NL0000226223;14/03/17;14.205;14.305;14.115;14.29;1648719
NL0000226223;15/03/17;14.345;14.45;14.13;14.435;2175414
NL0000226223;16/03/17;14.515;14.60;14.395;14.445;2107466
NL0000226223;17/03/17;14.50;14.595;14.37;14.525;2298925
NL0000226223;20/03/17;14.50;14.55;14.23;14.335;2815916
NL0000226223;21/03/17;14.415;14.415;13.69;13.735;2082390
NL0000226223;22/03/17;13.60;13.995;13.305;13.95;3354093
NL0000226223;23/03/17;13.975;14.18;13.89;14.18;1773772
NL0000226223;24/03/17;14.19;14.805;14.07;14.785;2719093
NL0000226223;27/03/17;14.55;14.75;14.17;14.405;2004642
NL0000226223;28/03/17;14.515;14.515;14.31;14.455;1837648
NL0000226223;29/03/17;14.40;14.57;14.325;14.45;1859667
NL0000226223;30/03/17;14.49;14.535;14.33;14.365;1497456
NL0000226223;31/03/17;14.435;14.46;14.305;14.33;1281764
NL0000235190;01/03/17;69.69;71.40;69.64;71.12;2496301
NL0000235190;02/03/17;71.16;71.70;70.93;71.70;1562954
NL0000235190;03/03/17;71.57;71.85;70.92;71.17;1968675
NL0000235190;06/03/17;70.65;71.47;70.50;71.05;1926655
NL0000235190;07/03/17;70.94;70.96;69.90;70.19;1942419
NL0000235190;08/03/17;69.89;70.74;69.64;70.47;1262311
NL0000235190;09/03/17;70.25;70.50;69.78;70.06;1559193
NL0000235190;10/03/17;70.20;70.78;70.06;70.06;1299185
NL0000235190;13/03/17;70.25;70.39;69.91;69.95;942671
NL0000235190;14/03/17;70.20;70.57;69.89;70.20;1031487
NL0000235190;15/03/17;70.40;70.47;69.98;70.43;1397171
NL0000235190;16/03/17;70.81;70.90;69.85;70.36;1547533
NL0000235190;17/03/17;69.00;70.05;68.99;70.01;2785113
NL0000235190;20/03/17;69.70;70.79;69.62;70.60;1052748
NL0000235190;21/03/17;70.70;71.01;69.34;69.61;1691796
NL0000235190;22/03/17;69.00;69.33;68.28;68.90;1942474
NL0000235190;23/03/17;68.83;70.01;68.54;69.85;1433698
NL0000235190;24/03/17;69.73;70.24;69.44;70.02;1138325
NL0000235190;27/03/17;69.31;69.50;68.78;69.33;1342929
NL0000235190;28/03/17;69.52;70.85;69.52;70.83;1089990
NL0000235190;29/03/17;71.00;71.85;70.93;71.62;1341066
NL0000235190;30/03/17;71.62;72.12;71.46;71.64;1117112
NL0000235190;31/03/17;71.10;71.47;70.86;71.33;2074757
