BE0003470755;02/03/15;132.25;132.95;129.20;130.05;337221
BE0003470755;03/03/15;130.00;130.30;128.55;128.70;243800
BE0003470755;04/03/15;129.25;130.95;128.40;130.80;295973
BE0003470755;05/03/15;130.65;131.25;129.35;130.00;396893
BE0003470755;06/03/15;129.75;132.60;129.30;132.50;357323
BE0003470755;09/03/15;131.80;131.85;130.35;131.75;299225
BE0003470755;10/03/15;131.25;132.25;129.85;130.45;249194
BE0003470755;11/03/15;131.20;134.00;130.80;133.85;191214
BE0003470755;12/03/15;133.85;134.50;132.85;133.20;169894
BE0003470755;13/03/15;133.30;134.40;132.00;133.10;185078
BE0003470755;16/03/15;133.45;135.15;133.40;134.60;180644
BE0003470755;17/03/15;134.65;134.95;133.15;133.30;190514
BE0003470755;18/03/15;133.50;133.75;132.15;133.20;252763
BE0003470755;19/03/15;133.30;134.95;132.80;132.90;214469
BE0003470755;20/03/15;133.45;136.40;133.45;135.90;313540
BE0003470755;23/03/15;136.00;136.00;134.20;135.10;219264
BE0003470755;24/03/15;134.95;136.45;134.50;136.20;157659
BE0003470755;25/03/15;136.00;137.05;134.95;134.95;144916
BE0003470755;26/03/15;133.90;134.00;131.10;133.05;371047
BE0003470755;27/03/15;133.15;134.60;133.15;134.00;209764
BE0003470755;30/03/15;134.35;136.90;134.10;135.65;213880
BE0003470755;31/03/15;135.90;136.30;133.95;134.55;237935
FR0000045072;02/03/15;12.58;12.78;12.57;12.745;7262680
FR0000045072;03/03/15;12.79;12.83;12.535;12.585;8385192
FR0000045072;04/03/15;12.665;12.86;12.57;12.785;7532379
FR0000045072;05/03/15;12.84;12.87;12.685;12.805;7337030
FR0000045072;06/03/15;12.815;13.13;12.73;13.05;8125641
FR0000045072;09/03/15;12.95;13.005;12.81;12.95;6052913
FR0000045072;10/03/15;12.935;13.04;12.72;12.72;5795366
FR0000045072;11/03/15;12.805;13.12;12.805;13.09;6812268
FR0000045072;12/03/15;13.09;13.14;12.99;13.06;4501620
FR0000045072;13/03/15;13.10;13.145;12.995;13.10;4287648
FR0000045072;16/03/15;13.105;13.385;13.105;13.285;6881553
FR0000045072;17/03/15;13.305;13.335;13.085;13.23;5895973
FR0000045072;18/03/15;13.235;13.305;13.00;13.075;8197273
FR0000045072;19/03/15;13.11;13.245;13.045;13.23;5647715
FR0000045072;20/03/15;13.205;13.47;13.11;13.415;6734326
FR0000045072;23/03/15;13.405;13.69;13.34;13.515;6018456
FR0000045072;24/03/15;13.50;13.81;13.455;13.74;6454645
FR0000045072;25/03/15;13.745;13.835;13.63;13.67;5297929
FR0000045072;26/03/15;13.525;13.63;13.275;13.46;7073651
FR0000045072;27/03/15;13.535;13.66;13.44;13.61;7055677
FR0000045072;30/03/15;13.69;14.025;13.66;13.895;7621527
FR0000045072;31/03/15;13.88;14.01;13.675;13.675;7365022
FR0000051732;02/03/15;63.60;63.72;62.61;63.02;575222
FR0000051732;03/03/15;63.13;63.44;61.62;61.70;1034278
FR0000051732;04/03/15;61.90;62.30;61.57;62.24;656850
FR0000051732;05/03/15;62.45;63.75;62.30;63.46;820277
FR0000051732;06/03/15;63.55;64.05;63.39;63.85;580294
FR0000051732;09/03/15;63.85;64.17;63.67;64.01;516101
FR0000051732;10/03/15;64.08;64.40;63.38;63.41;654125
FR0000051732;11/03/15;63.50;65.31;63.50;64.89;698387
FR0000051732;12/03/15;65.00;65.86;64.70;65.60;562686
FR0000051732;13/03/15;66.10;66.19;64.84;65.72;537835
FR0000051732;16/03/15;65.92;66.32;65.55;65.93;420343
FR0000051732;17/03/15;66.20;66.30;64.80;65.43;396403
FR0000051732;18/03/15;65.78;66.28;65.03;66.04;467666
FR0000051732;19/03/15;66.10;66.74;65.96;66.59;522066
FR0000051732;20/03/15;66.59;67.20;66.59;66.64;672975
FR0000051732;23/03/15;66.84;66.90;65.71;66.30;339841
FR0000051732;24/03/15;66.25;67.15;66.17;66.64;313110
FR0000051732;25/03/15;66.33;66.50;64.87;64.94;462870
FR0000051732;26/03/15;64.62;64.79;63.44;64.71;544741
FR0000051732;27/03/15;64.90;65.32;64.29;64.36;389655
FR0000051732;30/03/15;64.85;65.30;64.81;65.10;281068
FR0000051732;31/03/15;65.20;65.63;64.08;64.27;424535
FR0000073272;02/03/15;63.29;63.93;63.20;63.76;809736
FR0000073272;03/03/15;62.75;63.66;62.58;63.00;2153008
FR0000073272;04/03/15;63.03;63.84;63.02;63.77;938107
FR0000073272;05/03/15;63.96;65.75;63.77;65.67;1168293
FR0000073272;06/03/15;65.56;66.68;65.31;65.63;1817196
FR0000073272;09/03/15;65.65;65.99;64.94;65.84;929492
FR0000073272;10/03/15;66.20;66.90;65.90;66.08;766733
FR0000073272;11/03/15;66.24;68.08;66.07;67.75;1026723
FR0000073272;12/03/15;68.00;68.15;66.72;66.80;1153129
FR0000073272;13/03/15;67.07;67.18;66.27;66.57;922139
FR0000073272;16/03/15;66.86;68.17;66.71;68.05;861710
FR0000073272;17/03/15;68.05;68.47;65.89;66.60;1088534
FR0000073272;18/03/15;67.08;67.82;65.94;66.20;925800
FR0000073272;19/03/15;65.31;66.24;65.06;66.18;811150
FR0000073272;20/03/15;65.59;66.00;64.99;65.54;1737528
FR0000073272;23/03/15;65.51;65.98;65.02;65.14;1029602
FR0000073272;24/03/15;65.00;66.11;64.58;65.39;1365264
FR0000073272;25/03/15;65.00;65.57;64.33;64.38;917806
FR0000073272;26/03/15;64.20;64.66;62.77;64.26;1263728
FR0000073272;27/03/15;64.45;65.13;64.06;64.15;875746
FR0000073272;30/03/15;64.38;65.26;64.34;64.96;537342
FR0000073272;31/03/15;64.69;65.62;64.67;65.00;1462508
FR0000120073;02/03/15;107.2727;107.5909;106.6364;107.0455;724171
FR0000120073;03/03/15;106.6364;107.8182;105.9091;106.0909;618823
FR0000120073;04/03/15;105.8636;107.1818;105.6818;107.1364;764515
FR0000120073;05/03/15;106.9545;108.2727;106.6364;108.0455;808380
FR0000120073;06/03/15;106.8182;108.1364;106.7727;107.8182;792349
FR0000120073;09/03/15;106.9545;107.9545;106.5909;107.9545;722102
FR0000120073;10/03/15;107.4545;107.8636;106.7727;106.8636;886020
FR0000120073;11/03/15;107.50;110.3182;107.3636;110.0909;1154586
FR0000120073;12/03/15;109.4545;110.1818;109.2727;109.7273;691913
FR0000120073;13/03/15;109.5455;109.9545;108.9091;109.6818;942331
FR0000120073;16/03/15;109.6818;111.5909;109.6818;111.2727;924451
FR0000120073;17/03/15;111.1818;112.3182;110.50;111.1818;860382
FR0000120073;18/03/15;111.00;111.5454;110.3182;111.2273;765483
FR0000120073;19/03/15;111.0909;112.00;110.3182;110.4545;1050907
FR0000120073;20/03/15;110.3182;111.3636;110.2727;110.7273;1709802
FR0000120073;23/03/15;111.00;111.0455;109.4545;109.8182;754981
FR0000120073;24/03/15;109.9545;111.0455;109.6818;110.7273;758456
FR0000120073;25/03/15;110.9091;110.9546;109.4091;109.4545;719662
FR0000120073;26/03/15;109.0454;109.3182;107.7273;108.8636;1227047
FR0000120073;27/03/15;109.0909;109.6818;108.7273;109.2273;858793
FR0000120073;30/03/15;109.8636;111.0909;109.8636;110.3636;932432
FR0000120073;31/03/15;109.8636;111.0909;108.9091;108.9091;1199479
FR0000120172;02/03/15;29.37;29.89;29.37;29.65;1734644
FR0000120172;03/03/15;29.51;29.88;29.19;29.31;2392950
FR0000120172;04/03/15;29.19;29.82;29.19;29.66;2815542
FR0000120172;05/03/15;29.685;30.715;29.685;30.365;5146540
FR0000120172;06/03/15;30.37;31.425;30.18;31.055;5161526
FR0000120172;09/03/15;31.00;31.45;30.905;31.07;3521230
FR0000120172;10/03/15;30.98;31.105;30.565;30.565;3091831
FR0000120172;11/03/15;30.58;30.885;30.475;30.715;3067596
FR0000120172;12/03/15;30.71;31.005;30.525;30.855;2626024
FR0000120172;13/03/15;30.935;31.26;30.81;31.135;2990597
FR0000120172;16/03/15;31.155;31.29;30.955;31.07;2472758
FR0000120172;17/03/15;31.05;31.33;30.88;31.11;2349130
FR0000120172;18/03/15;31.19;31.325;30.88;31.18;1888492
FR0000120172;19/03/15;31.15;31.56;31.12;31.42;3353172
FR0000120172;20/03/15;31.405;32.015;31.405;31.885;4492764
FR0000120172;23/03/15;31.795;32.05;31.565;31.885;2834655
FR0000120172;24/03/15;31.22;31.80;31.15;31.56;6002625
FR0000120172;25/03/15;31.415;31.575;30.905;30.985;3811961
FR0000120172;26/03/15;30.755;30.99;30.625;30.99;6974815
FR0000120172;27/03/15;31.00;31.37;30.84;31.22;3307737
FR0000120172;30/03/15;31.29;31.67;31.15;31.295;2116815
FR0000120172;31/03/15;31.26;31.615;31.075;31.09;2859837
FR0000120271;02/03/15;48.165;48.165;47.085;47.19;7258940
FR0000120271;03/03/15;47.20;47.385;46.735;47.125;6250748
FR0000120271;04/03/15;47.50;47.80;46.985;47.435;6428028
FR0000120271;05/03/15;47.81;48.305;47.45;47.47;6243497
FR0000120271;06/03/15;47.265;47.50;46.90;47.005;5904960
FR0000120271;09/03/15;46.81;46.875;46.29;46.685;5690876
FR0000120271;10/03/15;46.59;46.59;45.12;45.18;9558545
FR0000120271;11/03/15;45.37;45.77;45.02;45.465;9416414
FR0000120271;12/03/15;45.475;45.985;45.33;45.44;5547048
FR0000120271;13/03/15;45.52;45.52;44.225;44.645;9296686
FR0000120271;16/03/15;44.705;44.795;44.18;44.57;7105448
FR0000120271;17/03/15;44.625;45.32;44.60;45.21;8321786
FR0000120271;18/03/15;45.38;46.00;45.15;46.00;7094344
FR0000120271;19/03/15;46.145;46.58;45.945;46.475;6671262
FR0000120271;20/03/15;46.67;47.775;46.255;47.635;14032253
FR0000120271;23/03/15;47.185;47.20;46.72;46.95;5856205
FR0000120271;24/03/15;46.565;47.285;46.37;46.885;5720541
FR0000120271;25/03/15;46.545;46.92;46.42;46.505;6156620
FR0000120271;26/03/15;46.85;47.41;45.975;46.59;9107892
FR0000120271;27/03/15;46.67;46.67;45.94;46.595;7335388
FR0000120271;30/03/15;46.51;47.245;46.305;47.00;5479616
FR0000120271;31/03/15;46.865;47.13;46.17;46.275;7320039
FR0000120321;02/03/15;162.85;162.90;160.75;162.10;615748
FR0000120321;03/03/15;161.50;163.45;160.55;161.10;545506
FR0000120321;04/03/15;161.60;163.30;160.00;163.30;684737
FR0000120321;05/03/15;163.65;164.90;163.45;164.75;775604
FR0000120321;06/03/15;164.35;165.85;164.20;165.60;659532
FR0000120321;09/03/15;164.65;165.45;163.25;165.30;618031
FR0000120321;10/03/15;164.70;165.60;163.90;164.80;624121
FR0000120321;11/03/15;165.90;170.00;165.45;169.70;985710
FR0000120321;12/03/15;169.30;170.30;168.50;169.05;573523
FR0000120321;13/03/15;169.25;171.75;168.95;171.75;644393
FR0000120321;16/03/15;171.80;173.60;171.55;173.30;637940
FR0000120321;17/03/15;173.20;174.25;171.50;172.50;690887
FR0000120321;18/03/15;171.20;172.30;169.75;170.95;975649
FR0000120321;19/03/15;170.95;172.00;168.95;170.25;710309
FR0000120321;20/03/15;170.10;172.60;170.10;172.10;1051530
FR0000120321;23/03/15;172.45;172.55;169.35;171.15;549612
FR0000120321;24/03/15;171.15;173.10;170.80;171.40;707685
FR0000120321;25/03/15;170.75;171.10;168.35;168.95;562794
FR0000120321;26/03/15;167.50;169.00;165.40;169.00;753317
FR0000120321;27/03/15;169.85;172.35;169.30;172.15;822331
FR0000120321;30/03/15;172.00;174.25;171.10;172.55;586466
FR0000120321;31/03/15;172.00;173.85;171.15;171.35;825185
FR0000120404;02/03/15;46.80;47.165;46.65;47.15;986632
FR0000120404;03/03/15;47.085;47.41;46.14;46.24;1127101
FR0000120404;04/03/15;46.495;46.62;46.075;46.61;868257
FR0000120404;05/03/15;46.78;48.455;46.62;48.35;1613069
FR0000120404;06/03/15;48.25;49.37;48.17;49.205;1490980
FR0000120404;09/03/15;48.915;49.00;48.40;48.765;1189259
FR0000120404;10/03/15;48.635;49.165;48.15;48.155;769963
FR0000120404;11/03/15;48.065;49.705;48.00;49.69;1460541
FR0000120404;12/03/15;49.78;50.46;49.37;50.45;1286883
FR0000120404;13/03/15;50.45;51.04;50.32;50.55;781454
FR0000120404;16/03/15;50.99;51.16;50.49;51.05;662644
FR0000120404;17/03/15;51.22;51.22;50.57;50.87;1036133
FR0000120404;18/03/15;51.03;51.03;49.61;50.15;920897
FR0000120404;19/03/15;49.855;50.65;49.43;49.765;1257574
FR0000120404;20/03/15;49.765;50.41;49.715;49.985;838654
FR0000120404;23/03/15;50.00;50.12;49.385;49.61;621562
FR0000120404;24/03/15;49.255;49.86;48.00;49.48;1084425
FR0000120404;25/03/15;47.44;48.135;47.36;47.375;4324189
FR0000120404;26/03/15;47.13;48.23;46.545;48.23;2299822
FR0000120404;27/03/15;48.80;48.89;48.26;48.58;2945677
FR0000120404;30/03/15;48.60;49.38;48.365;48.68;1141867
FR0000120404;31/03/15;48.75;49.39;47.96;48.58;1290789
FR0000120503;02/03/15;35.315;36.175;35.315;35.80;1416495
FR0000120503;03/03/15;35.96;36.20;35.71;35.82;1416686
FR0000120503;04/03/15;35.98;36.075;35.44;36.045;800457
FR0000120503;05/03/15;36.095;36.585;35.92;36.45;1174726
FR0000120503;06/03/15;36.385;36.74;36.24;36.375;889429
FR0000120503;09/03/15;36.14;36.385;35.05;35.095;1890862
FR0000120503;10/03/15;35.00;36.265;34.935;35.76;1668898
FR0000120503;11/03/15;35.995;37.435;35.915;37.38;1834693
FR0000120503;12/03/15;37.34;37.40;36.275;36.47;1439790
FR0000120503;13/03/15;36.585;37.215;36.475;37.215;1157391
FR0000120503;16/03/15;37.135;37.365;36.855;37.305;1044614
FR0000120503;17/03/15;37.325;37.43;36.425;36.845;1218651
FR0000120503;18/03/15;36.915;37.165;36.485;37.145;935868
FR0000120503;19/03/15;37.07;37.205;36.53;36.765;883704
FR0000120503;20/03/15;36.35;37.13;36.08;36.90;1854887
FR0000120503;23/03/15;36.835;37.13;36.48;37.055;842193
FR0000120503;24/03/15;37.00;37.43;36.91;37.345;685180
FR0000120503;25/03/15;37.145;37.32;36.745;36.945;697655
FR0000120503;26/03/15;36.56;36.885;36.05;36.885;1077229
FR0000120503;27/03/15;36.76;36.835;36.44;36.62;765189
FR0000120503;30/03/15;36.715;37.16;36.40;36.565;872647
FR0000120503;31/03/15;36.405;36.97;36.20;36.54;983868
FR0000120578;02/03/15;87.35;87.50;85.93;86.40;3198647
FR0000120578;03/03/15;86.50;87.26;86.06;86.16;2551220
FR0000120578;04/03/15;86.50;87.45;85.71;87.45;3140628
FR0000120578;05/03/15;87.30;88.51;87.15;87.84;2787618
FR0000120578;06/03/15;87.68;88.03;87.32;87.65;2527571
FR0000120578;09/03/15;87.46;88.01;87.06;87.60;2349701
FR0000120578;10/03/15;87.60;87.81;85.80;86.38;2873683
FR0000120578;11/03/15;87.00;89.37;86.94;89.27;3773793
FR0000120578;12/03/15;89.00;89.66;88.48;89.50;2629131
FR0000120578;13/03/15;89.70;89.93;88.53;89.83;2716332
FR0000120578;16/03/15;90.00;92.41;89.93;92.07;3625387
FR0000120578;17/03/15;92.29;92.97;91.35;92.24;3681484
FR0000120578;18/03/15;92.24;93.23;91.99;93.06;2573488
FR0000120578;19/03/15;93.00;93.74;92.28;92.98;3261003
FR0000120578;20/03/15;93.42;94.20;92.71;93.63;5632034
FR0000120578;23/03/15;93.73;93.89;92.95;93.50;2424693
FR0000120578;24/03/15;93.37;94.40;93.13;94.04;2416995
FR0000120578;25/03/15;93.62;93.96;91.94;92.14;3137030
FR0000120578;26/03/15;91.51;91.93;89.53;91.38;3916388
FR0000120578;27/03/15;91.19;92.49;89.88;91.69;3742364
FR0000120578;30/03/15;92.00;93.22;91.70;92.70;2350365
FR0000120578;31/03/15;92.61;93.46;91.71;91.93;3268969
FR0000120628;02/03/15;22.605;22.725;22.405;22.465;6770102
FR0000120628;03/03/15;22.55;22.625;22.135;22.225;6814137
FR0000120628;04/03/15;22.34;22.625;22.115;22.53;8549788
FR0000120628;05/03/15;22.64;22.79;22.53;22.68;8322799
FR0000120628;06/03/15;22.64;22.915;22.615;22.79;7551700
FR0000120628;09/03/15;22.71;22.94;22.645;22.835;7581172
FR0000120628;10/03/15;22.82;22.845;22.395;22.395;9579988
FR0000120628;11/03/15;22.42;22.94;22.42;22.82;7644413
FR0000120628;12/03/15;22.905;23.135;22.82;23.11;9100222
FR0000120628;13/03/15;23.165;23.435;23.05;23.405;8795281
FR0000120628;16/03/15;23.46;23.85;23.44;23.76;8020601
FR0000120628;17/03/15;23.81;23.92;23.43;23.475;8059177
FR0000120628;18/03/15;23.47;23.605;23.295;23.325;7414051
FR0000120628;19/03/15;23.20;23.36;23.105;23.325;8808248
FR0000120628;20/03/15;23.40;23.895;23.285;23.825;10990531
FR0000120628;23/03/15;23.83;23.89;23.34;23.425;6903038
FR0000120628;24/03/15;23.36;23.77;23.32;23.67;7994945
FR0000120628;25/03/15;23.65;23.775;23.47;23.555;5501295
FR0000120628;26/03/15;23.285;23.34;22.785;23.25;9588625
FR0000120628;27/03/15;23.375;23.59;23.33;23.53;7648921
FR0000120628;30/03/15;23.70;23.79;23.54;23.75;5614805
FR0000120628;31/03/15;23.735;23.815;23.45;23.455;7224817
FR0000120644;02/03/15;62.08;62.29;61.52;61.80;1411829
FR0000120644;03/03/15;61.80;62.38;61.40;61.50;1377175
FR0000120644;04/03/15;61.59;61.78;60.93;61.37;2651791
FR0000120644;05/03/15;61.50;62.55;61.43;62.40;1697729
FR0000120644;06/03/15;62.26;62.62;62.05;62.42;1657253
FR0000120644;09/03/15;62.00;62.17;61.62;61.79;1207807
FR0000120644;10/03/15;61.61;61.67;60.80;60.85;1418426
FR0000120644;11/03/15;61.20;62.31;61.09;61.97;1927080
FR0000120644;12/03/15;61.91;62.02;61.52;61.63;933032
FR0000120644;13/03/15;61.55;62.20;61.36;62.19;1176660
FR0000120644;16/03/15;62.10;62.97;62.06;62.66;1696197
FR0000120644;17/03/15;62.42;62.76;61.97;62.24;1455325
FR0000120644;18/03/15;62.08;63.02;61.97;62.88;1475810
FR0000120644;19/03/15;62.75;63.18;62.29;62.63;1778393
FR0000120644;20/03/15;62.50;63.09;62.38;62.75;2449197
FR0000120644;23/03/15;62.65;62.71;62.03;62.66;1107754
FR0000120644;24/03/15;62.58;63.25;62.45;62.98;1571081
FR0000120644;25/03/15;62.80;63.00;62.06;62.16;1400138
FR0000120644;26/03/15;62.11;62.23;61.06;62.23;1975432
FR0000120644;27/03/15;62.59;63.19;62.15;62.92;1728211
FR0000120644;30/03/15;62.92;63.28;62.56;62.69;1900503
FR0000120644;31/03/15;63.22;63.39;62.29;62.62;2095773
FR0000120693;02/03/15;105.75;106.00;104.80;105.25;335683
FR0000120693;03/03/15;105.55;106.30;104.90;105.20;428047
FR0000120693;04/03/15;105.25;106.30;104.65;106.30;495543
FR0000120693;05/03/15;106.20;106.80;105.60;106.40;459371
FR0000120693;06/03/15;106.55;106.90;106.05;106.65;541127
FR0000120693;09/03/15;106.00;106.30;105.20;105.80;429235
FR0000120693;10/03/15;105.50;106.00;104.65;105.25;442403
FR0000120693;11/03/15;105.70;108.20;105.45;107.80;622320
FR0000120693;12/03/15;107.80;107.85;106.30;106.55;455850
FR0000120693;13/03/15;106.50;107.35;105.85;107.30;439125
FR0000120693;16/03/15;107.50;109.30;107.45;108.70;416040
FR0000120693;17/03/15;109.05;109.70;108.00;108.80;462093
FR0000120693;18/03/15;108.80;109.50;108.20;109.20;447908
FR0000120693;19/03/15;109.65;110.50;107.65;109.15;640575
FR0000120693;20/03/15;109.00;109.95;108.90;109.15;549386
FR0000120693;23/03/15;108.85;108.95;107.35;108.55;352474
FR0000120693;24/03/15;108.10;109.30;107.65;107.85;555227
FR0000120693;25/03/15;107.90;108.55;106.35;106.55;426915
FR0000120693;26/03/15;106.55;109.50;105.65;107.90;900922
FR0000120693;27/03/15;108.55;111.10;108.10;110.45;802406
FR0000120693;30/03/15;110.85;111.85;110.45;111.15;374444
FR0000120693;31/03/15;110.60;111.15;109.40;110.15;523292
FR0000121014;02/03/15;163.90;164.85;163.20;164.75;845868
FR0000121014;03/03/15;165.00;166.30;162.15;162.40;760748
FR0000121014;04/03/15;163.30;165.10;162.50;165.10;903311
FR0000121014;05/03/15;165.40;168.00;165.15;167.70;795135
FR0000121014;06/03/15;167.35;169.10;167.30;168.90;800225
FR0000121014;09/03/15;168.05;168.55;166.70;167.80;837924
FR0000121014;10/03/15;167.10;168.45;166.00;166.25;803530
FR0000121014;11/03/15;166.30;171.65;165.60;171.50;1051783
FR0000121014;12/03/15;170.80;171.25;169.75;170.60;595817
FR0000121014;13/03/15;170.80;171.30;169.65;171.25;529314
FR0000121014;16/03/15;172.25;175.40;171.55;174.70;881866
FR0000121014;17/03/15;174.50;174.70;171.45;172.70;849361
FR0000121014;18/03/15;172.20;172.20;169.10;170.75;958047
FR0000121014;19/03/15;170.00;170.95;168.30;168.30;1054885
FR0000121014;20/03/15;168.30;169.90;166.40;169.25;1540391
FR0000121014;23/03/15;165.00;165.65;160.15;164.50;1144696
FR0000121014;24/03/15;165.10;167.30;164.55;166.45;913130
FR0000121014;25/03/15;166.35;166.95;162.95;163.60;921623
FR0000121014;26/03/15;163.00;163.15;159.45;162.35;1465220
FR0000121014;27/03/15;163.00;163.80;161.30;162.25;1011788
FR0000121014;30/03/15;163.75;166.30;162.85;164.50;846369
FR0000121014;31/03/15;164.80;165.25;162.75;164.15;931123
FR0000121220;02/03/15;90.06;90.07;89.12;89.74;338993
FR0000121220;03/03/15;89.43;90.60;89.12;89.30;256062
FR0000121220;04/03/15;89.74;90.44;88.70;90.44;242090
FR0000121220;05/03/15;90.73;91.57;90.31;91.42;239021
FR0000121220;06/03/15;91.42;91.76;91.17;91.36;184981
FR0000121220;09/03/15;90.30;91.62;89.82;91.20;231935
FR0000121220;10/03/15;91.25;91.84;90.18;90.40;169432
FR0000121220;11/03/15;90.42;91.80;90.42;91.65;187317
FR0000121220;12/03/15;91.85;92.58;91.28;92.58;224363
FR0000121220;13/03/15;92.55;93.26;92.18;93.24;151639
FR0000121220;16/03/15;93.44;93.81;92.75;93.59;247766
FR0000121220;17/03/15;93.69;93.76;92.50;93.43;262922
FR0000121220;18/03/15;93.50;93.70;92.96;93.53;246889
FR0000121220;19/03/15;93.03;93.92;92.91;93.50;207672
FR0000121220;20/03/15;93.58;93.92;92.82;93.12;233604
FR0000121220;23/03/15;91.74;92.31;90.92;91.67;245897
FR0000121220;24/03/15;91.33;92.96;91.33;92.73;317393
FR0000121220;25/03/15;92.56;92.57;90.65;90.69;265109
FR0000121220;26/03/15;90.00;90.00;87.59;88.89;530300
FR0000121220;27/03/15;89.11;89.81;88.73;89.26;275581
FR0000121220;30/03/15;89.42;91.15;89.42;90.38;169061
FR0000121220;31/03/15;90.55;91.94;90.12;90.79;335039
FR0000121261;02/03/15;86.40;86.50;84.69;85.24;582747
FR0000121261;03/03/15;85.64;85.96;83.58;83.59;773706
FR0000121261;04/03/15;84.00;84.55;82.02;83.54;1103231
FR0000121261;05/03/15;83.89;84.94;83.60;83.96;712204
FR0000121261;06/03/15;84.20;84.88;84.08;84.51;659002
FR0000121261;09/03/15;84.43;85.58;83.78;85.49;733274
FR0000121261;10/03/15;85.44;86.19;83.89;84.55;688163
FR0000121261;11/03/15;84.50;87.07;84.50;86.94;1075797
FR0000121261;12/03/15;86.76;87.20;85.86;87.05;605991
FR0000121261;13/03/15;87.75;90.58;87.72;90.55;1361951
FR0000121261;16/03/15;90.65;92.47;90.60;91.99;1123847
FR0000121261;17/03/15;91.95;92.94;91.29;91.60;945319
FR0000121261;18/03/15;92.09;92.95;89.97;91.06;988432
FR0000121261;19/03/15;90.96;92.28;89.68;91.39;825671
FR0000121261;20/03/15;91.59;91.97;90.46;91.25;911485
FR0000121261;23/03/15;91.04;91.17;89.30;89.55;548876
FR0000121261;24/03/15;89.75;91.47;89.54;91.08;748780
FR0000121261;25/03/15;90.94;92.19;90.58;90.80;814110
FR0000121261;26/03/15;90.14;91.84;89.10;91.84;928051
FR0000121261;27/03/15;92.00;93.86;91.61;91.74;947451
FR0000121261;30/03/15;92.49;93.39;91.99;93.16;665955
FR0000121261;31/03/15;92.86;93.48;92.28;92.61;714448
FR0000121485;02/03/15;182.75;183.50;180.60;181.55;203050
FR0000121485;03/03/15;182.00;183.40;180.15;180.50;230242
FR0000121485;04/03/15;180.70;182.00;180.55;181.90;202361
FR0000121485;05/03/15;182.05;183.00;181.40;182.00;209168
FR0000121485;06/03/15;181.95;183.80;181.70;183.15;226183
FR0000121485;09/03/15;183.75;183.75;181.05;183.10;180557
FR0000121485;10/03/15;183.15;185.50;182.90;184.30;321043
FR0000121485;11/03/15;185.00;190.55;183.35;190.15;389975
FR0000121485;12/03/15;189.60;191.40;189.30;191.05;292697
FR0000121485;13/03/15;191.05;191.70;188.65;189.85;151185
FR0000121485;16/03/15;190.05;195.40;190.00;194.85;353540
FR0000121485;17/03/15;194.70;197.40;194.45;196.20;379461
FR0000121485;18/03/15;196.90;198.50;196.00;197.00;512394
FR0000121485;19/03/15;197.00;197.50;193.70;194.25;314679
FR0000121485;20/03/15;194.85;195.50;192.95;193.30;362080
FR0000121485;23/03/15;195.50;195.50;188.05;189.75;374923
FR0000121485;24/03/15;189.65;190.70;188.05;188.05;417881
FR0000121485;25/03/15;187.25;187.30;182.70;185.00;631267
FR0000121485;26/03/15;184.85;185.30;182.20;185.00;413885
FR0000121485;27/03/15;185.85;186.40;184.00;184.20;239152
FR0000121485;30/03/15;184.85;186.75;184.30;184.85;209897
FR0000121485;31/03/15;184.35;184.70;180.25;181.80;448860
FR0000121501;02/03/15;15.015;15.09;14.73;14.82;4328997
FR0000121501;03/03/15;14.92;15.045;14.55;14.595;5244936
FR0000121501;04/03/15;14.68;15.175;14.58;15.175;5435416
FR0000121501;05/03/15;15.285;15.73;15.255;15.61;7183552
FR0000121501;06/03/15;16.065;16.275;15.81;16.125;9528234
FR0000121501;09/03/15;16.05;16.245;15.71;16.245;5040746
FR0000121501;10/03/15;16.265;16.35;15.865;16.205;5605199
FR0000121501;11/03/15;16.135;16.81;16.08;16.775;5374106
FR0000121501;12/03/15;16.815;16.94;16.605;16.825;3925241
FR0000121501;13/03/15;16.55;16.69;15.95;16.17;9673177
FR0000121501;16/03/15;16.17;16.68;16.135;16.575;5152034
FR0000121501;17/03/15;16.60;16.675;15.225;15.59;11018419
FR0000121501;18/03/15;15.61;15.76;14.645;15.16;12111259
FR0000121501;19/03/15;15.275;15.595;15.13;15.595;5550401
FR0000121501;20/03/15;15.67;16.09;15.315;15.79;15377344
FR0000121501;23/03/15;15.83;15.90;15.355;15.425;4965307
FR0000121501;24/03/15;15.36;15.68;15.28;15.39;5531510
FR0000121501;25/03/15;15.40;15.50;14.87;14.965;7103515
FR0000121501;26/03/15;14.76;15.435;14.505;15.435;9667425
FR0000121501;27/03/15;15.565;15.85;15.09;15.215;5025216
FR0000121501;30/03/15;15.38;15.795;15.38;15.775;4635082
FR0000121501;31/03/15;15.755;15.87;15.31;15.59;3939318
FR0000121667;02/03/15;104.40;104.90;103.70;104.50;495071
FR0000121667;03/03/15;104.70;105.05;102.85;102.85;415820
FR0000121667;04/03/15;102.80;104.35;102.15;104.35;430096
FR0000121667;05/03/15;104.50;107.20;104.20;106.80;596237
FR0000121667;06/03/15;106.30;106.90;105.15;105.20;523656
FR0000121667;09/03/15;104.75;105.60;103.75;104.60;382358
FR0000121667;10/03/15;104.60;105.15;103.60;104.70;366067
FR0000121667;11/03/15;105.35;106.90;105.35;106.65;514494
FR0000121667;12/03/15;106.50;107.20;106.35;106.75;381877
FR0000121667;13/03/15;107.00;107.80;105.70;107.50;391452
FR0000121667;16/03/15;107.55;109.30;107.50;108.85;443541
FR0000121667;17/03/15;108.90;109.35;106.85;107.20;416910
FR0000121667;18/03/15;107.15;107.95;106.55;107.40;439909
FR0000121667;19/03/15;106.85;108.00;106.00;107.05;490577
FR0000121667;20/03/15;107.05;108.60;107.05;108.35;787778
FR0000121667;23/03/15;108.15;108.15;106.10;107.60;326446
FR0000121667;24/03/15;107.45;108.40;107.25;108.15;329512
FR0000121667;25/03/15;107.70;108.10;105.30;105.30;549982
FR0000121667;26/03/15;104.80;105.00;102.60;104.60;740003
FR0000121667;27/03/15;105.30;106.60;104.95;106.30;520010
FR0000121667;30/03/15;106.45;108.10;106.35;107.35;375020
FR0000121667;31/03/15;107.00;109.00;106.30;106.80;550128
FR0000121972;02/03/15;71.41;71.72;70.71;70.93;1485844
FR0000121972;03/03/15;70.95;71.77;70.75;70.95;1839834
FR0000121972;04/03/15;71.14;71.41;70.25;71.00;1417156
FR0000121972;05/03/15;71.32;72.21;70.99;71.83;1391770
FR0000121972;06/03/15;71.66;72.49;71.60;71.95;1111375
FR0000121972;09/03/15;71.34;71.34;70.83;70.86;1304793
FR0000121972;10/03/15;70.84;71.00;69.76;70.18;1554765
FR0000121972;11/03/15;70.69;72.36;70.48;72.35;2241489
FR0000121972;12/03/15;72.72;72.85;71.72;71.83;1594580
FR0000121972;13/03/15;72.24;73.54;72.02;73.51;2353288
FR0000121972;16/03/15;73.68;74.82;73.68;74.46;1631896
FR0000121972;17/03/15;74.63;74.67;73.21;73.69;1357513
FR0000121972;18/03/15;73.75;73.86;73.16;73.61;1443594
FR0000121972;19/03/15;73.41;74.15;72.46;72.95;1722045
FR0000121972;20/03/15;72.81;74.50;72.69;74.18;2316851
FR0000121972;23/03/15;74.27;74.28;73.13;73.50;994277
FR0000121972;24/03/15;73.38;73.80;73.01;73.53;1628439
FR0000121972;25/03/15;73.23;73.29;71.79;71.90;1807817
FR0000121972;26/03/15;71.40;71.75;70.04;71.71;2300656
FR0000121972;27/03/15;72.09;72.70;71.77;72.13;1663495
FR0000121972;30/03/15;72.13;72.98;71.81;72.34;1230796
FR0000121972;31/03/15;72.05;73.29;71.89;72.35;1768653
FR0000124141;02/03/15;17.475;17.655;17.39;17.435;3104815
FR0000124141;03/03/15;17.145;17.155;16.885;16.92;5851879
FR0000124141;04/03/15;16.98;17.01;16.73;17.00;4068528
FR0000124141;05/03/15;17.02;17.095;16.99;17.08;2065148
FR0000124141;06/03/15;17.09;17.14;17.015;17.02;3206345
FR0000124141;09/03/15;16.96;17.01;16.805;17.005;2320239
FR0000124141;10/03/15;17.00;17.075;16.81;16.98;2284348
FR0000124141;11/03/15;17.02;17.10;17.01;17.085;3708205
FR0000124141;12/03/15;17.10;17.315;17.045;17.30;3418528
FR0000124141;13/03/15;17.30;17.42;17.16;17.30;2921888
FR0000124141;16/03/15;17.35;17.455;17.28;17.395;3275167
FR0000124141;17/03/15;17.40;17.41;17.215;17.32;2527459
FR0000124141;18/03/15;17.33;17.41;17.215;17.39;2465308
FR0000124141;19/03/15;17.435;17.56;17.33;17.44;3381446
FR0000124141;20/03/15;17.455;17.615;17.41;17.51;6265895
FR0000124141;23/03/15;17.49;17.625;17.42;17.57;2320391
FR0000124141;24/03/15;17.55;17.645;17.49;17.58;2497429
FR0000124141;25/03/15;17.55;17.71;17.46;17.695;3595525
FR0000124141;26/03/15;17.69;17.705;17.415;17.535;3519827
FR0000124141;27/03/15;17.56;18.13;17.55;18.07;5000355
FR0000124141;30/03/15;18.10;18.17;17.93;17.975;2355719
FR0000124141;31/03/15;17.91;18.045;17.615;17.615;3107271
FR0000124711;02/03/15;258.35;260.25;256.90;259.95;382332
FR0000124711;03/03/15;261.00;262.00;256.70;256.70;252847
FR0000124711;04/03/15;258.55;258.70;255.05;258.20;247723
FR0000124711;05/03/15;260.00;260.50;257.90;259.45;228567
FR0000124711;06/03/15;258.90;260.30;252.85;253.35;307448
FR0000124711;09/03/15;251.10;251.55;246.05;249.10;402554
FR0000124711;10/03/15;247.80;251.40;247.15;248.00;242657
FR0000124711;11/03/15;245.00;254.05;244.30;252.75;559736
FR0000124711;12/03/15;252.30;253.05;250.55;251.05;296796
FR0000124711;13/03/15;252.30;255.05;251.55;254.95;294517
FR0000124711;16/03/15;255.25;258.00;254.75;256.00;313680
FR0000124711;17/03/15;255.10;256.05;251.50;252.50;318232
FR0000124711;18/03/15;253.55;255.45;252.55;255.20;328400
FR0000124711;19/03/15;256.25;257.55;253.65;255.50;410627
FR0000124711;20/03/15;257.00;258.70;254.35;257.40;830560
FR0000124711;23/03/15;258.80;259.00;255.65;257.20;400914
FR0000124711;24/03/15;252.95;257.15;251.90;255.70;322084
FR0000124711;25/03/15;255.90;258.15;252.25;253.00;288355
FR0000124711;26/03/15;250.65;253.10;247.10;249.50;429313
FR0000124711;27/03/15;250.95;253.65;248.85;253.05;322750
FR0000124711;30/03/15;255.85;258.00;255.05;256.20;303286
FR0000124711;31/03/15;255.05;256.50;251.05;251.05;413399
FR0000125007;02/03/15;40.16;40.635;39.725;39.875;2953254
FR0000125007;03/03/15;39.875;40.225;39.13;39.22;2301108
FR0000125007;04/03/15;39.285;39.465;38.755;39.465;2411782
FR0000125007;05/03/15;39.735;40.09;39.265;39.985;2502088
FR0000125007;06/03/15;40.00;40.77;39.865;40.23;2512663
FR0000125007;09/03/15;40.25;40.535;39.905;40.18;2098251
FR0000125007;10/03/15;40.18;40.425;39.585;39.82;1923969
FR0000125007;11/03/15;39.88;40.90;39.785;40.70;2327194
FR0000125007;12/03/15;40.53;40.91;40.105;40.225;2212294
FR0000125007;13/03/15;40.32;40.59;39.94;40.57;2446810
FR0000125007;16/03/15;40.76;41.345;40.575;41.15;2765066
FR0000125007;17/03/15;41.285;41.285;40.26;41.00;2658448
FR0000125007;18/03/15;41.005;41.175;40.58;41.175;2221805
FR0000125007;19/03/15;41.215;41.625;40.73;40.845;2392757
FR0000125007;20/03/15;40.845;41.75;40.725;41.56;3198243
FR0000125007;23/03/15;41.50;41.50;40.225;40.555;2785658
FR0000125007;24/03/15;40.41;41.615;40.345;41.515;2757869
FR0000125007;25/03/15;41.46;41.515;40.76;40.96;2260688
FR0000125007;26/03/15;40.54;40.745;39.835;40.565;2288094
FR0000125007;27/03/15;40.61;41.19;40.485;40.95;2311419
FR0000125007;30/03/15;41.195;41.32;40.735;40.965;2073282
FR0000125007;31/03/15;40.91;41.58;40.82;40.895;2004324
FR0000125338;02/03/15;72.43;72.70;72.06;72.54;614064
FR0000125338;03/03/15;72.51;73.64;72.51;72.68;831757
FR0000125338;04/03/15;72.91;73.00;71.98;72.77;710590
FR0000125338;05/03/15;72.85;73.51;72.60;73.23;776400
FR0000125338;06/03/15;73.25;73.50;72.12;73.06;814162
FR0000125338;09/03/15;72.87;73.04;72.10;72.90;508270
FR0000125338;10/03/15;72.88;73.75;72.55;72.66;592314
FR0000125338;11/03/15;72.83;74.90;72.83;74.61;565484
FR0000125338;12/03/15;74.39;75.22;74.08;74.85;524671
FR0000125338;13/03/15;75.83;76.20;74.79;75.65;592766
FR0000125338;16/03/15;75.97;76.88;75.88;76.42;498434
FR0000125338;17/03/15;76.57;76.76;75.14;75.62;590756
FR0000125338;18/03/15;75.83;76.21;74.97;75.44;566192
FR0000125338;19/03/15;75.47;76.48;75.08;76.37;520495
FR0000125338;20/03/15;76.41;76.57;75.74;76.02;786878
FR0000125338;23/03/15;76.19;76.48;75.67;76.25;493780
FR0000125338;24/03/15;76.27;76.97;75.99;76.77;484013
FR0000125338;25/03/15;76.27;76.56;73.99;73.99;1058739
FR0000125338;26/03/15;73.37;75.31;71.96;75.11;1319120
FR0000125338;27/03/15;75.69;77.29;75.43;76.63;934486
FR0000125338;30/03/15;77.14;78.26;77.14;78.12;725551
FR0000125338;31/03/15;78.00;78.10;76.04;76.37;834766
FR0000125486;02/03/15;52.81;53.39;52.64;53.05;1456261
FR0000125486;03/03/15;52.95;53.06;51.82;52.04;1870161
FR0000125486;04/03/15;52.03;52.84;51.89;52.74;1580862
FR0000125486;05/03/15;53.00;53.83;52.61;53.65;1918116
FR0000125486;06/03/15;53.76;54.71;53.74;54.15;2033498
FR0000125486;09/03/15;53.87;54.23;53.63;54.15;1487168
FR0000125486;10/03/15;54.00;54.30;53.27;53.86;1690596
FR0000125486;11/03/15;54.11;54.88;53.99;54.69;1548366
FR0000125486;12/03/15;54.56;54.67;53.74;54.29;1508230
FR0000125486;13/03/15;54.28;54.40;53.68;54.27;1154666
FR0000125486;16/03/15;54.21;55.24;54.11;54.91;1714238
FR0000125486;17/03/15;54.90;54.97;53.80;54.82;1876966
FR0000125486;18/03/15;54.81;54.90;53.92;54.53;1607548
FR0000125486;19/03/15;54.60;55.06;54.02;54.40;1581458
FR0000125486;20/03/15;54.40;55.66;54.17;55.47;2967394
FR0000125486;23/03/15;55.50;55.50;54.54;54.95;1630432
FR0000125486;24/03/15;54.81;55.49;54.68;55.29;1296954
FR0000125486;25/03/15;55.18;55.18;54.20;54.37;1669381
FR0000125486;26/03/15;54.03;54.34;53.24;54.09;1866159
FR0000125486;27/03/15;54.16;54.38;53.71;54.24;1422083
FR0000125486;30/03/15;54.33;54.60;54.02;54.14;1549563
FR0000125486;31/03/15;54.13;54.56;53.23;53.23;2780327
FR0000127771;02/03/15;20.605;20.985;20.32;20.74;15365286
FR0000127771;03/03/15;21.00;21.405;20.82;21.035;11764554
FR0000127771;04/03/15;21.14;21.50;20.96;21.405;10622421
FR0000127771;05/03/15;21.53;21.66;21.33;21.615;6895143
FR0000127771;06/03/15;21.565;21.77;21.51;21.56;4901179
FR0000127771;09/03/15;21.555;21.67;21.465;21.52;4479507
FR0000127771;10/03/15;21.56;21.76;21.50;21.60;5224674
FR0000127771;11/03/15;21.725;22.00;21.685;22.00;7978840
FR0000127771;12/03/15;21.955;22.01;21.715;21.75;4455977
FR0000127771;13/03/15;21.865;22.05;21.785;22.005;4287829
FR0000127771;16/03/15;22.01;22.115;21.92;22.005;4450820
FR0000127771;17/03/15;22.035;22.11;21.79;21.845;4548971
FR0000127771;18/03/15;21.795;22.06;21.685;22.045;4469127
FR0000127771;19/03/15;21.99;22.18;21.955;22.085;5652311
FR0000127771;20/03/15;22.10;22.205;22.025;22.155;7567283
FR0000127771;23/03/15;22.19;23.005;22.175;22.895;12931035
FR0000127771;24/03/15;22.81;23.09;22.745;23.05;14827085
FR0000127771;25/03/15;23.035;23.105;22.99;23.085;10809275
FR0000127771;26/03/15;22.90;22.975;22.505;22.96;9660361
FR0000127771;27/03/15;22.78;22.78;22.435;22.695;10256259
FR0000127771;30/03/15;22.805;23.11;22.685;23.10;10181828
FR0000127771;31/03/15;23.05;23.19;22.93;23.125;9786360
FR0000130577;02/03/15;72.95;73.06;72.47;72.90;562652
FR0000130577;03/03/15;73.23;73.56;72.18;72.23;512245
FR0000130577;04/03/15;72.50;72.78;71.43;72.32;714375
FR0000130577;05/03/15;72.34;73.52;72.33;73.46;454262
FR0000130577;06/03/15;73.50;73.92;73.21;73.92;501219
FR0000130577;09/03/15;73.60;73.95;72.43;72.67;735865
FR0000130577;10/03/15;72.44;72.96;71.61;72.52;716235
FR0000130577;11/03/15;72.73;74.10;72.47;73.99;836020
FR0000130577;12/03/15;73.76;74.52;73.53;74.52;780504
FR0000130577;13/03/15;74.70;76.31;74.70;76.26;984709
FR0000130577;16/03/15;76.42;77.02;76.18;76.47;789907
FR0000130577;17/03/15;76.53;76.80;75.01;75.03;941235
FR0000130577;18/03/15;75.16;75.30;74.17;74.81;1076574
FR0000130577;19/03/15;74.75;74.75;73.80;74.75;981292
FR0000130577;20/03/15;74.79;75.17;74.66;74.68;677334
FR0000130577;23/03/15;74.69;74.81;73.66;74.22;540734
FR0000130577;24/03/15;74.22;74.89;74.05;74.42;618502
FR0000130577;25/03/15;74.38;74.53;72.64;72.81;790430
FR0000130577;26/03/15;72.33;72.82;68.83;70.81;1712689
FR0000130577;27/03/15;71.18;72.25;70.26;71.02;1342643
FR0000130577;30/03/15;71.88;72.80;71.47;72.31;808613
FR0000130577;31/03/15;72.13;72.67;71.58;71.83;818684
FR0000130809;02/03/15;41.385;41.89;41.16;41.485;3875230
FR0000130809;03/03/15;41.60;41.695;40.43;40.55;4736297
FR0000130809;04/03/15;40.70;41.005;40.20;41.005;4470842
FR0000130809;05/03/15;41.18;41.49;40.765;41.34;4318742
FR0000130809;06/03/15;41.335;42.095;41.13;41.805;4868669
FR0000130809;09/03/15;41.51;41.865;41.22;41.575;3504087
FR0000130809;10/03/15;41.515;41.705;40.705;40.95;4405491
FR0000130809;11/03/15;41.29;42.315;41.005;42.15;5482077
FR0000130809;12/03/15;41.94;42.37;41.79;42.18;3366672
FR0000130809;13/03/15;42.31;42.40;41.97;42.29;2743562
FR0000130809;16/03/15;42.305;42.985;42.30;42.79;4453399
FR0000130809;17/03/15;42.95;43.10;41.80;42.445;4653176
FR0000130809;18/03/15;42.41;42.57;41.765;42.01;4987849
FR0000130809;19/03/15;42.05;42.90;41.98;42.57;4032666
FR0000130809;20/03/15;42.505;43.685;42.385;43.155;9209297
FR0000130809;23/03/15;43.30;43.735;43.05;43.735;4169715
FR0000130809;24/03/15;43.87;45.185;43.60;44.83;5865556
FR0000130809;25/03/15;44.61;45.24;44.545;44.835;4826860
FR0000130809;26/03/15;44.16;44.60;43.75;44.29;4508776
FR0000130809;27/03/15;44.31;44.97;44.26;44.655;3911616
FR0000130809;30/03/15;45.00;45.865;44.875;45.63;4526443
FR0000130809;31/03/15;45.60;45.785;44.62;44.97;4551473
FR0000131104;02/03/15;52.00;52.75;51.98;52.54;3570995
FR0000131104;03/03/15;52.72;52.81;50.91;50.91;4701657
FR0000131104;04/03/15;50.96;51.97;50.92;51.92;4027862
FR0000131104;05/03/15;51.88;52.34;51.64;52.14;3853518
FR0000131104;06/03/15;52.11;52.52;51.76;52.08;3176209
FR0000131104;09/03/15;51.75;52.28;51.40;51.96;2941369
FR0000131104;10/03/15;51.93;52.09;50.83;51.04;4554843
FR0000131104;11/03/15;51.19;52.20;51.19;52.01;4410870
FR0000131104;12/03/15;51.98;52.19;51.39;51.60;3555692
FR0000131104;13/03/15;51.76;51.88;51.28;51.68;2973461
FR0000131104;16/03/15;51.79;52.71;51.79;52.44;4378363
FR0000131104;17/03/15;52.60;52.86;51.86;52.28;4088867
FR0000131104;18/03/15;52.50;52.70;51.74;52.25;4790236
FR0000131104;19/03/15;52.18;53.14;52.18;52.96;5461288
FR0000131104;20/03/15;53.00;54.35;52.82;53.98;7651280
FR0000131104;23/03/15;53.91;55.04;53.55;54.54;5030650
FR0000131104;24/03/15;54.62;55.95;54.30;55.80;4884760
FR0000131104;25/03/15;55.70;56.00;54.81;54.85;4487986
FR0000131104;26/03/15;54.39;55.12;53.70;55.12;5402873
FR0000131104;27/03/15;55.57;56.57;55.37;56.19;6940525
FR0000131104;30/03/15;56.60;57.49;56.57;57.26;5286186
FR0000131104;31/03/15;57.00;57.55;56.36;56.57;5111639
FR0000131906;02/03/15;86.06;87.41;84.11;85.34;1571678
FR0000131906;03/03/15;85.39;86.28;82.99;83.09;1080198
FR0000131906;04/03/15;83.25;84.94;82.70;84.94;1080193
FR0000131906;05/03/15;85.00;86.27;84.44;84.71;1215034
FR0000131906;06/03/15;84.63;86.17;84.27;85.89;1040952
FR0000131906;09/03/15;85.50;87.69;84.89;86.95;1019381
FR0000131906;10/03/15;87.16;88.31;85.82;86.65;1016394
FR0000131906;11/03/15;87.27;90.34;87.11;90.15;1241979
FR0000131906;12/03/15;90.16;90.16;88.74;89.56;989650
FR0000131906;13/03/15;90.04;90.24;87.75;89.03;988372
FR0000131906;16/03/15;89.50;90.85;89.41;90.00;1244687
FR0000131906;17/03/15;90.65;90.69;86.37;86.87;1857352
FR0000131906;18/03/15;87.24;87.32;81.96;83.08;2260034
FR0000131906;19/03/15;83.14;84.27;81.11;83.60;1379294
FR0000131906;20/03/15;83.98;85.14;82.62;83.88;1285650
FR0000131906;23/03/15;83.84;83.88;81.63;81.91;1034936
FR0000131906;24/03/15;82.21;83.91;81.62;83.07;1392523
FR0000131906;25/03/15;83.01;84.32;81.41;81.53;1073273
FR0000131906;26/03/15;80.76;83.95;79.62;83.85;1495558
FR0000131906;27/03/15;84.55;85.69;82.76;83.69;1179400
FR0000131906;30/03/15;83.52;86.33;83.52;86.08;787884
FR0000131906;31/03/15;86.00;86.05;83.62;84.77;957590
FR0000133308;02/03/15;16.41;16.44;16.17;16.26;5908578
FR0000133308;03/03/15;16.315;16.38;15.865;15.865;7249305
FR0000133308;04/03/15;16.00;16.08;15.88;16.05;6697948
FR0000133308;05/03/15;16.08;16.255;16.045;16.165;6220015
FR0000133308;06/03/15;16.12;16.18;15.915;15.955;6977061
FR0000133308;09/03/15;15.84;15.85;15.005;15.04;20272985
FR0000133308;10/03/15;15.04;15.79;14.98;15.315;21275274
FR0000133308;11/03/15;15.395;15.80;15.375;15.70;10181796
FR0000133308;12/03/15;15.665;15.665;15.44;15.495;8257223
FR0000133308;13/03/15;15.55;15.595;15.335;15.41;8803134
FR0000133308;16/03/15;15.50;15.585;15.34;15.37;9009972
FR0000133308;17/03/15;15.40;15.43;14.715;15.02;16579077
FR0000133308;18/03/15;15.00;15.05;14.665;14.805;12185043
FR0000133308;19/03/15;14.725;14.895;14.66;14.815;9761890
FR0000133308;20/03/15;14.79;15.005;14.63;14.89;28752963
FR0000133308;23/03/15;14.94;14.94;14.705;14.78;7582119
FR0000133308;24/03/15;14.78;15.205;14.725;15.17;11432430
FR0000133308;25/03/15;15.20;15.225;15.015;15.175;8917253
FR0000133308;26/03/15;15.00;15.045;14.64;14.935;12723102
FR0000133308;27/03/15;14.955;15.195;14.955;15.045;7901114
FR0000133308;30/03/15;15.08;15.195;15.025;15.14;7249923
FR0000133308;31/03/15;15.05;15.215;14.96;14.965;9604188
FR0010208488;02/03/15;19.80;19.865;19.37;19.44;6279865
FR0010208488;03/03/15;19.49;19.52;18.955;18.99;6867115
FR0010208488;04/03/15;19.115;19.155;18.795;19.00;6238852
FR0010208488;05/03/15;19.055;19.16;18.865;19.10;5554207
FR0010208488;06/03/15;19.135;19.16;18.86;18.895;6016282
FR0010208488;09/03/15;18.82;18.85;18.675;18.80;6027940
FR0010208488;10/03/15;18.85;18.945;18.405;18.44;6450273
FR0010208488;11/03/15;18.44;18.58;18.44;18.54;6975415
FR0010208488;12/03/15;18.515;18.755;18.21;18.23;8351305
FR0010208488;13/03/15;18.285;18.295;18.14;18.23;6377246
FR0010208488;16/03/15;18.33;18.565;18.26;18.485;6831681
FR0010208488;17/03/15;18.565;18.84;18.495;18.69;9438837
FR0010208488;18/03/15;18.60;18.94;18.535;18.85;9119604
FR0010208488;19/03/15;18.865;18.91;18.655;18.83;6324928
FR0010208488;20/03/15;18.89;19.07;18.785;19.00;10735320
FR0010208488;23/03/15;18.925;18.95;18.785;18.895;5065404
FR0010208488;24/03/15;18.84;19.055;18.79;18.97;5113196
FR0010208488;25/03/15;18.97;19.035;18.835;18.87;5008908
FR0010208488;26/03/15;18.80;18.915;18.495;18.645;6411025
FR0010208488;27/03/15;18.71;18.80;18.56;18.77;3743758
FR0010208488;30/03/15;18.80;18.90;18.645;18.705;5760860
FR0010208488;31/03/15;18.645;18.835;18.405;18.405;6826768
FR0010307819;02/03/15;49.445;49.61;48.09;48.28;893811
FR0010307819;03/03/15;48.85;49.48;48.46;48.94;879462
FR0010307819;04/03/15;48.60;49.20;48.55;49.20;691017
FR0010307819;05/03/15;49.20;49.835;49.035;49.57;544081
FR0010307819;06/03/15;49.42;49.935;49.29;49.29;722733
FR0010307819;09/03/15;48.945;49.235;48.755;48.93;533483
FR0010307819;10/03/15;48.75;49.225;48.16;48.725;638285
FR0010307819;11/03/15;48.79;50.20;48.79;50.07;628874
FR0010307819;12/03/15;50.00;50.38;49.455;49.56;580799
FR0010307819;13/03/15;49.625;50.33;49.385;50.06;578347
FR0010307819;16/03/15;49.855;50.75;49.835;50.54;448050
FR0010307819;17/03/15;50.50;50.74;50.01;50.29;441027
FR0010307819;18/03/15;49.71;49.845;48.75;49.29;1102646
FR0010307819;19/03/15;49.51;50.20;49.33;49.685;778345
FR0010307819;20/03/15;49.655;50.64;49.65;50.45;806911
FR0010307819;23/03/15;50.43;50.50;49.62;49.71;582914
FR0010307819;24/03/15;49.80;50.70;49.54;50.36;631469
FR0010307819;25/03/15;50.28;50.36;49.245;49.26;595047
FR0010307819;26/03/15;49.055;49.50;48.355;49.44;672692
FR0010307819;27/03/15;49.525;50.17;49.285;49.995;792755
FR0010307819;30/03/15;50.04;50.83;50.00;50.70;570353
FR0010307819;31/03/15;50.47;51.39;50.07;50.34;866743
FR0013176526;02/03/15;44.75;45.0167;44.1667;44.4667;1125492
FR0013176526;03/03/15;44.5333;44.9833;43.2833;43.2833;985542
FR0013176526;04/03/15;43.8167;44.4833;43.05;44.2333;1119642
FR0013176526;05/03/15;44.3333;45.0667;43.65;44.8667;1056996
FR0013176526;06/03/15;44.8667;45.05;44.1667;44.2833;923565
FR0013176526;09/03/15;44.20;44.5667;43.40;44.5167;970014
FR0013176526;10/03/15;44.5333;44.7833;43.8167;44.3833;879831
FR0013176526;11/03/15;44.5333;46.4167;44.4667;46.30;1499010
FR0013176526;12/03/15;46.30;46.30;45.40;45.9333;712734
FR0013176526;13/03/15;46.0667;46.9167;45.85;46.9167;783864
FR0013176526;16/03/15;48.00;48.5167;47.2667;47.8667;1297737
FR0013176526;17/03/15;48.1167;48.5667;46.5333;46.70;1339584
FR0013176526;18/03/15;46.9167;46.9833;44.35;45.2167;1448460
FR0013176526;19/03/15;45.20;46.50;44.9667;46.4833;1143018
FR0013176526;20/03/15;46.6333;47.05;46.0833;46.20;1674579
FR0013176526;23/03/15;46.20;46.2667;44.8167;44.9167;856503
FR0013176526;24/03/15;45.00;45.8333;44.6667;45.4667;1395228
FR0013176526;25/03/15;45.5667;46.5667;44.95;45.1833;1135638
FR0013176526;26/03/15;44.7667;45.9833;43.75;45.8833;1787877
FR0013176526;27/03/15;46.0833;46.7833;45.5833;46.2167;1854072
FR0013176526;30/03/15;46.6667;47.80;46.60;47.7167;1199481
FR0013176526;31/03/15;47.3333;47.4333;46.1833;46.35;1810269
GB00BDSFG982;02/03/15;29.145;29.69;28.725;28.85;1952642
GB00BDSFG982;03/03/15;29.00;29.745;28.985;29.50;2033106
GB00BDSFG982;04/03/15;29.695;30.10;29.11;29.205;2581790
GB00BDSFG982;05/03/15;29.325;29.70;29.20;29.57;1558186
GB00BDSFG982;06/03/15;29.575;29.875;29.30;29.78;1283032
GB00BDSFG982;09/03/15;29.70;30.215;29.54;30.18;2106278
GB00BDSFG982;10/03/15;30.09;30.09;28.98;28.98;2258722
GB00BDSFG982;11/03/15;29.13;29.77;29.025;29.365;2107074
GB00BDSFG982;12/03/15;29.425;30.33;29.41;29.68;1778396
GB00BDSFG982;13/03/15;29.785;29.785;28.385;28.80;2573264
GB00BDSFG982;16/03/15;28.805;28.88;28.305;28.65;1811794
GB00BDSFG982;17/03/15;28.705;29.185;28.625;29.00;1895094
GB00BDSFG982;18/03/15;29.10;29.265;28.65;29.175;1690842
GB00BDSFG982;19/03/15;29.31;29.785;28.965;29.14;1752946
GB00BDSFG982;20/03/15;29.195;29.72;28.83;29.695;2725182
GB00BDSFG982;23/03/15;29.65;30.025;29.16;29.955;2168294
GB00BDSFG982;24/03/15;29.875;29.94;29.41;29.485;2254560
GB00BDSFG982;25/03/15;29.375;29.65;28.95;29.61;2025508
GB00BDSFG982;26/03/15;29.905;30.67;29.025;29.295;2793316
GB00BDSFG982;27/03/15;29.32;29.36;28.54;28.63;2377962
GB00BDSFG982;30/03/15;28.60;28.975;28.22;28.56;1413296
GB00BDSFG982;31/03/15;28.655;28.995;28.05;28.185;1691176
LU1598757687;02/03/15;29.46;29.61;28.539;28.857;3097302
LU1598757687;03/03/15;29.022;29.349;28.812;28.875;3045844
LU1598757687;04/03/15;28.902;29.028;28.416;28.632;3603129
LU1598757687;05/03/15;28.68;29.13;27.753;29.07;3648024
LU1598757687;06/03/15;29.109;30.075;28.953;29.574;5778396
LU1598757687;09/03/15;29.493;30.105;29.403;30.09;3596083
LU1598757687;10/03/15;30.00;30.06;29.103;29.298;4157786
LU1598757687;11/03/15;29.298;29.592;29.082;29.472;3576845
LU1598757687;12/03/15;29.625;29.706;29.253;29.295;3425712
LU1598757687;13/03/15;29.355;29.394;28.578;28.683;3168262
LU1598757687;16/03/15;28.98;29.304;28.80;28.827;3085241
LU1598757687;17/03/15;28.863;29.097;28.353;28.512;3883797
LU1598757687;18/03/15;28.50;28.548;27.81;28.233;4594305
LU1598757687;19/03/15;28.86;28.908;27.768;27.837;4116076
LU1598757687;20/03/15;27.75;28.272;27.327;28.059;5494843
LU1598757687;23/03/15;27.942;28.02;27.378;27.804;4228264
LU1598757687;24/03/15;27.756;28.14;27.606;27.87;3020442
LU1598757687;25/03/15;27.879;28.50;27.81;28.338;3763827
LU1598757687;26/03/15;27.846;28.50;27.375;27.612;4133135
LU1598757687;27/03/15;27.021;27.381;26.367;26.427;7443700
LU1598757687;30/03/15;26.721;26.829;26.271;26.58;3720417
LU1598757687;31/03/15;26.70;26.847;26.313;26.325;3835041
NL0000226223;02/03/15;8.007;8.21;7.96;8.195;3319182
NL0000226223;03/03/15;8.202;8.412;8.202;8.258;3286403
NL0000226223;04/03/15;8.302;8.345;8.207;8.333;2187824
NL0000226223;05/03/15;8.27;8.492;8.27;8.481;3034602
NL0000226223;06/03/15;8.479;8.589;8.45;8.514;1986994
NL0000226223;09/03/15;8.51;8.586;8.426;8.497;2345050
NL0000226223;10/03/15;8.508;8.717;8.507;8.632;3086550
NL0000226223;11/03/15;8.687;8.953;8.65;8.923;3012265
NL0000226223;12/03/15;8.97;8.975;8.55;8.625;3267435
NL0000226223;13/03/15;8.643;8.82;8.643;8.787;2004515
NL0000226223;16/03/15;8.795;9.213;8.795;9.162;3764349
NL0000226223;17/03/15;9.162;9.234;9.065;9.222;3303707
NL0000226223;18/03/15;9.234;9.29;8.996;9.142;3341676
NL0000226223;19/03/15;9.092;9.092;8.872;9.026;3409412
NL0000226223;20/03/15;9.15;9.253;9.08;9.198;3751839
NL0000226223;23/03/15;9.164;9.329;8.991;9.008;2930407
NL0000226223;24/03/15;8.98;9.066;8.955;8.994;2214122
NL0000226223;25/03/15;8.98;9.019;8.60;8.60;3243318
NL0000226223;26/03/15;8.571;8.571;8.18;8.278;6413124
NL0000226223;27/03/15;8.32;8.519;8.32;8.424;3617277
NL0000226223;30/03/15;8.52;8.735;8.52;8.731;2009116
NL0000226223;31/03/15;8.719;8.76;8.62;8.696;2646672
NL0000235190;02/03/15;55.85;56.79;55.17;56.09;3123916
NL0000235190;03/03/15;56.13;56.43;55.30;55.40;2417019
NL0000235190;04/03/15;55.33;56.90;55.32;56.52;3065353
NL0000235190;05/03/15;56.75;59.50;56.62;59.21;4599757
NL0000235190;06/03/15;58.50;59.49;58.21;59.42;3360363
NL0000235190;09/03/15;58.97;59.49;58.42;58.88;1917367
NL0000235190;10/03/15;58.58;59.16;57.92;58.88;3101036
NL0000235190;11/03/15;59.10;61.53;59.04;61.43;3256951
NL0000235190;12/03/15;61.50;62.48;61.40;62.08;3119145
NL0000235190;13/03/15;62.12;63.56;61.85;63.56;3358370
NL0000235190;16/03/15;63.59;64.00;63.12;63.86;2479861
NL0000235190;17/03/15;63.65;63.70;60.37;60.98;4210185
NL0000235190;18/03/15;61.00;61.99;60.72;61.19;3099599
NL0000235190;19/03/15;60.52;61.20;59.40;61.08;2906434
NL0000235190;20/03/15;61.08;61.71;60.60;61.40;3602871
NL0000235190;23/03/15;61.49;61.60;59.85;60.00;3139983
NL0000235190;24/03/15;59.29;60.75;58.14;60.31;5011155
NL0000235190;25/03/15;60.00;60.42;58.80;58.89;3098932
NL0000235190;26/03/15;58.38;60.15;57.85;60.14;3237783
NL0000235190;27/03/15;60.65;61.37;60.21;60.41;2775348
NL0000235190;30/03/15;60.84;61.46;60.51;61.19;2009482
NL0000235190;31/03/15;60.90;61.57;60.36;60.44;2340555
