BE0003470755;04/05/15;132.00;135.80;131.65;134.65;229310
BE0003470755;05/05/15;134.20;137.05;134.05;134.10;335717
BE0003470755;06/05/15;132.80;132.80;127.25;129.15;543122
BE0003470755;07/05/15;129.85;129.85;126.90;128.00;391854
BE0003470755;08/05/15;128.90;131.15;127.85;130.35;372214
BE0003470755;11/05/15;130.30;130.35;128.30;129.05;219190
BE0003470755;12/05/15;128.60;128.80;126.15;127.25;245969
BE0003470755;13/05/15;127.80;128.20;126.05;126.35;204653
BE0003470755;14/05/15;126.25;127.05;126.00;126.65;198220
BE0003470755;15/05/15;125.50;125.55;123.35;124.00;281857
BE0003470755;18/05/15;124.10;125.35;123.75;124.85;234651
BE0003470755;19/05/15;125.20;128.05;125.20;127.70;244135
BE0003470755;20/05/15;127.90;128.05;127.00;127.40;132080
BE0003470755;21/05/15;127.10;128.35;126.50;128.05;194967
BE0003470755;22/05/15;128.05;128.50;127.40;127.90;134571
BE0003470755;25/05/15;128.40;128.40;127.00;127.40;27084
BE0003470755;26/05/15;127.70;128.35;126.35;126.70;175158
BE0003470755;27/05/15;127.10;129.55;127.05;128.85;186425
BE0003470755;28/05/15;128.05;128.60;126.85;128.20;173285
BE0003470755;29/05/15;128.50;129.15;126.00;126.00;277031
FR0000045072;04/05/15;13.99;14.075;13.77;13.965;4743993
FR0000045072;05/05/15;14.03;14.19;13.545;13.545;7334536
FR0000045072;06/05/15;13.60;13.83;13.40;13.62;9400431
FR0000045072;07/05/15;13.57;13.70;13.30;13.685;8594179
FR0000045072;08/05/15;13.80;13.925;13.675;13.925;5107734
FR0000045072;11/05/15;13.91;13.985;13.725;13.905;5057662
FR0000045072;12/05/15;13.77;13.845;13.65;13.795;6674084
FR0000045072;13/05/15;13.85;14.23;13.85;14.06;7034450
FR0000045072;14/05/15;14.00;14.365;13.90;14.31;5153155
FR0000045072;15/05/15;14.39;14.425;14.165;14.225;5079246
FR0000045072;18/05/15;14.155;14.19;13.64;13.79;11328677
FR0000045072;19/05/15;13.90;14.06;13.825;13.92;6219875
FR0000045072;20/05/15;13.955;14.14;13.88;14.115;4663745
FR0000045072;21/05/15;14.105;14.12;13.95;14.065;3242681
FR0000045072;22/05/15;14.105;14.225;14.05;14.16;3877851
FR0000045072;25/05/15;14.11;14.14;13.91;14.005;1558638
FR0000045072;26/05/15;14.02;14.135;13.775;13.925;5601175
FR0000045072;27/05/15;14.00;14.455;13.965;14.33;7656860
FR0000045072;28/05/15;14.00;14.07;13.795;13.935;6680439
FR0000045072;29/05/15;13.85;13.90;13.575;13.595;8034444
FR0000051732;04/05/15;70.55;72.29;70.14;71.81;453204
FR0000051732;05/05/15;72.00;72.17;69.69;69.69;563859
FR0000051732;06/05/15;69.80;70.10;68.87;69.15;469662
FR0000051732;07/05/15;69.24;69.71;67.93;69.66;629036
FR0000051732;08/05/15;70.33;70.84;69.82;70.72;363907
FR0000051732;11/05/15;70.69;71.59;70.31;71.49;459051
FR0000051732;12/05/15;71.25;71.25;69.68;70.34;516489
FR0000051732;13/05/15;70.83;71.31;70.51;70.75;320913
FR0000051732;14/05/15;70.60;71.50;70.00;71.29;212679
FR0000051732;15/05/15;71.72;71.91;70.70;71.09;284686
FR0000051732;18/05/15;71.58;71.79;70.59;71.79;260839
FR0000051732;19/05/15;71.97;72.48;71.84;72.39;478022
FR0000051732;20/05/15;72.34;72.81;72.08;72.77;211478
FR0000051732;21/05/15;72.77;73.44;72.68;73.23;382665
FR0000051732;22/05/15;73.49;73.62;71.31;71.54;490613
FR0000051732;25/05/15;71.67;71.67;70.69;71.49;80099
FR0000051732;26/05/15;71.61;71.66;70.38;70.55;388599
FR0000051732;27/05/15;70.89;71.70;70.35;71.70;348461
FR0000051732;28/05/15;71.70;72.34;71.27;71.73;331046
FR0000051732;29/05/15;71.85;71.85;70.03;70.03;658732
FR0000073272;04/05/15;65.73;65.75;64.70;65.15;711855
FR0000073272;05/05/15;65.12;66.21;63.94;63.98;856095
FR0000073272;06/05/15;63.98;64.72;63.55;63.91;1000938
FR0000073272;07/05/15;63.87;65.22;62.56;65.09;1179530
FR0000073272;08/05/15;65.70;67.59;65.47;67.25;883799
FR0000073272;11/05/15;66.73;67.17;66.03;66.55;652285
FR0000073272;12/05/15;66.33;66.41;64.60;65.00;927631
FR0000073272;13/05/15;65.44;65.95;63.57;63.77;1002480
FR0000073272;14/05/15;63.64;64.39;62.92;64.25;894956
FR0000073272;15/05/15;64.68;65.00;63.54;63.72;790980
FR0000073272;18/05/15;63.99;64.29;62.94;64.15;667875
FR0000073272;19/05/15;64.23;65.53;64.17;65.12;1065666
FR0000073272;20/05/15;65.47;65.91;65.04;65.59;839588
FR0000073272;21/05/15;65.51;66.00;65.03;65.94;575413
FR0000073272;22/05/15;65.97;66.28;65.51;66.05;530747
FR0000073272;25/05/15;66.25;66.25;65.80;65.96;126011
FR0000073272;26/05/15;66.17;66.86;65.91;66.03;737909
FR0000073272;27/05/15;66.45;67.41;66.13;67.21;714260
FR0000073272;28/05/15;67.07;67.13;66.28;66.73;527711
FR0000073272;29/05/15;66.46;66.54;64.38;64.41;1228649
FR0000120073;04/05/15;107.1818;108.5455;106.3182;107.8182;723802
FR0000120073;05/05/15;107.50;108.9091;105.50;105.50;912034
FR0000120073;06/05/15;105.4091;107.00;104.7273;106.1364;976259
FR0000120073;07/05/15;105.7273;106.0909;104.1818;105.7273;1169752
FR0000120073;08/05/15;106.6818;109.6364;106.3636;109.6364;1118649
FR0000120073;11/05/15;109.5455;109.5455;107.9545;108.0455;821156
FR0000120073;12/05/15;107.1364;107.3636;105.2727;106.50;1046641
FR0000120073;13/05/15;106.8636;108.2727;105.7273;106.0455;809945
FR0000120073;14/05/15;105.7273;107.8182;105.0909;107.5909;612183
FR0000120073;15/05/15;108.0909;108.4091;106.1818;106.6364;835368
FR0000120073;18/05/15;105.1818;105.6818;103.9545;105.4545;794784
FR0000120073;19/05/15;105.9091;108.1818;105.9091;107.7727;936208
FR0000120073;20/05/15;107.6818;107.9545;106.9091;107.6818;572442
FR0000120073;21/05/15;107.5455;108.0455;106.8636;107.9091;459457
FR0000120073;22/05/15;108.0909;108.3182;107.4545;107.7727;521899
FR0000120073;25/05/15;108.3182;108.3182;107.00;107.5909;82506
FR0000120073;26/05/15;107.9091;108.5455;106.1818;106.50;696851
FR0000120073;27/05/15;107.0909;109.4545;106.9091;109.2273;1005511
FR0000120073;28/05/15;108.8182;109.6364;108.00;109.1364;614352
FR0000120073;29/05/15;109.1818;109.50;106.3636;106.6364;1313258
FR0000120172;04/05/15;30.955;31.155;30.535;30.935;1634858
FR0000120172;05/05/15;30.935;31.455;30.36;30.40;2969951
FR0000120172;06/05/15;30.425;30.70;30.215;30.485;2471148
FR0000120172;07/05/15;30.36;30.505;29.895;30.365;3176805
FR0000120172;08/05/15;30.55;30.91;30.325;30.76;3407628
FR0000120172;11/05/15;30.835;30.93;30.53;30.845;3094057
FR0000120172;12/05/15;30.775;30.78;30.085;30.52;2872633
FR0000120172;13/05/15;30.54;30.825;30.26;30.40;2512983
FR0000120172;14/05/15;30.325;30.91;30.135;30.755;2425369
FR0000120172;15/05/15;30.83;31.075;30.285;30.475;2594368
FR0000120172;18/05/15;30.445;30.75;30.12;30.65;1888431
FR0000120172;19/05/15;30.77;31.425;30.77;31.26;3169378
FR0000120172;20/05/15;31.16;31.86;31.16;31.81;3809543
FR0000120172;21/05/15;31.76;31.895;31.49;31.84;2153719
FR0000120172;22/05/15;31.82;31.90;31.615;31.855;1462453
FR0000120172;25/05/15;31.805;31.85;31.60;31.80;430229
FR0000120172;26/05/15;31.745;31.955;31.36;31.55;2004870
FR0000120172;27/05/15;31.605;32.115;31.505;31.965;2723414
FR0000120172;28/05/15;31.84;32.01;31.51;31.68;2300633
FR0000120172;29/05/15;31.68;31.70;30.905;30.905;3920642
FR0000120271;04/05/15;48.00;48.91;47.795;48.13;5567133
FR0000120271;05/05/15;47.985;48.265;47.625;47.675;11271341
FR0000120271;06/05/15;47.44;48.05;47.365;47.845;8377954
FR0000120271;07/05/15;47.365;47.365;46.25;46.765;10670116
FR0000120271;08/05/15;46.78;48.00;46.345;48.00;8173525
FR0000120271;11/05/15;47.755;48.095;47.31;47.515;5219119
FR0000120271;12/05/15;46.75;47.13;46.445;46.98;6835450
FR0000120271;13/05/15;47.025;47.895;46.825;47.03;6279383
FR0000120271;14/05/15;46.52;47.505;46.245;47.335;4324637
FR0000120271;15/05/15;47.095;47.195;46.17;46.47;7154713
FR0000120271;18/05/15;46.43;46.95;46.205;46.67;5207547
FR0000120271;19/05/15;47.00;47.72;47.00;47.305;7236605
FR0000120271;20/05/15;46.905;47.45;46.76;47.40;4179174
FR0000120271;21/05/15;47.17;47.99;47.17;47.82;4476933
FR0000120271;22/05/15;48.105;48.445;47.62;47.73;4782745
FR0000120271;25/05/15;47.80;47.85;47.45;47.545;758575
FR0000120271;26/05/15;47.30;47.70;46.54;46.825;5516171
FR0000120271;27/05/15;46.90;47.605;46.595;47.40;6291608
FR0000120271;28/05/15;47.005;47.185;46.30;46.925;5076351
FR0000120271;29/05/15;46.945;47.15;45.975;45.975;7721961
FR0000120321;04/05/15;172.45;174.30;170.65;173.35;567817
FR0000120321;05/05/15;170.00;172.65;166.40;166.70;1111922
FR0000120321;06/05/15;166.10;168.60;165.35;167.75;830448
FR0000120321;07/05/15;167.15;169.60;165.25;168.60;962539
FR0000120321;08/05/15;170.05;173.55;168.85;173.45;662614
FR0000120321;11/05/15;171.40;172.20;169.55;170.15;628496
FR0000120321;12/05/15;169.10;169.10;165.95;168.25;582948
FR0000120321;13/05/15;168.35;170.20;165.65;166.25;530918
FR0000120321;14/05/15;165.65;170.30;164.90;170.15;513972
FR0000120321;15/05/15;170.50;171.50;167.55;168.40;662580
FR0000120321;18/05/15;168.00;169.80;166.15;169.80;519835
FR0000120321;19/05/15;170.00;175.00;169.80;174.80;827299
FR0000120321;20/05/15;174.00;175.00;172.80;175.00;517595
FR0000120321;21/05/15;174.15;174.95;173.05;174.90;437881
FR0000120321;22/05/15;175.00;175.00;173.45;174.80;451300
FR0000120321;25/05/15;174.50;174.80;173.25;174.20;193783
FR0000120321;26/05/15;174.70;175.95;172.85;173.60;802118
FR0000120321;27/05/15;174.75;178.00;173.65;177.65;689281
FR0000120321;28/05/15;177.00;177.40;175.10;176.50;437271
FR0000120321;29/05/15;176.75;177.00;171.70;171.95;949048
FR0000120404;04/05/15;49.48;50.36;49.14;50.06;729789
FR0000120404;05/05/15;50.20;50.72;49.175;49.22;1180205
FR0000120404;06/05/15;48.47;48.60;47.82;48.13;1664960
FR0000120404;07/05/15;47.855;48.34;47.16;48.20;1604228
FR0000120404;08/05/15;48.485;49.015;48.08;48.775;1172906
FR0000120404;11/05/15;48.805;49.045;48.645;48.91;1028277
FR0000120404;12/05/15;48.745;48.745;47.945;48.275;1409896
FR0000120404;13/05/15;48.34;48.865;47.93;48.16;861885
FR0000120404;14/05/15;48.025;48.63;47.78;48.525;964512
FR0000120404;15/05/15;48.65;50.06;48.435;49.23;1645287
FR0000120404;18/05/15;49.325;50.17;49.145;49.955;880979
FR0000120404;19/05/15;50.23;51.13;50.03;51.10;1082110
FR0000120404;20/05/15;50.96;51.20;50.69;50.93;727446
FR0000120404;21/05/15;50.66;50.96;50.59;50.80;804344
FR0000120404;22/05/15;50.70;51.26;50.59;50.63;752469
FR0000120404;25/05/15;50.58;50.61;50.20;50.21;98484
FR0000120404;26/05/15;50.33;50.97;50.10;50.42;850436
FR0000120404;27/05/15;50.46;51.08;50.46;50.94;900338
FR0000120404;28/05/15;50.68;51.37;50.68;50.99;677318
FR0000120404;29/05/15;50.91;51.32;49.80;49.895;1062717
FR0000120503;04/05/15;36.885;37.095;36.69;36.69;996307
FR0000120503;05/05/15;36.645;37.18;36.285;36.335;1786821
FR0000120503;06/05/15;36.255;36.87;35.945;36.80;1377889
FR0000120503;07/05/15;36.43;36.68;36.015;36.305;1804787
FR0000120503;08/05/15;36.65;36.92;36.37;36.795;1085283
FR0000120503;11/05/15;36.815;36.965;36.665;36.855;644716
FR0000120503;12/05/15;36.705;37.245;36.615;36.965;1569632
FR0000120503;13/05/15;37.50;38.25;37.03;37.915;1562138
FR0000120503;14/05/15;37.50;37.865;36.96;37.665;1017538
FR0000120503;15/05/15;37.755;37.89;37.38;37.655;1140349
FR0000120503;18/05/15;37.625;37.76;37.29;37.76;760300
FR0000120503;19/05/15;37.90;38.40;37.895;38.20;1025295
FR0000120503;20/05/15;37.50;38.035;37.21;37.92;1700214
FR0000120503;21/05/15;37.65;38.10;37.585;38.005;909672
FR0000120503;22/05/15;37.62;37.62;36.915;37.215;2105883
FR0000120503;25/05/15;36.84;37.145;36.43;36.625;284181
FR0000120503;26/05/15;36.705;37.00;36.33;36.62;882502
FR0000120503;27/05/15;36.775;37.20;36.69;37.10;981826
FR0000120503;28/05/15;37.00;37.155;36.59;36.84;762441
FR0000120503;29/05/15;36.965;36.995;35.84;35.85;3346545
FR0000120578;04/05/15;91.08;93.11;90.26;92.29;2401056
FR0000120578;05/05/15;92.43;93.46;89.80;90.04;3454578
FR0000120578;06/05/15;90.17;90.96;89.02;90.44;3207371
FR0000120578;07/05/15;89.80;90.39;87.98;89.89;4036217
FR0000120578;08/05/15;90.18;91.88;89.30;91.69;3988573
FR0000120578;11/05/15;88.93;89.27;88.13;88.93;2910541
FR0000120578;12/05/15;88.88;89.15;87.03;88.69;3484002
FR0000120578;13/05/15;89.10;90.18;87.90;88.19;3061710
FR0000120578;14/05/15;87.46;89.62;87.04;89.26;1857822
FR0000120578;15/05/15;89.90;89.95;87.96;88.08;3962531
FR0000120578;18/05/15;88.10;89.23;87.25;89.23;2329362
FR0000120578;19/05/15;89.81;91.53;89.81;91.35;3121554
FR0000120578;20/05/15;91.68;91.80;90.57;91.57;1979618
FR0000120578;21/05/15;91.66;92.45;91.10;92.38;1930066
FR0000120578;22/05/15;91.87;92.71;91.82;92.30;2013267
FR0000120578;25/05/15;91.55;91.87;90.98;91.33;474075
FR0000120578;26/05/15;91.30;92.07;90.24;90.64;2389338
FR0000120578;27/05/15;91.16;93.58;90.51;93.53;3662548
FR0000120578;28/05/15;93.07;93.31;91.89;92.27;2554925
FR0000120578;29/05/15;92.21;92.50;89.15;89.15;5556181
FR0000120628;04/05/15;22.71;22.96;22.445;22.735;5943527
FR0000120628;05/05/15;22.785;23.11;22.18;22.275;12803776
FR0000120628;06/05/15;22.16;22.805;22.155;22.54;10976449
FR0000120628;07/05/15;22.69;23.465;22.43;23.18;16746503
FR0000120628;08/05/15;23.36;23.47;23.00;23.445;8722879
FR0000120628;11/05/15;22.53;22.54;22.275;22.325;8681888
FR0000120628;12/05/15;22.165;22.27;21.915;22.165;9087494
FR0000120628;13/05/15;22.445;22.755;22.305;22.47;10061787
FR0000120628;14/05/15;22.635;22.88;22.18;22.76;5944928
FR0000120628;15/05/15;22.915;23.14;22.61;22.785;8281636
FR0000120628;18/05/15;22.915;23.025;22.37;22.825;6833094
FR0000120628;19/05/15;23.00;23.73;22.905;23.66;11596808
FR0000120628;20/05/15;23.695;23.935;23.58;23.85;7453316
FR0000120628;21/05/15;23.785;23.93;23.695;23.93;4890569
FR0000120628;22/05/15;23.95;24.00;23.715;23.935;4967769
FR0000120628;25/05/15;23.95;23.95;23.65;23.805;1217754
FR0000120628;26/05/15;23.785;24.05;23.585;23.78;6158740
FR0000120628;27/05/15;23.90;24.265;23.65;24.165;8379385
FR0000120628;28/05/15;24.12;24.14;23.505;23.745;9224249
FR0000120628;29/05/15;23.63;23.72;22.83;22.915;23366103
FR0000120644;04/05/15;64.53;65.47;64.20;64.97;1158698
FR0000120644;05/05/15;65.30;65.58;63.67;63.68;1755124
FR0000120644;06/05/15;63.88;64.67;63.26;63.93;1835254
FR0000120644;07/05/15;61.77;62.45;61.03;62.14;2670118
FR0000120644;08/05/15;62.90;64.08;62.52;63.89;1816415
FR0000120644;11/05/15;63.82;63.82;62.70;62.91;1522835
FR0000120644;12/05/15;62.56;62.56;61.56;62.17;2219612
FR0000120644;13/05/15;62.37;62.78;61.72;62.01;1697838
FR0000120644;14/05/15;61.85;63.06;61.24;62.81;1226687
FR0000120644;15/05/15;62.93;63.39;62.02;62.51;1847098
FR0000120644;18/05/15;62.43;62.76;61.63;62.76;999614
FR0000120644;19/05/15;63.01;64.22;63.01;63.58;1772360
FR0000120644;20/05/15;63.47;63.86;63.10;63.60;1303673
FR0000120644;21/05/15;63.55;63.55;62.94;63.28;1265796
FR0000120644;22/05/15;63.20;63.88;62.97;63.61;1065345
FR0000120644;25/05/15;63.86;63.86;63.22;63.62;156129
FR0000120644;26/05/15;64.00;64.21;62.96;63.52;1832923
FR0000120644;27/05/15;63.70;64.49;63.38;64.32;1647428
FR0000120644;28/05/15;63.95;64.53;63.65;64.17;1349711
FR0000120644;29/05/15;64.14;64.35;62.53;62.53;2568965
FR0000120693;04/05/15;112.05;114.25;110.55;114.00;490309
FR0000120693;05/05/15;113.75;114.95;110.85;110.85;605055
FR0000120693;06/05/15;111.35;112.45;109.85;109.90;660216
FR0000120693;07/05/15;109.70;109.95;107.80;109.55;769405
FR0000120693;08/05/15;110.50;111.80;109.95;111.30;489997
FR0000120693;11/05/15;111.25;111.35;109.65;110.45;394613
FR0000120693;12/05/15;109.90;109.90;108.15;109.00;481315
FR0000120693;13/05/15;109.55;110.10;107.65;108.25;447053
FR0000120693;14/05/15;108.10;109.60;107.15;109.25;486110
FR0000120693;15/05/15;109.50;109.90;107.90;108.55;371266
FR0000120693;18/05/15;109.15;109.70;107.45;109.45;255681
FR0000120693;19/05/15;109.65;111.75;109.65;111.50;360045
FR0000120693;20/05/15;111.70;112.75;111.10;112.40;420795
FR0000120693;21/05/15;112.20;112.80;110.85;112.10;309317
FR0000120693;22/05/15;112.60;112.65;111.10;111.95;274974
FR0000120693;25/05/15;112.35;112.35;111.60;112.10;34009
FR0000120693;26/05/15;112.35;112.65;110.65;111.00;305400
FR0000120693;27/05/15;111.25;112.95;110.65;112.55;418250
FR0000120693;28/05/15;112.10;113.30;112.05;113.25;432791
FR0000120693;29/05/15;113.15;113.90;112.20;112.55;973114
FR0000121014;04/05/15;158.50;159.95;156.30;159.50;806624
FR0000121014;05/05/15;159.55;161.95;154.50;154.65;1221167
FR0000121014;06/05/15;154.75;156.60;152.40;154.25;1116555
FR0000121014;07/05/15;153.15;156.45;150.60;155.90;1409976
FR0000121014;08/05/15;157.25;160.80;155.45;160.80;1026748
FR0000121014;11/05/15;161.00;161.00;157.75;158.35;720028
FR0000121014;12/05/15;157.35;157.35;155.10;155.90;890598
FR0000121014;13/05/15;156.00;157.80;154.05;154.40;741004
FR0000121014;14/05/15;154.10;159.20;152.55;158.85;719651
FR0000121014;15/05/15;160.10;161.10;157.40;158.75;971636
FR0000121014;18/05/15;159.60;160.50;156.75;160.15;532555
FR0000121014;19/05/15;161.00;166.00;160.95;165.95;1255999
FR0000121014;20/05/15;165.95;166.50;164.65;166.00;588298
FR0000121014;21/05/15;165.15;166.05;164.05;165.60;478351
FR0000121014;22/05/15;165.20;167.25;163.50;166.40;628900
FR0000121014;25/05/15;166.75;166.75;165.30;165.90;74424
FR0000121014;26/05/15;166.10;167.75;164.25;165.00;746734
FR0000121014;27/05/15;165.60;168.30;164.30;167.85;918044
FR0000121014;28/05/15;166.85;168.50;165.15;166.55;637470
FR0000121014;29/05/15;166.85;166.95;162.10;162.15;1248097
FR0000121220;04/05/15;90.64;91.87;89.98;91.46;202207
FR0000121220;05/05/15;91.83;92.44;89.97;90.13;368568
FR0000121220;06/05/15;90.10;90.88;89.00;90.72;481332
FR0000121220;07/05/15;90.30;90.88;88.93;90.77;436152
FR0000121220;08/05/15;91.87;92.78;91.24;92.66;265381
FR0000121220;11/05/15;92.67;92.89;91.86;92.73;321108
FR0000121220;12/05/15;92.24;92.31;90.39;91.09;293145
FR0000121220;13/05/15;91.36;91.87;90.27;90.52;207175
FR0000121220;14/05/15;90.11;91.49;89.64;91.31;208281
FR0000121220;15/05/15;91.54;92.38;91.04;91.87;189544
FR0000121220;18/05/15;91.79;92.79;90.94;92.79;225240
FR0000121220;19/05/15;92.81;94.00;92.78;93.71;249758
FR0000121220;20/05/15;93.56;94.18;93.40;94.00;258465
FR0000121220;21/05/15;93.98;94.41;93.72;94.26;265179
FR0000121220;22/05/15;94.22;94.41;93.66;94.19;169569
FR0000121220;25/05/15;94.11;94.14;93.66;93.98;24061
FR0000121220;26/05/15;93.83;94.48;93.12;94.08;238038
FR0000121220;27/05/15;94.26;95.36;94.03;95.31;310352
FR0000121220;28/05/15;95.25;95.76;94.75;95.10;269225
FR0000121220;29/05/15;94.96;95.20;93.60;93.91;362933
FR0000121261;04/05/15;100.15;100.50;98.50;99.84;443448
FR0000121261;05/05/15;99.77;101.85;98.92;99.14;625792
FR0000121261;06/05/15;99.46;100.75;98.07;99.66;933871
FR0000121261;07/05/15;99.69;101.20;98.25;100.25;901240
FR0000121261;08/05/15;100.70;102.20;100.60;102.10;595846
FR0000121261;11/05/15;102.00;102.10;100.05;100.70;406022
FR0000121261;12/05/15;100.10;100.95;98.21;98.91;890057
FR0000121261;13/05/15;99.29;100.80;98.81;99.29;458264
FR0000121261;14/05/15;99.20;101.45;98.40;101.25;386661
FR0000121261;15/05/15;101.80;102.15;99.74;100.10;507822
FR0000121261;18/05/15;100.45;101.65;99.77;101.50;390526
FR0000121261;19/05/15;102.15;103.80;101.80;103.05;640422
FR0000121261;20/05/15;103.05;103.90;102.15;102.45;656849
FR0000121261;21/05/15;102.25;103.40;101.85;103.25;419997
FR0000121261;22/05/15;103.05;103.40;102.05;102.60;349811
FR0000121261;25/05/15;102.80;103.00;102.00;102.55;107173
FR0000121261;26/05/15;101.20;101.75;99.99;100.75;578914
FR0000121261;27/05/15;100.65;103.00;100.65;102.40;518057
FR0000121261;28/05/15;102.15;102.20;99.27;99.89;698658
FR0000121261;29/05/15;99.99;100.25;97.57;97.57;922438
FR0000121485;04/05/15;165.30;170.45;164.40;168.45;305910
FR0000121485;05/05/15;167.60;169.05;165.25;165.55;439313
FR0000121485;06/05/15;164.75;165.35;160.00;161.35;650003
FR0000121485;07/05/15;161.25;161.90;158.35;161.50;421670
FR0000121485;08/05/15;163.20;164.50;162.45;163.95;281884
FR0000121485;11/05/15;164.30;164.60;162.40;164.10;265651
FR0000121485;12/05/15;163.30;166.05;162.65;164.95;356068
FR0000121485;13/05/15;165.50;167.80;164.65;164.95;210864
FR0000121485;14/05/15;164.65;167.80;163.25;167.35;165750
FR0000121485;15/05/15;167.45;168.40;165.40;166.65;270488
FR0000121485;18/05/15;167.35;168.40;165.90;168.40;210747
FR0000121485;19/05/15;169.00;171.85;168.60;170.30;281210
FR0000121485;20/05/15;170.00;170.40;168.55;169.20;208426
FR0000121485;21/05/15;169.20;169.20;165.20;166.40;398718
FR0000121485;22/05/15;165.00;165.00;161.10;163.00;500570
FR0000121485;25/05/15;163.50;164.45;162.80;163.90;68334
FR0000121485;26/05/15;164.05;164.60;162.00;162.40;309478
FR0000121485;27/05/15;162.50;162.95;161.85;162.40;359990
FR0000121485;28/05/15;161.80;162.40;161.00;162.40;324657
FR0000121485;29/05/15;162.40;162.60;159.50;159.95;467175
FR0000121501;04/05/15;17.065;17.12;16.79;17.005;3366998
FR0000121501;05/05/15;16.93;17.40;16.85;16.89;6052736
FR0000121501;06/05/15;16.785;16.905;16.205;16.51;7244652
FR0000121501;07/05/15;16.465;16.935;16.16;16.855;6266863
FR0000121501;08/05/15;16.955;17.265;16.75;17.19;3494237
FR0000121501;11/05/15;17.215;17.275;16.985;17.215;2663357
FR0000121501;12/05/15;17.065;17.11;16.595;16.905;5531033
FR0000121501;13/05/15;16.935;17.385;16.835;16.92;4555366
FR0000121501;14/05/15;16.925;17.25;16.72;17.235;3206486
FR0000121501;15/05/15;17.335;17.485;17.085;17.145;4108157
FR0000121501;18/05/15;17.18;17.60;17.01;17.60;4201957
FR0000121501;19/05/15;17.78;18.115;17.735;18.08;6923665
FR0000121501;20/05/15;18.20;18.40;18.04;18.36;5613553
FR0000121501;21/05/15;18.33;18.415;18.175;18.24;2995883
FR0000121501;22/05/15;18.275;18.39;18.08;18.385;3619789
FR0000121501;25/05/15;18.375;18.545;18.17;18.545;926208
FR0000121501;26/05/15;18.54;18.88;18.455;18.58;5538345
FR0000121501;27/05/15;18.70;19.53;18.68;19.475;8139849
FR0000121501;28/05/15;19.425;19.705;19.08;19.25;7041594
FR0000121501;29/05/15;19.28;19.345;18.935;19.00;7494476
FR0000121667;04/05/15;108.60;110.75;107.70;110.30;434167
FR0000121667;05/05/15;110.55;112.25;106.95;106.95;628255
FR0000121667;06/05/15;107.30;108.15;105.50;107.30;534995
FR0000121667;07/05/15;106.80;107.40;104.40;106.80;722471
FR0000121667;08/05/15;107.55;111.75;107.15;111.55;735943
FR0000121667;11/05/15;111.60;111.60;109.25;109.75;433370
FR0000121667;12/05/15;109.25;109.40;106.45;107.65;564912
FR0000121667;13/05/15;108.05;109.45;105.95;106.30;428311
FR0000121667;14/05/15;105.85;109.10;105.20;108.90;334287
FR0000121667;15/05/15;109.65;110.00;107.60;108.85;548423
FR0000121667;18/05/15;108.80;109.65;106.80;108.90;392284
FR0000121667;19/05/15;108.55;111.25;108.55;110.85;474852
FR0000121667;20/05/15;111.10;111.45;109.70;111.35;331035
FR0000121667;21/05/15;110.80;111.65;110.00;111.45;296742
FR0000121667;22/05/15;111.85;113.35;111.05;113.35;514779
FR0000121667;25/05/15;113.35;113.65;111.95;112.70;108141
FR0000121667;26/05/15;113.00;113.80;111.60;112.05;533618
FR0000121667;27/05/15;112.90;113.95;112.00;113.80;455545
FR0000121667;28/05/15;113.20;114.35;113.20;113.70;426369
FR0000121667;29/05/15;114.05;114.20;111.10;111.15;829292
FR0000121972;04/05/15;67.87;67.88;66.38;67.38;1619905
FR0000121972;05/05/15;67.03;68.40;66.85;67.00;2796043
FR0000121972;06/05/15;67.13;67.92;66.39;67.64;2239970
FR0000121972;07/05/15;67.21;67.45;65.56;66.91;2584305
FR0000121972;08/05/15;67.12;68.69;66.87;68.49;2070213
FR0000121972;11/05/15;68.27;68.27;67.56;68.00;1267746
FR0000121972;12/05/15;67.48;67.87;66.35;67.61;2230314
FR0000121972;13/05/15;67.80;69.03;67.78;68.08;2484906
FR0000121972;14/05/15;67.95;69.46;67.36;69.32;1659109
FR0000121972;15/05/15;69.50;69.82;67.91;68.41;2008106
FR0000121972;18/05/15;68.40;68.81;67.61;68.44;1290544
FR0000121972;19/05/15;68.73;70.17;68.73;69.88;1770001
FR0000121972;20/05/15;70.19;70.30;69.63;70.02;1474535
FR0000121972;21/05/15;69.67;70.51;69.59;70.41;1011279
FR0000121972;22/05/15;70.53;70.92;69.92;70.11;1356392
FR0000121972;25/05/15;70.15;70.15;69.25;69.56;228372
FR0000121972;26/05/15;69.75;70.30;68.73;69.09;1463445
FR0000121972;27/05/15;69.67;71.35;69.25;71.28;2139930
FR0000121972;28/05/15;71.00;71.11;70.29;71.06;2039706
FR0000121972;29/05/15;71.25;71.29;68.75;68.78;4425087
FR0000124141;04/05/15;19.035;19.725;18.97;19.55;2846824
FR0000124141;05/05/15;18.94;18.96;18.16;18.18;3679893
FR0000124141;06/05/15;18.18;18.365;17.97;18.045;3184319
FR0000124141;07/05/15;18.005;18.28;17.73;18.21;2996765
FR0000124141;08/05/15;18.33;18.55;18.12;18.535;2439608
FR0000124141;11/05/15;18.575;18.69;18.46;18.66;1638242
FR0000124141;12/05/15;18.51;18.645;18.39;18.485;2491475
FR0000124141;13/05/15;18.56;18.90;18.47;18.73;2724989
FR0000124141;14/05/15;18.735;19.095;18.59;19.025;1811938
FR0000124141;15/05/15;19.09;19.15;18.85;18.97;1685840
FR0000124141;18/05/15;18.975;19.03;18.60;18.915;1305009
FR0000124141;19/05/15;19.00;19.275;18.99;19.22;1789923
FR0000124141;20/05/15;19.20;19.37;19.10;19.34;1424518
FR0000124141;21/05/15;19.31;19.37;19.21;19.285;1391937
FR0000124141;22/05/15;19.31;19.395;19.205;19.24;1127900
FR0000124141;25/05/15;19.30;19.335;19.08;19.12;252861
FR0000124141;26/05/15;19.18;19.385;18.90;18.955;2211492
FR0000124141;27/05/15;19.07;19.39;18.90;19.365;2042491
FR0000124141;28/05/15;19.33;19.39;19.05;19.17;1410411
FR0000124141;29/05/15;19.205;19.27;18.86;18.915;3322705
FR0000124711;04/05/15;247.75;250.70;245.70;249.10;204454
FR0000124711;05/05/15;249.95;251.90;240.05;240.40;362681
FR0000124711;06/05/15;240.05;240.60;233.70;234.05;565030
FR0000124711;07/05/15;232.85;235.10;228.20;234.25;837565
FR0000124711;08/05/15;238.30;243.70;236.20;243.70;406648
FR0000124711;11/05/15;243.75;243.75;238.25;241.05;230528
FR0000124711;12/05/15;238.70;239.60;233.20;235.35;425704
FR0000124711;13/05/15;235.85;240.70;235.10;237.15;336535
FR0000124711;14/05/15;236.10;242.25;234.40;241.90;224139
FR0000124711;15/05/15;242.50;244.75;241.70;243.85;400992
FR0000124711;18/05/15;243.00;243.75;237.55;238.90;304363
FR0000124711;19/05/15;240.85;248.15;240.85;247.90;382861
FR0000124711;20/05/15;247.50;248.00;241.20;243.05;313973
FR0000124711;21/05/15;243.15;243.15;238.20;240.80;238105
FR0000124711;22/05/15;240.80;242.10;238.65;239.05;228900
FR0000124711;25/05/15;240.65;240.75;237.50;238.55;47776
FR0000124711;26/05/15;237.95;240.65;236.35;237.50;324565
FR0000124711;27/05/15;238.90;242.85;237.50;241.85;370996
FR0000124711;28/05/15;241.85;243.50;238.65;240.30;293732
FR0000124711;29/05/15;240.00;240.50;233.85;233.85;522978
FR0000125007;04/05/15;40.76;41.45;40.29;41.14;1493833
FR0000125007;05/05/15;41.30;41.715;40.31;40.395;2149267
FR0000125007;06/05/15;40.30;40.67;39.88;40.405;1759024
FR0000125007;07/05/15;39.72;40.37;39.185;40.135;2394870
FR0000125007;08/05/15;40.50;41.57;40.42;41.415;2095002
FR0000125007;11/05/15;41.26;41.46;41.02;41.25;1168965
FR0000125007;12/05/15;40.80;41.24;40.21;41.11;2091346
FR0000125007;13/05/15;41.195;41.815;40.91;41.085;1954831
FR0000125007;14/05/15;40.47;40.965;40.01;40.845;2911842
FR0000125007;15/05/15;40.95;41.36;40.385;40.665;2250355
FR0000125007;18/05/15;40.875;41.11;40.27;41.09;2237219
FR0000125007;19/05/15;41.225;42.085;41.19;42.02;2540863
FR0000125007;20/05/15;41.935;42.57;41.67;42.525;1850521
FR0000125007;21/05/15;42.59;43.35;42.515;43.225;3209564
FR0000125007;22/05/15;43.23;43.465;43.055;43.315;2133667
FR0000125007;25/05/15;42.965;43.095;42.76;43.06;255522
FR0000125007;26/05/15;43.015;43.635;42.58;43.13;2406645
FR0000125007;27/05/15;43.34;44.00;43.035;43.79;2649638
FR0000125007;28/05/15;43.495;43.635;43.00;43.565;2058298
FR0000125007;29/05/15;43.38;43.545;42.38;42.43;3905038
FR0000125338;04/05/15;79.95;80.53;79.40;79.99;491260
FR0000125338;05/05/15;79.98;81.86;78.09;78.11;959093
FR0000125338;06/05/15;78.36;79.15;77.20;77.52;839534
FR0000125338;07/05/15;77.27;79.04;76.23;78.90;1043728
FR0000125338;08/05/15;79.66;81.10;79.00;80.71;759713
FR0000125338;11/05/15;80.66;80.95;79.83;80.50;611230
FR0000125338;12/05/15;80.10;80.27;78.29;79.77;690541
FR0000125338;13/05/15;80.23;81.75;79.98;80.33;666859
FR0000125338;14/05/15;80.21;81.86;79.69;81.69;522108
FR0000125338;15/05/15;81.63;81.70;79.89;80.85;748251
FR0000125338;18/05/15;79.65;81.06;79.20;81.06;788958
FR0000125338;19/05/15;81.33;82.73;81.33;82.34;775982
FR0000125338;20/05/15;82.31;83.54;81.98;83.51;606717
FR0000125338;21/05/15;83.13;83.87;83.08;83.70;549272
FR0000125338;22/05/15;84.30;85.00;82.23;82.36;873796
FR0000125338;25/05/15;82.75;82.75;81.33;81.65;175177
FR0000125338;26/05/15;82.07;82.78;81.00;81.18;810898
FR0000125338;27/05/15;81.33;82.12;80.94;81.40;979194
FR0000125338;28/05/15;81.32;83.70;80.97;81.59;1498088
FR0000125338;29/05/15;81.74;82.28;79.02;79.02;1959629
FR0000125486;04/05/15;54.51;54.97;54.01;54.60;1442022
FR0000125486;05/05/15;54.48;55.06;53.63;53.76;2952497
FR0000125486;06/05/15;53.74;53.81;52.86;53.30;2469184
FR0000125486;07/05/15;52.76;53.03;52.02;52.75;2822211
FR0000125486;08/05/15;53.32;53.85;52.91;53.67;2176505
FR0000125486;11/05/15;53.47;53.57;52.84;53.10;1647484
FR0000125486;12/05/15;52.80;52.87;51.99;52.67;1876331
FR0000125486;13/05/15;52.91;53.38;52.47;52.66;1574408
FR0000125486;14/05/15;52.60;53.95;52.24;53.72;1672978
FR0000125486;15/05/15;53.89;54.19;53.17;53.60;1691486
FR0000125486;18/05/15;53.60;53.84;52.61;53.40;1185021
FR0000125486;19/05/15;54.20;55.18;54.20;55.04;2869668
FR0000125486;20/05/15;54.96;55.49;54.95;55.29;1363371
FR0000125486;21/05/15;55.06;55.70;55.01;55.46;1281630
FR0000125486;22/05/15;55.49;55.71;55.01;55.47;1131105
FR0000125486;25/05/15;55.26;55.35;54.79;55.15;218566
FR0000125486;26/05/15;55.10;55.64;54.52;55.03;1297173
FR0000125486;27/05/15;55.30;56.48;55.20;56.33;1787208
FR0000125486;28/05/15;56.13;56.13;54.88;55.39;1540013
FR0000125486;29/05/15;55.39;55.73;54.08;54.08;2051237
FR0000127771;04/05/15;22.365;22.705;22.275;22.415;3343497
FR0000127771;05/05/15;22.34;22.73;22.01;22.01;4575384
FR0000127771;06/05/15;21.825;22.165;21.695;22.085;5241301
FR0000127771;07/05/15;21.925;22.08;21.62;22.00;6116252
FR0000127771;08/05/15;22.055;22.81;21.995;22.75;5837374
FR0000127771;11/05/15;22.59;22.725;22.49;22.675;3084861
FR0000127771;12/05/15;22.15;22.53;22.10;22.365;5912375
FR0000127771;13/05/15;22.63;23.17;22.16;22.25;8100557
FR0000127771;14/05/15;22.065;22.60;22.025;22.50;3734954
FR0000127771;15/05/15;22.50;22.57;22.27;22.35;4990952
FR0000127771;18/05/15;22.285;22.40;21.94;22.255;4428976
FR0000127771;19/05/15;22.205;22.58;22.205;22.515;4885757
FR0000127771;20/05/15;22.455;23.055;22.45;22.97;4777492
FR0000127771;21/05/15;22.825;23.055;22.825;22.915;2542300
FR0000127771;22/05/15;23.15;23.425;23.02;23.175;7275305
FR0000127771;25/05/15;22.98;23.105;22.78;23.06;711114
FR0000127771;26/05/15;23.175;23.55;23.175;23.385;9215144
FR0000127771;27/05/15;23.37;23.705;23.37;23.66;6508207
FR0000127771;28/05/15;23.595;23.72;23.405;23.555;3455662
FR0000127771;29/05/15;23.46;23.705;23.12;23.19;12238865
FR0000130577;04/05/15;74.89;76.22;74.44;75.50;433975
FR0000130577;05/05/15;75.40;76.33;73.04;73.08;819383
FR0000130577;06/05/15;73.31;73.55;72.14;72.30;823975
FR0000130577;07/05/15;72.00;73.15;70.85;72.83;677823
FR0000130577;08/05/15;73.61;74.77;73.03;74.74;668829
FR0000130577;11/05/15;74.84;75.21;74.52;75.03;539617
FR0000130577;12/05/15;74.62;74.77;73.15;73.49;548822
FR0000130577;13/05/15;73.67;74.70;73.20;73.57;470656
FR0000130577;14/05/15;73.53;74.81;73.08;74.46;447466
FR0000130577;15/05/15;74.53;75.88;74.45;74.86;732617
FR0000130577;18/05/15;75.16;75.82;74.25;74.92;669932
FR0000130577;19/05/15;75.21;77.18;75.21;76.79;763237
FR0000130577;20/05/15;76.69;77.16;76.22;77.13;508689
FR0000130577;21/05/15;77.12;77.46;75.90;76.71;478459
FR0000130577;22/05/15;76.74;76.90;75.95;76.06;574641
FR0000130577;25/05/15;76.00;76.77;75.52;76.48;100395
FR0000130577;26/05/15;76.34;77.05;75.13;75.39;687590
FR0000130577;27/05/15;75.39;75.80;75.14;75.74;915779
FR0000130577;28/05/15;75.48;76.14;74.73;75.07;594106
FR0000130577;29/05/15;75.13;75.16;72.68;72.81;922852
FR0000130809;04/05/15;45.045;45.95;44.505;45.325;3766399
FR0000130809;05/05/15;45.785;46.26;44.625;44.765;5558080
FR0000130809;06/05/15;44.00;44.15;42.40;43.75;7971067
FR0000130809;07/05/15;42.70;43.485;42.30;43.30;6939136
FR0000130809;08/05/15;43.895;44.165;43.03;44.075;4065345
FR0000130809;11/05/15;44.215;44.39;43.655;44.145;2862819
FR0000130809;12/05/15;43.785;43.94;43.37;43.805;3769376
FR0000130809;13/05/15;43.915;44.77;43.895;44.135;3987667
FR0000130809;14/05/15;44.085;45.21;43.55;44.93;3635435
FR0000130809;15/05/15;45.395;45.64;44.39;44.65;4428138
FR0000130809;18/05/15;44.67;44.80;43.24;44.025;4326310
FR0000130809;19/05/15;44.38;44.98;44.205;44.65;3714634
FR0000130809;20/05/15;44.585;45.135;44.25;45.03;2921997
FR0000130809;21/05/15;44.955;45.015;44.51;44.975;1757228
FR0000130809;22/05/15;44.615;45.035;44.41;44.75;3270888
FR0000130809;25/05/15;44.815;44.815;44.18;44.535;978886
FR0000130809;26/05/15;43.565;43.78;42.67;43.29;5286334
FR0000130809;27/05/15;43.49;44.43;43.015;44.195;4162723
FR0000130809;28/05/15;44.02;44.12;42.96;43.545;3577502
FR0000130809;29/05/15;43.595;43.68;42.35;42.525;5181616
FR0000131104;04/05/15;57.03;57.05;55.76;56.75;3729910
FR0000131104;05/05/15;56.60;57.43;54.92;55.04;5864295
FR0000131104;06/05/15;55.35;56.28;54.97;56.03;5721361
FR0000131104;07/05/15;55.66;56.58;54.83;56.35;5145968
FR0000131104;08/05/15;56.80;57.42;56.04;57.41;3926530
FR0000131104;11/05/15;57.23;57.35;56.59;56.86;2863614
FR0000131104;12/05/15;56.28;56.54;55.61;56.11;4207037
FR0000131104;13/05/15;56.27;56.98;55.81;55.99;4042299
FR0000131104;14/05/15;55.96;57.11;55.31;56.90;2670387
FR0000131104;15/05/15;57.34;57.82;56.31;56.74;4304316
FR0000131104;18/05/15;56.70;57.00;55.50;56.65;3997770
FR0000131104;19/05/15;56.87;57.85;56.79;57.41;3917273
FR0000131104;20/05/15;56.00;56.90;55.82;56.85;4113729
FR0000131104;21/05/15;56.84;56.84;56.05;56.47;2614831
FR0000131104;22/05/15;56.58;57.10;56.33;57.01;3153725
FR0000131104;25/05/15;56.53;56.55;55.90;56.23;837556
FR0000131104;26/05/15;56.30;56.52;55.27;55.57;3275924
FR0000131104;27/05/15;55.85;56.82;55.54;56.47;4161669
FR0000131104;28/05/15;56.21;56.54;55.54;56.15;2358958
FR0000131104;29/05/15;56.06;56.31;54.81;54.93;4468096
FR0000131906;04/05/15;93.15;94.22;92.16;93.50;655222
FR0000131906;05/05/15;93.44;95.74;92.01;92.01;1267413
FR0000131906;06/05/15;92.30;93.10;90.32;91.99;1200827
FR0000131906;07/05/15;91.04;93.27;90.98;92.96;1607304
FR0000131906;08/05/15;94.00;95.25;92.74;94.78;921815
FR0000131906;11/05/15;94.96;95.70;93.74;95.40;801404
FR0000131906;12/05/15;94.50;94.98;92.56;93.32;1122530
FR0000131906;13/05/15;91.50;93.32;90.54;90.89;1314942
FR0000131906;14/05/15;90.89;91.87;89.60;91.31;945912
FR0000131906;15/05/15;92.25;93.08;90.19;90.81;1144889
FR0000131906;18/05/15;91.00;92.35;90.52;91.81;899199
FR0000131906;19/05/15;92.67;96.73;92.67;96.51;2164192
FR0000131906;20/05/15;96.50;97.03;94.91;96.84;1087452
FR0000131906;21/05/15;96.81;98.75;96.63;98.52;1311099
FR0000131906;22/05/15;98.44;99.19;98.10;98.81;1164819
FR0000131906;25/05/15;98.99;98.99;98.01;98.76;116010
FR0000131906;26/05/15;98.75;100.25;97.69;98.11;1120981
FR0000131906;27/05/15;97.81;99.04;97.22;98.47;1083583
FR0000131906;28/05/15;98.20;98.40;95.64;96.55;1142471
FR0000131906;29/05/15;96.66;96.87;94.35;94.53;1248747
FR0000133308;04/05/15;14.785;14.98;14.53;14.90;6366524
FR0000133308;05/05/15;14.835;14.94;14.20;14.205;13761701
FR0000133308;06/05/15;14.22;14.46;14.08;14.43;10410640
FR0000133308;07/05/15;14.33;14.54;14.13;14.47;10252914
FR0000133308;08/05/15;14.545;14.78;14.305;14.77;9073991
FR0000133308;11/05/15;14.735;14.735;14.415;14.49;10310281
FR0000133308;12/05/15;14.42;14.45;14.20;14.305;11701866
FR0000133308;13/05/15;14.335;14.615;14.26;14.33;11559742
FR0000133308;14/05/15;14.25;14.50;14.15;14.46;6757691
FR0000133308;15/05/15;14.455;14.485;14.11;14.21;9966826
FR0000133308;18/05/15;14.28;14.76;14.19;14.74;10990949
FR0000133308;19/05/15;14.785;14.935;14.765;14.865;10721234
FR0000133308;20/05/15;14.63;14.845;14.53;14.835;9567697
FR0000133308;21/05/15;14.82;14.93;14.76;14.83;4892179
FR0000133308;22/05/15;14.75;14.75;14.455;14.60;9403464
FR0000133308;25/05/15;14.58;14.58;14.38;14.47;1425383
FR0000133308;26/05/15;14.535;14.75;14.44;14.505;6434151
FR0000133308;27/05/15;14.63;14.77;14.45;14.735;8020099
FR0000133308;28/05/15;14.63;14.85;14.565;14.685;4488296
FR0000133308;29/05/15;14.675;14.745;14.32;14.36;9070993
FR0010208488;04/05/15;18.21;18.255;18.035;18.035;6395758
FR0010208488;05/05/15;18.09;18.31;17.725;17.775;10677191
FR0010208488;06/05/15;17.755;18.105;17.705;17.985;9745479
FR0010208488;07/05/15;17.965;18.08;17.75;17.945;8225916
FR0010208488;08/05/15;18.035;18.525;17.98;18.525;6861357
FR0010208488;11/05/15;18.565;18.58;18.255;18.40;4449419
FR0010208488;12/05/15;18.20;18.315;17.99;18.25;6883755
FR0010208488;13/05/15;18.38;18.385;17.72;17.795;13046058
FR0010208488;14/05/15;17.70;17.975;17.495;17.875;5922454
FR0010208488;15/05/15;17.97;18.015;17.73;17.825;5996975
FR0010208488;18/05/15;17.865;18.00;17.57;17.80;4509982
FR0010208488;19/05/15;17.945;18.335;17.92;18.275;7845408
FR0010208488;20/05/15;18.50;18.685;18.375;18.64;6646345
FR0010208488;21/05/15;18.595;18.695;18.395;18.66;4107205
FR0010208488;22/05/15;18.675;18.785;18.605;18.725;5007920
FR0010208488;25/05/15;18.71;18.725;18.35;18.50;2164119
FR0010208488;26/05/15;18.54;18.685;18.32;18.42;5486790
FR0010208488;27/05/15;18.515;18.905;18.38;18.875;5702211
FR0010208488;28/05/15;18.80;18.895;18.62;18.83;4727760
FR0010208488;29/05/15;18.83;18.85;18.375;18.375;6744359
FR0010307819;04/05/15;51.99;52.33;51.56;51.98;515343
FR0010307819;05/05/15;51.97;52.50;50.71;50.77;644336
FR0010307819;06/05/15;50.86;51.40;50.39;50.75;801980
FR0010307819;07/05/15;49.81;49.94;48.755;49.835;1357086
FR0010307819;08/05/15;50.00;50.79;49.88;50.73;1084485
FR0010307819;11/05/15;50.63;50.64;50.11;50.27;514428
FR0010307819;12/05/15;50.06;50.47;49.575;50.24;871833
FR0010307819;13/05/15;50.50;50.97;49.805;49.965;660906
FR0010307819;14/05/15;49.93;50.71;49.525;50.58;505216
FR0010307819;15/05/15;50.65;51.02;49.84;50.09;801778
FR0010307819;18/05/15;50.32;50.78;49.84;50.57;556499
FR0010307819;19/05/15;50.79;52.18;50.79;51.96;971520
FR0010307819;20/05/15;51.90;52.04;51.72;51.88;514568
FR0010307819;21/05/15;51.88;52.26;51.76;52.03;456562
FR0010307819;22/05/15;52.20;52.26;51.65;51.68;481499
FR0010307819;25/05/15;51.95;51.95;51.49;51.81;49629
FR0010307819;26/05/15;51.98;52.17;51.09;51.38;469513
FR0010307819;27/05/15;51.71;53.02;51.62;52.93;660023
FR0010307819;28/05/15;52.67;52.90;52.18;52.38;445736
FR0010307819;29/05/15;52.35;52.38;51.15;51.24;650539
FR0013176526;04/05/15;48.2167;49.0333;47.80;48.85;776979
FR0013176526;05/05/15;48.6333;49.5833;47.50;47.5833;1088733
FR0013176526;06/05/15;47.6167;48.0167;46.60;46.7667;1320213
FR0013176526;07/05/15;46.6667;47.90;46.40;47.85;1602735
FR0013176526;08/05/15;48.35;49.00;48.05;48.9333;1202058
FR0013176526;11/05/15;49.05;49.1833;48.3333;49.0333;654000
FR0013176526;12/05/15;48.8667;48.8833;47.7167;48.3667;1036404
FR0013176526;13/05/15;48.70;49.40;48.4167;48.6667;842142
FR0013176526;14/05/15;48.4333;49.4667;47.9667;49.40;732486
FR0013176526;15/05/15;49.6167;50.20;49.0167;49.2667;822756
FR0013176526;18/05/15;49.50;50.2167;49.15;50.0333;797982
FR0013176526;19/05/15;50.4667;51.90;50.40;51.8333;1346604
FR0013176526;20/05/15;51.75;52.1167;51.4167;51.7667;1075245
FR0013176526;21/05/15;51.40;51.6667;50.9167;51.4667;777870
FR0013176526;22/05/15;51.35;51.4333;50.6333;50.9167;692367
FR0013176526;25/05/15;51.00;51.15;50.60;51.0833;106560
FR0013176526;26/05/15;51.60;51.95;50.6833;51.2833;970428
FR0013176526;27/05/15;51.3333;52.2333;51.3167;52.0167;760359
FR0013176526;28/05/15;51.10;51.3667;49.5167;49.9667;1270935
FR0013176526;29/05/15;50.05;50.3667;48.45;48.45;1885458
GB00BDSFG982;04/05/15;30.625;31.38;30.41;31.30;1905890
GB00BDSFG982;05/05/15;31.34;32.215;31.165;32.02;2749804
GB00BDSFG982;06/05/15;32.05;32.15;31.62;31.905;2191752
GB00BDSFG982;07/05/15;31.745;31.945;30.41;30.50;2346544
GB00BDSFG982;08/05/15;30.695;31.02;30.40;30.905;1623010
GB00BDSFG982;11/05/15;31.01;31.35;30.745;30.88;1452360
GB00BDSFG982;12/05/15;30.79;31.39;30.71;31.35;1494428
GB00BDSFG982;13/05/15;31.50;32.21;31.46;31.585;1150196
GB00BDSFG982;14/05/15;31.49;31.725;31.10;31.48;765640
GB00BDSFG982;15/05/15;31.43;31.44;30.35;30.535;1587804
GB00BDSFG982;18/05/15;30.69;31.245;30.60;31.115;1511128
GB00BDSFG982;19/05/15;31.25;31.425;30.365;30.475;1463222
GB00BDSFG982;20/05/15;30.535;30.82;30.33;30.48;1220978
GB00BDSFG982;21/05/15;30.56;31.37;30.56;31.29;1194784
GB00BDSFG982;22/05/15;31.445;31.745;30.83;31.05;1104402
GB00BDSFG982;25/05/15;31.16;31.16;30.71;31.065;161794
GB00BDSFG982;26/05/15;31.065;31.24;30.545;30.655;940720
GB00BDSFG982;27/05/15;30.73;30.87;30.135;30.755;1471102
GB00BDSFG982;28/05/15;30.685;30.735;30.04;30.29;1145806
GB00BDSFG982;29/05/15;30.345;30.45;29.88;30.045;1916718
LU1598757687;04/05/15;28.836;29.253;28.623;28.98;2490847
LU1598757687;05/05/15;28.905;29.457;28.815;29.052;3360211
LU1598757687;06/05/15;28.947;29.184;28.437;28.716;3623642
LU1598757687;07/05/15;27.90;28.227;27.315;27.987;5111359
LU1598757687;08/05/15;28.032;28.263;27.645;28.203;3999211
LU1598757687;11/05/15;28.239;28.605;28.224;28.50;2304295
LU1598757687;12/05/15;28.263;29.586;27.96;29.508;5684418
LU1598757687;13/05/15;29.58;29.814;29.013;29.154;3123354
LU1598757687;14/05/15;28.863;31.26;28.656;30.825;7723463
LU1598757687;15/05/15;31.29;31.89;31.05;31.125;5700639
LU1598757687;18/05/15;31.125;31.38;30.18;30.375;3236244
LU1598757687;19/05/15;30.54;30.735;30.135;30.24;2779266
LU1598757687;20/05/15;30.195;30.555;29.853;30.42;1901330
LU1598757687;21/05/15;30.405;30.825;30.21;30.33;2207899
LU1598757687;22/05/15;30.285;30.495;29.982;30.045;1810285
LU1598757687;25/05/15;30.345;30.495;30.09;30.24;615407
LU1598757687;26/05/15;30.465;30.87;30.165;30.33;3233272
LU1598757687;27/05/15;30.435;30.75;30.105;30.66;2144594
LU1598757687;28/05/15;30.51;30.51;29.703;30.015;2654655
LU1598757687;29/05/15;30.06;30.15;29.094;29.094;3826940
NL0000226223;04/05/15;7.14;7.166;6.857;7.004;5439358
NL0000226223;05/05/15;6.88;6.992;6.772;6.792;6866257
NL0000226223;06/05/15;6.76;7.029;6.755;6.888;4646073
NL0000226223;07/05/15;6.828;6.95;6.723;6.94;3091334
NL0000226223;08/05/15;7.068;7.077;6.915;7.00;3207120
NL0000226223;11/05/15;7.024;7.042;6.848;7.042;3341070
NL0000226223;12/05/15;6.956;7.409;6.854;7.214;7250330
NL0000226223;13/05/15;7.24;7.289;7.085;7.12;4287231
NL0000226223;14/05/15;7.081;7.24;7.015;7.206;1954267
NL0000226223;15/05/15;7.267;7.293;7.097;7.112;2365267
NL0000226223;18/05/15;7.152;7.216;7.059;7.216;1860193
NL0000226223;19/05/15;7.263;7.316;7.24;7.307;2688607
NL0000226223;20/05/15;7.297;7.493;7.281;7.446;2771363
NL0000226223;21/05/15;7.443;7.493;7.347;7.429;1447932
NL0000226223;22/05/15;7.401;7.442;7.322;7.431;1580695
NL0000226223;25/05/15;7.435;7.462;7.31;7.325;370705
NL0000226223;26/05/15;7.344;7.457;7.264;7.393;2053952
NL0000226223;27/05/15;7.344;7.58;7.338;7.579;2726751
NL0000226223;28/05/15;7.60;7.95;7.59;7.851;6159023
NL0000226223;29/05/15;7.862;7.862;7.665;7.774;4802438
NL0000235190;04/05/15;61.20;61.85;60.96;61.60;1979364
NL0000235190;05/05/15;61.00;62.09;59.75;59.90;3343254
NL0000235190;06/05/15;59.60;61.49;59.52;60.28;3512195
NL0000235190;07/05/15;60.02;60.59;58.12;60.36;3092654
NL0000235190;08/05/15;60.98;63.55;60.57;63.40;3394340
NL0000235190;11/05/15;61.10;62.46;60.53;62.09;3850548
NL0000235190;12/05/15;61.80;61.80;59.98;60.71;3248673
NL0000235190;13/05/15;61.35;62.39;60.00;60.20;2602835
NL0000235190;14/05/15;60.13;60.99;58.88;60.87;2344017
NL0000235190;15/05/15;61.50;62.33;60.50;60.86;3202079
NL0000235190;18/05/15;61.00;61.88;60.15;61.50;2017404
NL0000235190;19/05/15;62.06;63.66;62.00;62.81;3204600
NL0000235190;20/05/15;63.11;63.51;62.45;63.34;1972699
NL0000235190;21/05/15;63.00;63.98;62.57;63.94;1445504
NL0000235190;22/05/15;63.80;64.14;63.10;63.73;2184433
NL0000235190;25/05/15;64.24;64.24;63.13;63.36;752324
NL0000235190;26/05/15;63.48;64.46;63.23;63.49;2885149
NL0000235190;27/05/15;64.04;65.55;63.51;65.26;3291740
NL0000235190;28/05/15;65.00;65.25;64.02;64.64;1745158
NL0000235190;29/05/15;64.61;64.69;61.82;62.00;3480630
