BE0003470755;02/05/16;89.10;89.60;88.10;88.88;244034
BE0003470755;03/05/16;90.10;93.53;89.87;92.67;888529
BE0003470755;04/05/16;93.23;93.50;90.91;91.18;513939
BE0003470755;05/05/16;90.20;91.64;89.60;90.07;339193
BE0003470755;06/05/16;90.00;90.69;88.95;90.20;307709
BE0003470755;09/05/16;90.85;91.19;88.79;88.87;342320
BE0003470755;10/05/16;89.22;90.21;88.31;89.50;399015
BE0003470755;11/05/16;89.71;89.86;88.30;89.29;254361
BE0003470755;12/05/16;89.24;90.45;87.88;88.34;385010
BE0003470755;13/05/16;86.49;87.69;85.34;87.20;346996
BE0003470755;16/05/16;87.21;87.36;86.33;87.12;116446
BE0003470755;17/05/16;87.83;88.67;86.81;87.57;273140
BE0003470755;18/05/16;87.28;87.46;85.90;87.46;286808
BE0003470755;19/05/16;86.71;86.71;85.30;86.04;349196
BE0003470755;20/05/16;86.62;87.68;86.25;86.36;350056
BE0003470755;23/05/16;86.43;86.98;85.15;86.49;281948
BE0003470755;24/05/16;86.29;89.31;85.77;88.95;349612
BE0003470755;25/05/16;89.46;90.39;89.20;90.02;310278
BE0003470755;26/05/16;90.02;91.31;90.00;91.16;263498
BE0003470755;27/05/16;91.11;91.39;90.24;90.79;301851
BE0003470755;30/05/16;90.82;91.44;90.65;91.40;138908
BE0003470755;31/05/16;91.45;92.20;91.03;91.20;372832
CH0012214059;02/05/16;44.345;44.45;43.03;43.395;220823
CH0012214059;03/05/16;43.195;43.195;40.645;40.695;437849
CH0012214059;04/05/16;40.375;41.21;40.355;40.48;335843
CH0012214059;05/05/16;40.835;40.855;40.07;40.155;176026
CH0012214059;06/05/16;39.96;40.00;38.435;39.435;429516
CH0012214059;09/05/16;39.68;39.845;38.855;39.015;348351
CH0012214059;10/05/16;39.14;39.405;38.905;39.34;251358
CH0012214059;11/05/16;39.81;40.005;39.375;39.79;398720
CH0012214059;12/05/16;39.67;39.94;38.10;39.40;417623
CH0012214059;13/05/16;39.355;39.50;38.68;39.395;289525
CH0012214059;16/05/16;39.08;39.175;38.55;38.905;164512
CH0012214059;17/05/16;38.18;39.38;37.90;39.26;562454
CH0012214059;18/05/16;39.07;40.13;38.81;40.13;281212
CH0012214059;19/05/16;39.535;40.055;39.41;39.66;378268
CH0012214059;20/05/16;40.225;40.30;39.755;40.005;472722
CH0012214059;23/05/16;39.985;39.985;39.155;39.545;286681
CH0012214059;24/05/16;39.225;40.625;38.945;40.615;394850
CH0012214059;25/05/16;40.82;40.95;40.42;40.53;308261
CH0012214059;26/05/16;40.60;40.915;40.415;40.915;294231
CH0012214059;27/05/16;40.80;40.99;40.405;40.75;241352
CH0012214059;30/05/16;40.71;40.93;40.665;40.88;112624
CH0012214059;31/05/16;40.775;40.925;40.135;40.305;292607
FR0000045072;02/05/16;9.738;9.739;9.521;9.597;3712573
FR0000045072;03/05/16;9.673;9.681;9.181;9.181;9879803
FR0000045072;04/05/16;9.176;9.334;9.135;9.173;7370313
FR0000045072;05/05/16;9.195;9.25;8.924;8.97;7065546
FR0000045072;06/05/16;8.94;9.131;8.815;9.03;5880926
FR0000045072;09/05/16;9.151;9.227;8.958;9.013;4562138
FR0000045072;10/05/16;9.074;9.20;9.02;9.12;5989974
FR0000045072;11/05/16;9.13;9.18;8.93;9.101;6388500
FR0000045072;12/05/16;8.80;8.871;8.568;8.654;13345133
FR0000045072;13/05/16;8.535;8.708;8.44;8.645;8034015
FR0000045072;16/05/16;8.60;8.651;8.527;8.604;3149852
FR0000045072;17/05/16;8.655;8.863;8.569;8.636;6644315
FR0000045072;18/05/16;8.621;8.842;8.55;8.775;5415947
FR0000045072;19/05/16;8.789;8.96;8.717;8.743;6689887
FR0000045072;20/05/16;8.842;8.914;8.791;8.843;6808653
FR0000045072;23/05/16;8.855;8.932;8.729;8.794;4370069
FR0000045072;24/05/16;8.77;9.12;8.70;9.092;7462699
FR0000045072;25/05/16;9.182;9.555;9.167;9.524;11050134
FR0000045072;26/05/16;9.43;9.674;9.374;9.635;10954365
FR0000045072;27/05/16;9.04;9.15;8.943;9.092;9811429
FR0000045072;30/05/16;9.15;9.185;9.08;9.097;3558800
FR0000045072;31/05/16;9.101;9.217;8.953;9.025;6851315
FR0000051732;02/05/16;78.13;78.28;77.54;77.63;146013
FR0000051732;03/05/16;77.63;77.74;76.64;77.32;335313
FR0000051732;04/05/16;77.30;78.66;77.28;78.14;325602
FR0000051732;05/05/16;78.22;79.07;78.19;78.36;225437
FR0000051732;06/05/16;78.41;79.10;77.89;78.22;298801
FR0000051732;09/05/16;78.66;79.68;78.51;79.09;264973
FR0000051732;10/05/16;79.46;79.82;79.10;79.66;310080
FR0000051732;11/05/16;79.85;80.80;79.48;80.60;372444
FR0000051732;12/05/16;80.10;81.00;79.50;79.50;302513
FR0000051732;13/05/16;79.10;80.28;79.00;80.06;282847
FR0000051732;16/05/16;79.52;79.52;79.08;79.40;164113
FR0000051732;17/05/16;79.80;80.88;79.79;80.81;275234
FR0000051732;18/05/16;80.38;81.00;80.14;80.90;305448
FR0000051732;19/05/16;80.51;81.16;80.23;80.23;427982
FR0000051732;20/05/16;81.13;81.81;81.03;81.65;281900
FR0000051732;23/05/16;81.61;82.00;80.96;81.23;325462
FR0000051732;24/05/16;81.16;82.05;80.60;81.75;277402
FR0000051732;25/05/16;82.52;82.88;82.08;82.43;271768
FR0000051732;26/05/16;82.58;83.42;82.17;83.04;250465
FR0000051732;27/05/16;83.03;83.04;82.16;82.82;263095
FR0000051732;30/05/16;82.82;83.00;82.35;82.75;199145
FR0000051732;31/05/16;82.73;83.33;82.00;83.06;411878
FR0000073272;02/05/16;60.41;60.83;60.05;60.29;545744
FR0000073272;03/05/16;60.20;60.20;58.43;58.71;1081926
FR0000073272;04/05/16;58.59;59.28;58.26;58.46;782581
FR0000073272;05/05/16;58.54;58.68;57.81;58.42;558216
FR0000073272;06/05/16;58.36;58.51;57.56;58.33;747266
FR0000073272;09/05/16;58.85;59.41;58.40;58.68;534676
FR0000073272;10/05/16;59.30;60.12;59.20;59.42;641194
FR0000073272;11/05/16;59.48;59.98;59.12;59.86;691685
FR0000073272;12/05/16;59.81;60.32;58.95;59.20;645769
FR0000073272;13/05/16;58.72;59.55;58.33;59.55;693426
FR0000073272;16/05/16;59.31;59.66;58.93;59.66;384813
FR0000073272;17/05/16;60.00;60.24;59.04;59.34;841761
FR0000073272;18/05/16;59.01;59.21;58.27;59.16;807925
FR0000073272;19/05/16;58.78;58.91;58.02;58.57;1009469
FR0000073272;20/05/16;58.96;59.98;58.82;59.98;1205950
FR0000073272;23/05/16;59.27;59.96;58.94;59.87;1285903
FR0000073272;24/05/16;59.55;61.81;59.43;61.53;1388082
FR0000073272;25/05/16;61.90;62.47;61.56;62.46;1057756
FR0000073272;26/05/16;62.49;62.98;62.23;62.84;894401
FR0000073272;27/05/16;62.83;62.96;62.45;62.96;673218
FR0000073272;30/05/16;62.85;63.56;62.53;63.36;464730
FR0000073272;31/05/16;63.29;63.40;62.79;63.00;977926
FR0000120073;02/05/16;90.5091;91.2727;90.1727;90.2636;500611
FR0000120073;03/05/16;90.00;90.0182;88.3273;88.6909;1025940
FR0000120073;04/05/16;88.1909;88.60;86.5636;86.6273;1573210
FR0000120073;05/05/16;86.6455;87.4818;86.2455;86.5909;951566
FR0000120073;06/05/16;86.1818;87.0818;85.4545;86.7818;929135
FR0000120073;09/05/16;87.2364;87.7182;86.4364;86.6182;878579
FR0000120073;10/05/16;87.2455;87.3455;86.2455;86.9818;822396
FR0000120073;11/05/16;86.9182;87.0818;86.0455;86.6455;740154
FR0000120073;12/05/16;86.5364;87.1091;85.70;86.1909;876322
FR0000120073;13/05/16;85.6364;87.9091;85.3182;87.4636;995441
FR0000120073;16/05/16;87.3091;87.5727;86.6364;87.3364;348532
FR0000120073;17/05/16;87.8182;88.4364;86.3455;87.2636;811967
FR0000120073;18/05/16;86.7364;87.8455;86.3364;87.7273;740573
FR0000120073;19/05/16;87.4364;87.6636;86.6273;87.0364;764239
FR0000120073;20/05/16;87.9273;88.6455;87.6636;88.3364;1148714
FR0000120073;23/05/16;86.3636;86.8636;85.3909;85.5909;971426
FR0000120073;24/05/16;85.4545;88.2455;85.2727;87.7455;1158907
FR0000120073;25/05/16;88.5455;88.7727;87.8909;88.3182;780996
FR0000120073;26/05/16;88.1546;89.4091;88.1546;89.2455;813729
FR0000120073;27/05/16;89.0909;89.5455;88.5182;88.8455;799374
FR0000120073;30/05/16;88.80;89.6546;88.6455;89.6364;397228
FR0000120073;31/05/16;89.6182;89.7273;87.7546;87.7546;1111598
FR0000120172;02/05/16;24.655;24.90;24.595;24.90;2212969
FR0000120172;03/05/16;24.785;24.895;24.11;24.255;3540302
FR0000120172;04/05/16;24.055;24.30;23.875;23.91;3316209
FR0000120172;05/05/16;23.92;24.415;23.80;23.90;2370648
FR0000120172;06/05/16;23.74;24.095;23.65;23.90;3126768
FR0000120172;09/05/16;23.975;24.455;23.92;24.05;3301605
FR0000120172;10/05/16;24.195;24.775;24.185;24.375;3381627
FR0000120172;11/05/16;24.245;24.405;24.005;24.14;2353736
FR0000120172;12/05/16;24.00;24.82;23.915;24.195;3303503
FR0000120172;13/05/16;24.035;24.55;23.92;24.495;2307187
FR0000120172;16/05/16;24.33;24.415;24.155;24.365;1729388
FR0000120172;17/05/16;24.395;24.725;23.945;24.22;2897969
FR0000120172;18/05/16;24.22;24.595;24.16;24.525;2418870
FR0000120172;19/05/16;24.525;24.53;23.945;23.98;3144757
FR0000120172;20/05/16;24.22;24.51;24.185;24.395;3745352
FR0000120172;23/05/16;23.79;23.795;23.315;23.58;2828637
FR0000120172;24/05/16;23.64;24.33;23.40;24.21;3242322
FR0000120172;25/05/16;24.36;24.47;24.17;24.38;2262872
FR0000120172;26/05/16;24.325;24.60;24.32;24.47;2069981
FR0000120172;27/05/16;24.465;24.49;24.235;24.38;1827239
FR0000120172;30/05/16;24.385;24.525;24.355;24.49;880205
FR0000120172;31/05/16;24.545;24.55;24.285;24.35;2324089
FR0000120271;02/05/16;44.14;44.285;43.68;43.93;2819875
FR0000120271;03/05/16;43.94;43.94;42.715;42.725;5492690
FR0000120271;04/05/16;42.50;42.81;41.935;42.15;6062150
FR0000120271;05/05/16;42.21;42.885;42.10;42.545;3972766
FR0000120271;06/05/16;42.21;43.08;41.72;42.94;6416506
FR0000120271;09/05/16;42.665;43.145;41.90;42.08;5631300
FR0000120271;10/05/16;42.30;42.72;42.035;42.665;4936788
FR0000120271;11/05/16;42.71;42.915;42.07;42.885;3968622
FR0000120271;12/05/16;42.805;43.805;42.54;42.765;5180859
FR0000120271;13/05/16;42.325;43.08;42.15;42.82;4514685
FR0000120271;16/05/16;42.525;43.375;42.465;43.15;2557342
FR0000120271;17/05/16;43.30;43.905;42.61;43.07;5592682
FR0000120271;18/05/16;42.87;43.45;42.685;43.16;4584201
FR0000120271;19/05/16;42.875;42.875;41.845;42.13;5964278
FR0000120271;20/05/16;42.70;43.06;42.59;43.005;6867101
FR0000120271;23/05/16;42.795;42.86;42.245;42.39;4669872
FR0000120271;24/05/16;42.405;43.24;42.285;43.115;6153974
FR0000120271;25/05/16;43.50;44.18;43.41;44.07;7233862
FR0000120271;26/05/16;44.505;44.72;43.985;44.03;5747864
FR0000120271;27/05/16;43.83;44.015;43.65;43.90;5157273
FR0000120271;30/05/16;43.91;43.91;43.545;43.765;2528108
FR0000120271;31/05/16;43.78;43.98;43.43;43.675;8275245
FR0000120321;02/05/16;158.15;159.70;158.10;158.60;386688
FR0000120321;03/05/16;157.90;158.75;155.65;157.80;678869
FR0000120321;04/05/16;157.45;159.60;156.95;157.30;685957
FR0000120321;05/05/16;157.70;159.55;157.45;158.65;363399
FR0000120321;06/05/16;157.80;158.75;155.95;157.75;506857
FR0000120321;09/05/16;159.00;161.35;158.20;160.35;383944
FR0000120321;10/05/16;160.90;163.25;160.45;160.80;467614
FR0000120321;11/05/16;160.30;160.50;158.40;159.20;382550
FR0000120321;12/05/16;158.40;160.70;156.70;158.30;477277
FR0000120321;13/05/16;157.30;160.05;156.40;159.55;486289
FR0000120321;16/05/16;158.20;159.15;156.90;159.05;199760
FR0000120321;17/05/16;160.00;160.95;156.90;157.95;515317
FR0000120321;18/05/16;156.75;159.90;156.70;159.85;508789
FR0000120321;19/05/16;158.80;159.45;156.65;158.20;547703
FR0000120321;20/05/16;159.80;161.25;159.35;160.65;790604
FR0000120321;23/05/16;160.85;160.85;158.65;160.10;340848
FR0000120321;24/05/16;159.55;164.80;158.80;164.20;663885
FR0000120321;25/05/16;164.65;166.45;164.20;164.80;507089
FR0000120321;26/05/16;164.20;166.10;164.10;165.75;400869
FR0000120321;27/05/16;165.65;166.95;165.15;166.90;415878
FR0000120321;30/05/16;166.35;167.65;165.80;167.45;224754
FR0000120321;31/05/16;167.40;169.00;167.10;168.90;840791
FR0000120404;02/05/16;38.76;39.165;38.76;38.975;410670
FR0000120404;03/05/16;38.99;38.995;38.25;38.335;735366
FR0000120404;04/05/16;38.285;38.855;38.24;38.34;631571
FR0000120404;05/05/16;38.28;38.58;38.015;38.25;470545
FR0000120404;06/05/16;38.03;38.175;37.56;37.82;727042
FR0000120404;09/05/16;38.215;38.66;37.885;38.535;863123
FR0000120404;10/05/16;38.82;39.16;38.595;39.12;1129935
FR0000120404;11/05/16;38.955;39.115;38.455;38.795;773272
FR0000120404;12/05/16;38.60;39.57;38.25;38.90;804846
FR0000120404;13/05/16;38.425;38.51;37.425;38.105;1399035
FR0000120404;16/05/16;37.765;38.095;37.485;38.095;428507
FR0000120404;17/05/16;38.145;38.61;37.675;37.865;529829
FR0000120404;18/05/16;37.62;38.815;37.515;38.785;786354
FR0000120404;19/05/16;38.395;38.565;37.945;38.165;764732
FR0000120404;20/05/16;38.51;39.00;38.405;38.855;808822
FR0000120404;23/05/16;38.72;39.075;38.25;38.93;588873
FR0000120404;24/05/16;38.815;39.675;38.385;39.56;882486
FR0000120404;25/05/16;39.72;40.21;39.65;39.76;1037492
FR0000120404;26/05/16;39.58;40.475;39.58;40.01;967144
FR0000120404;27/05/16;39.82;40.025;39.675;40.025;889166
FR0000120404;30/05/16;39.995;40.485;39.795;39.905;426775
FR0000120404;31/05/16;39.85;39.955;39.105;39.105;4026074
FR0000120503;02/05/16;29.125;29.325;29.01;29.165;516033
FR0000120503;03/05/16;29.21;29.62;29.00;29.06;1212830
FR0000120503;04/05/16;29.02;29.16;28.65;28.765;932737
FR0000120503;05/05/16;28.735;28.82;28.415;28.585;671880
FR0000120503;06/05/16;28.57;28.685;28.25;28.445;772261
FR0000120503;09/05/16;28.515;29.08;28.505;28.66;1091557
FR0000120503;10/05/16;28.85;29.18;28.665;28.70;724713
FR0000120503;11/05/16;28.78;29.10;28.57;29.09;682055
FR0000120503;12/05/16;28.965;29.30;28.76;28.895;585655
FR0000120503;13/05/16;29.385;30.20;29.065;29.635;1444281
FR0000120503;16/05/16;29.605;29.605;29.15;29.445;422438
FR0000120503;17/05/16;29.52;29.87;28.80;28.87;952615
FR0000120503;18/05/16;28.70;28.90;28.59;28.89;503130
FR0000120503;19/05/16;28.715;28.94;28.62;28.72;635285
FR0000120503;20/05/16;28.99;29.11;28.70;28.945;833924
FR0000120503;23/05/16;28.98;29.10;28.71;28.84;575516
FR0000120503;24/05/16;28.72;29.35;28.65;29.125;1043647
FR0000120503;25/05/16;29.255;29.255;29.095;29.19;670357
FR0000120503;26/05/16;29.09;29.325;29.09;29.275;633933
FR0000120503;27/05/16;29.21;29.24;28.965;29.09;578802
FR0000120503;30/05/16;29.12;29.16;28.765;29.115;469508
FR0000120503;31/05/16;29.17;29.25;29.05;29.20;952376
FR0000120578;02/05/16;72.87;73.11;71.90;72.03;1831808
FR0000120578;03/05/16;71.50;71.98;70.61;71.65;2448657
FR0000120578;04/05/16;71.82;72.05;69.82;70.13;2684202
FR0000120578;05/05/16;70.32;71.23;70.03;71.15;2036167
FR0000120578;06/05/16;70.96;71.24;69.64;70.40;2653456
FR0000120578;09/05/16;71.56;72.26;70.70;71.81;2769349
FR0000120578;10/05/16;69.88;71.22;69.67;70.40;3240872
FR0000120578;11/05/16;70.18;70.28;69.12;69.49;2096313
FR0000120578;12/05/16;69.55;71.03;68.97;69.11;2845021
FR0000120578;13/05/16;68.69;70.22;68.32;69.98;2582149
FR0000120578;16/05/16;69.30;69.76;68.97;69.66;1005859
FR0000120578;17/05/16;70.09;71.06;69.35;69.75;2088183
FR0000120578;18/05/16;69.53;70.18;69.36;70.11;2139836
FR0000120578;19/05/16;70.21;70.27;68.88;69.00;2270030
FR0000120578;20/05/16;69.65;71.25;69.50;71.18;4662089
FR0000120578;23/05/16;71.02;71.29;70.19;70.20;2595294
FR0000120578;24/05/16;70.04;72.04;69.76;71.80;2756393
FR0000120578;25/05/16;72.53;73.85;72.40;73.62;2579115
FR0000120578;26/05/16;73.45;73.98;73.05;73.47;1653431
FR0000120578;27/05/16;73.13;73.94;73.03;73.80;1558218
FR0000120578;30/05/16;73.81;74.03;73.44;73.91;975998
FR0000120578;31/05/16;73.91;74.07;73.32;73.69;2332720
FR0000120628;02/05/16;22.32;22.39;22.045;22.32;3515018
FR0000120628;03/05/16;22.28;22.315;21.99;22.05;6194779
FR0000120628;04/05/16;21.75;22.235;21.70;21.905;6894770
FR0000120628;05/05/16;22.055;22.06;21.575;21.645;4791960
FR0000120628;06/05/16;20.50;20.63;20.135;20.43;9386693
FR0000120628;09/05/16;20.61;20.87;20.44;20.67;5394252
FR0000120628;10/05/16;20.855;21.12;20.76;20.895;4983372
FR0000120628;11/05/16;20.805;20.935;20.625;20.84;4532380
FR0000120628;12/05/16;20.72;21.14;20.505;20.69;6734661
FR0000120628;13/05/16;20.50;20.835;20.135;20.725;6617442
FR0000120628;16/05/16;20.53;20.63;20.38;20.575;2854271
FR0000120628;17/05/16;20.66;20.945;20.44;20.63;4774418
FR0000120628;18/05/16;20.445;20.705;20.285;20.705;5222165
FR0000120628;19/05/16;20.71;21.04;20.62;20.855;7070288
FR0000120628;20/05/16;21.10;21.28;21.055;21.24;7010249
FR0000120628;23/05/16;21.25;21.40;20.975;21.085;4022424
FR0000120628;24/05/16;21.04;22.11;20.93;22.05;7193642
FR0000120628;25/05/16;22.25;22.59;22.16;22.36;6674126
FR0000120628;26/05/16;22.365;22.58;22.23;22.57;4527645
FR0000120628;27/05/16;22.60;22.75;22.485;22.705;4130439
FR0000120628;30/05/16;22.66;22.73;22.545;22.70;2524561
FR0000120628;31/05/16;22.78;22.84;22.48;22.58;7041922
FR0000120644;02/05/16;61.66;61.93;61.32;61.64;778966
FR0000120644;03/05/16;61.46;61.65;60.67;60.97;1166903
FR0000120644;04/05/16;60.85;61.43;60.34;60.49;1484607
FR0000120644;05/05/16;59.44;59.91;59.18;59.56;1092702
FR0000120644;06/05/16;59.27;59.82;58.58;59.80;1822268
FR0000120644;09/05/16;60.28;61.38;60.09;61.05;1617939
FR0000120644;10/05/16;61.59;61.89;60.72;61.01;1256869
FR0000120644;11/05/16;60.81;60.96;60.33;60.60;949100
FR0000120644;12/05/16;60.55;61.15;60.10;60.39;1031161
FR0000120644;13/05/16;59.99;60.81;59.75;60.64;1168390
FR0000120644;16/05/16;60.28;60.64;59.82;60.61;472866
FR0000120644;17/05/16;60.86;61.20;59.51;59.91;1470073
FR0000120644;18/05/16;59.52;60.04;59.35;59.98;1351016
FR0000120644;19/05/16;59.69;59.86;59.07;59.50;1077640
FR0000120644;20/05/16;60.06;60.59;59.90;60.35;2128033
FR0000120644;23/05/16;60.22;60.56;59.63;60.31;1055257
FR0000120644;24/05/16;60.11;61.99;59.94;61.75;1359221
FR0000120644;25/05/16;62.14;62.72;61.92;62.30;1370481
FR0000120644;26/05/16;62.29;63.10;62.19;62.92;1264771
FR0000120644;27/05/16;62.90;63.25;62.59;63.13;1048088
FR0000120644;30/05/16;63.15;63.67;62.86;63.56;673447
FR0000120644;31/05/16;63.45;63.60;62.89;63.08;1434444
FR0000120693;02/05/16;95.08;96.04;94.51;95.37;363751
FR0000120693;03/05/16;94.96;95.06;93.50;93.75;462405
FR0000120693;04/05/16;93.50;94.32;93.27;93.48;498521
FR0000120693;05/05/16;93.94;94.80;93.71;94.47;395042
FR0000120693;06/05/16;94.15;95.75;93.86;95.31;742229
FR0000120693;09/05/16;96.08;97.30;95.48;96.60;459649
FR0000120693;10/05/16;97.18;98.03;96.62;96.81;370003
FR0000120693;11/05/16;96.89;96.89;95.25;95.67;366150
FR0000120693;12/05/16;95.51;96.48;94.59;95.29;284987
FR0000120693;13/05/16;94.74;95.93;94.52;95.89;412399
FR0000120693;16/05/16;95.29;96.23;94.79;96.23;217160
FR0000120693;17/05/16;97.01;97.21;94.53;94.95;380924
FR0000120693;18/05/16;94.53;94.95;94.19;94.60;433395
FR0000120693;19/05/16;94.21;94.76;93.18;93.85;455642
FR0000120693;20/05/16;94.78;95.14;94.08;94.82;399884
FR0000120693;23/05/16;94.73;95.06;93.79;94.50;341165
FR0000120693;24/05/16;94.18;97.15;93.96;96.45;598986
FR0000120693;25/05/16;97.30;97.84;96.70;97.37;540267
FR0000120693;26/05/16;96.86;98.85;96.80;98.63;455123
FR0000120693;27/05/16;98.48;99.43;98.20;98.24;442494
FR0000120693;30/05/16;98.10;99.38;98.09;99.19;247576
FR0000120693;31/05/16;98.94;99.29;97.62;97.91;693059
FR0000121014;02/05/16;146.30;148.35;146.10;147.25;497789
FR0000121014;03/05/16;146.60;146.70;143.35;144.70;802675
FR0000121014;04/05/16;144.30;146.25;143.60;143.65;752440
FR0000121014;05/05/16;144.10;144.50;143.00;144.40;533502
FR0000121014;06/05/16;143.60;144.45;143.05;143.70;750291
FR0000121014;09/05/16;144.50;146.35;143.75;145.55;518198
FR0000121014;10/05/16;149.50;150.60;148.35;148.85;922135
FR0000121014;11/05/16;148.75;149.25;146.15;146.45;580035
FR0000121014;12/05/16;145.35;146.75;144.15;144.75;912825
FR0000121014;13/05/16;143.85;146.15;143.25;145.35;667856
FR0000121014;16/05/16;144.00;145.10;143.15;145.05;343181
FR0000121014;17/05/16;146.15;146.80;142.75;143.95;763857
FR0000121014;18/05/16;143.20;145.05;142.75;144.80;684478
FR0000121014;19/05/16;144.35;144.40;142.15;142.20;630554
FR0000121014;20/05/16;141.75;144.80;141.25;144.20;1004386
FR0000121014;23/05/16;144.50;144.50;142.20;142.40;644352
FR0000121014;24/05/16;141.80;145.65;141.05;144.70;788710
FR0000121014;25/05/16;145.90;145.95;143.40;143.50;899578
FR0000121014;26/05/16;143.10;144.30;142.20;143.80;640039
FR0000121014;27/05/16;143.85;145.55;143.60;145.05;626797
FR0000121014;30/05/16;145.00;145.70;144.35;145.40;228425
FR0000121014;31/05/16;145.40;145.85;143.60;144.05;634363
FR0000121220;02/05/16;88.36;89.82;88.27;89.55;141137
FR0000121220;03/05/16;89.26;89.42;87.89;87.92;278459
FR0000121220;04/05/16;87.90;88.54;87.73;88.10;252992
FR0000121220;05/05/16;88.27;88.55;87.86;88.39;151577
FR0000121220;06/05/16;88.04;89.46;87.83;89.08;259529
FR0000121220;09/05/16;89.36;91.03;89.31;90.01;217138
FR0000121220;10/05/16;90.52;91.07;89.71;89.87;233878
FR0000121220;11/05/16;89.87;90.11;88.87;88.96;204920
FR0000121220;12/05/16;88.77;90.87;88.38;90.37;245848
FR0000121220;13/05/16;89.91;90.14;89.20;89.99;200723
FR0000121220;16/05/16;89.74;89.96;88.87;89.58;78581
FR0000121220;17/05/16;90.08;90.60;89.36;89.76;153759
FR0000121220;18/05/16;89.36;91.07;89.21;90.71;189595
FR0000121220;19/05/16;90.18;90.77;89.69;90.15;221488
FR0000121220;20/05/16;90.94;91.94;90.89;91.78;280935
FR0000121220;23/05/16;91.89;91.95;90.95;91.45;157827
FR0000121220;24/05/16;91.34;93.19;90.88;92.98;224660
FR0000121220;25/05/16;94.85;95.00;93.68;94.18;307522
FR0000121220;26/05/16;94.18;95.44;94.18;95.17;295388
FR0000121220;27/05/16;95.15;95.38;90.56;93.89;294332
FR0000121220;30/05/16;93.85;94.41;93.56;94.35;92975
FR0000121220;31/05/16;94.05;95.26;94.02;94.53;299023
FR0000121261;02/05/16;91.55;92.73;91.55;92.07;411392
FR0000121261;03/05/16;91.75;91.97;90.37;90.80;600502
FR0000121261;04/05/16;90.73;91.09;89.76;90.03;423514
FR0000121261;05/05/16;90.20;90.70;89.35;90.18;389276
FR0000121261;06/05/16;89.80;90.94;89.56;90.35;367854
FR0000121261;09/05/16;91.19;91.65;90.24;90.32;491731
FR0000121261;10/05/16;91.12;92.30;91.02;91.58;496187
FR0000121261;11/05/16;91.66;91.69;90.25;91.05;532686
FR0000121261;12/05/16;90.79;91.65;89.69;90.56;607194
FR0000121261;13/05/16;89.86;90.87;88.37;90.85;673890
FR0000121261;16/05/16;90.30;90.50;89.36;90.04;303136
FR0000121261;17/05/16;87.78;88.29;86.34;86.91;803535
FR0000121261;18/05/16;86.62;87.04;86.06;86.81;417648
FR0000121261;19/05/16;86.53;87.05;85.76;86.38;496180
FR0000121261;20/05/16;87.33;88.65;87.02;88.38;781435
FR0000121261;23/05/16;89.05;89.12;86.91;87.81;562890
FR0000121261;24/05/16;87.41;89.89;86.90;89.74;457520
FR0000121261;25/05/16;90.19;91.40;89.99;90.66;458104
FR0000121261;26/05/16;90.27;91.94;90.19;91.77;391319
FR0000121261;27/05/16;91.77;91.93;90.76;91.27;428111
FR0000121261;30/05/16;91.38;92.38;91.35;91.78;248016
FR0000121261;31/05/16;91.99;92.47;90.88;91.34;1123764
FR0000121485;02/05/16;150.35;152.70;149.80;152.15;175105
FR0000121485;03/05/16;151.45;151.75;148.95;149.70;218679
FR0000121485;04/05/16;147.40;147.85;146.05;146.05;167814
FR0000121485;05/05/16;146.00;147.10;145.65;146.15;140950
FR0000121485;06/05/16;145.50;145.75;143.05;144.60;305869
FR0000121485;09/05/16;145.35;146.35;144.25;145.50;153990
FR0000121485;10/05/16;146.60;148.25;145.95;146.50;208223
FR0000121485;11/05/16;146.60;147.05;144.15;144.35;151658
FR0000121485;12/05/16;143.90;144.30;142.10;142.10;202401
FR0000121485;13/05/16;141.50;143.20;140.35;142.85;218626
FR0000121485;16/05/16;142.15;143.30;141.25;143.30;89293
FR0000121485;17/05/16;144.40;145.15;141.95;142.60;158101
FR0000121485;18/05/16;141.60;143.65;141.50;143.50;139624
FR0000121485;19/05/16;142.40;143.20;140.80;141.95;154463
FR0000121485;20/05/16;142.65;144.90;142.45;143.95;230788
FR0000121485;23/05/16;144.05;144.10;141.80;142.55;131896
FR0000121485;24/05/16;141.85;144.80;141.20;144.35;182192
FR0000121485;25/05/16;145.40;146.85;144.65;145.50;177385
FR0000121485;26/05/16;144.80;145.45;142.40;144.95;289492
FR0000121485;27/05/16;144.80;146.50;144.55;146.50;168229
FR0000121485;30/05/16;146.70;146.80;145.65;146.80;79827
FR0000121485;31/05/16;146.55;147.10;144.70;145.15;314538
FR0000121501;02/05/16;14.125;14.175;13.93;13.95;1708073
FR0000121501;03/05/16;13.925;13.94;13.455;13.455;3973558
FR0000121501;04/05/16;13.475;13.61;13.40;13.43;2564244
FR0000121501;05/05/16;13.47;13.55;13.24;13.385;2037121
FR0000121501;06/05/16;13.325;13.555;13.265;13.405;2757500
FR0000121501;09/05/16;13.57;13.705;13.355;13.37;3016397
FR0000121501;10/05/16;13.515;13.90;13.475;13.875;4209181
FR0000121501;11/05/16;13.895;13.925;13.555;13.63;2723824
FR0000121501;12/05/16;13.575;13.895;13.485;13.55;2867567
FR0000121501;13/05/16;13.62;13.73;13.415;13.70;2829004
FR0000121501;16/05/16;13.61;13.62;13.35;13.545;1630164
FR0000121501;17/05/16;13.575;13.615;12.89;12.99;5917057
FR0000121501;18/05/16;12.98;13.04;12.815;13.01;3255765
FR0000121501;19/05/16;12.965;13.265;12.85;13.075;2323987
FR0000121501;20/05/16;13.20;13.255;13.045;13.255;3417823
FR0000121501;23/05/16;13.25;13.34;13.00;13.115;3105180
FR0000121501;24/05/16;13.00;13.485;12.91;13.475;3472448
FR0000121501;25/05/16;13.535;13.95;13.48;13.83;4992489
FR0000121501;26/05/16;13.84;14.205;13.83;14.20;4657860
FR0000121501;27/05/16;14.12;14.14;13.815;14.085;3308989
FR0000121501;30/05/16;14.085;14.32;14.055;14.29;1582994
FR0000121501;31/05/16;14.275;14.33;14.005;14.145;5050967
FR0000121667;02/05/16;113.50;114.70;113.50;114.20;298310
FR0000121667;03/05/16;114.15;114.25;112.70;113.00;437166
FR0000121667;04/05/16;113.15;113.70;111.50;111.60;501367
FR0000121667;05/05/16;111.85;112.50;111.55;112.40;317320
FR0000121667;06/05/16;112.25;112.90;110.75;112.25;445904
FR0000121667;09/05/16;113.05;115.05;112.75;115.00;427799
FR0000121667;10/05/16;115.75;116.10;114.10;114.70;386441
FR0000121667;11/05/16;114.60;114.90;113.10;114.10;355808
FR0000121667;12/05/16;113.75;114.75;112.10;112.20;385056
FR0000121667;13/05/16;111.50;113.95;110.90;113.00;396084
FR0000121667;16/05/16;112.75;113.15;111.40;113.15;178560
FR0000121667;17/05/16;113.10;113.35;110.95;111.55;471881
FR0000121667;18/05/16;110.95;112.70;110.85;112.70;350540
FR0000121667;19/05/16;112.05;112.75;111.25;112.25;274248
FR0000121667;20/05/16;113.20;114.70;113.20;114.55;695217
FR0000121667;23/05/16;114.65;114.85;113.10;114.55;319033
FR0000121667;24/05/16;114.00;116.55;113.75;116.10;530307
FR0000121667;25/05/16;116.75;117.45;116.05;116.90;477603
FR0000121667;26/05/16;116.50;117.40;116.25;117.35;443786
FR0000121667;27/05/16;117.20;118.75;116.90;118.25;413713
FR0000121667;30/05/16;118.10;118.40;117.00;118.25;260466
FR0000121667;31/05/16;118.15;118.65;117.30;117.35;477051
FR0000121972;02/05/16;57.44;57.72;56.53;56.71;631963
FR0000121972;03/05/16;56.44;56.55;55.46;55.50;1455692
FR0000121972;04/05/16;55.51;56.00;54.77;54.91;1509744
FR0000121972;05/05/16;53.01;54.03;52.97;53.70;1549762
FR0000121972;06/05/16;53.52;53.98;52.96;53.78;1422339
FR0000121972;09/05/16;53.94;54.35;53.47;53.84;1601039
FR0000121972;10/05/16;54.29;54.92;54.25;54.73;1305205
FR0000121972;11/05/16;54.57;55.03;54.18;54.95;1328124
FR0000121972;12/05/16;54.73;55.33;54.26;54.60;1343352
FR0000121972;13/05/16;53.97;55.07;53.66;54.76;1370208
FR0000121972;16/05/16;54.34;54.91;54.05;54.85;548477
FR0000121972;17/05/16;55.21;55.96;54.86;55.21;1438911
FR0000121972;18/05/16;54.83;56.00;54.80;55.87;1291793
FR0000121972;19/05/16;55.64;55.80;54.97;55.47;1358167
FR0000121972;20/05/16;55.95;56.68;55.89;56.25;1654935
FR0000121972;23/05/16;56.19;56.50;55.52;56.19;905746
FR0000121972;24/05/16;56.00;57.43;55.69;57.15;1521853
FR0000121972;25/05/16;57.58;58.20;57.25;58.02;1512888
FR0000121972;26/05/16;57.75;58.32;57.73;58.07;1032016
FR0000121972;27/05/16;58.00;58.30;57.69;58.30;1049659
FR0000121972;30/05/16;58.30;58.40;58.04;58.19;549590
FR0000121972;31/05/16;58.26;58.37;57.84;58.11;1391001
FR0000124141;02/05/16;20.80;20.965;20.695;20.90;1145681
FR0000124141;03/05/16;20.93;20.945;20.64;20.885;1905552
FR0000124141;04/05/16;20.70;20.765;19.94;20.045;3598508
FR0000124141;05/05/16;19.925;20.00;19.59;19.76;2384201
FR0000124141;06/05/16;19.685;20.115;19.63;20.03;2201172
FR0000124141;09/05/16;20.065;20.245;19.90;20.13;1735750
FR0000124141;10/05/16;20.225;20.295;20.015;20.025;1429561
FR0000124141;11/05/16;20.025;20.065;19.755;19.845;1601220
FR0000124141;12/05/16;19.87;20.11;19.725;19.89;1762860
FR0000124141;13/05/16;19.95;20.045;19.855;19.985;1482102
FR0000124141;16/05/16;19.90;20.115;19.795;20.105;993121
FR0000124141;17/05/16;20.165;20.225;19.815;19.86;1550983
FR0000124141;18/05/16;19.665;19.70;19.235;19.445;3744555
FR0000124141;19/05/16;19.38;19.54;19.09;19.42;1943526
FR0000124141;20/05/16;19.53;19.845;19.53;19.62;2779487
FR0000124141;23/05/16;19.55;19.71;19.385;19.54;1465963
FR0000124141;24/05/16;19.54;19.895;19.42;19.86;1420665
FR0000124141;25/05/16;19.925;20.065;19.665;19.735;1653166
FR0000124141;26/05/16;19.685;20.06;19.66;20.03;1796281
FR0000124141;27/05/16;19.99;20.19;19.95;20.19;1580598
FR0000124141;30/05/16;20.15;20.20;19.95;20.035;900764
FR0000124141;31/05/16;20.025;20.295;20.025;20.18;1756330
FR0000124711;02/05/16;235.35;238.05;234.00;237.65;143190
FR0000124711;03/05/16;236.65;237.20;233.40;235.30;264176
FR0000124711;04/05/16;234.90;236.35;232.15;232.95;223129
FR0000124711;05/05/16;233.45;235.25;232.70;233.95;192128
FR0000124711;06/05/16;233.50;235.45;233.00;235.30;258921
FR0000124711;09/05/16;237.00;240.00;235.85;238.35;189617
FR0000124711;10/05/16;240.10;241.00;237.35;238.25;193347
FR0000124711;11/05/16;237.15;237.80;234.40;234.65;184296
FR0000124711;12/05/16;234.25;235.30;231.40;231.40;253750
FR0000124711;13/05/16;229.90;234.95;229.10;234.95;308358
FR0000124711;16/05/16;233.10;236.00;231.70;236.00;137337
FR0000124711;17/05/16;238.30;239.20;235.15;236.10;252672
FR0000124711;18/05/16;234.05;234.45;232.35;233.75;295979
FR0000124711;19/05/16;233.75;234.10;230.95;231.25;272080
FR0000124711;20/05/16;233.85;235.70;232.55;235.70;311318
FR0000124711;23/05/16;235.90;236.60;233.70;234.75;244622
FR0000124711;24/05/16;234.00;241.40;233.00;241.30;343454
FR0000124711;25/05/16;243.25;243.70;240.40;240.95;286504
FR0000124711;26/05/16;240.30;243.20;239.70;243.20;206435
FR0000124711;27/05/16;243.00;245.00;242.05;245.00;203611
FR0000124711;30/05/16;244.90;245.65;243.50;244.75;122490
FR0000124711;31/05/16;244.55;245.25;241.90;241.90;311452
FR0000125007;02/05/16;40.27;40.45;39.89;40.18;815536
FR0000125007;03/05/16;40.01;40.125;39.415;39.495;1231752
FR0000125007;04/05/16;38.49;38.635;38.175;38.435;3786514
FR0000125007;05/05/16;38.50;38.645;38.165;38.49;1613132
FR0000125007;06/05/16;38.30;38.42;37.73;38.275;1914264
FR0000125007;09/05/16;38.565;38.655;38.215;38.36;1597585
FR0000125007;10/05/16;38.715;38.90;38.315;38.58;1699786
FR0000125007;11/05/16;38.435;38.615;38.195;38.50;1911671
FR0000125007;12/05/16;38.325;38.82;37.995;38.30;1873851
FR0000125007;13/05/16;38.10;38.61;37.735;38.485;1615930
FR0000125007;16/05/16;38.175;38.55;37.925;38.465;625581
FR0000125007;17/05/16;38.73;38.95;37.95;38.24;1796208
FR0000125007;18/05/16;38.115;38.45;37.88;38.335;1269022
FR0000125007;19/05/16;38.275;38.54;38.04;38.265;1357889
FR0000125007;20/05/16;38.685;38.91;38.46;38.78;2102201
FR0000125007;23/05/16;38.75;38.96;38.33;38.64;1273831
FR0000125007;24/05/16;38.615;39.58;38.38;39.37;2124794
FR0000125007;25/05/16;39.575;39.91;39.52;39.56;1716567
FR0000125007;26/05/16;39.535;40.17;39.535;39.94;1791711
FR0000125007;27/05/16;39.955;40.055;39.85;40.055;1557963
FR0000125007;30/05/16;40.02;40.17;39.735;40.02;734027
FR0000125007;31/05/16;40.14;40.25;39.90;40.12;2373448
FR0000125338;02/05/16;81.80;81.92;81.19;81.65;200958
FR0000125338;03/05/16;81.50;81.75;80.22;80.97;448499
FR0000125338;04/05/16;80.66;81.32;79.77;79.83;531495
FR0000125338;05/05/16;80.14;80.33;79.25;79.44;383396
FR0000125338;06/05/16;79.28;79.59;78.68;78.89;589425
FR0000125338;09/05/16;79.37;81.34;79.25;81.13;566087
FR0000125338;10/05/16;81.47;81.88;81.07;81.45;427950
FR0000125338;11/05/16;81.21;81.75;81.21;81.66;372788
FR0000125338;12/05/16;81.60;82.38;80.79;80.86;506071
FR0000125338;13/05/16;80.40;81.52;79.87;81.50;410884
FR0000125338;16/05/16;80.81;81.00;80.02;80.66;405395
FR0000125338;17/05/16;80.90;81.74;80.47;80.95;495363
FR0000125338;18/05/16;80.66;81.30;80.39;81.24;433586
FR0000125338;19/05/16;80.93;80.93;79.89;80.21;520282
FR0000125338;20/05/16;80.74;81.73;80.70;81.73;486514
FR0000125338;23/05/16;82.01;83.34;81.94;82.89;653421
FR0000125338;24/05/16;82.85;85.15;82.14;85.00;619246
FR0000125338;25/05/16;85.63;85.77;84.66;84.82;550757
FR0000125338;26/05/16;85.00;86.06;84.39;86.05;554195
FR0000125338;27/05/16;85.83;86.06;85.39;86.04;326850
FR0000125338;30/05/16;85.13;86.05;84.59;85.70;398223
FR0000125338;31/05/16;85.61;86.00;85.35;85.70;617195
FR0000125486;02/05/16;65.00;65.36;64.79;64.94;1070542
FR0000125486;03/05/16;65.00;65.60;64.58;65.50;1890890
FR0000125486;04/05/16;65.27;65.63;64.25;64.47;1657643
FR0000125486;05/05/16;64.48;64.86;64.14;64.31;1157250
FR0000125486;06/05/16;64.16;64.34;63.27;63.75;1509342
FR0000125486;09/05/16;63.87;64.33;63.72;63.92;1325502
FR0000125486;10/05/16;64.47;64.72;63.81;64.09;1306247
FR0000125486;11/05/16;63.93;64.79;63.79;64.56;1664009
FR0000125486;12/05/16;64.42;65.00;64.04;64.62;1319234
FR0000125486;13/05/16;64.22;65.46;64.00;65.09;1400021
FR0000125486;16/05/16;64.65;65.60;64.47;65.52;738135
FR0000125486;17/05/16;65.55;65.83;64.73;65.13;1509070
FR0000125486;18/05/16;64.74;65.36;64.59;65.36;1512938
FR0000125486;19/05/16;65.01;65.38;64.60;65.15;1087076
FR0000125486;20/05/16;65.49;66.01;65.31;66.01;2293771
FR0000125486;23/05/16;66.21;66.82;66.17;66.35;1807604
FR0000125486;24/05/16;66.42;67.93;66.27;67.74;2340123
FR0000125486;25/05/16;67.97;68.07;67.36;67.41;1688842
FR0000125486;26/05/16;67.45;68.07;67.45;67.92;1307968
FR0000125486;27/05/16;67.73;68.18;67.61;68.18;1378466
FR0000125486;30/05/16;68.10;68.29;67.81;68.15;853502
FR0000125486;31/05/16;67.56;67.75;67.16;67.59;3237326
FR0000127771;02/05/16;16.885;17.11;16.81;17.075;3505500
FR0000127771;03/05/16;16.97;17.04;16.69;16.69;4806075
FR0000127771;04/05/16;16.615;16.83;16.61;16.655;4885754
FR0000127771;05/05/16;16.66;16.895;16.66;16.805;2859677
FR0000127771;06/05/16;16.71;16.865;16.685;16.85;3547659
FR0000127771;09/05/16;16.92;17.13;16.845;16.94;3307821
FR0000127771;10/05/16;17.035;17.095;16.74;16.765;3953762
FR0000127771;11/05/16;16.68;16.74;16.46;16.46;4000920
FR0000127771;12/05/16;16.75;17.065;16.375;16.905;6793981
FR0000127771;13/05/16;16.82;17.01;16.775;16.92;4340353
FR0000127771;16/05/16;16.67;16.80;16.67;16.70;2680629
FR0000127771;17/05/16;16.755;17.065;16.705;16.89;5706580
FR0000127771;18/05/16;16.70;17.18;16.70;17.165;4652365
FR0000127771;19/05/16;17.005;17.175;16.935;17.005;4008078
FR0000127771;20/05/16;16.83;17.32;16.83;17.32;5074199
FR0000127771;23/05/16;17.235;17.345;17.11;17.17;3120004
FR0000127771;24/05/16;17.03;17.64;17.01;17.605;5909507
FR0000127771;25/05/16;17.56;17.715;17.545;17.64;5498352
FR0000127771;26/05/16;17.44;17.795;17.37;17.78;3491887
FR0000127771;27/05/16;17.685;17.915;17.685;17.895;2941918
FR0000127771;30/05/16;17.775;17.99;17.775;17.945;1967787
FR0000127771;31/05/16;17.90;17.95;17.79;17.83;5395642
FR0000130577;02/05/16;64.78;65.16;64.40;64.74;340091
FR0000130577;03/05/16;64.80;64.98;63.32;63.48;596564
FR0000130577;04/05/16;63.38;63.83;62.79;63.08;508878
FR0000130577;05/05/16;63.14;64.27;63.14;63.80;425926
FR0000130577;06/05/16;63.56;63.94;63.23;63.56;447092
FR0000130577;09/05/16;63.91;64.66;63.78;63.90;458048
FR0000130577;10/05/16;64.32;64.36;63.41;63.55;479930
FR0000130577;11/05/16;63.24;63.25;62.57;62.90;562170
FR0000130577;12/05/16;62.85;63.99;62.32;63.05;409139
FR0000130577;13/05/16;62.73;63.20;62.02;63.15;555785
FR0000130577;16/05/16;62.76;63.09;62.26;63.09;281959
FR0000130577;17/05/16;63.50;64.32;63.27;63.65;501212
FR0000130577;18/05/16;63.47;63.90;63.14;63.84;436892
FR0000130577;19/05/16;63.45;63.69;63.07;63.51;535823
FR0000130577;20/05/16;63.98;64.88;63.79;64.77;517787
FR0000130577;23/05/16;64.79;64.81;63.95;64.38;494736
FR0000130577;24/05/16;64.17;65.46;63.88;65.22;542602
FR0000130577;25/05/16;65.50;65.66;64.50;64.57;871982
FR0000130577;26/05/16;64.36;64.92;63.90;64.69;499932
FR0000130577;27/05/16;64.46;64.60;64.02;64.57;571729
FR0000130577;30/05/16;64.57;65.53;64.56;64.92;270615
FR0000130577;31/05/16;64.92;65.12;64.68;65.06;764547
FR0000130809;02/05/16;34.355;34.50;33.615;34.12;2435247
FR0000130809;03/05/16;34.215;34.36;32.705;32.83;4905088
FR0000130809;04/05/16;33.65;34.315;33.34;33.38;5837989
FR0000130809;05/05/16;33.65;33.70;32.455;32.60;4116876
FR0000130809;06/05/16;32.40;32.99;31.715;32.86;4382875
FR0000130809;09/05/16;33.135;33.575;32.52;32.93;3544681
FR0000130809;10/05/16;33.22;34.01;33.06;33.47;3190411
FR0000130809;11/05/16;33.50;33.64;32.70;33.00;3545706
FR0000130809;12/05/16;32.80;33.495;32.405;32.695;3315804
FR0000130809;13/05/16;32.585;33.67;32.26;33.395;3940404
FR0000130809;16/05/16;33.11;33.425;32.86;33.28;1703068
FR0000130809;17/05/16;33.50;34.48;33.265;33.55;4478359
FR0000130809;18/05/16;33.41;34.11;33.095;34.02;3271619
FR0000130809;19/05/16;34.20;35.055;33.885;34.465;4820636
FR0000130809;20/05/16;34.985;35.14;34.47;34.675;4225016
FR0000130809;23/05/16;34.625;35.175;34.13;34.785;2958004
FR0000130809;24/05/16;34.65;36.80;34.505;36.665;6497384
FR0000130809;25/05/16;35.27;36.71;34.86;36.71;7921026
FR0000130809;26/05/16;36.50;37.145;36.115;36.985;5400007
FR0000130809;27/05/16;36.845;37.28;36.525;36.95;3428714
FR0000130809;30/05/16;36.965;37.365;36.84;37.31;1524601
FR0000130809;31/05/16;37.46;37.60;36.75;36.99;5924188
FR0000131104;02/05/16;46.80;46.885;45.545;45.965;2239575
FR0000131104;03/05/16;47.555;47.69;45.50;45.50;5585164
FR0000131104;04/05/16;46.245;46.485;45.005;45.31;4704883
FR0000131104;05/05/16;45.37;45.565;44.49;44.71;4284347
FR0000131104;06/05/16;44.46;44.705;43.145;44.265;5518014
FR0000131104;09/05/16;44.64;45.195;43.915;44.15;3207827
FR0000131104;10/05/16;44.485;45.26;44.09;44.575;3416500
FR0000131104;11/05/16;44.44;44.67;43.63;44.13;2825295
FR0000131104;12/05/16;43.835;44.27;43.24;43.455;3668807
FR0000131104;13/05/16;43.20;44.27;42.81;44.02;3574016
FR0000131104;16/05/16;43.665;44.06;43.49;43.90;1294895
FR0000131104;17/05/16;44.255;45.31;44.00;44.325;3929421
FR0000131104;18/05/16;44.14;45.105;43.79;44.98;3305257
FR0000131104;19/05/16;45.245;46.00;44.735;45.305;4557841
FR0000131104;20/05/16;45.845;46.09;45.29;45.715;4395458
FR0000131104;23/05/16;45.715;46.38;45.005;45.93;3241855
FR0000131104;24/05/16;45.71;47.915;45.50;47.63;5405037
FR0000131104;25/05/16;48.085;49.025;48.015;48.97;5227308
FR0000131104;26/05/16;48.74;50.00;48.125;50.00;6260623
FR0000131104;27/05/16;49.685;50.29;49.585;49.765;4205934
FR0000131104;30/05/16;49.76;50.39;49.59;50.28;2015314
FR0000131104;31/05/16;50.39;50.67;49.62;49.765;3677184
FR0000131906;02/05/16;84.00;84.90;83.51;84.23;624057
FR0000131906;03/05/16;83.91;84.00;81.91;81.95;972731
FR0000131906;04/05/16;81.90;82.49;81.18;81.36;767507
FR0000131906;05/05/16;81.60;81.78;80.07;80.43;505661
FR0000131906;06/05/16;80.13;81.85;79.72;81.03;795744
FR0000131906;09/05/16;81.87;82.39;80.25;80.63;1085183
FR0000131906;10/05/16;81.50;82.88;81.31;82.26;1235948
FR0000131906;11/05/16;82.26;82.49;81.10;81.28;756482
FR0000131906;12/05/16;80.71;83.05;80.10;82.18;1313586
FR0000131906;13/05/16;80.10;81.11;79.93;80.75;1112425
FR0000131906;16/05/16;80.17;80.37;79.05;80.25;461565
FR0000131906;17/05/16;80.60;80.68;77.52;77.80;1672579
FR0000131906;18/05/16;77.53;78.32;76.74;77.93;1204060
FR0000131906;19/05/16;77.57;79.65;77.03;79.05;974308
FR0000131906;20/05/16;79.71;80.14;78.90;79.89;979711
FR0000131906;23/05/16;80.00;80.28;78.52;78.98;881393
FR0000131906;24/05/16;78.63;81.69;77.85;81.62;867416
FR0000131906;25/05/16;82.42;83.82;82.05;83.13;790611
FR0000131906;26/05/16;82.79;85.34;82.61;85.34;1012950
FR0000131906;27/05/16;85.07;85.23;83.67;83.94;775479
FR0000131906;30/05/16;84.00;85.27;84.00;85.15;374426
FR0000131906;31/05/16;85.15;85.60;83.85;84.34;1010062
FR0000133308;02/05/16;14.58;14.855;14.46;14.795;4710295
FR0000133308;03/05/16;14.715;14.96;14.635;14.82;6927305
FR0000133308;04/05/16;14.77;14.875;14.255;14.275;9057832
FR0000133308;05/05/16;14.30;14.45;14.265;14.355;3669993
FR0000133308;06/05/16;14.275;14.32;14.025;14.21;6342789
FR0000133308;09/05/16;14.31;14.705;14.27;14.555;5819795
FR0000133308;10/05/16;14.69;14.775;14.51;14.625;4102249
FR0000133308;11/05/16;14.615;14.74;14.435;14.70;5838176
FR0000133308;12/05/16;14.645;14.975;14.50;14.86;7823640
FR0000133308;13/05/16;14.825;15.125;14.735;15.095;5966072
FR0000133308;16/05/16;14.965;15.045;14.90;15.03;2623332
FR0000133308;17/05/16;15.045;15.22;15.015;15.06;6266975
FR0000133308;18/05/16;15.00;15.205;14.98;15.15;4848623
FR0000133308;19/05/16;15.055;15.095;14.92;14.95;4117465
FR0000133308;20/05/16;15.04;15.22;15.02;15.205;7274638
FR0000133308;23/05/16;15.17;15.185;14.935;15.03;4607230
FR0000133308;24/05/16;14.975;15.225;14.89;15.21;6862924
FR0000133308;25/05/16;15.335;15.40;15.25;15.34;6910948
FR0000133308;26/05/16;15.305;15.59;15.305;15.59;4828557
FR0000133308;27/05/16;15.50;15.50;15.35;15.465;5487679
FR0000133308;30/05/16;15.48;15.625;15.425;15.58;2333422
FR0000133308;31/05/16;15.645;15.66;15.565;15.615;6076135
FR0010208488;02/05/16;14.50;14.545;14.31;14.315;4670391
FR0010208488;03/05/16;14.215;14.235;13.98;14.065;6387597
FR0010208488;04/05/16;14.005;14.075;13.765;13.81;5495315
FR0010208488;05/05/16;13.37;13.65;13.32;13.39;5683197
FR0010208488;06/05/16;13.37;13.465;13.14;13.375;4629759
FR0010208488;09/05/16;13.42;13.535;13.255;13.30;3832593
FR0010208488;10/05/16;13.37;13.435;13.21;13.275;4770761
FR0010208488;11/05/16;13.285;13.38;13.04;13.135;5249283
FR0010208488;12/05/16;13.105;13.415;13.03;13.22;4652297
FR0010208488;13/05/16;13.23;13.48;13.12;13.35;4170023
FR0010208488;16/05/16;13.315;13.385;13.15;13.365;2105163
FR0010208488;17/05/16;13.425;13.535;13.27;13.385;3947254
FR0010208488;18/05/16;13.35;13.455;13.25;13.42;3164813
FR0010208488;19/05/16;13.355;13.355;13.155;13.19;3908042
FR0010208488;20/05/16;13.305;13.41;13.235;13.30;4618231
FR0010208488;23/05/16;13.30;13.345;13.145;13.25;2675211
FR0010208488;24/05/16;13.24;13.575;13.19;13.52;3626807
FR0010208488;25/05/16;13.63;13.785;13.61;13.78;4223142
FR0010208488;26/05/16;13.755;13.875;13.735;13.865;3888196
FR0010208488;27/05/16;13.86;14.02;13.825;13.885;3836912
FR0010208488;30/05/16;13.845;14.02;13.835;13.98;2792670
FR0010208488;31/05/16;14.00;14.025;13.80;13.845;5528299
FR0010307819;02/05/16;49.985;50.10;49.685;49.955;582349
FR0010307819;03/05/16;50.00;50.00;48.57;48.57;851841
FR0010307819;04/05/16;48.53;50.28;48.36;49.72;1324706
FR0010307819;05/05/16;49.53;49.725;48.61;49.085;784188
FR0010307819;06/05/16;49.02;49.055;48.385;48.645;702452
FR0010307819;09/05/16;48.94;49.465;48.825;49.01;480805
FR0010307819;10/05/16;49.24;49.515;48.65;49.15;683044
FR0010307819;11/05/16;49.22;49.305;48.40;48.69;796983
FR0010307819;12/05/16;48.725;49.445;48.325;48.895;771746
FR0010307819;13/05/16;48.60;48.90;48.21;48.58;682856
FR0010307819;16/05/16;48.385;48.555;48.175;48.48;445013
FR0010307819;17/05/16;48.665;48.99;47.815;48.02;692823
FR0010307819;18/05/16;47.915;48.49;47.69;48.43;473210
FR0010307819;19/05/16;48.31;48.41;47.82;48.11;386447
FR0010307819;20/05/16;48.58;49.35;48.48;49.25;713897
FR0010307819;23/05/16;49.32;49.33;48.735;49.205;466503
FR0010307819;24/05/16;49.00;50.08;48.73;49.77;598179
FR0010307819;25/05/16;50.06;50.06;49.30;49.30;679996
FR0010307819;26/05/16;49.36;49.975;49.185;49.82;824219
FR0010307819;27/05/16;49.825;50.48;49.605;50.38;631376
FR0010307819;30/05/16;50.12;50.75;50.12;50.66;304763
FR0010307819;31/05/16;49.645;49.665;49.235;49.435;747324
FR0013176526;02/05/16;46.3167;47.05;46.2167;46.8167;493926
FR0013176526;03/05/16;46.85;46.95;45.8333;46.05;887058
FR0013176526;04/05/16;46.3333;46.3333;45.5833;46.0833;857148
FR0013176526;05/05/16;46.0167;46.1667;45.30;45.5833;576018
FR0013176526;06/05/16;45.45;46.05;45.0167;45.6167;946875
FR0013176526;09/05/16;46.00;46.3667;45.30;45.4333;563547
FR0013176526;10/05/16;45.80;46.8333;45.7667;46.55;750888
FR0013176526;11/05/16;46.55;46.65;46.0333;46.2833;546186
FR0013176526;12/05/16;46.15;46.65;45.7333;46.1833;788670
FR0013176526;13/05/16;45.9667;46.8333;45.50;46.7667;744438
FR0013176526;16/05/16;46.5833;46.5833;45.25;45.4667;772383
FR0013176526;17/05/16;45.65;45.6833;43.90;44.3333;1630041
FR0013176526;18/05/16;44.1167;44.1333;43.5333;43.8333;967278
FR0013176526;19/05/16;43.7333;43.8667;43.10;43.3667;1188849
FR0013176526;20/05/16;43.7833;44.0333;43.30;43.9667;1318806
FR0013176526;23/05/16;44.05;44.30;43.1667;43.5667;623010
FR0013176526;24/05/16;43.3167;44.90;43.0333;44.8333;824055
FR0013176526;25/05/16;45.20;45.80;44.9333;45.25;776043
FR0013176526;26/05/16;45.3167;46.1667;45.2833;46.10;686679
FR0013176526;27/05/16;46.1167;46.3333;45.70;45.8667;582207
FR0013176526;30/05/16;45.2833;45.60;45.05;45.1667;411213
FR0013176526;31/05/16;45.20;45.4333;44.60;45.2167;889632
GB00BDSFG982;02/05/16;25.55;25.67;25.145;25.455;938368
GB00BDSFG982;03/05/16;25.515;25.515;24.30;24.30;1823256
GB00BDSFG982;04/05/16;23.30;23.86;23.05;23.415;1892336
GB00BDSFG982;05/05/16;23.45;23.835;23.39;23.6125;1198324
GB00BDSFG982;06/05/16;23.5025;23.885;23.0925;23.7225;1239698
GB00BDSFG982;09/05/16;23.7875;23.8875;22.945;23.125;1829412
GB00BDSFG982;10/05/16;23.2725;23.625;23.16;23.45;1590918
GB00BDSFG982;11/05/16;23.52;23.60;23.09;23.495;1576032
GB00BDSFG982;12/05/16;23.4275;23.96;23.365;23.365;1750288
GB00BDSFG982;13/05/16;23.25;23.39;22.725;22.925;1699814
GB00BDSFG982;16/05/16;22.8425;23.1575;22.545;23.10;1353520
GB00BDSFG982;17/05/16;23.26;23.4425;22.795;23.15;1903634
GB00BDSFG982;18/05/16;23.0975;23.3125;22.79;23.1875;1786184
GB00BDSFG982;19/05/16;26.25;26.50;24.65;24.65;8338326
GB00BDSFG982;20/05/16;24.9725;25.24;23.445;23.8425;6115748
GB00BDSFG982;23/05/16;23.83;24.0975;23.59;23.6775;2484536
GB00BDSFG982;24/05/16;23.68;24.4675;23.6525;24.1925;1963664
GB00BDSFG982;25/05/16;24.35;24.415;23.7925;24.255;1619802
GB00BDSFG982;26/05/16;24.35;24.7975;24.015;24.215;1431546
GB00BDSFG982;27/05/16;24.2125;24.2125;23.795;24.18;1199380
GB00BDSFG982;30/05/16;24.25;24.2875;23.9225;24.2875;551514
GB00BDSFG982;31/05/16;24.30;24.7325;24.0375;24.6675;2089598
LU1598757687;02/05/16;14.85;14.907;14.16;14.577;5232081
LU1598757687;03/05/16;14.67;14.676;13.59;13.932;8357375
LU1598757687;04/05/16;13.71;14.55;13.65;14.094;10788457
LU1598757687;05/05/16;14.25;14.361;13.818;14.079;5380425
LU1598757687;06/05/16;13.80;14.208;13.35;13.914;12033264
LU1598757687;09/05/16;13.689;13.74;12.09;12.225;16210260
LU1598757687;10/05/16;12.228;12.783;12.189;12.555;12184167
LU1598757687;11/05/16;12.747;13.116;12.663;13.053;10076659
LU1598757687;12/05/16;12.96;13.14;12.33;12.42;7642977
LU1598757687;13/05/16;12.33;12.531;12.093;12.336;9980260
LU1598757687;16/05/16;12.237;12.843;12.21;12.57;5058987
LU1598757687;17/05/16;12.66;12.921;12.153;12.678;9127695
LU1598757687;18/05/16;12.588;12.726;12.33;12.522;7456254
LU1598757687;19/05/16;12.15;12.291;11.601;11.796;10029469
LU1598757687;20/05/16;12.15;12.234;11.811;11.889;7087784
LU1598757687;23/05/16;11.748;11.775;11.382;11.508;7197944
LU1598757687;24/05/16;11.508;11.94;11.469;11.892;6950892
LU1598757687;25/05/16;11.931;12.138;11.751;12.138;7262581
LU1598757687;26/05/16;12.39;13.401;12.378;12.975;10455587
LU1598757687;27/05/16;13.212;13.407;12.645;12.837;7483569
LU1598757687;30/05/16;12.843;12.87;12.624;12.771;2571076
LU1598757687;31/05/16;13.152;13.377;12.963;13.26;10565167
NL0000226223;02/05/16;5.379;5.411;5.229;5.259;1853778
NL0000226223;03/05/16;5.245;5.265;5.029;5.029;2972247
NL0000226223;04/05/16;5.032;5.083;4.847;4.852;4127662
NL0000226223;05/05/16;4.897;4.946;4.836;4.889;1940485
NL0000226223;06/05/16;4.89;4.892;4.786;4.832;2279852
NL0000226223;09/05/16;4.86;4.883;4.691;4.707;2157532
NL0000226223;10/05/16;4.785;4.814;4.705;4.776;2317359
NL0000226223;11/05/16;4.76;4.778;4.608;4.73;2777501
NL0000226223;12/05/16;4.719;4.801;4.635;4.645;1709194
NL0000226223;13/05/16;4.688;4.707;4.608;4.664;1845454
NL0000226223;16/05/16;4.651;4.726;4.61;4.726;1544844
NL0000226223;17/05/16;4.762;4.885;4.711;4.743;2335240
NL0000226223;18/05/16;4.743;5.029;4.721;5.029;3905574
NL0000226223;19/05/16;4.994;5.078;4.865;5.01;2961942
NL0000226223;20/05/16;5.041;5.139;5.001;5.139;4022760
NL0000226223;23/05/16;5.155;5.233;5.115;5.171;2905754
NL0000226223;24/05/16;5.139;5.315;5.094;5.315;2311553
NL0000226223;25/05/16;5.349;5.451;5.33;5.355;3008340
NL0000226223;26/05/16;5.35;5.444;5.342;5.412;2780134
NL0000226223;27/05/16;5.396;5.445;5.368;5.429;1902466
NL0000226223;30/05/16;5.435;5.444;5.388;5.444;1122819
NL0000226223;31/05/16;5.435;5.456;5.342;5.377;2092435
NL0000235190;02/05/16;53.60;54.68;53.51;54.25;2278229
NL0000235190;03/05/16;53.89;53.94;53.21;53.56;2401779
NL0000235190;04/05/16;53.40;53.77;53.05;53.25;1946834
NL0000235190;05/05/16;53.30;54.13;53.16;54.02;1758205
NL0000235190;06/05/16;53.79;54.27;53.37;54.03;1869087
NL0000235190;09/05/16;54.19;54.87;53.76;54.38;1447832
NL0000235190;10/05/16;55.23;55.81;55.07;55.55;2199357
NL0000235190;11/05/16;55.37;55.73;54.78;55.49;1775122
NL0000235190;12/05/16;55.22;56.25;54.86;55.23;1911652
NL0000235190;13/05/16;54.72;55.54;54.23;55.14;2091778
NL0000235190;16/05/16;54.75;54.90;54.05;54.87;1035761
NL0000235190;17/05/16;55.28;55.30;54.02;54.18;1852365
NL0000235190;18/05/16;53.74;53.82;52.78;53.21;3008699
NL0000235190;19/05/16;52.67;53.98;52.20;53.33;2300482
NL0000235190;20/05/16;53.83;54.55;53.71;54.41;2114660
NL0000235190;23/05/16;54.40;54.57;53.77;54.54;2033661
NL0000235190;24/05/16;54.25;56.28;54.05;56.00;2559628
NL0000235190;25/05/16;56.43;56.46;55.66;56.07;1946781
NL0000235190;26/05/16;55.98;56.30;55.84;56.00;1435141
NL0000235190;27/05/16;55.71;56.04;55.58;56.02;1239938
NL0000235190;30/05/16;55.90;56.48;55.45;56.30;806003
NL0000235190;31/05/16;56.31;56.48;55.86;56.02;1713844
