FR0000045072;25/09/19;10.90;11.015;10.685;11.015;5200318
FR0000051732;25/09/19;65.36;65.60;64.02;64.90;439323
FR0000052292;25/09/19;622.00;623.00;614.60;621.00;43812
FR0000073272;25/09/19;141.45;142.30;140.50;142.30;828140
FR0000120073;25/09/19;129.65;130.05;127.95;129.00;624868
FR0000120172;25/09/19;16.04;16.20;15.85;16.035;1755485
FR0000120271;25/09/19;47.04;47.265;46.655;47.19;6821799
FR0000120321;25/09/19;248.50;249.10;246.00;246.30;437859
FR0000120404;25/09/19;38.71;38.81;37.78;38.43;646343
FR0000120503;25/09/19;34.83;34.92;34.06;34.61;912612
FR0000120578;25/09/19;85.03;85.53;84.24;84.87;2866866
FR0000120628;25/09/19;22.90;22.985;22.605;22.985;6124062
FR0000120644;25/09/19;80.40;80.40;78.34;78.80;1738291
FR0000120693;25/09/19;165.40;165.40;161.55;162.00;485268
FR0000121014;25/09/19;368.25;369.40;358.85;361.20;558283
FR0000121220;25/09/19;100.05;100.05;98.18;99.36;236598
FR0000121261;25/09/19;99.94;100.45;97.90;99.82;616152
FR0000121329;25/09/19;104.50;104.60;102.85;104.15;334897
FR0000121485;25/09/19;457.50;460.40;451.45;458.90;211901
FR0000121501;25/09/19;22.59;22.90;22.25;22.57;2576050
FR0000121667;25/09/19;131.35;131.55;126.20;128.80;946136
FR0000121972;25/09/19;77.00;77.72;76.56;77.62;1130137
FR0000124141;25/09/19;22.70;22.78;22.40;22.53;1387624
FR0000125007;25/09/19;34.215;34.225;33.665;34.21;1240470
FR0000125338;25/09/19;106.20;106.30;103.70;105.40;537182
FR0000125486;25/09/19;98.48;98.60;96.68;97.20;1133697
FR0000127771;25/09/19;24.93;24.98;24.54;24.82;3189048
FR0000130577;25/09/19;45.10;45.10;44.03;44.70;710933
FR0000130650;25/09/19;125.40;125.65;123.45;125.10;304116
FR0000130809;25/09/19;24.85;24.995;24.29;24.915;4898342
FR0000131104;25/09/19;43.415;43.64;42.46;43.51;4003795
FR0000131906;25/09/19;53.93;54.48;52.60;53.74;1059205
FR0000133308;25/09/19;14.225;14.28;14.115;14.175;5214048
FR0010208488;25/09/19;14.59;14.66;14.375;14.50;5809217
FR0010307819;25/09/19;64.40;64.46;63.36;63.92;402179
FR0013326246;25/09/19;129.30;130.30;128.00;129.75;472001
GB00BDSFG982;25/09/19;21.63;22.00;21.26;22.00;1375970
LU1598757687;25/09/19;12.75;13.124;12.428;13.12;9570702
NL0000226223;25/09/19;17.305;17.50;17.03;17.50;2715593
NL0000235190;25/09/19;118.20;120.96;117.88;120.96;1277126
