BE0003470755;01/04/16;88.00;88.34;86.31;87.40;452867
BE0003470755;04/04/16;87.41;87.60;86.09;86.64;307074
BE0003470755;05/04/16;85.73;85.73;83.60;84.19;451588
BE0003470755;06/04/16;84.59;84.59;81.90;82.82;406531
BE0003470755;07/04/16;82.95;83.92;81.70;82.02;423769
BE0003470755;08/04/16;82.18;83.98;82.10;83.98;388808
BE0003470755;11/04/16;84.10;85.63;83.58;84.99;317099
BE0003470755;12/04/16;85.08;85.61;84.21;85.45;271792
BE0003470755;13/04/16;86.35;88.35;86.10;87.82;423155
BE0003470755;14/04/16;88.01;88.22;87.27;87.72;355357
BE0003470755;15/04/16;88.10;89.46;88.10;88.76;442108
BE0003470755;18/04/16;88.17;88.93;87.81;88.53;376075
BE0003470755;19/04/16;88.80;90.68;88.60;90.64;429733
BE0003470755;20/04/16;90.65;91.59;90.21;91.42;297529
BE0003470755;21/04/16;91.75;92.13;90.80;91.12;307407
BE0003470755;22/04/16;91.00;91.06;89.84;90.30;286860
BE0003470755;25/04/16;90.42;90.82;88.54;89.48;267439
BE0003470755;26/04/16;89.60;90.29;88.53;88.86;304864
BE0003470755;27/04/16;88.77;89.94;88.77;89.59;233537
BE0003470755;28/04/16;89.53;90.64;88.47;90.57;308827
BE0003470755;29/04/16;90.00;90.55;88.25;88.26;398024
CH0012214059;01/04/16;40.94;42.065;40.89;41.725;823845
CH0012214059;04/04/16;41.425;43.44;41.27;43.16;543486
CH0012214059;05/04/16;42.54;43.49;42.325;42.56;720621
CH0012214059;06/04/16;42.40;42.815;41.27;41.805;808310
CH0012214059;07/04/16;41.915;42.475;41.57;41.83;385189
CH0012214059;08/04/16;41.60;41.885;41.09;41.50;334430
CH0012214059;11/04/16;41.50;42.20;41.055;41.82;360169
CH0012214059;12/04/16;42.025;42.28;40.99;41.83;317033
CH0012214059;13/04/16;42.345;44.72;42.335;44.72;508031
CH0012214059;14/04/16;44.73;44.905;44.29;44.73;529246
CH0012214059;15/04/16;44.89;45.435;44.09;45.11;494509
CH0012214059;18/04/16;44.445;45.76;43.80;45.725;306271
CH0012214059;19/04/16;45.69;46.145;45.01;45.48;510448
CH0012214059;20/04/16;45.38;46.09;45.225;46.065;379938
CH0012214059;21/04/16;45.835;46.02;44.655;44.845;642875
CH0012214059;22/04/16;44.63;44.71;43.735;44.29;407314
CH0012214059;25/04/16;44.155;44.19;43.085;43.41;463891
CH0012214059;26/04/16;43.675;44.15;43.015;43.255;475593
CH0012214059;27/04/16;43.185;44.16;42.90;43.61;592708
CH0012214059;28/04/16;43.415;44.485;43.335;44.485;363032
CH0012214059;29/04/16;44.065;44.70;43.83;44.005;377678
FR0000045072;01/04/16;9.40;9.593;9.32;9.449;5880415
FR0000045072;04/04/16;9.406;9.56;9.321;9.429;3882538
FR0000045072;05/04/16;9.31;9.352;9.00;9.072;8102641
FR0000045072;06/04/16;9.00;9.153;8.965;9.103;7324109
FR0000045072;07/04/16;9.091;9.14;8.835;8.895;6119495
FR0000045072;08/04/16;8.90;9.119;8.90;9.101;7239924
FR0000045072;11/04/16;9.115;9.339;9.00;9.191;5884850
FR0000045072;12/04/16;9.223;9.475;9.117;9.237;7901529
FR0000045072;13/04/16;9.389;9.742;9.375;9.742;9951877
FR0000045072;14/04/16;9.749;9.858;9.576;9.826;6327949
FR0000045072;15/04/16;9.79;9.809;9.659;9.713;4882184
FR0000045072;18/04/16;9.55;9.782;9.474;9.731;4075843
FR0000045072;19/04/16;9.775;9.884;9.728;9.749;4155121
FR0000045072;20/04/16;9.688;9.973;9.661;9.963;5293288
FR0000045072;21/04/16;9.995;10.145;9.962;10.015;6317654
FR0000045072;22/04/16;10.00;10.14;9.985;10.09;4788081
FR0000045072;25/04/16;10.06;10.115;9.797;9.861;5297089
FR0000045072;26/04/16;9.879;10.115;9.863;10.045;6490467
FR0000045072;27/04/16;10.02;10.10;9.874;9.928;4664876
FR0000045072;28/04/16;9.85;10.03;9.80;10.00;8000422
FR0000045072;29/04/16;9.871;9.987;9.632;9.659;8082188
FR0000051732;01/04/16;70.87;71.61;70.47;71.56;294284
FR0000051732;04/04/16;71.54;72.64;71.01;72.04;210322
FR0000051732;05/04/16;71.46;71.69;71.11;71.53;293621
FR0000051732;06/04/16;71.89;71.89;70.92;71.44;312301
FR0000051732;07/04/16;71.57;72.10;70.90;71.09;215941
FR0000051732;08/04/16;71.12;71.89;70.70;71.73;232634
FR0000051732;11/04/16;71.53;71.97;70.91;71.46;201260
FR0000051732;12/04/16;71.74;71.84;70.44;71.47;241401
FR0000051732;13/04/16;72.29;74.10;71.58;74.10;411433
FR0000051732;14/04/16;78.54;80.00;75.31;75.71;783865
FR0000051732;15/04/16;75.45;75.45;74.37;75.10;368200
FR0000051732;18/04/16;74.55;75.55;74.23;75.50;268397
FR0000051732;19/04/16;75.80;76.79;75.72;75.97;319139
FR0000051732;20/04/16;75.90;76.48;73.78;74.81;533125
FR0000051732;21/04/16;76.88;79.85;76.58;79.32;869927
FR0000051732;22/04/16;78.87;79.63;78.37;78.60;386222
FR0000051732;25/04/16;78.43;79.22;78.01;78.16;375757
FR0000051732;26/04/16;78.00;78.86;77.65;78.00;359014
FR0000051732;27/04/16;78.16;78.80;77.72;78.40;262308
FR0000051732;28/04/16;78.37;78.59;77.27;78.59;377583
FR0000051732;29/04/16;78.00;78.21;77.03;77.69;398956
FR0000073272;01/04/16;60.57;60.90;57.89;59.22;2025616
FR0000073272;04/04/16;59.01;60.55;58.65;60.41;951424
FR0000073272;05/04/16;59.52;59.57;58.76;58.91;1185451
FR0000073272;06/04/16;58.92;58.94;58.30;58.68;857262
FR0000073272;07/04/16;58.69;59.05;57.65;57.88;969013
FR0000073272;08/04/16;58.13;59.16;58.01;58.94;900629
FR0000073272;11/04/16;59.02;59.70;58.56;59.06;775682
FR0000073272;12/04/16;59.31;59.37;58.29;59.03;809145
FR0000073272;13/04/16;59.64;60.98;59.60;60.98;1110340
FR0000073272;14/04/16;61.05;61.29;60.74;61.04;809211
FR0000073272;15/04/16;60.78;61.05;60.36;60.36;1079112
FR0000073272;18/04/16;59.80;61.23;59.63;60.98;780870
FR0000073272;19/04/16;61.01;61.71;61.00;61.33;776952
FR0000073272;20/04/16;61.00;61.79;60.89;61.76;815571
FR0000073272;21/04/16;62.00;62.69;61.50;62.68;947596
FR0000073272;22/04/16;61.80;61.91;60.48;60.79;1493548
FR0000073272;25/04/16;61.76;62.61;61.45;62.35;1212123
FR0000073272;26/04/16;63.10;63.64;62.85;62.94;1198065
FR0000073272;27/04/16;63.40;63.40;62.98;63.23;935824
FR0000073272;28/04/16;63.01;63.01;61.81;62.31;1149459
FR0000073272;29/04/16;61.69;61.91;60.14;60.17;1104646
FR0000120073;01/04/16;89.1727;89.1727;86.9364;88.1727;1183277
FR0000120073;04/04/16;87.7273;89.10;87.5364;88.2364;682379
FR0000120073;05/04/16;86.7727;86.8909;85.5091;85.80;1093576
FR0000120073;06/04/16;85.9636;86.4455;85.6546;86.4455;936252
FR0000120073;07/04/16;86.4727;86.8818;84.5546;84.9273;950743
FR0000120073;08/04/16;85.0091;86.2545;85.0091;85.80;753462
FR0000120073;11/04/16;85.6727;86.9364;85.0636;86.7273;1054773
FR0000120073;12/04/16;87.2182;88.9545;86.7273;88.9545;1242590
FR0000120073;13/04/16;90.00;92.00;89.9636;92.00;1256669
FR0000120073;14/04/16;91.8182;92.4091;91.4091;92.0909;865944
FR0000120073;15/04/16;91.8182;92.4545;91.5909;92.4091;802127
FR0000120073;18/04/16;91.2727;93.4546;91.0455;93.2273;807123
FR0000120073;19/04/16;93.2273;95.4545;93.1818;95.4545;1181709
FR0000120073;20/04/16;95.1818;96.5909;94.7273;96.50;778383
FR0000120073;21/04/16;96.5455;96.9545;95.4091;96.3636;1075845
FR0000120073;22/04/16;95.9091;96.2727;94.8182;95.3636;935260
FR0000120073;25/04/16;95.2727;96.1364;94.7273;96.1364;824126
FR0000120073;26/04/16;92.3182;94.5455;90.2546;91.50;2055172
FR0000120073;27/04/16;90.4091;91.3636;90.1818;90.8636;1133713
FR0000120073;28/04/16;90.6455;91.4545;89.5455;91.2727;1010308
FR0000120073;29/04/16;90.5273;90.6818;89.1091;90.00;1422909
FR0000120172;01/04/16;24.035;24.035;23.33;23.865;4173502
FR0000120172;04/04/16;23.82;24.25;23.72;24.035;2267000
FR0000120172;05/04/16;23.88;23.88;23.02;23.275;4049629
FR0000120172;06/04/16;23.285;23.49;22.945;23.30;2728368
FR0000120172;07/04/16;23.275;23.53;23.20;23.34;2330647
FR0000120172;08/04/16;23.415;23.60;23.295;23.555;2421039
FR0000120172;11/04/16;23.60;24.39;23.46;24.16;3881039
FR0000120172;12/04/16;24.255;24.485;24.015;24.385;2503274
FR0000120172;13/04/16;24.55;25.26;24.54;25.125;5039515
FR0000120172;14/04/16;25.24;25.33;24.965;25.15;3887642
FR0000120172;15/04/16;25.60;26.62;25.56;26.11;7455144
FR0000120172;18/04/16;25.90;26.06;25.71;25.96;3479711
FR0000120172;19/04/16;25.955;26.465;25.935;26.255;3073213
FR0000120172;20/04/16;26.12;26.43;26.08;26.395;2603808
FR0000120172;21/04/16;26.36;26.74;26.245;26.49;3236518
FR0000120172;22/04/16;26.34;26.72;26.28;26.48;2556189
FR0000120172;25/04/16;26.32;26.48;25.71;25.90;3469937
FR0000120172;26/04/16;25.925;26.285;25.635;25.75;2806472
FR0000120172;27/04/16;25.675;25.90;25.62;25.745;2059581
FR0000120172;28/04/16;25.495;25.775;25.02;25.77;3992207
FR0000120172;29/04/16;25.455;25.61;24.745;24.745;3718335
FR0000120271;01/04/16;39.59;39.59;38.20;38.785;8853049
FR0000120271;04/04/16;38.56;39.48;38.435;39.175;6325792
FR0000120271;05/04/16;38.49;38.675;38.065;38.345;7589419
FR0000120271;06/04/16;38.605;39.12;38.335;38.88;6387514
FR0000120271;07/04/16;39.085;39.49;38.385;38.58;5976885
FR0000120271;08/04/16;38.765;40.165;38.765;40.01;6678221
FR0000120271;11/04/16;39.96;40.415;39.50;40.19;4369406
FR0000120271;12/04/16;40.495;41.05;40.10;40.93;5713503
FR0000120271;13/04/16;41.44;42.565;41.40;42.565;8969900
FR0000120271;14/04/16;42.30;42.895;41.955;42.815;6720406
FR0000120271;15/04/16;42.68;42.995;42.13;42.545;6432900
FR0000120271;18/04/16;40.955;42.38;40.55;42.245;7087128
FR0000120271;19/04/16;42.52;43.10;42.095;42.885;6246458
FR0000120271;20/04/16;42.635;43.545;42.31;43.345;5244062
FR0000120271;21/04/16;43.61;43.84;43.145;43.65;5844605
FR0000120271;22/04/16;43.67;43.895;43.05;43.825;4654232
FR0000120271;25/04/16;43.795;43.86;43.245;43.62;4946807
FR0000120271;26/04/16;43.95;44.13;43.51;43.735;4507637
FR0000120271;27/04/16;44.22;45.225;44.21;44.965;8009779
FR0000120271;28/04/16;44.525;45.12;44.36;45.12;6092268
FR0000120271;29/04/16;44.65;44.72;43.93;43.93;7220345
FR0000120321;01/04/16;155.45;155.80;151.30;154.70;772742
FR0000120321;04/04/16;154.45;156.95;153.85;155.60;470951
FR0000120321;05/04/16;154.50;154.80;153.35;154.20;484214
FR0000120321;06/04/16;154.90;156.15;153.25;156.15;721635
FR0000120321;07/04/16;155.90;156.35;154.35;155.15;571141
FR0000120321;08/04/16;155.50;155.95;154.05;154.70;420327
FR0000120321;11/04/16;154.00;155.35;152.45;153.95;335711
FR0000120321;12/04/16;154.30;154.90;151.70;154.50;439980
FR0000120321;13/04/16;156.45;158.20;156.25;157.65;632444
FR0000120321;14/04/16;157.65;160.20;156.75;159.60;627233
FR0000120321;15/04/16;157.95;159.75;157.55;158.65;642766
FR0000120321;18/04/16;156.45;160.90;156.45;160.45;686011
FR0000120321;19/04/16;166.40;169.45;166.35;168.50;1425672
FR0000120321;20/04/16;167.00;168.30;166.65;168.10;726267
FR0000120321;21/04/16;167.95;168.30;163.65;165.15;715321
FR0000120321;22/04/16;165.15;165.75;162.45;163.45;423029
FR0000120321;25/04/16;163.15;164.30;161.95;163.50;572245
FR0000120321;26/04/16;164.60;165.95;162.00;162.85;576325
FR0000120321;27/04/16;163.20;164.90;163.00;164.80;626725
FR0000120321;28/04/16;164.15;165.85;162.50;165.85;824867
FR0000120321;29/04/16;162.90;162.90;157.95;158.45;867439
FR0000120404;01/04/16;36.97;36.97;35.955;36.80;1447912
FR0000120404;04/04/16;36.75;37.24;36.485;36.90;1067020
FR0000120404;05/04/16;36.57;36.90;36.33;36.40;856844
FR0000120404;06/04/16;36.50;36.50;35.565;35.74;1322993
FR0000120404;07/04/16;35.84;35.98;35.405;35.605;1088659
FR0000120404;08/04/16;35.745;36.36;35.655;36.30;796887
FR0000120404;11/04/16;36.295;37.02;36.05;36.945;824343
FR0000120404;12/04/16;36.93;39.55;36.275;39.00;3515225
FR0000120404;13/04/16;39.15;39.22;38.665;38.77;1542738
FR0000120404;14/04/16;39.22;39.25;38.445;38.625;804386
FR0000120404;15/04/16;38.00;38.32;37.475;38.02;1209976
FR0000120404;18/04/16;37.56;39.05;37.55;38.30;900406
FR0000120404;19/04/16;38.38;39.14;38.32;38.92;941106
FR0000120404;20/04/16;40.00;40.965;39.185;40.965;2025666
FR0000120404;21/04/16;41.00;41.21;40.76;41.04;1316361
FR0000120404;22/04/16;40.845;41.25;40.635;40.79;930816
FR0000120404;25/04/16;40.68;40.90;40.26;40.425;695157
FR0000120404;26/04/16;40.53;41.205;40.53;41.025;842548
FR0000120404;27/04/16;40.10;40.20;39.76;39.90;796444
FR0000120404;28/04/16;39.685;39.92;39.13;39.865;646362
FR0000120404;29/04/16;39.40;39.40;38.685;38.685;1086852
FR0000120503;01/04/16;35.61;35.61;34.81;35.14;2060143
FR0000120503;04/04/16;30.00;30.425;28.73;30.415;6047103
FR0000120503;05/04/16;30.205;30.25;29.06;29.22;2885828
FR0000120503;06/04/16;29.15;29.755;29.08;29.555;1383232
FR0000120503;07/04/16;29.64;29.655;29.115;29.285;1398889
FR0000120503;08/04/16;30.385;30.40;29.505;29.85;1512164
FR0000120503;11/04/16;29.745;29.865;29.285;29.565;1176489
FR0000120503;12/04/16;29.51;30.08;29.31;29.96;1339017
FR0000120503;13/04/16;30.25;30.495;30.085;30.36;1359099
FR0000120503;14/04/16;30.37;30.78;30.29;30.555;1257618
FR0000120503;15/04/16;30.61;31.085;30.55;31.05;1564372
FR0000120503;18/04/16;30.42;31.23;30.32;31.03;1076864
FR0000120503;19/04/16;31.035;31.25;30.40;30.98;1419988
FR0000120503;20/04/16;30.94;31.135;30.845;30.93;818834
FR0000120503;21/04/16;30.96;31.075;30.14;30.52;1093398
FR0000120503;22/04/16;30.54;30.685;30.135;30.225;980170
FR0000120503;25/04/16;30.225;30.775;30.035;30.615;1132959
FR0000120503;26/04/16;29.085;29.575;29.01;29.375;1309860
FR0000120503;27/04/16;29.46;29.46;29.17;29.23;974403
FR0000120503;28/04/16;29.23;29.515;29.065;29.495;1065544
FR0000120503;29/04/16;29.23;29.34;29.02;29.12;1187607
FR0000120578;01/04/16;70.00;70.84;69.18;70.75;3967467
FR0000120578;04/04/16;71.77;74.39;70.99;73.84;4349800
FR0000120578;05/04/16;72.79;72.98;71.87;72.26;3159953
FR0000120578;06/04/16;72.61;75.07;72.20;74.76;3518651
FR0000120578;07/04/16;74.94;76.28;74.30;74.70;3701317
FR0000120578;08/04/16;74.73;74.91;73.93;74.57;2565174
FR0000120578;11/04/16;74.21;75.35;73.76;74.21;1994820
FR0000120578;12/04/16;74.13;74.25;73.05;74.25;2104366
FR0000120578;13/04/16;75.00;76.00;74.63;76.00;3160997
FR0000120578;14/04/16;76.45;77.61;76.25;77.30;3685394
FR0000120578;15/04/16;77.70;77.89;76.85;77.45;3059592
FR0000120578;18/04/16;76.65;77.70;76.59;77.39;2038107
FR0000120578;19/04/16;77.42;78.24;77.22;77.71;1963838
FR0000120578;20/04/16;77.45;78.12;77.07;77.98;1910292
FR0000120578;21/04/16;78.02;78.77;77.33;78.62;2636800
FR0000120578;22/04/16;78.76;78.94;78.08;78.51;1589111
FR0000120578;25/04/16;78.30;78.81;77.78;78.67;1971763
FR0000120578;26/04/16;78.97;79.07;76.92;77.53;2516277
FR0000120578;27/04/16;77.25;77.61;76.77;77.00;2306808
FR0000120578;28/04/16;76.18;76.38;75.15;76.19;2676558
FR0000120578;29/04/16;74.85;75.13;71.23;72.11;5352930
FR0000120628;01/04/16;20.425;20.425;20.00;20.335;8104363
FR0000120628;04/04/16;20.17;20.59;20.07;20.295;4197336
FR0000120628;05/04/16;19.985;20.005;19.485;19.61;7806903
FR0000120628;06/04/16;19.61;20.02;19.525;19.84;8024123
FR0000120628;07/04/16;19.835;19.89;19.34;19.465;6656384
FR0000120628;08/04/16;19.47;20.07;19.47;19.92;6665480
FR0000120628;11/04/16;19.855;20.30;19.67;20.18;4840201
FR0000120628;12/04/16;20.36;20.84;20.11;20.715;7957042
FR0000120628;13/04/16;21.24;22.055;21.175;22.055;11716901
FR0000120628;14/04/16;22.01;22.265;21.87;22.025;9676233
FR0000120628;15/04/16;21.96;22.16;21.685;22.145;6978586
FR0000120628;18/04/16;21.77;22.115;21.71;22.095;4970628
FR0000120628;19/04/16;22.135;22.615;22.10;22.40;5758656
FR0000120628;20/04/16;22.285;22.74;22.265;22.715;5942927
FR0000120628;21/04/16;22.75;22.82;22.585;22.73;5065226
FR0000120628;22/04/16;22.805;22.995;22.745;22.865;8075462
FR0000120628;25/04/16;22.77;22.92;22.515;22.655;4474308
FR0000120628;26/04/16;22.885;23.145;22.715;22.84;5562535
FR0000120628;27/04/16;22.88;22.90;22.54;22.725;5289020
FR0000120628;28/04/16;22.535;22.83;22.33;22.83;6195501
FR0000120628;29/04/16;22.50;22.605;21.93;22.015;7995767
FR0000120644;01/04/16;61.78;61.79;60.24;61.32;1980978
FR0000120644;04/04/16;61.22;62.12;60.79;61.74;1140447
FR0000120644;05/04/16;61.35;61.47;60.98;61.23;1352598
FR0000120644;06/04/16;61.41;61.58;61.03;61.58;1133872
FR0000120644;07/04/16;61.50;62.05;60.89;61.16;1353251
FR0000120644;08/04/16;61.35;61.54;60.75;61.26;1407062
FR0000120644;11/04/16;61.15;61.40;60.42;60.93;1531972
FR0000120644;12/04/16;60.93;61.01;60.08;60.95;1440203
FR0000120644;13/04/16;61.65;62.15;61.54;61.93;1799038
FR0000120644;14/04/16;61.93;62.77;61.70;62.67;1583881
FR0000120644;15/04/16;62.45;62.62;61.79;62.16;2072142
FR0000120644;18/04/16;61.50;62.57;61.39;62.32;1378637
FR0000120644;19/04/16;62.88;64.97;62.42;64.52;2456589
FR0000120644;20/04/16;64.20;64.88;63.89;64.63;1580834
FR0000120644;21/04/16;64.81;64.84;62.89;63.87;2058197
FR0000120644;22/04/16;63.78;64.10;62.91;63.13;1298155
FR0000120644;25/04/16;63.00;63.22;62.47;62.95;1248616
FR0000120644;26/04/16;63.19;63.52;62.02;62.48;1295979
FR0000120644;27/04/16;62.67;63.01;62.08;62.90;1312143
FR0000120644;28/04/16;62.51;62.63;61.45;62.63;1418717
FR0000120644;29/04/16;62.14;62.14;61.17;61.17;1848227
FR0000120693;01/04/16;96.76;97.06;94.60;96.09;659920
FR0000120693;04/04/16;97.45;98.53;96.16;97.49;443215
FR0000120693;05/04/16;97.56;97.62;96.83;97.00;489042
FR0000120693;06/04/16;97.30;97.30;96.11;96.94;495005
FR0000120693;07/04/16;97.21;97.50;95.90;96.41;475821
FR0000120693;08/04/16;96.70;97.09;95.87;96.94;523774
FR0000120693;11/04/16;96.62;97.51;95.94;96.63;356753
FR0000120693;12/04/16;96.58;97.53;95.85;97.32;509971
FR0000120693;13/04/16;98.40;99.34;97.97;99.03;594199
FR0000120693;14/04/16;99.04;100.40;99.01;99.80;441198
FR0000120693;15/04/16;99.21;100.50;99.21;100.05;384140
FR0000120693;18/04/16;98.85;100.85;98.85;100.50;334913
FR0000120693;19/04/16;101.45;103.95;101.35;102.30;707384
FR0000120693;20/04/16;102.00;103.70;101.95;103.70;810658
FR0000120693;21/04/16;98.54;99.73;95.86;98.65;2036595
FR0000120693;22/04/16;97.55;98.88;96.09;96.50;999505
FR0000120693;25/04/16;96.45;96.95;95.93;96.64;619724
FR0000120693;26/04/16;96.92;97.65;95.81;95.85;585860
FR0000120693;27/04/16;95.81;96.21;95.28;95.96;508169
FR0000120693;28/04/16;95.72;95.72;94.62;95.35;849410
FR0000120693;29/04/16;94.38;95.13;94.05;94.28;700886
FR0000121014;01/04/16;148.10;149.25;147.05;148.80;1130274
FR0000121014;04/04/16;148.00;151.70;148.00;149.20;626703
FR0000121014;05/04/16;147.80;148.00;144.90;145.35;915926
FR0000121014;06/04/16;147.00;147.40;144.60;146.10;859493
FR0000121014;07/04/16;145.95;147.45;144.85;145.15;943514
FR0000121014;08/04/16;146.25;147.65;145.60;145.65;885609
FR0000121014;11/04/16;145.25;147.20;144.20;146.05;795270
FR0000121014;12/04/16;142.60;149.00;140.45;148.30;2180189
FR0000121014;13/04/16;150.95;155.00;150.45;154.55;1475321
FR0000121014;14/04/16;152.25;154.15;151.65;153.50;963996
FR0000121014;15/04/16;152.60;153.45;151.65;152.40;773492
FR0000121014;18/04/16;150.40;152.90;150.40;152.25;695781
FR0000121014;19/04/16;150.60;155.20;150.30;153.45;795301
FR0000121014;20/04/16;152.65;154.65;152.40;154.50;687609
FR0000121014;21/04/16;154.45;154.45;151.55;152.10;953276
FR0000121014;22/04/16;151.55;152.15;149.30;149.75;636233
FR0000121014;25/04/16;149.75;150.25;148.10;148.80;570713
FR0000121014;26/04/16;149.85;150.70;146.70;147.55;688742
FR0000121014;27/04/16;147.30;148.40;146.00;147.20;581166
FR0000121014;28/04/16;146.20;149.40;145.10;149.40;827119
FR0000121014;29/04/16;147.90;148.30;145.10;145.10;925047
FR0000121220;01/04/16;93.99;94.58;92.37;94.43;271569
FR0000121220;04/04/16;94.21;95.52;94.14;94.39;190054
FR0000121220;05/04/16;93.55;94.37;93.32;93.78;267198
FR0000121220;06/04/16;94.16;94.73;93.20;94.32;270362
FR0000121220;07/04/16;94.34;94.86;93.71;94.12;247004
FR0000121220;08/04/16;94.30;94.40;93.60;94.28;144792
FR0000121220;11/04/16;94.42;95.51;93.66;95.22;215639
FR0000121220;12/04/16;95.13;95.17;93.78;95.10;287852
FR0000121220;13/04/16;96.21;96.52;95.88;96.09;250339
FR0000121220;14/04/16;95.00;96.15;92.56;93.07;467566
FR0000121220;15/04/16;92.38;94.24;91.67;93.30;351581
FR0000121220;18/04/16;92.41;93.89;92.16;92.51;306367
FR0000121220;19/04/16;92.61;94.09;92.23;93.18;419238
FR0000121220;20/04/16;93.06;93.48;92.28;92.54;267055
FR0000121220;21/04/16;92.55;92.55;90.62;91.09;301578
FR0000121220;22/04/16;90.97;91.15;90.00;90.14;255142
FR0000121220;25/04/16;90.05;90.47;89.44;89.81;203706
FR0000121220;26/04/16;89.18;90.23;88.35;89.14;407102
FR0000121220;27/04/16;89.23;89.72;88.64;89.58;213572
FR0000121220;28/04/16;89.05;89.82;88.53;89.61;356630
FR0000121220;29/04/16;89.00;89.21;88.07;88.19;352422
FR0000121261;01/04/16;89.08;89.08;87.38;88.49;649375
FR0000121261;04/04/16;88.30;89.03;87.63;87.98;328716
FR0000121261;05/04/16;87.22;87.30;85.50;85.93;435663
FR0000121261;06/04/16;86.25;86.86;85.63;86.86;446328
FR0000121261;07/04/16;87.03;87.31;85.75;86.33;470539
FR0000121261;08/04/16;86.70;88.50;86.65;88.29;462557
FR0000121261;11/04/16;87.90;89.01;87.17;88.59;371073
FR0000121261;12/04/16;90.00;90.82;88.51;90.70;513687
FR0000121261;13/04/16;91.53;92.80;91.41;92.61;564414
FR0000121261;14/04/16;92.60;92.78;91.93;92.78;562324
FR0000121261;15/04/16;92.45;92.89;91.75;92.10;484544
FR0000121261;18/04/16;91.00;93.10;90.59;93.00;351391
FR0000121261;19/04/16;92.91;94.49;92.45;94.34;523039
FR0000121261;20/04/16;94.00;94.36;93.37;94.18;627817
FR0000121261;21/04/16;95.25;96.76;94.68;95.51;772574
FR0000121261;22/04/16;95.00;96.30;94.52;96.30;618389
FR0000121261;25/04/16;95.96;96.58;95.58;96.22;557733
FR0000121261;26/04/16;96.61;96.93;95.29;95.99;495856
FR0000121261;27/04/16;96.00;97.59;96.00;97.53;607791
FR0000121261;28/04/16;95.71;96.24;94.86;95.58;764272
FR0000121261;29/04/16;94.52;95.01;91.15;91.15;1034188
FR0000121485;01/04/16;154.70;155.00;151.75;153.75;345280
FR0000121485;04/04/16;153.30;156.00;152.45;155.60;246229
FR0000121485;05/04/16;153.55;154.30;151.60;151.70;291652
FR0000121485;06/04/16;151.85;153.90;151.15;153.30;222446
FR0000121485;07/04/16;153.00;153.10;149.90;150.25;339188
FR0000121485;08/04/16;150.25;152.10;150.25;151.05;201727
FR0000121485;11/04/16;150.20;152.90;149.85;150.10;196180
FR0000121485;12/04/16;148.40;151.40;146.70;150.70;397373
FR0000121485;13/04/16;152.95;156.35;152.75;155.50;430797
FR0000121485;14/04/16;154.80;155.00;152.65;154.50;377344
FR0000121485;15/04/16;154.15;155.70;153.40;154.70;449758
FR0000121485;18/04/16;152.80;156.40;152.75;156.00;194716
FR0000121485;19/04/16;156.45;161.90;156.45;161.90;325664
FR0000121485;20/04/16;160.80;161.50;160.05;161.40;214701
FR0000121485;21/04/16;161.50;162.15;159.45;160.10;260431
FR0000121485;22/04/16;154.70;155.00;151.40;151.50;713702
FR0000121485;25/04/16;150.90;151.30;150.10;150.90;303983
FR0000121485;26/04/16;151.35;152.45;148.95;149.35;238829
FR0000121485;27/04/16;150.00;150.45;148.00;149.50;325105
FR0000121485;28/04/16;148.75;150.85;148.30;150.80;283300
FR0000121485;29/04/16;149.60;150.75;149.00;149.65;205288
FR0000121501;01/04/16;14.88;14.945;14.50;14.56;5057395
FR0000121501;04/04/16;14.575;14.785;14.47;14.67;3694650
FR0000121501;05/04/16;14.00;14.265;13.55;13.715;9213545
FR0000121501;06/04/16;13.82;13.96;13.245;13.435;6187845
FR0000121501;07/04/16;13.455;13.495;13.03;13.12;4956886
FR0000121501;08/04/16;13.24;13.46;13.19;13.38;4270189
FR0000121501;11/04/16;13.415;13.68;13.285;13.595;3619690
FR0000121501;12/04/16;13.63;13.69;13.365;13.59;4529688
FR0000121501;13/04/16;13.795;14.06;13.785;14.06;3967236
FR0000121501;14/04/16;14.055;14.115;13.855;14.085;3665035
FR0000121501;15/04/16;13.99;14.02;13.555;13.615;4633808
FR0000121501;18/04/16;13.43;13.84;13.36;13.83;2946612
FR0000121501;19/04/16;13.845;14.30;13.77;14.30;5565912
FR0000121501;20/04/16;14.265;14.35;14.055;14.23;6218964
FR0000121501;21/04/16;14.25;14.385;13.955;14.10;3995885
FR0000121501;22/04/16;13.535;13.975;13.47;13.855;6085894
FR0000121501;25/04/16;13.80;14.03;13.63;14.03;3461858
FR0000121501;26/04/16;14.08;14.25;14.00;14.19;3927792
FR0000121501;27/04/16;14.05;14.345;13.715;14.08;5989058
FR0000121501;28/04/16;13.95;14.49;13.935;14.49;4482331
FR0000121501;29/04/16;14.30;14.46;14.03;14.055;3482280
FR0000121667;01/04/16;107.90;107.90;105.25;106.75;620191
FR0000121667;04/04/16;106.70;108.80;106.35;107.40;487850
FR0000121667;05/04/16;106.00;106.80;105.70;106.25;488476
FR0000121667;06/04/16;106.80;107.75;105.95;107.75;451618
FR0000121667;07/04/16;108.00;108.80;106.25;106.80;431657
FR0000121667;08/04/16;107.05;107.55;106.45;107.45;430273
FR0000121667;11/04/16;107.40;107.85;105.90;106.00;368421
FR0000121667;12/04/16;105.90;106.60;104.80;106.60;422408
FR0000121667;13/04/16;107.75;110.00;107.25;110.00;686431
FR0000121667;14/04/16;110.10;111.10;109.85;110.55;514775
FR0000121667;15/04/16;110.20;110.45;107.95;108.40;565833
FR0000121667;18/04/16;107.35;108.95;107.15;108.65;452021
FR0000121667;19/04/16;108.90;111.25;108.35;111.15;594392
FR0000121667;20/04/16;111.00;111.80;110.95;111.75;557269
FR0000121667;21/04/16;112.00;114.85;111.50;114.65;856979
FR0000121667;22/04/16;115.00;116.35;114.65;115.50;744753
FR0000121667;25/04/16;115.65;115.90;114.75;115.25;457178
FR0000121667;26/04/16;116.00;116.60;113.15;114.00;368064
FR0000121667;27/04/16;114.00;115.25;112.85;114.20;352368
FR0000121667;28/04/16;113.20;115.05;112.30;115.00;483444
FR0000121667;29/04/16;113.70;113.85;112.60;113.05;795902
FR0000121972;01/04/16;54.77;54.86;52.52;54.03;2408362
FR0000121972;04/04/16;53.67;55.00;53.52;54.21;1370126
FR0000121972;05/04/16;53.33;53.39;51.84;52.36;1896332
FR0000121972;06/04/16;52.39;52.91;51.93;52.91;1540636
FR0000121972;07/04/16;52.87;53.52;51.99;52.22;1345066
FR0000121972;08/04/16;52.21;53.40;52.21;53.12;1264169
FR0000121972;11/04/16;53.11;54.04;52.54;53.56;1185111
FR0000121972;12/04/16;53.83;53.91;52.92;53.69;1059713
FR0000121972;13/04/16;54.44;56.01;54.37;55.92;1776468
FR0000121972;14/04/16;55.81;56.59;55.78;56.59;1657573
FR0000121972;15/04/16;56.50;57.02;56.10;56.38;1932400
FR0000121972;18/04/16;55.51;56.06;55.28;55.87;1720660
FR0000121972;19/04/16;55.90;56.41;55.40;55.80;2227464
FR0000121972;20/04/16;55.80;56.48;55.23;56.47;2173653
FR0000121972;21/04/16;59.80;59.80;58.09;59.10;4048341
FR0000121972;22/04/16;59.42;59.81;58.97;59.45;2258306
FR0000121972;25/04/16;59.28;59.51;57.91;58.66;2019719
FR0000121972;26/04/16;58.97;59.36;57.89;58.39;1358117
FR0000121972;27/04/16;58.16;58.99;58.15;58.99;1293521
FR0000121972;28/04/16;58.56;58.77;57.53;58.77;1517379
FR0000121972;29/04/16;58.29;58.33;56.74;56.84;1988099
FR0000124141;01/04/16;20.895;20.955;20.485;20.72;2208973
FR0000124141;04/04/16;20.715;20.89;20.64;20.715;1532201
FR0000124141;05/04/16;20.595;20.73;20.415;20.46;1444309
FR0000124141;06/04/16;20.60;20.715;20.385;20.56;1881814
FR0000124141;07/04/16;20.54;20.65;20.425;20.595;1685765
FR0000124141;08/04/16;20.68;21.07;20.625;20.965;1370625
FR0000124141;11/04/16;20.99;21.26;20.825;21.12;1256579
FR0000124141;12/04/16;21.11;21.15;20.78;21.11;1788020
FR0000124141;13/04/16;21.31;21.40;21.05;21.275;1990438
FR0000124141;14/04/16;21.275;21.335;21.08;21.285;1405986
FR0000124141;15/04/16;21.28;21.52;21.16;21.495;1624597
FR0000124141;18/04/16;21.28;21.58;21.27;21.555;1447875
FR0000124141;19/04/16;21.595;21.73;21.415;21.49;1515520
FR0000124141;20/04/16;21.40;21.475;21.24;21.335;1663695
FR0000124141;21/04/16;21.365;21.39;20.785;20.93;2247650
FR0000124141;22/04/16;21.005;21.21;20.93;21.06;1821409
FR0000124141;25/04/16;21.015;21.22;20.97;21.09;1283041
FR0000124141;26/04/16;21.16;21.295;20.99;21.10;1248927
FR0000124141;27/04/16;21.17;21.325;20.98;21.255;1505598
FR0000124141;28/04/16;21.20;21.665;21.13;21.665;2449453
FR0000124141;29/04/16;21.545;21.545;21.19;21.455;1958516
FR0000124711;01/04/16;239.40;239.40;233.40;237.75;458799
FR0000124711;04/04/16;237.75;241.20;236.10;238.60;269852
FR0000124711;05/04/16;235.85;237.10;234.15;235.70;386780
FR0000124711;06/04/16;235.05;235.55;233.80;235.00;368565
FR0000124711;07/04/16;235.15;236.15;231.60;232.45;391265
FR0000124711;08/04/16;232.90;238.50;232.90;236.85;329094
FR0000124711;11/04/16;237.45;240.50;235.60;239.40;331602
FR0000124711;12/04/16;239.30;240.65;236.20;239.25;408528
FR0000124711;13/04/16;241.60;244.15;241.25;243.60;352326
FR0000124711;14/04/16;244.50;244.75;239.40;240.65;375337
FR0000124711;15/04/16;240.65;242.60;239.95;241.15;360525
FR0000124711;18/04/16;239.15;242.65;239.05;241.45;211689
FR0000124711;19/04/16;241.65;244.60;240.90;241.85;280136
FR0000124711;20/04/16;242.05;244.35;241.20;243.85;280685
FR0000124711;21/04/16;243.90;243.90;237.15;238.35;374779
FR0000124711;22/04/16;238.95;239.75;236.50;237.00;252007
FR0000124711;25/04/16;237.80;239.55;237.05;238.50;225738
FR0000124711;26/04/16;240.20;242.35;239.05;239.80;214149
FR0000124711;27/04/16;239.55;239.90;237.40;237.55;231137
FR0000124711;28/04/16;236.00;238.30;234.35;238.25;226830
FR0000124711;29/04/16;235.70;236.40;233.50;234.00;304625
FR0000125007;01/04/16;38.33;38.535;37.95;38.375;2203148
FR0000125007;04/04/16;38.155;38.89;37.91;38.56;1443644
FR0000125007;05/04/16;37.915;37.975;37.37;37.52;1895578
FR0000125007;06/04/16;37.765;37.785;37.17;37.525;1369411
FR0000125007;07/04/16;37.49;38.10;37.46;37.71;1899826
FR0000125007;08/04/16;37.70;38.945;37.70;38.695;2456338
FR0000125007;11/04/16;38.58;39.075;38.155;38.63;1528344
FR0000125007;12/04/16;38.76;38.86;38.165;38.73;1375701
FR0000125007;13/04/16;39.15;40.12;39.15;40.08;2209428
FR0000125007;14/04/16;40.215;40.48;39.785;40.30;2122028
FR0000125007;15/04/16;40.065;40.37;39.86;39.97;1275120
FR0000125007;18/04/16;39.425;40.405;39.35;40.32;1331451
FR0000125007;19/04/16;40.235;40.785;40.09;40.37;1702609
FR0000125007;20/04/16;40.105;40.765;40.105;40.675;1435888
FR0000125007;21/04/16;40.735;40.88;40.215;40.70;1370579
FR0000125007;22/04/16;40.755;40.98;40.55;40.71;1115094
FR0000125007;25/04/16;40.66;40.81;40.20;40.545;968904
FR0000125007;26/04/16;40.785;41.025;40.26;40.47;1123786
FR0000125007;27/04/16;40.33;41.175;40.33;41.06;1175833
FR0000125007;28/04/16;41.06;41.15;39.79;40.695;2293380
FR0000125007;29/04/16;40.12;40.28;39.795;39.995;2139351
FR0000125338;01/04/16;81.70;82.55;81.51;82.55;541940
FR0000125338;04/04/16;82.40;83.36;81.88;82.77;564791
FR0000125338;05/04/16;81.97;82.42;81.14;81.14;676096
FR0000125338;06/04/16;81.37;81.37;80.15;80.60;742886
FR0000125338;07/04/16;80.75;81.32;79.50;79.93;675435
FR0000125338;08/04/16;80.20;80.50;79.65;80.19;434657
FR0000125338;11/04/16;79.80;80.75;78.86;80.37;562925
FR0000125338;12/04/16;80.50;80.50;79.17;79.81;389003
FR0000125338;13/04/16;80.74;81.78;80.37;81.74;547298
FR0000125338;14/04/16;81.95;82.28;81.52;81.70;475263
FR0000125338;15/04/16;81.55;81.55;80.29;80.30;592428
FR0000125338;18/04/16;79.50;80.87;79.10;80.28;543576
FR0000125338;19/04/16;80.64;81.84;80.35;81.55;538928
FR0000125338;20/04/16;81.33;81.74;79.62;79.88;583957
FR0000125338;21/04/16;80.27;80.64;78.84;79.30;839462
FR0000125338;22/04/16;79.27;79.41;78.65;79.02;565933
FR0000125338;25/04/16;78.86;79.13;77.96;78.70;356359
FR0000125338;26/04/16;78.87;79.36;78.00;78.58;713684
FR0000125338;27/04/16;80.20;83.63;80.20;83.63;1116130
FR0000125338;28/04/16;83.14;83.48;82.40;82.82;666509
FR0000125338;29/04/16;82.50;82.82;81.40;81.53;603781
FR0000125486;01/04/16;64.75;65.32;63.85;65.28;2398022
FR0000125486;04/04/16;65.00;65.87;64.36;65.45;1351845
FR0000125486;05/04/16;64.62;64.91;64.30;64.74;1638176
FR0000125486;06/04/16;64.78;65.21;64.43;65.10;1388967
FR0000125486;07/04/16;65.07;65.64;64.44;64.85;1368459
FR0000125486;08/04/16;64.95;65.09;64.37;65.02;1436803
FR0000125486;11/04/16;64.96;65.08;64.15;64.58;1648736
FR0000125486;12/04/16;64.50;64.86;64.00;64.75;1611154
FR0000125486;13/04/16;65.41;65.65;64.43;64.90;2099709
FR0000125486;14/04/16;65.01;65.84;64.68;65.84;1897501
FR0000125486;15/04/16;65.80;66.24;65.77;65.95;1825781
FR0000125486;18/04/16;65.35;66.18;65.32;66.05;1296722
FR0000125486;19/04/16;66.14;66.50;65.74;66.18;1813213
FR0000125486;20/04/16;66.08;66.33;65.15;65.56;1673880
FR0000125486;21/04/16;65.72;66.00;63.82;64.24;2323439
FR0000125486;22/04/16;64.42;65.24;63.99;65.01;1353267
FR0000125486;25/04/16;65.02;65.48;64.73;65.48;1093521
FR0000125486;26/04/16;64.91;65.34;64.47;65.13;1945248
FR0000125486;27/04/16;65.23;66.02;65.20;65.80;1399014
FR0000125486;28/04/16;65.65;66.00;64.97;66.00;1443661
FR0000125486;29/04/16;63.10;65.88;63.10;65.24;3009892
FR0000127771;01/04/16;18.255;18.265;17.89;18.24;6036223
FR0000127771;04/04/16;18.14;18.545;18.045;18.35;3735990
FR0000127771;05/04/16;18.15;18.225;18.055;18.105;5032954
FR0000127771;06/04/16;18.11;18.28;18.045;18.235;4588792
FR0000127771;07/04/16;18.24;18.49;18.19;18.265;3926471
FR0000127771;08/04/16;18.305;18.455;18.23;18.42;3761368
FR0000127771;11/04/16;18.39;18.535;18.22;18.39;2968567
FR0000127771;12/04/16;18.415;18.425;18.13;18.41;4712682
FR0000127771;13/04/16;18.65;18.75;18.585;18.745;5055731
FR0000127771;14/04/16;18.775;18.94;18.70;18.80;4160889
FR0000127771;15/04/16;18.80;18.845;18.695;18.765;4386118
FR0000127771;18/04/16;18.58;18.70;18.49;18.645;3374663
FR0000127771;19/04/16;18.735;18.86;18.365;18.515;6101437
FR0000127771;20/04/16;18.425;18.615;18.295;18.615;4493498
FR0000127771;21/04/16;18.60;18.64;18.205;18.36;5721817
FR0000127771;22/04/16;18.35;18.49;18.275;18.36;2486266
FR0000127771;25/04/16;18.415;18.42;18.18;18.40;3412274
FR0000127771;26/04/16;17.565;17.62;17.41;17.53;5255574
FR0000127771;27/04/16;17.54;17.59;17.30;17.32;4990260
FR0000127771;28/04/16;17.30;17.32;17.005;17.135;5495933
FR0000127771;29/04/16;16.955;17.00;16.705;16.76;5549847
FR0000130577;01/04/16;61.11;61.57;60.55;61.44;672993
FR0000130577;04/04/16;61.25;63.80;61.25;62.81;874484
FR0000130577;05/04/16;62.26;62.37;61.43;61.65;594241
FR0000130577;06/04/16;61.84;62.34;61.26;62.34;551047
FR0000130577;07/04/16;62.45;63.05;61.77;62.44;647318
FR0000130577;08/04/16;62.73;63.29;62.66;62.95;478019
FR0000130577;11/04/16;62.93;63.33;62.32;62.63;436054
FR0000130577;12/04/16;62.68;62.68;61.86;62.30;573609
FR0000130577;13/04/16;63.06;63.46;62.88;63.06;631581
FR0000130577;14/04/16;63.16;63.23;62.75;63.04;489036
FR0000130577;15/04/16;63.09;63.20;62.00;62.10;698356
FR0000130577;18/04/16;61.69;62.97;61.61;62.22;567731
FR0000130577;19/04/16;65.00;66.59;64.49;66.38;1862167
FR0000130577;20/04/16;66.06;66.72;65.65;65.83;821560
FR0000130577;21/04/16;65.84;66.00;64.43;64.91;837350
FR0000130577;22/04/16;64.72;65.10;64.43;64.91;511618
FR0000130577;25/04/16;64.92;65.24;64.51;64.72;482379
FR0000130577;26/04/16;65.02;65.38;64.61;65.19;490477
FR0000130577;27/04/16;65.30;65.94;65.20;65.71;497088
FR0000130577;28/04/16;65.20;65.64;64.40;65.64;589326
FR0000130577;29/04/16;65.15;65.15;64.18;64.63;775822
FR0000130809;01/04/16;32.275;33.195;32.065;32.415;5054437
FR0000130809;04/04/16;32.175;32.88;31.935;32.48;3702680
FR0000130809;05/04/16;31.885;31.96;30.94;31.085;4998092
FR0000130809;06/04/16;30.96;31.655;30.685;31.15;4589920
FR0000130809;07/04/16;31.11;31.37;29.83;30.075;5168341
FR0000130809;08/04/16;30.055;31.325;30.055;30.885;4853583
FR0000130809;11/04/16;30.94;31.68;30.595;31.20;3529573
FR0000130809;12/04/16;31.355;31.925;30.75;31.36;3789846
FR0000130809;13/04/16;32.00;33.815;31.895;33.815;6886901
FR0000130809;14/04/16;33.97;34.47;33.28;34.075;4523514
FR0000130809;15/04/16;33.91;33.94;33.40;33.84;2769771
FR0000130809;18/04/16;33.30;34.385;33.005;34.26;2612707
FR0000130809;19/04/16;34.345;34.80;34.125;34.23;3248834
FR0000130809;20/04/16;34.055;35.235;33.905;35.11;4250125
FR0000130809;21/04/16;35.255;36.01;35.24;35.525;5128187
FR0000130809;22/04/16;35.425;36.035;35.365;35.815;3013891
FR0000130809;25/04/16;35.615;35.88;34.70;34.90;3099067
FR0000130809;26/04/16;35.00;35.66;34.90;35.41;2892071
FR0000130809;27/04/16;35.405;35.835;34.95;35.245;2979751
FR0000130809;28/04/16;35.00;35.77;34.72;35.665;3115851
FR0000130809;29/04/16;35.22;35.645;34.17;34.25;4608005
FR0000131104;01/04/16;43.755;44.735;43.39;44.005;5086010
FR0000131104;04/04/16;43.585;44.70;43.425;43.86;2879572
FR0000131104;05/04/16;43.215;43.455;42.65;42.95;4985570
FR0000131104;06/04/16;42.91;43.535;42.65;43.00;4219297
FR0000131104;07/04/16;42.98;43.215;41.08;41.35;5597328
FR0000131104;08/04/16;41.315;42.26;41.305;41.935;4245222
FR0000131104;11/04/16;41.98;42.905;41.53;42.315;3537921
FR0000131104;12/04/16;42.49;43.35;41.93;42.56;3357582
FR0000131104;13/04/16;43.35;45.265;43.30;45.265;5359412
FR0000131104;14/04/16;45.50;45.97;44.91;45.66;4079776
FR0000131104;15/04/16;45.30;45.44;44.74;45.16;3115263
FR0000131104;18/04/16;44.605;45.965;44.315;45.73;3303027
FR0000131104;19/04/16;45.90;46.48;45.435;45.63;3812856
FR0000131104;20/04/16;45.27;46.965;45.10;46.815;4292269
FR0000131104;21/04/16;47.00;48.38;46.855;47.64;5737218
FR0000131104;22/04/16;47.65;48.02;47.49;47.79;3112222
FR0000131104;25/04/16;47.65;47.97;46.35;46.645;3592900
FR0000131104;26/04/16;46.90;47.64;46.77;47.48;3460017
FR0000131104;27/04/16;47.425;47.915;47.325;47.88;3621393
FR0000131104;28/04/16;47.37;48.245;47.15;48.245;4312668
FR0000131104;29/04/16;47.555;47.92;46.02;46.24;4627512
FR0000131906;01/04/16;86.00;86.43;84.27;85.24;802403
FR0000131906;04/04/16;85.04;86.50;84.25;86.03;749350
FR0000131906;05/04/16;84.72;84.72;81.58;81.82;1069946
FR0000131906;06/04/16;82.16;83.20;80.22;82.03;945341
FR0000131906;07/04/16;82.53;82.61;79.61;80.14;1226967
FR0000131906;08/04/16;80.55;82.51;80.55;81.80;795341
FR0000131906;11/04/16;81.52;83.12;80.46;82.40;696631
FR0000131906;12/04/16;82.75;83.97;81.66;83.89;729090
FR0000131906;13/04/16;85.36;87.00;85.06;86.95;931837
FR0000131906;14/04/16;87.00;88.10;86.33;88.10;984326
FR0000131906;15/04/16;87.43;88.45;86.35;86.47;945224
FR0000131906;18/04/16;85.10;88.39;84.87;88.03;1028149
FR0000131906;19/04/16;88.10;90.24;87.54;90.00;1241095
FR0000131906;20/04/16;89.29;89.98;86.30;89.05;2231160
FR0000131906;21/04/16;89.40;90.58;87.55;87.71;1048963
FR0000131906;22/04/16;87.01;88.07;85.37;87.34;1307673
FR0000131906;25/04/16;87.36;88.59;86.37;88.00;929663
FR0000131906;26/04/16;88.16;89.07;87.77;88.43;761696
FR0000131906;27/04/16;88.68;89.40;87.81;88.51;612130
FR0000131906;28/04/16;86.50;88.26;86.09;88.26;819407
FR0000131906;29/04/16;87.34;87.78;84.28;84.28;1314441
FR0000133308;01/04/16;15.185;15.44;15.13;15.395;9524975
FR0000133308;04/04/16;14.70;14.785;14.32;14.445;21140553
FR0000133308;05/04/16;14.335;14.385;14.055;14.105;11114528
FR0000133308;06/04/16;14.115;14.34;14.045;14.19;7624152
FR0000133308;07/04/16;14.29;14.38;14.11;14.19;6839199
FR0000133308;08/04/16;14.205;14.28;14.085;14.23;7705498
FR0000133308;11/04/16;14.48;14.48;14.205;14.395;7969827
FR0000133308;12/04/16;14.415;14.88;14.34;14.80;10446349
FR0000133308;13/04/16;14.96;15.08;14.86;15.05;8888261
FR0000133308;14/04/16;15.07;15.15;14.95;15.09;7905919
FR0000133308;15/04/16;15.08;15.30;15.07;15.14;7142862
FR0000133308;18/04/16;14.905;15.105;14.885;15.06;5656693
FR0000133308;19/04/16;15.06;15.33;15.06;15.23;5647435
FR0000133308;20/04/16;15.15;15.22;15.095;15.175;5605227
FR0000133308;21/04/16;15.205;15.21;14.855;14.98;6224304
FR0000133308;22/04/16;15.04;15.18;14.845;14.945;5807627
FR0000133308;25/04/16;14.835;14.925;14.75;14.785;4945108
FR0000133308;26/04/16;14.95;15.21;14.855;14.98;7925718
FR0000133308;27/04/16;15.00;15.085;14.865;14.96;5366001
FR0000133308;28/04/16;14.92;14.995;14.675;14.85;5594347
FR0000133308;29/04/16;14.65;14.73;14.47;14.48;7573394
FR0010208488;01/04/16;13.50;13.50;13.285;13.425;5485329
FR0010208488;04/04/16;13.40;13.675;13.36;13.485;4048036
FR0010208488;05/04/16;13.405;13.415;13.00;13.08;7917368
FR0010208488;06/04/16;13.085;13.24;12.96;13.12;3856822
FR0010208488;07/04/16;13.105;13.21;13.005;13.095;3785637
FR0010208488;08/04/16;13.10;13.375;13.10;13.33;6944564
FR0010208488;11/04/16;13.325;13.645;13.24;13.48;4885171
FR0010208488;12/04/16;13.52;13.55;13.28;13.43;6400202
FR0010208488;13/04/16;13.61;13.805;13.54;13.805;6101781
FR0010208488;14/04/16;13.82;13.855;13.62;13.845;4133483
FR0010208488;15/04/16;13.84;13.985;13.80;13.875;3982677
FR0010208488;18/04/16;13.745;13.975;13.63;13.97;3838637
FR0010208488;19/04/16;14.00;14.275;13.98;14.25;5592966
FR0010208488;20/04/16;14.17;14.385;14.10;14.385;4812172
FR0010208488;21/04/16;14.385;14.445;14.155;14.315;4535031
FR0010208488;22/04/16;14.255;14.33;14.16;14.255;3453565
FR0010208488;25/04/16;14.10;14.18;13.90;14.035;5405468
FR0010208488;26/04/16;14.12;14.52;14.075;14.30;7490984
FR0010208488;27/04/16;14.34;14.845;14.245;14.59;8737150
FR0010208488;28/04/16;14.605;14.61;14.085;14.415;7222036
FR0010208488;29/04/16;14.495;14.695;14.285;14.40;8947596
FR0010307819;01/04/16;48.815;48.815;47.81;48.545;671482
FR0010307819;04/04/16;48.32;49.085;48.155;48.995;620218
FR0010307819;05/04/16;48.45;48.45;47.635;47.75;593463
FR0010307819;06/04/16;47.895;47.895;47.325;47.72;602613
FR0010307819;07/04/16;47.925;48.24;47.09;47.295;513854
FR0010307819;08/04/16;47.47;48.43;47.41;48.43;609448
FR0010307819;11/04/16;48.295;49.03;48.015;48.985;497884
FR0010307819;12/04/16;48.995;49.415;48.415;49.405;518310
FR0010307819;13/04/16;49.955;50.89;49.925;50.81;811635
FR0010307819;14/04/16;50.80;50.99;50.07;50.11;825593
FR0010307819;15/04/16;50.00;50.28;49.625;49.995;610627
FR0010307819;18/04/16;49.515;50.10;49.415;50.00;553277
FR0010307819;19/04/16;50.13;50.75;49.91;50.05;617728
FR0010307819;20/04/16;49.90;50.22;49.90;50.20;452190
FR0010307819;21/04/16;50.34;50.77;50.15;50.35;628344
FR0010307819;22/04/16;50.37;50.80;50.20;50.50;456365
FR0010307819;25/04/16;50.59;50.85;48.535;48.67;1642451
FR0010307819;26/04/16;48.995;49.63;48.985;49.385;808327
FR0010307819;27/04/16;49.38;50.34;49.275;50.14;695202
FR0010307819;28/04/16;49.98;49.98;48.99;49.965;710872
FR0010307819;29/04/16;49.67;50.29;49.445;49.74;883569
FR0013176526;01/04/16;45.1333;45.4667;44.1333;44.65;942090
FR0013176526;04/04/16;44.50;44.85;43.7167;44.0667;954519
FR0013176526;05/04/16;43.50;43.60;41.6667;41.95;1736490
FR0013176526;06/04/16;42.10;42.3833;41.5833;42.0333;906225
FR0013176526;07/04/16;42.30;42.55;41.50;41.7667;736809
FR0013176526;08/04/16;41.90;42.5333;41.8333;42.3167;618408
FR0013176526;11/04/16;42.1833;42.80;41.6833;42.35;585879
FR0013176526;12/04/16;42.60;43.0167;41.9833;42.9833;723126
FR0013176526;13/04/16;43.5833;44.2833;43.5167;44.25;824382
FR0013176526;14/04/16;44.35;44.4833;43.80;44.4833;702300
FR0013176526;15/04/16;43.2833;43.80;42.7833;42.8167;1301085
FR0013176526;18/04/16;41.75;43.8833;41.7167;43.6833;916920
FR0013176526;19/04/16;43.6667;44.9667;43.4333;44.9667;1125399
FR0013176526;20/04/16;44.7833;45.45;44.4833;44.7667;769464
FR0013176526;21/04/16;44.9667;45.2833;44.2167;44.4833;603354
FR0013176526;22/04/16;44.1167;44.65;43.5667;44.45;772497
FR0013176526;25/04/16;44.4333;45.1167;43.9167;45.0667;735924
FR0013176526;26/04/16;45.1333;45.4167;44.5167;44.7167;674565
FR0013176526;27/04/16;45.40;46.7333;45.3667;46.45;1186734
FR0013176526;28/04/16;46.50;47.2333;45.9833;47.2333;1239822
FR0013176526;29/04/16;46.70;47.10;46.15;46.15;839001
GB00BDSFG982;01/04/16;24.00;24.4525;23.4125;23.8175;2323006
GB00BDSFG982;04/04/16;23.50;23.6875;23.06;23.4325;1973104
GB00BDSFG982;05/04/16;23.0925;23.175;22.64;23.0475;1873594
GB00BDSFG982;06/04/16;23.235;23.7975;23.225;23.6125;2071536
GB00BDSFG982;07/04/16;23.7675;24.0775;23.5225;23.67;2967512
GB00BDSFG982;08/04/16;23.785;24.2275;23.5175;24.20;2056864
GB00BDSFG982;11/04/16;24.24;24.325;24.045;24.2975;2166982
GB00BDSFG982;12/04/16;24.285;24.4775;23.835;24.45;1830610
GB00BDSFG982;13/04/16;24.7125;25.30;24.675;25.26;1976044
GB00BDSFG982;14/04/16;25.17;25.44;24.79;25.18;1436376
GB00BDSFG982;15/04/16;24.92;25.375;24.81;24.99;1512862
GB00BDSFG982;18/04/16;24.29;25.50;24.00;25.50;2020574
GB00BDSFG982;19/04/16;25.54;26.385;25.53;26.30;2115122
GB00BDSFG982;20/04/16;26.045;26.615;25.91;26.56;2613626
GB00BDSFG982;21/04/16;26.985;27.18;26.285;26.455;2372472
GB00BDSFG982;22/04/16;26.45;26.72;26.085;26.545;1159714
GB00BDSFG982;25/04/16;26.625;26.635;25.825;25.825;1490228
GB00BDSFG982;26/04/16;25.885;26.31;25.555;25.71;1503226
GB00BDSFG982;27/04/16;25.30;26.315;25.285;26.08;1716550
GB00BDSFG982;28/04/16;26.25;26.25;25.55;25.93;2045002
GB00BDSFG982;29/04/16;25.625;26.155;25.555;25.555;1497352
LU1598757687;01/04/16;12.006;12.867;11.862;12.45;13053283
LU1598757687;04/04/16;12.45;12.84;12.33;12.69;6992314
LU1598757687;05/04/16;11.79;12.135;11.466;11.937;10506453
LU1598757687;06/04/16;12.093;12.204;11.505;12.03;8112953
LU1598757687;07/04/16;12.081;12.201;11.778;11.955;6129606
LU1598757687;08/04/16;11.955;12.165;11.706;12.135;7281487
LU1598757687;11/04/16;12.201;13.149;11.991;13.077;12165346
LU1598757687;12/04/16;13.443;13.914;13.107;13.473;12449667
LU1598757687;13/04/16;13.983;15.045;13.695;14.769;17847472
LU1598757687;14/04/16;14.70;15.12;14.298;14.742;13989381
LU1598757687;15/04/16;15.00;15.033;14.49;14.61;9649468
LU1598757687;18/04/16;14.064;14.94;13.758;14.871;9763148
LU1598757687;19/04/16;15.201;15.702;15.021;15.579;12222030
LU1598757687;20/04/16;15.474;16.20;15.309;15.987;13574639
LU1598757687;21/04/16;16.14;16.314;15.036;15.177;13503957
LU1598757687;22/04/16;15.03;15.324;14.13;15.279;10742427
LU1598757687;25/04/16;15.30;15.354;14.382;14.547;7451312
LU1598757687;26/04/16;14.34;14.757;13.926;14.457;8303008
LU1598757687;27/04/16;14.19;14.439;13.923;14.34;10708213
LU1598757687;28/04/16;14.274;15.342;14.19;15.333;8903818
LU1598757687;29/04/16;14.94;15.477;14.796;14.796;10677147
NL0000226223;01/04/16;4.822;4.864;4.71;4.805;2358696
NL0000226223;04/04/16;4.789;4.928;4.749;4.92;5401314
NL0000226223;05/04/16;4.81;4.849;4.62;4.625;4288383
NL0000226223;06/04/16;4.636;4.668;4.485;4.608;2946805
NL0000226223;07/04/16;4.611;4.86;4.611;4.80;4426225
NL0000226223;08/04/16;4.789;4.912;4.764;4.894;2316668
NL0000226223;11/04/16;4.877;4.992;4.847;4.973;1936570
NL0000226223;12/04/16;4.96;4.975;4.754;4.806;2193037
NL0000226223;13/04/16;4.857;5.015;4.854;5.003;2173921
NL0000226223;14/04/16;5.006;5.015;4.80;4.899;2927775
NL0000226223;15/04/16;4.91;5.131;4.91;5.131;4256632
NL0000226223;18/04/16;5.069;5.103;5.008;5.043;2069956
NL0000226223;19/04/16;5.126;5.226;5.058;5.223;2645069
NL0000226223;20/04/16;5.171;5.252;5.071;5.145;2130361
NL0000226223;21/04/16;5.138;5.22;5.099;5.169;2271645
NL0000226223;22/04/16;5.154;5.201;5.117;5.171;1696810
NL0000226223;25/04/16;5.24;5.248;5.07;5.074;2035011
NL0000226223;26/04/16;5.085;5.205;5.068;5.205;2309577
NL0000226223;27/04/16;5.34;5.75;5.306;5.704;5544863
NL0000226223;28/04/16;5.66;5.665;5.485;5.631;4077517
NL0000226223;29/04/16;5.574;5.58;5.364;5.364;3264632
NL0000235190;01/04/16;57.15;57.35;55.66;56.98;4179681
NL0000235190;04/04/16;56.58;57.76;56.08;57.32;1755127
NL0000235190;05/04/16;56.36;56.62;55.71;56.43;2152593
NL0000235190;06/04/16;56.51;56.59;55.77;56.46;1618373
NL0000235190;07/04/16;56.26;57.55;56.26;56.74;2758453
NL0000235190;08/04/16;56.73;58.03;56.41;57.51;2028869
NL0000235190;11/04/16;57.11;57.52;56.12;56.35;2231475
NL0000235190;12/04/16;56.16;56.18;54.91;56.07;2541434
NL0000235190;13/04/16;56.72;57.61;56.69;57.61;3003025
NL0000235190;14/04/16;57.38;57.82;56.18;56.87;2904890
NL0000235190;15/04/16;56.23;57.11;56.22;56.58;2261862
NL0000235190;18/04/16;55.83;57.03;55.76;56.84;1532370
NL0000235190;19/04/16;56.83;58.10;56.66;57.38;2491636
NL0000235190;20/04/16;56.98;58.04;56.69;57.46;2243063
NL0000235190;21/04/16;57.84;58.19;56.90;58.18;2481564
NL0000235190;22/04/16;58.24;58.37;57.64;58.17;1433411
NL0000235190;25/04/16;57.78;58.83;57.55;58.64;2544514
NL0000235190;26/04/16;58.93;59.33;58.05;58.23;2081188
NL0000235190;27/04/16;57.68;58.47;57.30;58.46;1778081
NL0000235190;28/04/16;56.00;56.42;54.45;55.77;5913874
NL0000235190;29/04/16;54.69;55.54;54.43;54.61;3429646
