BE0003470755;01/07/14;125.70;127.55;125.70;126.70;180367
BE0003470755;02/07/14;126.80;127.95;126.45;127.75;178644
BE0003470755;03/07/14;127.75;128.50;127.40;127.90;203329
BE0003470755;04/07/14;127.85;128.65;127.70;127.90;101575
BE0003470755;07/07/14;127.50;128.05;126.05;126.45;149323
BE0003470755;08/07/14;126.55;126.75;125.05;125.05;140457
BE0003470755;09/07/14;125.45;125.95;124.95;125.20;109001
BE0003470755;10/07/14;125.55;125.55;123.25;123.50;160832
BE0003470755;11/07/14;123.65;124.60;122.90;123.30;170241
BE0003470755;14/07/14;123.85;126.05;123.50;126.00;173338
BE0003470755;15/07/14;125.60;126.25;124.65;125.85;190510
BE0003470755;16/07/14;125.80;127.40;125.70;127.10;126120
BE0003470755;17/07/14;126.95;127.10;125.70;126.05;135585
BE0003470755;18/07/14;125.80;126.25;124.45;126.10;151911
BE0003470755;21/07/14;126.00;126.60;125.15;126.60;148719
BE0003470755;22/07/14;126.80;129.15;126.60;128.25;206526
BE0003470755;23/07/14;128.00;129.15;127.85;127.90;123852
BE0003470755;24/07/14;127.85;128.35;127.00;127.90;135275
BE0003470755;25/07/14;127.75;128.05;125.60;126.15;164942
BE0003470755;28/07/14;126.40;126.75;125.40;126.20;152817
BE0003470755;29/07/14;126.50;127.40;125.60;125.95;152208
BE0003470755;30/07/14;126.20;126.20;123.45;123.65;220690
BE0003470755;31/07/14;124.00;125.05;120.30;120.85;311445
FR0000045072;01/07/14;10.39;10.63;10.26;10.605;8250611
FR0000045072;02/07/14;10.60;10.655;10.495;10.56;4189652
FR0000045072;03/07/14;10.59;10.75;10.50;10.705;5169762
FR0000045072;04/07/14;10.75;10.855;10.595;10.64;5437445
FR0000045072;07/07/14;10.61;10.695;10.415;10.435;4724806
FR0000045072;08/07/14;10.43;10.46;10.15;10.17;6411133
FR0000045072;09/07/14;10.18;10.255;10.08;10.21;7709468
FR0000045072;10/07/14;10.215;10.22;9.777;10.00;12655407
FR0000045072;11/07/14;9.959;10.155;9.83;9.898;8934203
FR0000045072;14/07/14;9.91;10.06;9.785;10.02;8320315
FR0000045072;15/07/14;10.025;10.09;9.761;9.915;8978653
FR0000045072;16/07/14;9.95;10.39;9.95;10.39;11652426
FR0000045072;17/07/14;10.365;10.42;10.155;10.17;7230379
FR0000045072;18/07/14;10.105;10.275;10.045;10.275;4221120
FR0000045072;21/07/14;10.25;10.27;10.015;10.085;5958412
FR0000045072;22/07/14;10.13;10.26;10.085;10.20;4456560
FR0000045072;23/07/14;10.165;10.42;10.13;10.295;4415964
FR0000045072;24/07/14;10.315;10.725;10.21;10.715;7661336
FR0000045072;25/07/14;10.675;10.90;10.65;10.68;7004262
FR0000045072;28/07/14;10.735;10.83;10.595;10.74;3738211
FR0000045072;29/07/14;10.74;10.81;10.62;10.685;3898868
FR0000045072;30/07/14;10.705;10.825;10.54;10.57;4212353
FR0000045072;31/07/14;10.55;10.565;10.05;10.12;12475818
FR0000051732;01/07/14;60.94;61.60;60.93;61.51;290628
FR0000051732;02/07/14;61.58;61.67;61.40;61.57;144997
FR0000051732;03/07/14;61.48;61.85;61.17;61.79;354249
FR0000051732;04/07/14;61.64;62.86;61.64;62.73;239623
FR0000051732;07/07/14;62.61;63.12;61.06;61.06;336398
FR0000051732;08/07/14;61.03;61.09;60.06;60.07;238430
FR0000051732;09/07/14;60.27;60.40;59.37;59.38;240292
FR0000051732;10/07/14;59.40;59.46;57.91;58.81;371191
FR0000051732;11/07/14;58.91;59.19;58.46;58.81;308197
FR0000051732;14/07/14;59.33;59.93;59.33;59.63;188138
FR0000051732;15/07/14;59.65;59.85;59.10;59.11;176186
FR0000051732;16/07/14;59.28;60.05;59.15;59.92;216228
FR0000051732;17/07/14;59.83;59.92;59.01;59.01;175519
FR0000051732;18/07/14;58.91;58.91;58.05;58.37;177864
FR0000051732;21/07/14;58.54;58.55;57.89;58.20;175842
FR0000051732;22/07/14;58.45;59.09;58.36;59.09;209642
FR0000051732;23/07/14;59.10;59.95;59.00;59.26;176913
FR0000051732;24/07/14;59.15;59.85;58.84;58.84;238821
FR0000051732;25/07/14;58.53;59.39;58.47;58.66;195782
FR0000051732;28/07/14;58.79;58.88;57.55;57.62;300280
FR0000051732;29/07/14;57.30;61.92;56.96;60.50;568416
FR0000051732;30/07/14;60.63;60.63;59.83;59.99;315332
FR0000051732;31/07/14;60.00;60.15;58.35;58.36;438673
FR0000073272;01/07/14;47.80;48.02;47.71;47.85;660892
FR0000073272;02/07/14;47.735;47.85;46.805;46.91;1173270
FR0000073272;03/07/14;47.005;47.33;46.915;47.33;870976
FR0000073272;04/07/14;47.33;47.73;47.27;47.50;381761
FR0000073272;07/07/14;47.38;47.39;46.50;46.54;837543
FR0000073272;08/07/14;46.72;46.825;46.11;46.175;917397
FR0000073272;09/07/14;45.71;46.00;44.605;45.315;1697938
FR0000073272;10/07/14;45.315;46.12;44.99;46.00;1269164
FR0000073272;11/07/14;46.00;46.885;45.935;46.87;1007603
FR0000073272;14/07/14;47.00;47.17;46.75;46.945;727164
FR0000073272;15/07/14;46.775;46.99;46.445;46.445;646616
FR0000073272;16/07/14;46.39;46.69;46.045;46.425;1023401
FR0000073272;17/07/14;46.30;46.39;45.825;46.125;811813
FR0000073272;18/07/14;45.78;46.15;45.76;46.055;737803
FR0000073272;21/07/14;46.00;46.22;45.955;45.99;464675
FR0000073272;22/07/14;46.06;46.16;45.755;45.795;753144
FR0000073272;23/07/14;45.69;46.405;45.63;46.015;623645
FR0000073272;24/07/14;46.07;46.50;45.725;46.26;490684
FR0000073272;25/07/14;46.16;46.175;44.94;45.645;1037633
FR0000073272;28/07/14;45.755;45.81;45.205;45.30;635087
FR0000073272;29/07/14;45.415;45.63;44.985;44.995;530061
FR0000073272;30/07/14;45.04;45.37;44.835;44.89;726772
FR0000073272;31/07/14;45.49;46.275;43.78;43.895;1590906
FR0000120073;01/07/14;89.7818;90.7727;89.6909;90.6182;971383
FR0000120073;02/07/14;90.2636;90.8546;89.8182;90.5455;789888
FR0000120073;03/07/14;90.4182;91.9545;90.2455;91.9091;1036019
FR0000120073;04/07/14;91.7273;92.5909;91.5909;92.3636;640279
FR0000120073;07/07/14;92.0909;92.0909;91.0909;91.2273;623007
FR0000120073;08/07/14;91.0455;91.50;90.2364;90.2455;760007
FR0000120073;09/07/14;90.3182;91.3636;90.2818;91.1818;554112
FR0000120073;10/07/14;90.8818;90.9091;89.4727;89.50;864996
FR0000120073;11/07/14;89.4636;89.9364;89.2636;89.8636;837058
FR0000120073;14/07/14;89.8818;90.7727;89.5546;90.4727;473040
FR0000120073;15/07/14;90.1818;90.4364;89.2636;89.3182;768033
FR0000120073;16/07/14;89.7455;90.6364;89.7455;90.6364;679028
FR0000120073;17/07/14;90.00;90.1364;89.0909;89.1636;799595
FR0000120073;18/07/14;88.9545;89.60;88.4273;89.50;733818
FR0000120073;21/07/14;89.2818;89.6091;89.00;89.1909;551846
FR0000120073;22/07/14;89.5546;90.3727;89.40;90.2182;653422
FR0000120073;23/07/14;89.7818;90.3909;89.2455;89.4091;608364
FR0000120073;24/07/14;89.3546;90.5273;88.7273;90.3636;561873
FR0000120073;25/07/14;89.9545;90.0909;88.4818;88.7455;645771
FR0000120073;28/07/14;89.0909;89.4727;88.4091;89.4091;651270
FR0000120073;29/07/14;89.6182;90.8455;89.1818;90.3091;691992
FR0000120073;30/07/14;90.5364;90.8818;89.50;89.7182;641478
FR0000120073;31/07/14;88.6364;88.90;86.3818;86.3818;1783335
FR0000120172;01/07/14;27.115;27.35;26.645;27.315;3726757
FR0000120172;02/07/14;27.37;28.255;27.31;27.875;4625210
FR0000120172;03/07/14;27.79;28.005;27.65;27.96;2251446
FR0000120172;04/07/14;27.85;28.045;27.73;27.745;1469820
FR0000120172;07/07/14;27.65;27.74;27.32;27.32;2191216
FR0000120172;08/07/14;27.46;27.59;27.05;27.13;2707332
FR0000120172;09/07/14;27.23;27.295;27.06;27.205;1717876
FR0000120172;10/07/14;27.10;27.195;26.655;26.78;2600682
FR0000120172;11/07/14;27.00;27.225;26.905;27.06;2075066
FR0000120172;14/07/14;27.05;27.48;27.05;27.405;1548993
FR0000120172;15/07/14;27.30;27.49;27.05;27.08;1653503
FR0000120172;16/07/14;27.15;27.665;27.125;27.59;2461713
FR0000120172;17/07/14;27.70;28.075;27.24;27.30;3542143
FR0000120172;18/07/14;27.20;27.40;26.91;27.395;2613155
FR0000120172;21/07/14;27.37;27.37;26.90;26.985;1722342
FR0000120172;22/07/14;27.045;27.36;26.875;27.335;1863689
FR0000120172;23/07/14;27.285;27.85;27.265;27.575;2104448
FR0000120172;24/07/14;27.52;27.825;27.315;27.625;1724779
FR0000120172;25/07/14;27.55;27.57;26.915;27.03;1985159
FR0000120172;28/07/14;27.145;27.225;26.715;26.98;1703392
FR0000120172;29/07/14;27.00;27.315;26.87;27.115;1504702
FR0000120172;30/07/14;27.105;27.515;27.025;27.125;1997512
FR0000120172;31/07/14;27.185;27.29;25.75;25.83;4612136
FR0000120271;01/07/14;52.78;53.47;52.74;53.29;3113822
FR0000120271;02/07/14;53.09;53.65;52.80;53.00;3478348
FR0000120271;03/07/14;52.93;53.35;52.56;53.06;4760090
FR0000120271;04/07/14;52.88;53.50;52.80;53.08;2504716
FR0000120271;07/07/14;52.85;52.95;51.97;52.03;3371727
FR0000120271;08/07/14;52.17;52.58;51.42;51.42;3910578
FR0000120271;09/07/14;51.35;51.70;51.22;51.54;3505533
FR0000120271;10/07/14;51.45;51.52;50.34;50.59;3771518
FR0000120271;11/07/14;50.75;51.02;50.60;50.77;3265588
FR0000120271;14/07/14;50.78;51.18;50.68;51.11;2554107
FR0000120271;15/07/14;50.90;51.06;50.06;50.06;4181463
FR0000120271;16/07/14;50.16;51.22;50.16;50.89;4563753
FR0000120271;17/07/14;50.46;50.61;49.68;49.73;4909854
FR0000120271;18/07/14;49.51;50.26;49.47;50.25;4276193
FR0000120271;21/07/14;50.34;50.51;49.76;49.79;3888673
FR0000120271;22/07/14;50.28;51.41;50.20;51.35;4534196
FR0000120271;23/07/14;51.32;51.79;50.93;51.41;3618512
FR0000120271;24/07/14;51.62;51.99;51.10;51.92;3396295
FR0000120271;25/07/14;51.87;51.88;50.86;51.10;4357397
FR0000120271;28/07/14;51.29;51.82;51.08;51.78;3626928
FR0000120271;29/07/14;51.75;52.36;51.44;52.22;4758605
FR0000120271;30/07/14;50.91;51.39;49.425;49.645;9366632
FR0000120271;31/07/14;49.975;49.985;48.09;48.09;11136782
FR0000120321;01/07/14;125.50;126.05;124.55;125.90;570119
FR0000120321;02/07/14;125.90;126.30;125.40;125.60;459693
FR0000120321;03/07/14;125.30;127.35;125.20;127.25;594782
FR0000120321;04/07/14;127.30;127.45;126.45;127.00;420243
FR0000120321;07/07/14;126.85;126.85;125.30;125.40;399302
FR0000120321;08/07/14;125.70;125.70;124.65;124.65;533190
FR0000120321;09/07/14;125.45;126.40;124.60;126.25;662135
FR0000120321;10/07/14;125.85;126.05;124.85;125.30;551961
FR0000120321;11/07/14;125.65;126.35;125.20;125.90;424889
FR0000120321;14/07/14;125.95;127.10;125.90;126.85;419997
FR0000120321;15/07/14;126.45;126.85;125.35;125.35;609602
FR0000120321;16/07/14;125.75;127.30;125.75;126.90;514387
FR0000120321;17/07/14;126.20;127.35;125.65;125.85;499146
FR0000120321;18/07/14;125.50;127.40;125.20;127.10;601621
FR0000120321;21/07/14;126.90;127.00;125.90;127.00;445423
FR0000120321;22/07/14;127.30;128.55;126.30;128.25;499856
FR0000120321;23/07/14;127.90;129.25;127.80;128.65;444149
FR0000120321;24/07/14;128.35;129.15;127.15;129.10;543394
FR0000120321;25/07/14;129.00;129.00;126.40;126.90;610418
FR0000120321;28/07/14;127.45;128.45;126.65;127.65;470874
FR0000120321;29/07/14;127.95;129.05;127.05;128.25;432320
FR0000120321;30/07/14;128.50;128.95;127.30;128.05;509804
FR0000120321;31/07/14;127.70;127.85;125.25;126.40;694236
FR0000120404;01/07/14;38.03;38.17;37.775;38.025;648037
FR0000120404;02/07/14;38.10;38.67;38.025;38.635;725834
FR0000120404;03/07/14;38.735;38.98;38.51;38.89;633608
FR0000120404;04/07/14;38.805;39.035;38.65;38.705;435034
FR0000120404;07/07/14;38.745;39.08;38.085;38.105;652197
FR0000120404;08/07/14;38.055;38.095;37.315;37.365;721760
FR0000120404;09/07/14;37.405;37.555;37.18;37.275;388458
FR0000120404;10/07/14;37.285;37.365;36.135;36.615;840095
FR0000120404;11/07/14;36.63;37.59;36.63;36.80;996270
FR0000120404;14/07/14;37.03;37.03;36.65;36.85;459832
FR0000120404;15/07/14;36.755;36.84;35.94;36.00;816296
FR0000120404;16/07/14;36.16;36.575;36.05;36.385;505071
FR0000120404;17/07/14;36.39;36.58;36.23;36.275;522965
FR0000120404;18/07/14;37.00;37.185;36.085;36.845;1105423
FR0000120404;21/07/14;36.86;36.865;36.075;36.165;526712
FR0000120404;22/07/14;36.395;36.55;36.135;36.47;542559
FR0000120404;23/07/14;36.335;36.85;36.32;36.595;436871
FR0000120404;24/07/14;36.655;36.775;36.20;36.545;483191
FR0000120404;25/07/14;36.39;36.63;35.95;36.015;430111
FR0000120404;28/07/14;36.08;36.275;35.37;35.575;790091
FR0000120404;29/07/14;35.68;35.79;35.465;35.635;494110
FR0000120404;30/07/14;36.32;36.87;36.075;36.185;953720
FR0000120404;31/07/14;36.255;36.355;35.605;36.20;999570
FR0000120503;01/07/14;30.455;30.465;29.85;30.345;1202987
FR0000120503;02/07/14;29.50;29.985;28.71;29.75;2915791
FR0000120503;03/07/14;29.82;30.395;29.50;30.31;1662738
FR0000120503;04/07/14;30.18;30.62;30.095;30.095;890267
FR0000120503;07/07/14;30.02;30.245;29.425;29.565;1024816
FR0000120503;08/07/14;29.645;29.655;28.825;28.89;1083329
FR0000120503;09/07/14;28.905;29.065;28.58;28.655;1380006
FR0000120503;10/07/14;28.70;28.765;28.16;28.48;1204876
FR0000120503;11/07/14;28.68;29.08;28.465;28.555;1112696
FR0000120503;14/07/14;28.635;28.79;28.445;28.575;675318
FR0000120503;15/07/14;28.57;28.80;28.32;28.67;1001984
FR0000120503;16/07/14;28.675;29.20;28.605;29.105;670879
FR0000120503;17/07/14;29.67;29.845;29.255;29.285;1612006
FR0000120503;18/07/14;29.105;29.235;28.785;29.235;964214
FR0000120503;21/07/14;29.275;29.605;29.015;29.56;1091324
FR0000120503;22/07/14;29.74;30.47;29.415;30.295;1378467
FR0000120503;23/07/14;30.26;30.52;29.99;30.155;976578
FR0000120503;24/07/14;30.125;30.49;29.905;30.30;584698
FR0000120503;25/07/14;30.165;30.36;29.74;29.925;665797
FR0000120503;28/07/14;30.08;30.39;29.71;29.82;741926
FR0000120503;29/07/14;30.01;30.18;29.645;29.80;807051
FR0000120503;30/07/14;29.825;30.155;29.50;29.695;797289
FR0000120503;31/07/14;29.80;29.845;29.255;29.525;1237113
FR0000120578;01/07/14;77.64;77.83;77.41;77.83;2222048
FR0000120578;02/07/14;78.00;78.05;77.31;77.54;2242224
FR0000120578;03/07/14;77.85;78.58;77.75;78.21;3209381
FR0000120578;04/07/14;78.14;78.23;77.78;77.78;1216381
FR0000120578;07/07/14;77.00;77.60;76.75;76.83;2567270
FR0000120578;08/07/14;77.24;77.42;76.21;76.21;2173650
FR0000120578;09/07/14;76.63;76.80;75.90;76.38;1684401
FR0000120578;10/07/14;76.23;76.45;75.41;75.70;2423166
FR0000120578;11/07/14;75.89;76.17;75.40;75.81;1565880
FR0000120578;14/07/14;76.15;76.67;75.95;76.47;1656480
FR0000120578;15/07/14;76.40;76.81;75.47;75.47;2046401
FR0000120578;16/07/14;75.93;76.58;75.72;76.46;2195426
FR0000120578;17/07/14;76.07;76.62;75.45;75.61;2293173
FR0000120578;18/07/14;75.50;76.22;75.44;76.07;1878776
FR0000120578;21/07/14;76.00;76.40;75.53;75.81;1775615
FR0000120578;22/07/14;75.96;77.19;75.53;76.99;2217871
FR0000120578;23/07/14;76.71;77.48;76.69;76.93;1459245
FR0000120578;24/07/14;76.86;77.44;76.29;77.32;1431522
FR0000120578;25/07/14;77.19;77.27;75.63;75.98;1916866
FR0000120578;28/07/14;76.44;76.88;75.72;76.33;2019147
FR0000120578;29/07/14;76.50;77.35;76.36;76.82;1690159
FR0000120578;30/07/14;77.00;77.74;76.51;76.89;2381740
FR0000120578;31/07/14;79.48;80.00;78.60;78.62;6701388
FR0000120628;01/07/14;17.495;17.665;17.445;17.575;4252769
FR0000120628;02/07/14;17.615;17.74;17.55;17.59;5089778
FR0000120628;03/07/14;17.665;18.20;17.535;18.15;9668660
FR0000120628;04/07/14;18.145;18.24;18.02;18.105;4083968
FR0000120628;07/07/14;18.01;18.12;17.76;17.79;5044367
FR0000120628;08/07/14;17.85;17.85;17.535;17.535;6189007
FR0000120628;09/07/14;17.60;17.74;17.46;17.69;5742668
FR0000120628;10/07/14;17.645;17.72;17.215;17.505;8732162
FR0000120628;11/07/14;17.55;17.89;17.515;17.62;5771476
FR0000120628;14/07/14;17.67;17.905;17.635;17.765;3852747
FR0000120628;15/07/14;17.695;17.74;17.345;17.47;6915227
FR0000120628;16/07/14;17.52;17.92;17.52;17.81;6359542
FR0000120628;17/07/14;17.68;17.775;17.48;17.54;6162325
FR0000120628;18/07/14;17.45;17.55;17.32;17.46;5601524
FR0000120628;21/07/14;17.475;17.525;17.28;17.36;4033519
FR0000120628;22/07/14;17.475;17.705;17.445;17.65;5268657
FR0000120628;23/07/14;17.66;17.895;17.60;17.735;4580201
FR0000120628;24/07/14;17.705;18.025;17.525;17.905;5708124
FR0000120628;25/07/14;17.86;18.005;17.545;17.67;6352600
FR0000120628;28/07/14;17.78;17.83;17.495;17.69;4551171
FR0000120628;29/07/14;17.77;17.93;17.595;17.735;4330353
FR0000120628;30/07/14;17.77;17.99;17.48;17.54;8280153
FR0000120628;31/07/14;17.45;17.51;17.03;17.19;11567398
FR0000120644;01/07/14;55.20;55.55;54.87;55.09;2473493
FR0000120644;02/07/14;54.87;55.37;54.66;54.88;1425031
FR0000120644;03/07/14;54.80;55.75;54.64;55.72;1538772
FR0000120644;04/07/14;55.54;55.81;55.30;55.45;859817
FR0000120644;07/07/14;55.26;55.44;54.80;54.88;1276050
FR0000120644;08/07/14;54.96;55.16;54.47;54.47;1172273
FR0000120644;09/07/14;54.70;55.10;54.50;54.90;1072420
FR0000120644;10/07/14;54.90;55.14;53.81;53.90;1738689
FR0000120644;11/07/14;54.11;54.62;53.96;54.58;1456941
FR0000120644;14/07/14;54.70;54.92;54.45;54.71;1105696
FR0000120644;15/07/14;55.90;56.44;55.20;55.20;2492772
FR0000120644;16/07/14;55.33;56.88;55.33;56.86;2883067
FR0000120644;17/07/14;56.50;57.32;56.04;56.19;2216138
FR0000120644;18/07/14;55.77;56.33;55.70;56.20;1668429
FR0000120644;21/07/14;56.31;56.62;55.74;55.88;1401335
FR0000120644;22/07/14;56.25;56.95;55.85;56.95;1369763
FR0000120644;23/07/14;57.00;57.44;56.30;56.60;1966570
FR0000120644;24/07/14;56.50;56.71;55.75;55.98;1992527
FR0000120644;25/07/14;55.56;56.98;54.86;55.06;2507540
FR0000120644;28/07/14;56.50;56.50;55.05;55.53;1796851
FR0000120644;29/07/14;55.70;56.11;55.14;55.73;1132762
FR0000120644;30/07/14;55.70;55.72;54.98;55.03;1422192
FR0000120644;31/07/14;54.92;55.16;53.97;54.09;2558391
FR0000120693;01/07/14;87.86;88.19;87.47;88.08;336143
FR0000120693;02/07/14;87.94;88.58;87.50;88.38;419619
FR0000120693;03/07/14;87.44;88.23;87.10;87.86;448965
FR0000120693;04/07/14;87.70;89.03;87.54;88.46;377086
FR0000120693;07/07/14;88.23;88.35;87.44;87.75;421151
FR0000120693;08/07/14;87.62;87.75;86.44;86.59;372717
FR0000120693;09/07/14;86.49;87.19;86.23;86.74;403449
FR0000120693;10/07/14;86.62;86.81;85.75;85.81;509948
FR0000120693;11/07/14;85.46;86.10;84.79;85.74;422121
FR0000120693;14/07/14;85.74;86.45;85.64;86.10;245911
FR0000120693;15/07/14;85.94;86.70;85.75;85.97;341913
FR0000120693;16/07/14;85.80;86.54;85.75;85.85;417747
FR0000120693;17/07/14;85.65;86.73;85.26;85.61;415642
FR0000120693;18/07/14;85.27;86.75;85.11;85.86;1000235
FR0000120693;21/07/14;86.02;86.02;85.16;85.44;319335
FR0000120693;22/07/14;85.68;85.87;85.22;85.61;411695
FR0000120693;23/07/14;85.34;86.52;85.30;86.04;361670
FR0000120693;24/07/14;85.91;86.45;85.36;86.23;370192
FR0000120693;25/07/14;85.83;86.15;84.67;84.93;423662
FR0000120693;28/07/14;85.05;85.68;84.90;85.00;330169
FR0000120693;29/07/14;85.06;86.39;84.92;85.98;382451
FR0000120693;30/07/14;86.09;86.15;84.86;85.09;400047
FR0000120693;31/07/14;84.96;85.14;83.44;83.70;503075
FR0000121014;01/07/14;140.50;141.25;140.05;141.00;445701
FR0000121014;02/07/14;141.30;141.40;139.45;139.95;582004
FR0000121014;03/07/14;140.00;141.85;139.20;141.85;719810
FR0000121014;04/07/14;142.00;142.00;140.65;140.85;421224
FR0000121014;07/07/14;140.85;141.50;139.40;139.65;416284
FR0000121014;08/07/14;139.95;140.35;138.45;138.45;444400
FR0000121014;09/07/14;138.90;139.75;137.90;139.50;565701
FR0000121014;10/07/14;139.70;141.30;138.70;139.35;776272
FR0000121014;11/07/14;139.65;140.00;138.40;139.35;428508
FR0000121014;14/07/14;139.40;140.60;139.00;140.35;421097
FR0000121014;15/07/14;140.25;140.50;138.35;138.70;694928
FR0000121014;16/07/14;139.45;140.15;138.80;140.00;497857
FR0000121014;17/07/14;139.45;140.15;138.35;138.55;570190
FR0000121014;18/07/14;138.05;138.40;136.45;138.40;889529
FR0000121014;21/07/14;138.25;139.05;137.35;138.45;575549
FR0000121014;22/07/14;139.15;139.40;137.85;139.25;596487
FR0000121014;23/07/14;138.65;140.00;138.65;139.80;579867
FR0000121014;24/07/14;140.50;141.95;139.10;141.25;632668
FR0000121014;25/07/14;135.00;135.00;131.10;131.65;2725249
FR0000121014;28/07/14;132.75;132.85;131.00;131.55;911123
FR0000121014;29/07/14;131.40;132.70;131.15;131.70;740754
FR0000121014;30/07/14;131.90;132.00;129.75;130.25;848287
FR0000121014;31/07/14;130.20;130.45;128.25;128.60;1253627
FR0000121220;01/07/14;78.49;78.74;77.67;78.48;165879
FR0000121220;02/07/14;78.46;79.01;78.14;78.59;180430
FR0000121220;03/07/14;79.68;79.68;78.65;79.40;201450
FR0000121220;04/07/14;79.43;80.46;79.24;80.14;183251
FR0000121220;07/07/14;79.88;80.58;78.79;78.88;206811
FR0000121220;08/07/14;79.99;80.50;78.79;78.94;354853
FR0000121220;09/07/14;76.57;77.91;75.99;77.56;394100
FR0000121220;10/07/14;77.56;77.56;75.48;76.73;271153
FR0000121220;11/07/14;76.79;77.36;76.33;77.07;181152
FR0000121220;14/07/14;77.14;77.20;76.66;76.66;137229
FR0000121220;15/07/14;76.54;77.33;75.93;76.00;172856
FR0000121220;16/07/14;76.28;76.97;76.28;76.51;124225
FR0000121220;17/07/14;78.67;78.67;76.45;76.55;199699
FR0000121220;18/07/14;76.13;76.61;75.74;76.59;146572
FR0000121220;21/07/14;76.48;76.60;75.67;76.05;127076
FR0000121220;22/07/14;76.01;76.32;75.81;76.23;129758
FR0000121220;23/07/14;75.92;76.35;75.89;76.20;118833
FR0000121220;24/07/14;76.13;76.63;75.73;76.63;145214
FR0000121220;25/07/14;76.55;76.55;75.53;75.53;194209
FR0000121220;28/07/14;75.70;76.06;75.57;75.76;129848
FR0000121220;29/07/14;75.74;75.91;75.26;75.39;137784
FR0000121220;30/07/14;75.27;75.54;74.87;74.94;145709
FR0000121220;31/07/14;75.13;75.13;74.38;74.51;160917
FR0000121261;01/07/14;87.39;88.47;86.75;88.29;475792
FR0000121261;02/07/14;88.57;89.11;88.24;88.60;368085
FR0000121261;03/07/14;88.51;89.15;87.71;89.06;435228
FR0000121261;04/07/14;89.35;89.61;88.17;88.26;249474
FR0000121261;07/07/14;88.05;89.00;86.84;87.02;327589
FR0000121261;08/07/14;87.22;87.50;85.77;85.96;404986
FR0000121261;09/07/14;85.97;86.72;83.94;86.13;720662
FR0000121261;10/07/14;86.18;86.77;84.88;85.00;689335
FR0000121261;11/07/14;85.05;85.58;84.52;84.77;518401
FR0000121261;14/07/14;85.01;86.25;85.00;85.81;425155
FR0000121261;15/07/14;85.95;87.49;85.57;85.91;514754
FR0000121261;16/07/14;86.37;86.69;85.71;86.48;387791
FR0000121261;17/07/14;86.07;86.66;85.57;86.25;575928
FR0000121261;18/07/14;85.76;85.98;84.31;85.41;703483
FR0000121261;21/07/14;85.57;85.57;84.11;84.59;404463
FR0000121261;22/07/14;84.90;85.35;84.41;85.11;438415
FR0000121261;23/07/14;84.97;86.31;84.88;85.13;417689
FR0000121261;24/07/14;85.19;85.67;84.46;84.99;509975
FR0000121261;25/07/14;84.80;84.85;82.38;82.54;808668
FR0000121261;28/07/14;82.97;83.65;81.95;82.87;687573
FR0000121261;29/07/14;80.40;86.41;80.29;84.34;1181040
FR0000121261;30/07/14;86.19;86.20;83.31;83.87;909071
FR0000121261;31/07/14;84.00;84.11;81.63;82.06;1039395
FR0000121485;01/07/14;160.15;160.25;158.90;159.65;156339
FR0000121485;02/07/14;159.40;159.45;158.25;158.70;104032
FR0000121485;03/07/14;158.70;160.20;158.15;159.85;131688
FR0000121485;04/07/14;160.00;160.10;157.55;157.85;145656
FR0000121485;07/07/14;157.30;157.85;155.90;156.10;146339
FR0000121485;08/07/14;156.05;156.65;154.80;154.80;202357
FR0000121485;09/07/14;155.25;155.50;153.10;155.15;175154
FR0000121485;10/07/14;155.30;157.30;154.40;156.30;232049
FR0000121485;11/07/14;156.15;158.50;155.85;158.30;257000
FR0000121485;14/07/14;158.10;161.15;157.85;160.30;156282
FR0000121485;15/07/14;159.65;160.40;157.00;157.35;143164
FR0000121485;16/07/14;157.75;159.90;157.60;159.90;156987
FR0000121485;17/07/14;159.55;159.60;157.95;158.00;120708
FR0000121485;18/07/14;156.95;158.45;155.90;158.40;148215
FR0000121485;21/07/14;158.20;158.25;155.45;155.80;177579
FR0000121485;22/07/14;156.00;156.00;155.00;155.60;178683
FR0000121485;23/07/14;155.15;157.50;154.85;157.05;175745
FR0000121485;24/07/14;157.05;159.50;156.30;159.35;150993
FR0000121485;25/07/14;156.00;156.00;151.05;151.50;495310
FR0000121485;28/07/14;152.05;153.35;152.05;153.05;188087
FR0000121485;29/07/14;153.00;155.75;152.60;155.45;208862
FR0000121485;30/07/14;155.95;156.55;151.75;152.30;234134
FR0000121485;31/07/14;154.00;160.80;154.00;159.95;543258
FR0000121501;01/07/14;10.85;11.15;10.705;11.125;4486011
FR0000121501;02/07/14;11.10;11.45;11.09;11.21;4634417
FR0000121501;03/07/14;11.265;11.43;11.17;11.405;3301674
FR0000121501;04/07/14;11.385;11.48;11.225;11.275;1417526
FR0000121501;07/07/14;11.28;11.475;11.22;11.23;2620906
FR0000121501;08/07/14;11.30;11.30;10.755;10.79;5086168
FR0000121501;09/07/14;10.845;10.995;10.65;10.80;4209133
FR0000121501;10/07/14;10.79;10.90;10.51;10.75;4334013
FR0000121501;11/07/14;10.73;11.00;10.71;10.76;2665015
FR0000121501;14/07/14;10.81;11.195;10.81;11.095;3114910
FR0000121501;15/07/14;11.45;11.66;11.42;11.455;7679448
FR0000121501;16/07/14;11.475;11.60;11.35;11.485;3232100
FR0000121501;17/07/14;11.535;11.75;11.29;11.30;4864264
FR0000121501;18/07/14;11.15;11.29;11.10;11.23;3969930
FR0000121501;21/07/14;11.255;11.27;10.715;10.81;4333079
FR0000121501;22/07/14;10.92;11.045;10.815;10.92;3325832
FR0000121501;23/07/14;10.94;11.065;10.895;10.96;3212278
FR0000121501;24/07/14;10.955;11.275;10.805;11.18;5078577
FR0000121501;25/07/14;11.13;11.195;10.80;10.875;2974562
FR0000121501;28/07/14;10.98;11.095;10.61;10.71;4105317
FR0000121501;29/07/14;10.715;10.77;10.435;10.595;4727450
FR0000121501;30/07/14;11.50;11.50;11.13;11.235;12793661
FR0000121501;31/07/14;11.29;11.32;10.985;11.21;5108496
FR0000121667;01/07/14;77.27;78.10;77.00;78.07;525960
FR0000121667;02/07/14;78.10;78.17;77.06;77.27;416118
FR0000121667;03/07/14;77.19;77.87;76.90;77.63;531055
FR0000121667;04/07/14;77.73;77.73;77.11;77.24;258545
FR0000121667;07/07/14;77.20;77.21;75.76;75.81;373978
FR0000121667;08/07/14;76.08;76.64;75.35;75.66;551475
FR0000121667;09/07/14;75.98;76.02;75.37;75.91;448798
FR0000121667;10/07/14;75.75;75.77;74.44;74.58;504320
FR0000121667;11/07/14;74.69;74.76;73.33;73.76;483537
FR0000121667;14/07/14;73.96;73.96;72.94;73.45;607479
FR0000121667;15/07/14;73.25;73.79;72.44;72.66;673471
FR0000121667;16/07/14;73.05;74.98;73.04;74.60;693190
FR0000121667;17/07/14;74.29;74.51;73.41;73.74;716754
FR0000121667;18/07/14;73.36;74.52;73.26;74.47;503429
FR0000121667;21/07/14;74.45;74.51;73.50;74.01;550692
FR0000121667;22/07/14;74.19;74.94;73.86;74.56;458303
FR0000121667;23/07/14;74.22;74.79;73.85;73.97;328479
FR0000121667;24/07/14;73.83;74.57;73.56;74.24;405988
FR0000121667;25/07/14;74.01;74.64;73.29;73.47;459483
FR0000121667;28/07/14;73.71;73.85;72.96;73.57;405874
FR0000121667;29/07/14;73.65;74.33;73.47;73.78;364174
FR0000121667;30/07/14;73.78;74.95;73.53;74.10;377153
FR0000121667;31/07/14;74.18;74.67;72.55;72.97;687242
FR0000121972;01/07/14;68.73;68.85;67.93;68.68;1782844
FR0000121972;02/07/14;68.75;68.82;67.91;68.00;1294372
FR0000121972;03/07/14;68.29;69.47;67.99;69.43;1760161
FR0000121972;04/07/14;69.49;69.70;68.99;69.31;750792
FR0000121972;07/07/14;69.00;69.16;67.84;67.84;970891
FR0000121972;08/07/14;68.00;68.17;66.01;66.10;1852715
FR0000121972;09/07/14;66.43;67.48;66.27;67.30;1680490
FR0000121972;10/07/14;67.10;67.18;65.27;65.61;1734565
FR0000121972;11/07/14;66.04;67.17;65.87;66.58;1609723
FR0000121972;14/07/14;67.04;67.27;66.45;66.96;851269
FR0000121972;15/07/14;66.62;67.11;65.98;65.98;1325516
FR0000121972;16/07/14;66.52;67.35;66.32;67.29;1349301
FR0000121972;17/07/14;66.66;67.21;66.17;66.30;1302098
FR0000121972;18/07/14;65.64;67.18;65.42;67.18;1257893
FR0000121972;21/07/14;67.11;67.18;65.95;66.21;880893
FR0000121972;22/07/14;66.66;67.98;66.52;67.77;1312442
FR0000121972;23/07/14;67.52;67.99;67.33;67.73;1072264
FR0000121972;24/07/14;67.91;68.96;67.09;68.93;1279981
FR0000121972;25/07/14;68.76;68.91;67.37;67.54;1185215
FR0000121972;28/07/14;67.90;68.24;67.08;67.93;881738
FR0000121972;29/07/14;68.25;68.41;67.04;67.40;1475291
FR0000121972;30/07/14;65.45;66.46;64.44;64.52;3074325
FR0000121972;31/07/14;64.41;64.59;63.03;63.22;3109170
FR0000124141;01/07/14;13.96;14.21;13.93;14.125;1817684
FR0000124141;02/07/14;13.905;13.915;13.635;13.715;3629756
FR0000124141;03/07/14;13.735;13.755;13.57;13.70;2502608
FR0000124141;04/07/14;13.66;13.695;13.585;13.675;1200818
FR0000124141;07/07/14;13.685;13.725;13.44;13.485;1834463
FR0000124141;08/07/14;13.505;13.51;13.01;13.085;3764117
FR0000124141;09/07/14;13.10;13.13;12.92;13.06;2040182
FR0000124141;10/07/14;13.10;13.145;12.77;12.865;2145813
FR0000124141;11/07/14;12.875;12.995;12.80;12.875;1987078
FR0000124141;14/07/14;12.935;13.02;12.865;12.98;1168109
FR0000124141;15/07/14;12.93;13.08;12.855;12.995;1276360
FR0000124141;16/07/14;13.01;13.22;12.96;13.14;1452495
FR0000124141;17/07/14;13.085;13.085;12.87;12.91;1892626
FR0000124141;18/07/14;12.875;13.255;12.855;13.25;2141721
FR0000124141;21/07/14;13.275;13.29;13.09;13.19;1220295
FR0000124141;22/07/14;13.23;13.44;13.18;13.40;1569585
FR0000124141;23/07/14;13.385;13.51;13.28;13.44;1229829
FR0000124141;24/07/14;13.47;13.61;13.34;13.565;1715461
FR0000124141;25/07/14;13.52;13.58;13.26;13.31;1822969
FR0000124141;28/07/14;13.345;13.365;13.165;13.355;1106571
FR0000124141;29/07/14;13.38;13.53;13.265;13.375;962375
FR0000124141;30/07/14;13.40;13.65;13.33;13.40;1993757
FR0000124141;31/07/14;13.405;13.435;13.10;13.23;2126984
FR0000124711;01/07/14;212.15;213.55;210.75;213.10;206490
FR0000124711;02/07/14;211.75;212.90;210.90;212.30;230836
FR0000124711;03/07/14;212.30;213.70;211.10;212.00;290186
FR0000124711;04/07/14;211.70;212.20;209.80;209.80;213911
FR0000124711;07/07/14;209.80;210.30;207.50;207.75;213967
FR0000124711;08/07/14;208.70;208.70;204.55;204.55;266646
FR0000124711;09/07/14;205.50;207.20;204.45;206.95;222309
FR0000124711;10/07/14;206.50;207.40;204.05;205.25;302251
FR0000124711;11/07/14;205.75;206.10;205.05;205.85;142702
FR0000124711;14/07/14;205.45;208.10;205.30;207.05;152152
FR0000124711;15/07/14;206.40;206.65;204.75;205.00;225234
FR0000124711;16/07/14;206.00;207.50;205.40;205.90;255753
FR0000124711;17/07/14;205.05;207.80;204.40;206.00;241834
FR0000124711;18/07/14;206.00;206.35;203.30;205.30;308913
FR0000124711;21/07/14;205.10;205.30;202.60;203.50;182349
FR0000124711;22/07/14;203.50;205.45;203.50;205.10;233360
FR0000124711;23/07/14;205.00;206.40;203.95;205.25;243382
FR0000124711;24/07/14;204.50;205.60;203.15;204.65;244093
FR0000124711;25/07/14;204.80;205.35;200.05;200.65;239982
FR0000124711;28/07/14;201.65;202.70;198.85;202.45;265487
FR0000124711;29/07/14;203.55;207.25;202.95;205.45;349275
FR0000124711;30/07/14;206.00;207.25;203.90;204.40;275114
FR0000124711;31/07/14;204.15;204.55;200.35;200.65;362467
FR0000125007;01/07/14;41.40;41.455;40.655;41.30;1808585
FR0000125007;02/07/14;41.38;41.67;41.135;41.53;1445885
FR0000125007;03/07/14;41.435;42.575;41.33;42.385;2021107
FR0000125007;04/07/14;42.42;42.42;42.04;42.04;676905
FR0000125007;07/07/14;41.75;41.90;40.75;40.775;1618803
FR0000125007;08/07/14;40.955;40.975;39.01;39.39;2969507
FR0000125007;09/07/14;39.63;39.73;39.11;39.635;1685140
FR0000125007;10/07/14;39.71;39.715;37.765;38.305;3073727
FR0000125007;11/07/14;37.80;38.365;37.39;37.485;2231479
FR0000125007;14/07/14;37.69;38.245;37.61;37.93;1469763
FR0000125007;15/07/14;38.285;38.71;37.835;37.87;2216207
FR0000125007;16/07/14;38.00;38.555;37.81;38.535;1621287
FR0000125007;17/07/14;38.605;38.99;38.05;38.08;1718469
FR0000125007;18/07/14;38.10;38.155;37.61;38.105;1776603
FR0000125007;21/07/14;38.155;38.155;37.125;37.20;1631781
FR0000125007;22/07/14;37.42;38.08;37.24;37.95;2077928
FR0000125007;23/07/14;37.96;38.21;37.675;37.72;1322623
FR0000125007;24/07/14;37.81;37.90;37.275;37.60;1608787
FR0000125007;25/07/14;37.445;37.845;37.105;37.13;1717853
FR0000125007;28/07/14;37.27;37.325;36.585;36.935;1355124
FR0000125007;29/07/14;37.00;37.565;36.72;37.295;1995188
FR0000125007;30/07/14;37.33;37.575;36.875;37.00;1637502
FR0000125007;31/07/14;38.00;38.18;36.34;36.425;2750796
FR0000125338;01/07/14;52.15;52.67;52.03;52.65;394524
FR0000125338;02/07/14;52.74;52.94;52.48;52.88;353367
FR0000125338;03/07/14;52.82;55.74;52.64;55.74;1198518
FR0000125338;04/07/14;55.65;55.70;54.56;54.76;521749
FR0000125338;07/07/14;54.78;55.08;53.65;53.71;478318
FR0000125338;08/07/14;53.68;53.99;52.90;52.90;429323
FR0000125338;09/07/14;52.90;53.52;52.72;53.41;420541
FR0000125338;10/07/14;53.54;53.54;51.39;51.81;769519
FR0000125338;11/07/14;52.02;52.23;50.60;51.22;918158
FR0000125338;14/07/14;51.68;52.45;51.39;52.42;528941
FR0000125338;15/07/14;52.32;52.32;50.65;50.75;846650
FR0000125338;16/07/14;50.90;51.96;50.30;51.63;696510
FR0000125338;17/07/14;51.43;51.51;50.48;50.49;707532
FR0000125338;18/07/14;50.40;50.43;49.86;50.36;806375
FR0000125338;21/07/14;50.36;51.35;49.99;50.94;797318
FR0000125338;22/07/14;51.00;52.21;50.87;52.21;763459
FR0000125338;23/07/14;52.23;52.85;52.00;52.17;492991
FR0000125338;24/07/14;52.19;52.98;51.82;52.36;487197
FR0000125338;25/07/14;52.22;52.47;51.93;52.00;448176
FR0000125338;28/07/14;52.55;53.12;52.01;52.49;460546
FR0000125338;29/07/14;52.83;53.40;52.43;53.19;516703
FR0000125338;30/07/14;53.35;53.39;52.38;52.91;442964
FR0000125338;31/07/14;54.05;55.24;53.68;54.23;1539412
FR0000125486;01/07/14;54.21;54.50;54.05;54.44;1535788
FR0000125486;02/07/14;54.59;54.97;54.10;54.37;1307137
FR0000125486;03/07/14;54.32;54.48;53.73;54.21;1999301
FR0000125486;04/07/14;54.27;54.49;53.96;54.09;947667
FR0000125486;07/07/14;53.91;54.02;52.89;53.00;1581917
FR0000125486;08/07/14;53.17;53.35;51.56;51.70;1867917
FR0000125486;09/07/14;51.92;52.14;51.73;51.95;1639154
FR0000125486;10/07/14;51.86;52.04;51.10;51.53;1694610
FR0000125486;11/07/14;51.55;52.04;51.51;51.83;1565688
FR0000125486;14/07/14;51.81;52.34;51.71;52.03;965245
FR0000125486;15/07/14;51.81;52.14;51.46;51.62;1099084
FR0000125486;16/07/14;51.73;52.66;51.71;52.61;1172676
FR0000125486;17/07/14;52.23;52.54;51.75;51.85;1204498
FR0000125486;18/07/14;51.58;52.59;51.37;52.54;1707981
FR0000125486;21/07/14;52.55;52.63;51.70;51.93;1243120
FR0000125486;22/07/14;52.28;53.62;52.28;53.44;1928323
FR0000125486;23/07/14;53.43;53.85;53.29;53.44;1056367
FR0000125486;24/07/14;53.54;54.00;52.96;53.91;1238060
FR0000125486;25/07/14;53.73;53.90;52.78;52.94;1348710
FR0000125486;28/07/14;53.22;53.36;52.39;52.86;1470626
FR0000125486;29/07/14;52.84;53.47;52.52;53.13;1146832
FR0000125486;30/07/14;53.24;53.45;52.51;52.73;1187166
FR0000125486;31/07/14;52.78;52.81;51.29;51.62;1864303
FR0000127771;01/07/14;17.90;18.16;17.78;18.135;5568820
FR0000127771;02/07/14;18.15;18.18;17.915;17.95;4381194
FR0000127771;03/07/14;17.94;18.29;17.915;18.27;5530094
FR0000127771;04/07/14;18.295;18.325;18.135;18.15;2657297
FR0000127771;07/07/14;18.065;18.165;18.00;18.005;2954066
FR0000127771;08/07/14;18.005;18.075;17.67;17.67;4983551
FR0000127771;09/07/14;17.745;17.75;17.63;17.715;3530432
FR0000127771;10/07/14;17.69;17.735;17.36;17.395;5510803
FR0000127771;11/07/14;17.40;17.425;17.26;17.35;4206828
FR0000127771;14/07/14;17.335;17.48;17.295;17.475;3467629
FR0000127771;15/07/14;17.40;17.525;17.375;17.395;3769659
FR0000127771;16/07/14;17.48;17.75;17.465;17.655;4639234
FR0000127771;17/07/14;17.575;17.615;17.385;17.475;4121329
FR0000127771;18/07/14;17.44;17.63;17.35;17.63;3804125
FR0000127771;21/07/14;17.66;17.865;17.59;17.74;4764830
FR0000127771;22/07/14;17.85;18.125;17.755;18.12;5376983
FR0000127771;23/07/14;18.16;18.34;18.10;18.265;4639785
FR0000127771;24/07/14;18.255;18.525;18.205;18.515;5102481
FR0000127771;25/07/14;18.515;18.595;18.40;18.43;4793927
FR0000127771;28/07/14;18.50;18.67;18.405;18.67;5455883
FR0000127771;29/07/14;18.685;18.91;18.675;18.82;5749502
FR0000127771;30/07/14;18.82;19.115;18.74;18.975;8020412
FR0000127771;31/07/14;18.925;18.985;18.615;18.77;7238970
FR0000130577;01/07/14;62.01;62.33;61.93;62.00;427193
FR0000130577;02/07/14;62.00;62.12;61.13;61.22;558658
FR0000130577;03/07/14;61.23;61.53;60.81;61.07;739721
FR0000130577;04/07/14;61.26;61.64;61.06;61.37;335780
FR0000130577;07/07/14;61.10;61.36;60.80;60.90;296863
FR0000130577;08/07/14;60.83;60.95;59.43;59.72;581156
FR0000130577;09/07/14;59.93;60.50;59.48;60.46;739181
FR0000130577;10/07/14;60.60;60.63;59.01;59.30;634275
FR0000130577;11/07/14;59.33;59.46;58.84;59.01;298660
FR0000130577;14/07/14;59.11;59.40;58.84;59.22;315165
FR0000130577;15/07/14;58.97;59.12;58.56;58.68;434999
FR0000130577;16/07/14;58.70;60.08;58.70;59.73;465979
FR0000130577;17/07/14;59.54;59.90;59.26;59.53;437429
FR0000130577;18/07/14;59.24;59.48;58.94;59.46;412890
FR0000130577;21/07/14;59.50;59.52;58.62;58.87;311210
FR0000130577;22/07/14;56.05;56.75;55.14;56.11;2090642
FR0000130577;23/07/14;55.88;58.05;55.03;58.00;2344983
FR0000130577;24/07/14;57.99;58.50;57.63;58.32;1228709
FR0000130577;25/07/14;58.00;58.48;57.42;57.55;865418
FR0000130577;28/07/14;56.86;57.07;55.76;55.82;831254
FR0000130577;29/07/14;55.67;55.74;54.60;54.76;1168210
FR0000130577;30/07/14;54.80;55.20;54.05;55.11;767485
FR0000130577;31/07/14;55.16;55.24;54.00;54.35;864863
FR0000130809;01/07/14;38.90;39.695;38.65;39.315;6194770
FR0000130809;02/07/14;39.415;39.535;38.955;39.225;3884735
FR0000130809;03/07/14;39.405;40.365;39.10;40.18;4538881
FR0000130809;04/07/14;39.665;39.945;39.02;39.205;4321920
FR0000130809;07/07/14;39.215;39.72;38.745;38.825;3072679
FR0000130809;08/07/14;39.105;39.105;37.77;37.86;4701218
FR0000130809;09/07/14;37.81;37.985;36.775;37.50;7332811
FR0000130809;10/07/14;37.43;37.455;35.96;36.695;8369160
FR0000130809;11/07/14;36.735;37.585;36.465;36.82;4588338
FR0000130809;14/07/14;37.04;37.56;36.63;37.305;3680042
FR0000130809;15/07/14;37.39;37.605;36.445;36.925;5306771
FR0000130809;16/07/14;37.22;38.36;36.875;38.035;5758268
FR0000130809;17/07/14;37.625;38.345;37.46;37.73;4876764
FR0000130809;18/07/14;37.49;38.06;37.17;38.01;4203590
FR0000130809;21/07/14;38.01;38.15;37.165;37.495;3392267
FR0000130809;22/07/14;37.745;38.055;37.47;37.85;3057967
FR0000130809;23/07/14;37.715;38.495;37.665;38.025;2933119
FR0000130809;24/07/14;37.965;39.49;37.545;39.10;5451654
FR0000130809;25/07/14;38.85;39.58;38.405;38.645;4759562
FR0000130809;28/07/14;38.84;39.075;37.88;38.535;3425418
FR0000130809;29/07/14;38.715;39.505;38.265;39.06;3678070
FR0000130809;30/07/14;39.20;39.49;38.305;38.535;3905401
FR0000130809;31/07/14;38.665;38.83;37.385;37.555;6198084
FR0000131104;01/07/14;51.25;51.71;50.63;51.33;8378321
FR0000131104;02/07/14;51.06;51.36;50.63;51.01;4692715
FR0000131104;03/07/14;51.01;51.36;50.24;51.25;4973878
FR0000131104;04/07/14;50.55;50.62;49.99;50.20;3684450
FR0000131104;07/07/14;50.06;50.42;49.555;49.615;3262858
FR0000131104;08/07/14;49.605;49.70;48.445;48.56;5557097
FR0000131104;09/07/14;48.47;48.745;47.665;48.365;6235894
FR0000131104;10/07/14;48.19;48.25;46.50;47.69;8031656
FR0000131104;11/07/14;47.955;48.835;47.76;48.36;5746121
FR0000131104;14/07/14;48.42;48.975;48.30;48.775;3327943
FR0000131104;15/07/14;48.56;48.89;47.93;48.225;5263179
FR0000131104;16/07/14;48.41;49.49;48.35;49.185;4192994
FR0000131104;17/07/14;48.76;49.14;48.40;48.61;5065558
FR0000131104;18/07/14;48.365;49.01;48.02;48.925;3480161
FR0000131104;21/07/14;48.825;49.025;48.315;48.65;3971672
FR0000131104;22/07/14;48.805;48.93;48.15;48.755;5121651
FR0000131104;23/07/14;48.68;49.455;48.535;49.005;4113034
FR0000131104;24/07/14;48.985;50.30;48.615;49.80;4398798
FR0000131104;25/07/14;49.87;50.70;49.315;49.58;3692986
FR0000131104;28/07/14;49.83;50.03;48.98;49.645;2848180
FR0000131104;29/07/14;49.89;50.50;49.33;50.04;3138731
FR0000131104;30/07/14;50.21;50.68;49.70;49.88;3143063
FR0000131104;31/07/14;50.50;50.90;49.27;49.50;6505267
FR0000131906;01/07/14;66.38;69.34;66.25;69.05;1380579
FR0000131906;02/07/14;69.25;70.45;69.10;69.56;789727
FR0000131906;03/07/14;69.98;70.97;69.66;70.62;1017325
FR0000131906;04/07/14;70.51;71.28;69.28;70.57;527865
FR0000131906;07/07/14;70.60;72.95;70.55;70.64;1379775
FR0000131906;08/07/14;70.70;70.86;68.26;68.50;1182317
FR0000131906;09/07/14;68.61;69.14;68.01;68.54;684649
FR0000131906;10/07/14;69.30;69.51;66.96;68.23;1033818
FR0000131906;11/07/14;68.30;69.74;68.25;69.02;789121
FR0000131906;14/07/14;69.42;69.94;68.87;69.83;611659
FR0000131906;15/07/14;69.88;71.50;69.72;70.62;1002752
FR0000131906;16/07/14;70.75;72.40;70.75;72.01;890031
FR0000131906;17/07/14;72.34;72.50;70.76;70.96;951126
FR0000131906;18/07/14;69.79;70.65;69.46;70.11;1127198
FR0000131906;21/07/14;70.16;70.24;68.56;69.09;806639
FR0000131906;22/07/14;69.75;69.83;68.90;69.36;631357
FR0000131906;23/07/14;69.23;70.75;69.07;69.95;721116
FR0000131906;24/07/14;69.85;70.76;69.02;70.40;601075
FR0000131906;25/07/14;70.06;70.71;69.16;69.43;823216
FR0000131906;28/07/14;69.78;71.25;68.82;69.50;1142630
FR0000131906;29/07/14;67.98;68.80;66.28;66.28;2506045
FR0000131906;30/07/14;66.46;67.08;63.91;63.91;1750378
FR0000131906;31/07/14;64.24;64.32;61.86;62.37;1798404
FR0000133308;01/07/14;11.585;11.87;11.55;11.795;6773751
FR0000133308;02/07/14;11.75;11.75;11.27;11.38;18413711
FR0000133308;03/07/14;11.40;11.555;11.34;11.54;7639485
FR0000133308;04/07/14;11.545;11.555;11.42;11.45;4073750
FR0000133308;07/07/14;11.41;11.515;11.305;11.305;5619052
FR0000133308;08/07/14;11.35;11.40;11.185;11.185;5725818
FR0000133308;09/07/14;11.21;11.365;11.135;11.35;5579491
FR0000133308;10/07/14;11.38;11.565;11.19;11.245;8299594
FR0000133308;11/07/14;11.295;11.43;11.255;11.285;4523341
FR0000133308;14/07/14;11.315;11.46;11.315;11.415;4362924
FR0000133308;15/07/14;11.43;11.475;11.255;11.285;6425094
FR0000133308;16/07/14;11.355;11.545;11.335;11.545;6613111
FR0000133308;17/07/14;11.51;11.535;11.27;11.35;7669186
FR0000133308;18/07/14;11.29;11.475;11.24;11.475;5091726
FR0000133308;21/07/14;11.48;11.54;11.39;11.405;3527597
FR0000133308;22/07/14;11.455;11.63;11.40;11.625;5261046
FR0000133308;23/07/14;11.64;11.70;11.595;11.61;4095108
FR0000133308;24/07/14;11.62;11.755;11.505;11.745;6214627
FR0000133308;25/07/14;11.745;11.835;11.595;11.635;4841608
FR0000133308;28/07/14;11.69;11.815;11.555;11.805;5688201
FR0000133308;29/07/14;11.91;12.155;11.805;12.02;9466190
FR0000133308;30/07/14;12.06;12.29;11.925;11.96;7161541
FR0000133308;31/07/14;11.97;12.02;11.715;11.75;7556114
FR0010208488;01/07/14;20.17;20.23;20.09;20.16;4139027
FR0010208488;02/07/14;20.21;20.32;20.115;20.135;5582613
FR0010208488;03/07/14;20.10;20.23;20.05;20.21;5236367
FR0010208488;04/07/14;20.165;20.23;20.085;20.115;3974512
FR0010208488;07/07/14;20.085;20.22;19.94;19.945;3921481
FR0010208488;08/07/14;20.03;20.10;19.735;19.755;4866202
FR0010208488;09/07/14;19.87;20.045;19.75;19.865;6365440
FR0010208488;10/07/14;19.795;19.87;19.465;19.50;6031849
FR0010208488;11/07/14;19.555;19.62;19.445;19.605;3982477
FR0010208488;14/07/14;19.72;19.765;19.61;19.725;3383802
FR0010208488;15/07/14;19.82;19.965;19.735;19.815;5209021
FR0010208488;16/07/14;19.875;20.00;19.82;19.96;3705656
FR0010208488;17/07/14;19.93;19.94;19.625;19.665;6689078
FR0010208488;18/07/14;19.54;19.82;19.43;19.775;5311777
FR0010208488;21/07/14;19.85;20.045;19.78;19.99;5257795
FR0010208488;22/07/14;20.085;20.24;20.00;20.225;3618804
FR0010208488;23/07/14;20.20;20.32;20.165;20.185;3104638
FR0010208488;24/07/14;20.18;20.42;20.10;20.395;3742008
FR0010208488;25/07/14;20.37;20.385;19.73;19.795;6226062
FR0010208488;28/07/14;19.895;19.90;19.55;19.685;4982089
FR0010208488;29/07/14;19.735;20.00;19.625;19.855;5188164
FR0010208488;30/07/14;19.85;19.95;19.51;19.575;5240063
FR0010208488;31/07/14;19.54;19.575;19.10;19.25;7274841
FR0010307819;01/07/14;44.74;44.91;44.41;44.89;446164
FR0010307819;02/07/14;44.84;44.985;44.60;44.76;428502
FR0010307819;03/07/14;44.79;45.415;44.735;45.415;529471
FR0010307819;04/07/14;45.31;45.97;45.26;45.71;370490
FR0010307819;07/07/14;45.53;45.765;44.895;44.95;494938
FR0010307819;08/07/14;45.005;45.075;43.91;43.97;510118
FR0010307819;09/07/14;44.00;44.045;43.54;43.93;364127
FR0010307819;10/07/14;43.85;43.935;42.84;43.17;574920
FR0010307819;11/07/14;43.20;43.52;42.885;43.245;455005
FR0010307819;14/07/14;43.35;43.50;43.075;43.16;334252
FR0010307819;15/07/14;43.055;43.39;42.95;43.10;457775
FR0010307819;16/07/14;43.275;43.87;43.26;43.805;421205
FR0010307819;17/07/14;43.555;43.84;43.16;43.505;441257
FR0010307819;18/07/14;43.31;43.68;43.10;43.625;391811
FR0010307819;21/07/14;43.59;43.70;42.85;42.97;628102
FR0010307819;22/07/14;43.22;43.795;43.085;43.785;498004
FR0010307819;23/07/14;43.69;44.045;43.545;43.82;438382
FR0010307819;24/07/14;43.875;44.635;43.565;44.58;584078
FR0010307819;25/07/14;44.425;44.535;43.55;43.71;491399
FR0010307819;28/07/14;43.755;44.035;43.685;44.00;337939
FR0010307819;29/07/14;44.03;44.545;43.90;44.16;338281
FR0010307819;30/07/14;44.00;44.02;43.055;43.425;706699
FR0010307819;31/07/14;43.25;43.275;41.115;41.405;1200838
FR0013176526;01/07/14;32.7633;33.2667;32.65;33.05;678468
FR0013176526;02/07/14;33.19;33.7667;33.1667;33.3133;742170
FR0013176526;03/07/14;33.3333;33.4333;33.0133;33.3167;813843
FR0013176526;04/07/14;33.3667;33.65;33.1367;33.1367;317424
FR0013176526;07/07/14;33.0467;33.7167;32.7233;32.80;636936
FR0013176526;08/07/14;32.83;32.8867;31.91;31.91;949434
FR0013176526;09/07/14;32.00;32.23;31.71;31.97;800703
FR0013176526;10/07/14;32.0367;32.1233;31.2833;31.59;1622091
FR0013176526;11/07/14;31.6633;32.27;31.60;31.8567;784338
FR0013176526;14/07/14;32.00;32.5233;31.93;32.40;761187
FR0013176526;15/07/14;32.3667;32.4833;31.8867;31.9333;845010
FR0013176526;16/07/14;32.0467;32.6067;31.8433;32.6033;704676
FR0013176526;17/07/14;32.49;32.6333;32.21;32.2667;716037
FR0013176526;18/07/14;32.00;32.1433;31.7633;32.0867;638034
FR0013176526;21/07/14;32.1533;32.1533;31.39;31.9467;823083
FR0013176526;22/07/14;32.1667;32.3833;31.9833;32.1333;549519
FR0013176526;23/07/14;32.00;32.66;32.00;32.4533;691776
FR0013176526;24/07/14;32.5867;32.6667;32.15;32.3933;675261
FR0013176526;25/07/14;31.8333;31.9233;31.0867;31.5467;1534299
FR0013176526;28/07/14;31.6333;31.6867;30.53;30.7567;1123359
FR0013176526;29/07/14;30.7667;31.0167;30.04;30.5533;1599351
FR0013176526;30/07/14;30.6233;30.8333;30.2567;30.34;748275
FR0013176526;31/07/14;30.4533;30.4967;29.25;29.91;1561788
GB00BDSFG982;01/07/14;39.965;40.41;39.955;40.395;609456
GB00BDSFG982;02/07/14;40.425;40.71;40.31;40.405;811336
GB00BDSFG982;03/07/14;40.59;41.12;40.495;40.87;664810
GB00BDSFG982;04/07/14;40.925;40.975;40.65;40.775;444618
GB00BDSFG982;07/07/14;40.74;40.745;40.10;40.18;498266
GB00BDSFG982;08/07/14;40.15;40.25;39.22;39.25;708736
GB00BDSFG982;09/07/14;39.235;39.505;39.135;39.31;601600
GB00BDSFG982;10/07/14;39.115;39.115;37.55;37.855;1279200
GB00BDSFG982;11/07/14;38.005;38.035;37.715;37.89;603888
GB00BDSFG982;14/07/14;38.30;38.67;38.165;38.31;659834
GB00BDSFG982;15/07/14;38.245;38.40;37.95;38.05;442812
GB00BDSFG982;16/07/14;38.10;38.625;38.10;38.61;509738
GB00BDSFG982;17/07/14;38.50;38.665;38.155;38.385;563324
GB00BDSFG982;18/07/14;38.055;38.085;37.54;37.94;691836
GB00BDSFG982;21/07/14;37.905;37.99;37.065;37.42;762190
GB00BDSFG982;22/07/14;37.70;38.94;37.66;38.90;918296
GB00BDSFG982;23/07/14;38.95;39.06;38.50;38.865;606848
GB00BDSFG982;24/07/14;38.00;38.28;35.285;35.50;4556700
GB00BDSFG982;25/07/14;35.97;36.00;34.46;34.525;2232696
GB00BDSFG982;28/07/14;34.65;34.845;34.16;34.77;1063580
GB00BDSFG982;29/07/14;34.905;34.965;34.175;34.745;1087836
GB00BDSFG982;30/07/14;34.61;35.00;34.285;34.505;1408066
GB00BDSFG982;31/07/14;34.70;34.75;34.165;34.475;1303372
LU1598757687;01/07/14;32.61;32.88;32.55;32.79;2139138
LU1598757687;02/07/14;32.73;33.39;32.61;33.315;3233875
LU1598757687;03/07/14;33.495;33.99;33.435;33.87;3733918
LU1598757687;04/07/14;33.90;34.02;33.675;33.825;1539730
LU1598757687;07/07/14;33.69;33.69;32.775;33.06;3603781
LU1598757687;08/07/14;33.225;33.375;32.715;32.73;2477550
LU1598757687;09/07/14;32.88;32.94;32.205;32.61;3434810
LU1598757687;10/07/14;32.61;32.61;31.665;32.055;4092114
LU1598757687;11/07/14;32.25;32.25;31.68;31.935;2102420
LU1598757687;14/07/14;31.995;32.82;31.86;32.76;2988083
LU1598757687;15/07/14;32.70;33.045;32.655;32.775;2519869
LU1598757687;16/07/14;32.88;33.63;32.835;33.57;2870153
LU1598757687;17/07/14;33.555;33.63;33.12;33.285;2167689
LU1598757687;18/07/14;33.015;33.21;32.625;33.21;2268259
LU1598757687;21/07/14;33.30;33.30;32.745;33.165;1886985
LU1598757687;22/07/14;33.48;33.885;33.42;33.555;2472978
LU1598757687;23/07/14;33.54;33.795;33.21;33.315;1944871
LU1598757687;24/07/14;33.33;33.795;33.075;33.645;2398159
LU1598757687;25/07/14;33.66;33.96;33.51;33.66;1776553
LU1598757687;28/07/14;33.81;34.095;33.36;33.795;2528062
LU1598757687;29/07/14;33.885;34.185;33.57;34.035;2258186
LU1598757687;30/07/14;34.17;34.785;33.975;34.695;3771164
LU1598757687;31/07/14;34.83;34.875;33.99;34.11;3986042
NL0000226223;01/07/14;6.533;6.86;6.514;6.841;3227749
NL0000226223;02/07/14;6.835;6.915;6.795;6.818;1741255
NL0000226223;03/07/14;6.842;6.925;6.80;6.903;1816788
NL0000226223;04/07/14;6.945;6.95;6.83;6.833;962587
NL0000226223;07/07/14;6.813;6.86;6.69;6.70;1040968
NL0000226223;08/07/14;6.702;6.716;6.502;6.512;1845152
NL0000226223;09/07/14;6.515;6.66;6.447;6.611;1770681
NL0000226223;10/07/14;6.626;6.627;6.424;6.424;2146307
NL0000226223;11/07/14;6.449;6.562;6.423;6.46;1457680
NL0000226223;14/07/14;6.473;6.585;6.473;6.532;1123003
NL0000226223;15/07/14;6.51;6.58;6.457;6.461;1131681
NL0000226223;16/07/14;6.50;6.841;6.495;6.795;3942407
NL0000226223;17/07/14;6.798;6.813;6.677;6.691;1719100
NL0000226223;18/07/14;6.709;6.726;6.633;6.72;1542197
NL0000226223;21/07/14;6.75;6.798;6.688;6.727;2144910
NL0000226223;22/07/14;6.779;6.987;6.762;6.96;2444280
NL0000226223;23/07/14;6.90;6.90;6.56;6.56;5410265
NL0000226223;24/07/14;6.56;6.56;6.40;6.524;2577042
NL0000226223;25/07/14;6.492;6.507;6.401;6.404;2054687
NL0000226223;28/07/14;6.45;6.462;6.337;6.42;1384259
NL0000226223;29/07/14;6.304;6.382;6.265;6.278;2900858
NL0000226223;30/07/14;6.269;6.395;6.225;6.357;2006723
NL0000226223;31/07/14;6.362;6.377;6.205;6.225;2649320
NL0000235190;01/07/14;48.72;48.855;47.675;47.945;3791864
NL0000235190;02/07/14;48.05;48.23;47.21;47.29;3762844
NL0000235190;03/07/14;47.335;47.77;46.85;47.765;3319367
NL0000235190;04/07/14;47.91;48.39;47.80;47.975;2414187
NL0000235190;07/07/14;47.98;48.23;47.255;47.255;1837572
NL0000235190;08/07/14;48.20;48.40;46.855;46.855;3299014
NL0000235190;09/07/14;47.155;47.46;46.56;47.005;3099722
NL0000235190;10/07/14;47.79;48.20;46.375;46.815;3314275
NL0000235190;11/07/14;47.005;47.635;46.945;47.11;3435348
NL0000235190;14/07/14;47.47;47.95;47.135;47.135;3010768
NL0000235190;15/07/14;47.24;47.37;46.505;46.505;3088549
NL0000235190;16/07/14;46.755;46.79;44.795;45.36;6787033
NL0000235190;17/07/14;45.215;45.70;44.86;44.98;3119815
NL0000235190;18/07/14;44.80;44.835;44.15;44.48;3273312
NL0000235190;21/07/14;44.515;44.555;43.25;43.29;3488965
NL0000235190;22/07/14;43.60;44.52;43.505;44.405;3929876
NL0000235190;23/07/14;44.47;45.56;44.315;44.925;3938685
NL0000235190;24/07/14;45.13;45.60;44.715;45.36;2579869
NL0000235190;25/07/14;45.40;45.48;44.37;44.50;2639624
NL0000235190;28/07/14;44.69;44.78;43.745;44.02;2921934
NL0000235190;29/07/14;44.125;44.135;43.32;43.685;3725767
NL0000235190;30/07/14;45.88;46.075;44.865;45.00;4859575
NL0000235190;31/07/14;44.90;44.99;43.12;43.36;4756948
