FR0000045072;01/10/18;12.36;12.418;12.026;12.138;10859359
FR0000045072;02/10/18;12.238;12.288;11.962;12.214;8851267
FR0000045072;03/10/18;12.36;12.474;12.332;12.398;7999320
FR0000045072;04/10/18;12.43;12.746;12.43;12.67;10784786
FR0000045072;05/10/18;12.65;12.656;12.488;12.602;5733491
FR0000045072;08/10/18;12.546;12.562;12.30;12.376;5781187
FR0000045072;09/10/18;12.43;12.538;12.306;12.47;6045167
FR0000045072;10/10/18;12.432;12.706;12.406;12.508;6455160
FR0000045072;11/10/18;12.35;12.392;12.138;12.244;9923352
FR0000045072;12/10/18;12.41;12.418;12.122;12.156;7185240
FR0000045072;15/10/18;12.16;12.216;12.026;12.112;5814666
FR0000045072;16/10/18;12.166;12.258;12.006;12.132;6752860
FR0000045072;17/10/18;12.20;12.29;12.128;12.16;6837509
FR0000045072;18/10/18;12.12;12.274;12.082;12.116;6656774
FR0000045072;19/10/18;12.09;12.09;11.68;11.892;10576214
FR0000045072;22/10/18;12.024;12.156;11.714;11.76;6465864
FR0000045072;23/10/18;11.65;11.71;11.486;11.546;8674941
FR0000045072;24/10/18;11.542;11.542;11.266;11.30;8388096
FR0000045072;25/10/18;11.25;11.462;11.12;11.362;9248116
FR0000045072;26/10/18;11.226;11.25;10.966;11.172;9224845
FR0000045072;29/10/18;11.11;11.398;11.10;11.32;5765234
FR0000045072;30/10/18;11.282;11.326;11.114;11.138;7441153
FR0000045072;31/10/18;11.28;11.426;11.254;11.328;9114529
FR0000051732;01/10/18;102.30;104.55;101.90;104.50;268935
FR0000051732;02/10/18;103.80;104.90;103.40;104.75;275101
FR0000051732;03/10/18;104.80;105.65;103.20;103.20;317010
FR0000051732;04/10/18;102.85;103.60;101.65;102.90;363541
FR0000051732;05/10/18;102.75;102.80;99.96;100.50;310489
FR0000051732;08/10/18;100.15;101.10;99.72;99.96;304120
FR0000051732;09/10/18;100.00;100.05;98.34;99.06;262711
FR0000051732;10/10/18;99.54;100.20;96.54;96.54;387922
FR0000051732;11/10/18;95.00;96.18;92.90;95.66;634004
FR0000051732;12/10/18;97.10;98.84;96.46;97.22;365474
FR0000051732;15/10/18;97.22;97.62;96.12;96.68;307774
FR0000051732;16/10/18;96.80;99.80;96.56;99.18;358475
FR0000051732;17/10/18;100.15;101.30;96.26;96.88;503328
FR0000051732;18/10/18;96.76;99.06;96.58;97.46;431720
FR0000051732;19/10/18;97.56;97.70;91.00;92.58;677185
FR0000051732;22/10/18;93.04;94.24;89.02;90.00;752366
FR0000051732;23/10/18;75.00;77.00;68.54;70.00;2534954
FR0000051732;24/10/18;71.40;72.88;66.04;66.14;1994019
FR0000051732;25/10/18;65.82;69.56;65.10;68.16;1171076
FR0000051732;26/10/18;67.12;71.22;65.68;71.20;1376324
FR0000051732;29/10/18;73.16;75.56;72.40;74.56;805407
FR0000051732;30/10/18;74.76;74.92;72.24;73.68;754676
FR0000051732;31/10/18;74.28;76.70;73.90;75.78;726018
FR0000052292;01/10/18;570.00;574.20;564.80;571.00;56005
FR0000052292;02/10/18;568.40;570.20;560.60;564.20;54896
FR0000052292;03/10/18;566.20;566.20;555.20;557.40;42536
FR0000052292;04/10/18;557.40;557.80;536.40;540.00;112207
FR0000052292;05/10/18;542.40;551.80;531.60;535.00;125773
FR0000052292;08/10/18;533.60;534.00;526.40;529.00;97624
FR0000052292;09/10/18;530.00;533.20;521.80;532.40;85503
FR0000052292;10/10/18;534.20;534.40;499.80;505.40;170130
FR0000052292;11/10/18;495.60;502.60;491.90;498.40;144953
FR0000052292;12/10/18;503.60;511.40;491.50;492.00;122708
FR0000052292;15/10/18;491.00;491.50;482.20;487.50;76594
FR0000052292;16/10/18;486.00;499.20;482.20;499.20;99099
FR0000052292;17/10/18;507.40;508.40;496.90;499.30;92860
FR0000052292;18/10/18;500.80;501.40;491.40;492.90;76707
FR0000052292;19/10/18;493.00;496.30;488.70;490.80;77859
FR0000052292;22/10/18;495.10;499.10;489.70;491.10;56529
FR0000052292;23/10/18;488.00;489.70;482.60;485.60;95334
FR0000052292;24/10/18;492.90;502.80;489.80;489.80;95880
FR0000052292;25/10/18;485.90;504.60;484.00;503.20;87176
FR0000052292;26/10/18;499.90;504.20;494.10;499.90;93552
FR0000052292;29/10/18;499.90;505.20;496.70;498.00;46108
FR0000052292;30/10/18;499.30;500.60;489.30;499.50;68416
FR0000052292;31/10/18;505.00;510.40;502.40;505.00;90234
FR0000073272;01/10/18;121.00;121.15;119.90;120.40;496020
FR0000073272;02/10/18;118.00;119.00;117.00;118.50;1338555
FR0000073272;03/10/18;118.55;119.40;118.50;119.00;631742
FR0000073272;04/10/18;118.55;119.55;116.05;116.05;1198461
FR0000073272;05/10/18;116.75;117.40;115.95;116.30;992739
FR0000073272;08/10/18;116.25;116.65;113.95;114.00;938260
FR0000073272;09/10/18;113.95;114.25;111.45;111.95;1203547
FR0000073272;10/10/18;112.55;112.65;109.35;109.35;1495416
FR0000073272;11/10/18;107.15;108.45;105.40;106.50;2060505
FR0000073272;12/10/18;107.25;109.35;107.10;108.80;1579903
FR0000073272;15/10/18;108.25;108.35;106.85;107.50;1201723
FR0000073272;16/10/18;107.60;111.95;107.60;111.95;1303000
FR0000073272;17/10/18;111.50;112.30;109.70;109.95;1154851
FR0000073272;18/10/18;110.25;110.95;108.70;108.75;904388
FR0000073272;19/10/18;109.15;110.05;106.95;107.50;1502155
FR0000073272;22/10/18;107.80;108.80;107.45;108.15;1005406
FR0000073272;23/10/18;106.85;107.20;104.75;105.20;1521772
FR0000073272;24/10/18;109.60;112.05;108.40;109.40;2517841
FR0000073272;25/10/18;108.80;112.10;108.60;110.95;1692498
FR0000073272;26/10/18;110.25;110.25;107.65;109.70;1702621
FR0000073272;29/10/18;109.00;110.30;107.80;107.85;1099259
FR0000073272;30/10/18;109.00;110.90;107.60;108.65;1974637
FR0000073272;31/10/18;109.70;114.80;109.40;114.05;2201661
FR0000120073;01/10/18;113.10;114.00;113.10;113.65;684408
FR0000120073;02/10/18;113.10;114.25;112.90;114.20;1087488
FR0000120073;03/10/18;114.15;115.25;114.05;115.15;780377
FR0000120073;04/10/18;114.95;115.05;112.65;113.10;896987
FR0000120073;05/10/18;113.00;113.00;111.60;111.80;699551
FR0000120073;08/10/18;111.50;111.80;111.10;111.65;715764
FR0000120073;09/10/18;111.85;112.60;110.70;112.50;666498
FR0000120073;10/10/18;112.70;112.75;108.80;108.90;1115819
FR0000120073;11/10/18;107.45;108.45;106.45;106.55;1384805
FR0000120073;12/10/18;107.00;107.15;104.75;105.10;1587468
FR0000120073;15/10/18;105.85;106.00;104.05;105.30;1104213
FR0000120073;16/10/18;105.30;107.50;104.85;107.40;999088
FR0000120073;17/10/18;108.15;109.10;106.30;106.70;920697
FR0000120073;18/10/18;106.95;108.00;105.75;106.25;1190049
FR0000120073;19/10/18;107.00;107.05;104.60;105.70;1599979
FR0000120073;22/10/18;106.65;106.95;105.75;106.20;927390
FR0000120073;23/10/18;105.25;107.30;104.75;104.95;1319813
FR0000120073;24/10/18;106.00;108.80;105.10;105.30;1437364
FR0000120073;25/10/18;106.75;107.80;105.50;107.70;1354208
FR0000120073;26/10/18;106.90;106.95;104.95;106.65;1301197
FR0000120073;29/10/18;106.55;107.65;105.65;105.65;787109
FR0000120073;30/10/18;105.95;106.25;104.40;105.25;856440
FR0000120073;31/10/18;105.95;107.60;105.75;107.00;1617068
FR0000120172;01/10/18;16.50;16.73;16.44;16.56;2507183
FR0000120172;02/10/18;16.50;16.57;16.295;16.475;2626018
FR0000120172;03/10/18;16.475;16.67;16.47;16.57;2597597
FR0000120172;04/10/18;16.525;16.60;16.175;16.22;3601238
FR0000120172;05/10/18;16.205;16.29;15.58;15.685;5934856
FR0000120172;08/10/18;15.60;15.65;15.455;15.635;2657793
FR0000120172;09/10/18;15.64;15.655;15.315;15.33;3894473
FR0000120172;10/10/18;15.50;15.775;15.405;15.63;5702513
FR0000120172;11/10/18;15.50;15.895;15.385;15.675;4661428
FR0000120172;12/10/18;15.765;16.175;15.645;15.995;4577918
FR0000120172;15/10/18;15.98;16.21;15.82;15.89;3589813
FR0000120172;16/10/18;15.92;15.92;15.425;15.545;4086376
FR0000120172;17/10/18;15.535;15.73;15.465;15.575;3479698
FR0000120172;18/10/18;16.465;17.095;16.465;17.03;12278680
FR0000120172;19/10/18;16.94;17.185;16.81;17.12;5355779
FR0000120172;22/10/18;17.14;17.355;16.835;16.875;3049816
FR0000120172;23/10/18;16.68;17.115;16.575;16.965;4133952
FR0000120172;24/10/18;16.99;17.19;16.885;16.90;3772675
FR0000120172;25/10/18;16.80;17.065;16.67;16.86;3745174
FR0000120172;26/10/18;16.74;16.85;16.45;16.645;3913116
FR0000120172;29/10/18;16.84;17.15;16.65;17.10;3706854
FR0000120172;30/10/18;17.10;17.245;16.96;17.16;3085320
FR0000120172;31/10/18;17.20;17.27;16.97;17.15;3189795
FR0000120271;01/10/18;56.11;56.48;56.00;56.37;4797525
FR0000120271;02/10/18;56.38;56.68;55.97;56.20;5208653
FR0000120271;03/10/18;56.26;56.50;56.00;56.30;4769760
FR0000120271;04/10/18;56.19;56.82;56.07;56.07;5386309
FR0000120271;05/10/18;55.86;56.17;55.13;55.13;5738692
FR0000120271;08/10/18;54.92;55.15;53.90;54.05;5187149
FR0000120271;09/10/18;54.45;54.90;54.26;54.83;5804198
FR0000120271;10/10/18;55.21;56.26;54.75;55.10;7088986
FR0000120271;11/10/18;53.91;54.37;53.21;53.21;10086659
FR0000120271;12/10/18;53.91;54.07;52.93;52.93;6362064
FR0000120271;15/10/18;53.00;53.91;52.95;53.55;5827531
FR0000120271;16/10/18;53.59;53.96;52.59;53.82;5338538
FR0000120271;17/10/18;54.00;54.02;53.06;53.46;5142636
FR0000120271;18/10/18;53.50;53.85;52.80;52.80;4844602
FR0000120271;19/10/18;53.15;53.56;52.78;52.83;8060058
FR0000120271;22/10/18;53.23;53.26;52.02;52.08;3910479
FR0000120271;23/10/18;51.88;52.16;50.82;51.06;6267992
FR0000120271;24/10/18;50.80;51.66;50.55;50.64;6266965
FR0000120271;25/10/18;50.02;51.68;49.21;51.41;7606493
FR0000120271;26/10/18;51.62;51.64;49.135;50.63;8592730
FR0000120271;29/10/18;51.25;51.73;50.63;50.98;3696770
FR0000120271;30/10/18;51.06;51.50;50.28;50.74;5805663
FR0000120271;31/10/18;51.21;52.14;51.21;51.96;9536208
FR0000120321;01/10/18;207.00;208.60;206.60;208.30;320291
FR0000120321;02/10/18;207.30;207.60;205.10;207.50;386620
FR0000120321;03/10/18;208.00;208.10;206.30;208.00;286439
FR0000120321;04/10/18;206.30;206.70;199.65;200.60;726702
FR0000120321;05/10/18;201.30;202.40;200.00;201.40;521012
FR0000120321;08/10/18;200.80;201.80;198.75;199.20;380637
FR0000120321;09/10/18;199.35;200.00;196.70;199.60;444559
FR0000120321;10/10/18;199.00;200.10;189.90;191.30;996454
FR0000120321;11/10/18;190.10;190.95;187.15;187.60;766058
FR0000120321;12/10/18;189.10;189.45;184.00;184.00;749333
FR0000120321;15/10/18;183.50;184.35;182.00;184.00;562080
FR0000120321;16/10/18;184.00;187.00;182.15;186.30;771557
FR0000120321;17/10/18;186.90;189.20;186.60;187.75;592297
FR0000120321;18/10/18;188.40;188.80;186.40;186.70;481622
FR0000120321;19/10/18;187.15;193.15;186.35;191.30;920180
FR0000120321;22/10/18;193.30;193.90;191.00;191.00;486131
FR0000120321;23/10/18;189.00;192.20;188.55;189.75;626271
FR0000120321;24/10/18;190.35;193.10;189.65;189.80;445161
FR0000120321;25/10/18;189.40;192.75;188.55;192.50;608680
FR0000120321;26/10/18;190.20;190.90;186.65;189.10;488706
FR0000120321;29/10/18;189.10;189.90;187.10;188.10;441293
FR0000120321;30/10/18;187.00;187.85;184.05;186.40;661072
FR0000120321;31/10/18;197.50;200.10;194.95;198.90;1437389
FR0000120404;01/10/18;44.06;44.31;44.00;44.30;530462
FR0000120404;02/10/18;44.10;44.10;43.67;43.89;778279
FR0000120404;03/10/18;44.00;44.00;43.32;43.61;899709
FR0000120404;04/10/18;43.46;43.61;42.48;42.55;1284304
FR0000120404;05/10/18;42.00;42.21;41.70;41.80;1110631
FR0000120404;08/10/18;41.70;41.98;41.47;41.70;766481
FR0000120404;09/10/18;41.72;42.03;41.56;41.79;679416
FR0000120404;10/10/18;41.87;41.89;41.49;41.68;1426844
FR0000120404;11/10/18;41.31;41.66;40.99;41.16;1455450
FR0000120404;12/10/18;41.57;41.60;41.08;41.32;999409
FR0000120404;15/10/18;41.12;41.51;41.03;41.30;879571
FR0000120404;16/10/18;41.30;41.70;40.97;41.70;1063900
FR0000120404;17/10/18;41.91;42.42;41.59;41.62;1133580
FR0000120404;18/10/18;41.52;42.03;41.47;41.57;977493
FR0000120404;19/10/18;41.71;41.95;40.30;40.90;1674467
FR0000120404;22/10/18;41.00;41.25;40.19;40.21;1313163
FR0000120404;23/10/18;39.87;40.11;39.34;39.34;1439220
FR0000120404;24/10/18;39.59;39.59;38.72;38.93;1234121
FR0000120404;25/10/18;38.65;40.21;38.12;40.13;1437057
FR0000120404;26/10/18;39.91;39.98;38.99;39.44;1359222
FR0000120404;29/10/18;39.95;40.46;38.80;39.97;871601
FR0000120404;30/10/18;40.12;40.39;39.54;40.10;864293
FR0000120404;31/10/18;40.42;40.61;40.13;40.42;986029
FR0000120503;01/10/18;37.20;37.52;37.04;37.18;603006
FR0000120503;02/10/18;37.00;37.00;36.59;36.78;702910
FR0000120503;03/10/18;36.83;37.60;36.83;37.02;657342
FR0000120503;04/10/18;36.90;37.14;36.69;36.93;742768
FR0000120503;05/10/18;36.89;37.03;36.67;36.70;521446
FR0000120503;08/10/18;36.52;36.77;36.50;36.57;499758
FR0000120503;09/10/18;36.61;36.75;36.10;36.28;597799
FR0000120503;10/10/18;36.49;36.67;35.97;36.22;919359
FR0000120503;11/10/18;35.76;36.33;35.51;36.01;948059
FR0000120503;12/10/18;36.41;36.42;35.52;35.52;659049
FR0000120503;15/10/18;35.38;35.73;35.30;35.61;638627
FR0000120503;16/10/18;35.67;36.76;35.53;36.76;954021
FR0000120503;17/10/18;36.84;37.15;36.42;36.65;697425
FR0000120503;18/10/18;36.50;36.91;36.34;36.43;646203
FR0000120503;19/10/18;34.25;34.25;32.11;32.11;4445046
FR0000120503;22/10/18;32.60;32.72;31.13;31.19;1699886
FR0000120503;23/10/18;30.82;31.92;30.30;31.22;1776289
FR0000120503;24/10/18;31.13;31.68;30.85;30.85;1182055
FR0000120503;25/10/18;30.80;32.04;30.59;31.93;1648404
FR0000120503;26/10/18;31.59;32.00;31.02;31.58;1370439
FR0000120503;29/10/18;31.66;32.63;31.65;32.38;1088623
FR0000120503;30/10/18;32.64;32.67;31.93;32.09;1150291
FR0000120503;31/10/18;32.46;32.99;31.97;32.24;1757259
FR0000120578;01/10/18;76.69;77.98;76.50;77.54;2485692
FR0000120578;02/10/18;77.10;77.22;76.42;76.93;1895744
FR0000120578;03/10/18;77.24;77.78;76.59;77.34;1784146
FR0000120578;04/10/18;77.04;77.37;76.00;76.35;2539825
FR0000120578;05/10/18;76.47;76.89;75.95;76.03;1832962
FR0000120578;08/10/18;75.57;75.93;75.20;75.53;1634432
FR0000120578;09/10/18;75.54;75.76;74.73;75.59;1990218
FR0000120578;10/10/18;75.71;77.30;75.68;76.64;2765368
FR0000120578;11/10/18;75.99;76.78;75.27;75.42;4219307
FR0000120578;12/10/18;76.00;76.05;73.64;73.78;2997716
FR0000120578;15/10/18;74.00;75.50;73.86;75.29;2702012
FR0000120578;16/10/18;75.25;76.41;75.23;76.41;2543393
FR0000120578;17/10/18;76.45;77.37;76.45;77.21;2491882
FR0000120578;18/10/18;77.24;78.41;77.24;77.80;2468040
FR0000120578;19/10/18;78.15;78.44;77.28;77.80;3564556
FR0000120578;22/10/18;78.00;78.19;77.30;77.30;1954729
FR0000120578;23/10/18;76.53;77.52;76.43;77.02;2438866
FR0000120578;24/10/18;77.03;77.55;76.04;76.12;2582830
FR0000120578;25/10/18;75.39;75.65;73.85;75.65;3894463
FR0000120578;26/10/18;75.30;75.64;73.68;74.46;3780582
FR0000120578;29/10/18;73.95;75.67;73.84;74.43;2223576
FR0000120578;30/10/18;74.62;75.85;74.38;75.57;2899033
FR0000120578;31/10/18;79.31;80.06;77.80;78.84;6974257
FR0000120628;01/10/18;23.125;23.285;22.985;23.06;5251551
FR0000120628;02/10/18;22.935;23.135;22.79;23.12;6042846
FR0000120628;03/10/18;23.235;23.355;23.145;23.235;4448408
FR0000120628;04/10/18;23.18;23.75;23.155;23.675;10012530
FR0000120628;05/10/18;23.675;23.84;23.535;23.71;8333468
FR0000120628;08/10/18;23.675;23.805;23.40;23.51;6968499
FR0000120628;09/10/18;23.55;23.72;23.375;23.51;6963990
FR0000120628;10/10/18;23.50;23.90;23.445;23.445;8573529
FR0000120628;11/10/18;23.00;23.135;22.615;22.62;14455011
FR0000120628;12/10/18;22.91;22.98;22.335;22.47;8133019
FR0000120628;15/10/18;22.49;22.74;22.355;22.58;6655182
FR0000120628;16/10/18;22.645;22.66;22.29;22.515;7833002
FR0000120628;17/10/18;22.58;22.705;22.43;22.515;6248036
FR0000120628;18/10/18;22.49;22.79;22.49;22.56;7352859
FR0000120628;19/10/18;22.52;22.55;22.125;22.37;9417915
FR0000120628;22/10/18;22.71;22.735;22.425;22.485;6017426
FR0000120628;23/10/18;22.175;22.33;21.90;22.15;9388624
FR0000120628;24/10/18;22.135;22.36;21.955;21.96;7175272
FR0000120628;25/10/18;21.90;22.21;21.725;22.075;8846792
FR0000120628;26/10/18;21.855;21.855;21.40;21.805;10690272
FR0000120628;29/10/18;21.85;22.195;21.83;21.98;6886536
FR0000120628;30/10/18;22.02;22.17;21.88;21.97;6478435
FR0000120628;31/10/18;22.09;22.335;22.065;22.14;10107622
FR0000120644;01/10/18;66.73;68.28;66.61;68.11;2218052
FR0000120644;02/10/18;67.83;67.83;66.98;67.63;1692586
FR0000120644;03/10/18;67.70;68.40;67.51;67.72;1294485
FR0000120644;04/10/18;67.30;67.30;66.16;66.25;2203295
FR0000120644;05/10/18;66.31;66.68;65.48;65.48;1708920
FR0000120644;08/10/18;65.28;65.76;65.25;65.45;1084508
FR0000120644;09/10/18;65.78;65.95;65.25;65.64;1358306
FR0000120644;10/10/18;65.83;65.91;65.24;65.33;1421370
FR0000120644;11/10/18;64.88;65.04;63.92;63.93;2637952
FR0000120644;12/10/18;64.25;64.48;63.87;63.87;1775907
FR0000120644;15/10/18;63.72;64.48;63.49;64.38;1491865
FR0000120644;16/10/18;64.50;65.04;64.17;65.04;1593084
FR0000120644;17/10/18;63.78;64.00;61.16;62.22;4418650
FR0000120644;18/10/18;61.90;63.33;61.87;62.82;2226251
FR0000120644;19/10/18;62.90;64.18;62.73;63.80;2942890
FR0000120644;22/10/18;64.23;64.23;62.80;63.14;1715181
FR0000120644;23/10/18;62.30;63.55;62.23;62.87;1796210
FR0000120644;24/10/18;62.75;63.82;62.52;63.11;1695087
FR0000120644;25/10/18;63.01;63.49;62.74;63.34;1840932
FR0000120644;26/10/18;62.99;63.07;61.81;62.60;2394003
FR0000120644;29/10/18;62.42;62.90;61.72;61.74;1741185
FR0000120644;30/10/18;61.93;62.50;61.78;62.28;2160356
FR0000120644;31/10/18;62.56;63.08;62.15;62.58;2110320
FR0000120693;01/10/18;141.90;142.20;140.75;141.30;448082
FR0000120693;02/10/18;141.05;141.05;139.35;140.25;487305
FR0000120693;03/10/18;140.50;142.25;139.90;141.80;312060
FR0000120693;04/10/18;141.45;141.55;137.90;138.05;520755
FR0000120693;05/10/18;138.00;138.40;136.90;137.75;428497
FR0000120693;08/10/18;137.60;137.85;135.60;135.95;384501
FR0000120693;09/10/18;136.15;138.40;135.50;137.80;646139
FR0000120693;10/10/18;138.15;138.55;132.15;132.20;822373
FR0000120693;11/10/18;131.25;132.05;129.80;130.10;708127
FR0000120693;12/10/18;131.15;131.50;130.00;130.70;578709
FR0000120693;15/10/18;130.95;131.00;128.80;129.35;402277
FR0000120693;16/10/18;129.70;131.15;129.35;130.65;577996
FR0000120693;17/10/18;130.80;131.15;128.35;129.90;641667
FR0000120693;18/10/18;130.70;132.15;129.75;130.80;754182
FR0000120693;19/10/18;131.70;132.90;130.45;132.20;790936
FR0000120693;22/10/18;133.95;134.30;132.45;132.65;413017
FR0000120693;23/10/18;128.05;130.90;127.05;129.50;865115
FR0000120693;24/10/18;129.80;131.45;129.15;130.40;481530
FR0000120693;25/10/18;129.60;133.15;129.60;132.60;571218
FR0000120693;26/10/18;131.70;133.40;130.30;133.40;718350
FR0000120693;29/10/18;132.50;132.50;128.30;131.40;423442
FR0000120693;30/10/18;131.55;132.80;131.10;132.70;474792
FR0000120693;31/10/18;133.55;134.80;133.00;134.80;611167
FR0000121014;01/10/18;304.55;307.95;303.60;306.90;401092
FR0000121014;02/10/18;306.00;306.35;300.15;300.35;725827
FR0000121014;03/10/18;301.55;303.35;299.25;302.75;417196
FR0000121014;04/10/18;300.10;300.40;286.20;287.95;1240441
FR0000121014;05/10/18;289.70;289.90;283.40;286.20;729652
FR0000121014;08/10/18;284.00;284.80;281.15;281.85;789970
FR0000121014;09/10/18;282.25;287.30;280.25;285.70;663004
FR0000121014;10/10/18;284.40;286.40;261.65;265.30;2375403
FR0000121014;11/10/18;260.05;266.70;257.30;261.95;1589684
FR0000121014;12/10/18;267.90;270.00;262.50;262.50;878041
FR0000121014;15/10/18;262.90;263.50;257.05;260.45;870352
FR0000121014;16/10/18;260.50;266.35;257.15;264.25;893880
FR0000121014;17/10/18;267.00;269.55;261.80;264.15;699809
FR0000121014;18/10/18;264.30;265.35;260.55;260.90;715182
FR0000121014;19/10/18;260.95;266.15;259.15;263.25;992332
FR0000121014;22/10/18;265.30;268.60;263.25;263.25;497799
FR0000121014;23/10/18;260.00;261.55;257.55;258.05;802109
FR0000121014;24/10/18;265.00;267.00;259.05;259.65;907678
FR0000121014;25/10/18;257.50;266.40;257.00;265.45;911601
FR0000121014;26/10/18;262.80;264.55;257.95;262.45;932587
FR0000121014;29/10/18;263.90;265.95;260.85;261.95;528884
FR0000121014;30/10/18;262.15;264.05;256.15;259.95;740199
FR0000121014;31/10/18;263.50;270.20;262.10;268.80;1148471
FR0000121220;01/10/18;91.24;91.82;91.04;91.62;297094
FR0000121220;02/10/18;91.08;91.76;90.70;90.80;288469
FR0000121220;03/10/18;90.40;90.70;88.70;89.70;398267
FR0000121220;04/10/18;89.38;89.84;88.04;88.12;401191
FR0000121220;05/10/18;88.10;88.60;87.20;87.50;243795
FR0000121220;08/10/18;87.08;87.38;86.28;86.64;276449
FR0000121220;09/10/18;86.60;88.36;86.36;88.30;322248
FR0000121220;10/10/18;88.26;88.32;86.26;86.86;306317
FR0000121220;11/10/18;86.00;87.72;85.68;87.04;459456
FR0000121220;12/10/18;88.00;88.10;87.26;87.28;260458
FR0000121220;15/10/18;86.86;87.26;86.50;87.04;174447
FR0000121220;16/10/18;87.44;88.66;87.14;88.50;262774
FR0000121220;17/10/18;88.90;89.94;87.66;87.80;353604
FR0000121220;18/10/18;87.84;88.52;87.04;87.12;292439
FR0000121220;19/10/18;86.90;87.12;85.44;86.78;313394
FR0000121220;22/10/18;87.18;87.70;85.82;85.82;234812
FR0000121220;23/10/18;85.02;85.78;84.82;85.14;284186
FR0000121220;24/10/18;85.34;86.30;84.64;84.92;328117
FR0000121220;25/10/18;84.76;87.58;84.20;87.52;322692
FR0000121220;26/10/18;86.92;88.04;86.22;87.22;333151
FR0000121220;29/10/18;87.66;88.72;87.50;87.96;255413
FR0000121220;30/10/18;87.94;88.84;87.34;88.84;232023
FR0000121220;31/10/18;89.38;90.30;89.24;90.12;334052
FR0000121261;01/10/18;103.30;104.55;102.35;103.55;668333
FR0000121261;02/10/18;103.00;103.60;101.95;102.20;632827
FR0000121261;03/10/18;104.90;105.60;103.95;104.70;574133
FR0000121261;04/10/18;104.10;104.55;102.05;102.60;731113
FR0000121261;05/10/18;102.65;104.00;101.60;103.80;663352
FR0000121261;08/10/18;103.35;104.20;102.70;103.35;610712
FR0000121261;09/10/18;103.35;104.30;102.85;103.55;524277
FR0000121261;10/10/18;103.40;103.40;98.56;99.26;1060128
FR0000121261;11/10/18;98.00;100.65;97.10;98.94;1015158
FR0000121261;12/10/18;100.25;100.45;98.04;98.22;585792
FR0000121261;15/10/18;97.94;99.12;97.32;98.52;613239
FR0000121261;16/10/18;98.64;101.15;97.62;100.95;584467
FR0000121261;17/10/18;100.00;100.40;97.24;98.28;836923
FR0000121261;18/10/18;99.22;101.00;98.50;98.90;796132
FR0000121261;19/10/18;94.00;94.50;87.62;87.74;2947192
FR0000121261;22/10/18;88.64;89.88;88.20;88.44;908551
FR0000121261;23/10/18;86.78;88.26;85.50;87.24;1170656
FR0000121261;24/10/18;87.26;87.52;85.50;85.50;1058309
FR0000121261;25/10/18;85.00;88.04;84.96;87.14;1367869
FR0000121261;26/10/18;85.72;87.46;84.06;87.46;1069792
FR0000121261;29/10/18;88.00;92.40;87.38;91.60;1225087
FR0000121261;30/10/18;91.62;91.94;89.16;91.10;917642
FR0000121261;31/10/18;91.40;92.78;90.28;90.74;1122150
FR0000121329;01/10/18;122.50;123.80;122.40;122.40;261107
FR0000121329;02/10/18;122.00;122.15;120.50;120.50;304023
FR0000121329;03/10/18;121.35;121.50;116.60;120.80;244392
FR0000121329;04/10/18;120.80;121.10;117.85;118.05;363786
FR0000121329;05/10/18;118.20;119.20;117.10;117.55;249352
FR0000121329;08/10/18;117.25;118.25;116.95;117.70;280181
FR0000121329;09/10/18;118.05;119.20;115.50;116.85;462118
FR0000121329;10/10/18;117.15;117.15;111.85;111.85;524021
FR0000121329;11/10/18;110.50;111.90;108.00;110.15;578081
FR0000121329;12/10/18;111.05;111.30;109.80;109.80;310288
FR0000121329;15/10/18;110.25;110.35;107.85;108.00;309184
FR0000121329;16/10/18;108.05;112.35;107.95;112.35;412398
FR0000121329;17/10/18;113.35;115.70;113.30;114.70;703279
FR0000121329;18/10/18;115.15;117.95;111.00;116.45;527256
FR0000121329;19/10/18;116.15;116.75;114.55;116.25;427417
FR0000121329;22/10/18;116.10;117.25;115.10;115.35;305510
FR0000121329;23/10/18;114.00;114.40;112.40;112.95;326645
FR0000121329;24/10/18;113.50;116.65;113.00;115.70;399132
FR0000121329;25/10/18;115.00;118.55;114.50;118.40;387759
FR0000121329;26/10/18;117.50;117.55;112.95;114.90;464933
FR0000121329;29/10/18;110.50;115.00;110.50;111.05;449135
FR0000121329;30/10/18;110.95;111.15;108.15;109.50;418013
FR0000121329;31/10/18;110.65;114.25;110.65;113.00;501549
FR0000121485;01/10/18;462.70;469.50;462.00;468.40;200505
FR0000121485;02/10/18;464.50;465.40;458.70;459.90;231097
FR0000121485;03/10/18;460.50;465.60;457.90;462.60;171744
FR0000121485;04/10/18;459.10;459.40;432.00;437.80;494374
FR0000121485;05/10/18;438.20;439.00;414.70;429.10;640970
FR0000121485;08/10/18;427.20;428.00;417.40;420.20;467977
FR0000121485;09/10/18;420.60;423.10;415.30;421.90;318748
FR0000121485;10/10/18;420.60;422.90;378.10;381.30;1034304
FR0000121485;11/10/18;369.90;380.20;365.10;372.30;800804
FR0000121485;12/10/18;380.90;387.30;378.40;379.70;497341
FR0000121485;15/10/18;380.20;380.40;365.80;370.90;378968
FR0000121485;16/10/18;365.90;382.80;364.20;381.90;387466
FR0000121485;17/10/18;384.10;390.90;373.00;378.30;332073
FR0000121485;18/10/18;378.10;378.70;365.00;365.90;340909
FR0000121485;19/10/18;365.00;369.50;359.00;360.20;527305
FR0000121485;22/10/18;369.80;374.30;365.50;367.00;306006
FR0000121485;23/10/18;361.60;362.50;351.70;353.10;421063
FR0000121485;24/10/18;389.00;398.80;369.10;370.00;819835
FR0000121485;25/10/18;369.00;389.10;365.50;381.10;484696
FR0000121485;26/10/18;376.00;380.90;368.90;377.40;417656
FR0000121485;29/10/18;384.40;389.50;370.00;381.40;238507
FR0000121485;30/10/18;382.20;384.20;368.20;376.10;343815
FR0000121485;31/10/18;384.50;399.20;381.10;393.60;591308
FR0000121501;01/10/18;23.20;23.23;22.64;22.81;3236777
FR0000121501;02/10/18;22.69;22.73;22.18;22.26;4416608
FR0000121501;03/10/18;22.43;22.51;22.20;22.31;1805213
FR0000121501;04/10/18;22.28;22.48;22.05;22.05;2722867
FR0000121501;05/10/18;22.06;22.10;21.83;21.91;1938479
FR0000121501;08/10/18;21.77;21.85;21.53;21.70;1761155
FR0000121501;09/10/18;21.71;22.04;21.45;21.65;2663632
FR0000121501;10/10/18;21.68;21.68;20.61;20.62;4484651
FR0000121501;11/10/18;20.21;21.16;20.03;20.75;5627661
FR0000121501;12/10/18;21.07;21.38;20.78;21.15;3905179
FR0000121501;15/10/18;21.11;21.32;20.90;21.20;2935315
FR0000121501;16/10/18;21.20;21.84;20.96;21.65;3768647
FR0000121501;17/10/18;21.76;21.82;20.41;20.65;5217111
FR0000121501;18/10/18;20.65;21.09;20.60;20.68;2721052
FR0000121501;19/10/18;20.69;20.69;19.305;20.16;5880226
FR0000121501;22/10/18;20.36;20.63;19.535;19.75;2932595
FR0000121501;23/10/18;19.25;20.10;19.055;20.03;6235014
FR0000121501;24/10/18;20.11;20.18;19.02;19.055;4352848
FR0000121501;25/10/18;19.03;20.75;18.70;20.33;6576372
FR0000121501;26/10/18;20.17;20.64;19.705;20.57;4410398
FR0000121501;29/10/18;20.70;21.77;20.39;20.86;3695579
FR0000121501;30/10/18;20.82;21.00;20.35;20.70;2874388
FR0000121501;31/10/18;20.85;21.08;20.61;21.03;3320714
FR0000121667;01/10/18;127.70;129.55;127.50;128.75;713327
FR0000121667;02/10/18;128.50;129.50;127.45;128.00;542709
FR0000121667;03/10/18;128.00;128.35;126.45;126.85;715934
FR0000121667;04/10/18;126.80;127.05;124.35;124.55;719478
FR0000121667;05/10/18;124.60;125.00;123.00;123.10;550913
FR0000121667;08/10/18;122.75;123.35;122.10;122.20;590279
FR0000121667;09/10/18;122.40;122.60;120.50;122.30;686993
FR0000121667;10/10/18;122.65;122.70;117.70;117.95;1039599
FR0000121667;11/10/18;116.95;117.45;114.55;115.25;1099326
FR0000121667;12/10/18;116.55;116.70;114.40;115.05;796437
FR0000121667;15/10/18;115.00;115.25;113.30;114.45;585046
FR0000121667;16/10/18;114.50;116.65;113.90;116.65;740803
FR0000121667;17/10/18;116.55;117.20;115.15;115.65;682292
FR0000121667;18/10/18;116.20;117.55;115.75;115.90;634049
FR0000121667;19/10/18;116.70;118.20;115.55;117.20;912405
FR0000121667;22/10/18;118.05;118.20;116.25;116.25;709815
FR0000121667;23/10/18;114.50;120.20;114.50;119.50;1224110
FR0000121667;24/10/18;120.10;123.20;119.80;120.75;1447340
FR0000121667;25/10/18;120.60;122.20;119.30;120.75;1072831
FR0000121667;26/10/18;120.50;121.05;118.50;120.45;11545
FR0000121667;29/10/18;121.05;122.10;119.65;120.05;633387
FR0000121667;30/10/18;120.50;121.00;118.60;119.65;762392
FR0000121667;31/10/18;120.35;121.75;120.15;120.75;989933
FR0000121972;01/10/18;69.42;69.58;68.86;68.98;950651
FR0000121972;02/10/18;68.46;68.54;67.48;67.70;1632855
FR0000121972;03/10/18;67.92;68.34;67.72;67.98;1090528
FR0000121972;04/10/18;67.60;67.92;67.18;67.50;1314214
FR0000121972;05/10/18;67.40;67.40;66.08;66.18;1242720
FR0000121972;08/10/18;66.00;66.26;65.26;65.44;1077416
FR0000121972;09/10/18;65.60;65.82;64.46;65.44;1148019
FR0000121972;10/10/18;65.40;65.40;62.66;62.70;2239228
FR0000121972;11/10/18;61.96;62.90;61.22;61.82;2779785
FR0000121972;12/10/18;63.04;63.38;61.88;61.88;1795485
FR0000121972;15/10/18;61.74;62.60;61.36;62.34;1804879
FR0000121972;16/10/18;62.30;63.20;61.78;63.04;1349851
FR0000121972;17/10/18;63.24;63.48;62.58;62.96;1428669
FR0000121972;18/10/18;63.00;63.10;61.64;61.78;1628299
FR0000121972;19/10/18;61.50;61.72;59.48;60.04;3156884
FR0000121972;22/10/18;60.56;61.10;59.78;59.86;1240473
FR0000121972;23/10/18;58.98;59.48;58.58;59.20;2189969
FR0000121972;24/10/18;59.36;59.48;57.66;57.74;2371607
FR0000121972;25/10/18;59.50;62.66;59.26;62.06;4155587
FR0000121972;26/10/18;61.28;61.42;59.94;61.42;3146779
FR0000121972;29/10/18;62.00;63.10;61.50;62.18;1835049
FR0000121972;30/10/18;62.18;62.74;61.28;62.50;2433679
FR0000121972;31/10/18;63.36;64.92;63.20;63.96;2959804
FR0000124141;01/10/18;17.20;17.35;17.16;17.245;1870126
FR0000124141;02/10/18;17.22;17.475;17.175;17.445;2466946
FR0000124141;03/10/18;17.445;17.51;17.265;17.285;1669134
FR0000124141;04/10/18;17.165;17.21;16.915;17.115;2417879
FR0000124141;05/10/18;17.38;17.38;17.00;17.165;1846411
FR0000124141;08/10/18;17.105;17.245;17.01;17.045;1480574
FR0000124141;09/10/18;17.05;17.44;16.995;17.39;2153887
FR0000124141;10/10/18;17.34;17.445;17.235;17.27;2041715
FR0000124141;11/10/18;17.11;17.185;16.70;16.705;3526651
FR0000124141;12/10/18;16.83;16.835;16.575;16.59;2471034
FR0000124141;15/10/18;16.60;16.65;16.42;16.615;2504210
FR0000124141;16/10/18;16.665;16.99;16.665;16.94;2097040
FR0000124141;17/10/18;16.975;17.055;16.80;16.885;2303450
FR0000124141;18/10/18;16.92;17.115;16.77;16.78;1796456
FR0000124141;19/10/18;16.785;16.935;16.66;16.855;2838060
FR0000124141;22/10/18;16.945;17.295;16.90;16.94;1649911
FR0000124141;23/10/18;16.80;17.015;16.73;16.87;1594106
FR0000124141;24/10/18;16.935;17.025;16.68;16.70;1684991
FR0000124141;25/10/18;16.635;17.15;16.63;17.15;2097343
FR0000124141;26/10/18;17.045;17.195;16.845;17.05;1828461
FR0000124141;29/10/18;16.92;17.13;16.92;17.055;1297794
FR0000124141;30/10/18;17.15;17.815;17.15;17.78;3323322
FR0000124141;31/10/18;17.84;17.92;17.485;17.62;2391853
FR0000125007;01/10/18;37.135;37.135;36.33;36.475;2294429
FR0000125007;02/10/18;36.22;36.495;35.975;36.265;1642731
FR0000125007;03/10/18;36.385;36.83;36.33;36.57;1616007
FR0000125007;04/10/18;36.49;36.655;36.07;36.095;2080045
FR0000125007;05/10/18;36.12;36.175;35.18;35.42;2656083
FR0000125007;08/10/18;35.325;35.375;35.095;35.195;1537445
FR0000125007;09/10/18;35.255;35.35;34.06;34.42;4055536
FR0000125007;10/10/18;34.58;34.715;33.895;34.015;2131790
FR0000125007;11/10/18;33.625;33.86;33.29;33.305;2449322
FR0000125007;12/10/18;33.745;33.87;33.325;33.35;1481647
FR0000125007;15/10/18;33.32;33.36;32.955;33.295;1531551
FR0000125007;16/10/18;33.395;34.125;33.29;33.86;2010525
FR0000125007;17/10/18;34.01;34.015;33.27;33.555;1707210
FR0000125007;18/10/18;33.455;33.50;32.255;32.36;3189221
FR0000125007;19/10/18;32.36;32.52;31.745;32.115;2488877
FR0000125007;22/10/18;32.32;32.725;32.145;32.145;1655041
FR0000125007;23/10/18;31.72;31.995;31.50;31.76;2100704
FR0000125007;24/10/18;31.895;31.90;31.025;31.025;2656025
FR0000125007;25/10/18;30.77;31.62;30.525;31.55;2983725
FR0000125007;26/10/18;33.11;33.11;31.625;32.01;3530377
FR0000125007;29/10/18;32.60;33.235;31.925;32.915;2385291
FR0000125007;30/10/18;32.93;33.015;32.365;32.83;2125682
FR0000125007;31/10/18;33.20;33.85;33.10;33.24;2428560
FR0000125338;01/10/18;109.00;112.20;108.50;111.95;595590
FR0000125338;02/10/18;111.25;112.30;110.65;111.50;368524
FR0000125338;03/10/18;112.35;112.80;111.70;112.50;399808
FR0000125338;04/10/18;112.20;114.05;112.00;113.35;638255
FR0000125338;05/10/18;113.30;113.45;111.20;111.70;496562
FR0000125338;08/10/18;111.40;111.40;109.15;109.30;546217
FR0000125338;09/10/18;109.75;111.75;108.65;110.90;606145
FR0000125338;10/10/18;111.00;111.25;104.55;104.55;950983
FR0000125338;11/10/18;103.20;103.75;100.25;101.95;1266179
FR0000125338;12/10/18;105.00;105.00;102.45;103.40;606812
FR0000125338;15/10/18;103.30;103.80;101.15;103.50;656645
FR0000125338;16/10/18;103.25;106.05;102.70;106.05;756921
FR0000125338;17/10/18;106.00;109.65;105.05;105.95;653309
FR0000125338;18/10/18;105.60;107.75;104.20;106.30;592138
FR0000125338;19/10/18;106.05;106.80;102.90;103.90;789437
FR0000125338;22/10/18;104.55;105.70;102.75;102.75;660203
FR0000125338;23/10/18;100.65;101.80;96.62;96.74;1748104
FR0000125338;24/10/18;97.34;99.60;96.66;97.04;1069712
FR0000125338;25/10/18;97.60;103.50;95.40;103.45;1278359
FR0000125338;26/10/18;103.25;103.25;99.84;102.70;1005658
FR0000125338;29/10/18;102.60;105.20;101.20;104.75;684178
FR0000125338;30/10/18;105.40;107.15;104.40;106.60;749566
FR0000125338;31/10/18;107.15;108.85;106.60;108.00;966038
FR0000125486;01/10/18;82.36;82.52;81.82;82.00;680417
FR0000125486;02/10/18;81.48;81.74;81.06;81.24;872782
FR0000125486;03/10/18;81.36;82.06;81.22;81.50;900728
FR0000125486;04/10/18;81.12;81.64;80.90;80.96;981821
FR0000125486;05/10/18;80.90;81.36;80.66;80.84;916974
FR0000125486;08/10/18;80.50;80.76;80.10;80.20;936621
FR0000125486;09/10/18;80.30;80.34;78.92;79.54;1081010
FR0000125486;10/10/18;79.84;79.84;78.90;78.90;1421893
FR0000125486;11/10/18;78.12;78.42;77.12;77.56;1916660
FR0000125486;12/10/18;78.02;78.16;76.94;77.04;1605852
FR0000125486;15/10/18;77.04;77.36;76.78;77.14;1295571
FR0000125486;16/10/18;77.16;78.82;77.02;78.72;1123878
FR0000125486;17/10/18;78.82;79.10;78.10;78.44;1097920
FR0000125486;18/10/18;78.34;78.98;77.66;78.04;1027251
FR0000125486;19/10/18;78.04;78.22;77.16;77.64;2131234
FR0000125486;22/10/18;77.96;78.42;76.72;76.72;1195131
FR0000125486;23/10/18;75.50;76.08;74.06;74.46;2077496
FR0000125486;24/10/18;76.68;79.62;76.32;77.22;2675790
FR0000125486;25/10/18;77.10;78.60;76.58;78.34;1566604
FR0000125486;26/10/18;77.68;77.68;75.96;77.44;1995350
FR0000125486;29/10/18;75.12;78.22;75.00;77.88;998384
FR0000125486;30/10/18;78.02;78.72;77.74;78.54;1722387
FR0000125486;31/10/18;78.98;79.70;78.46;78.88;1858222
FR0000127771;01/10/18;22.15;22.41;22.14;22.15;1974877
FR0000127771;02/10/18;22.00;22.00;21.61;21.80;3866387
FR0000127771;03/10/18;21.84;22.10;21.79;22.04;2012481
FR0000127771;04/10/18;21.96;22.05;21.89;21.95;2459886
FR0000127771;05/10/18;21.95;22.00;21.89;21.92;2498190
FR0000127771;08/10/18;21.78;21.80;21.57;21.62;3510593
FR0000127771;09/10/18;21.72;21.72;21.50;21.63;2625882
FR0000127771;10/10/18;21.67;21.67;21.50;21.50;2834526
FR0000127771;11/10/18;21.45;21.55;21.40;21.45;7099226
FR0000127771;12/10/18;21.62;21.64;21.45;21.45;3113825
FR0000127771;15/10/18;21.45;21.53;21.40;21.49;3141143
FR0000127771;16/10/18;21.50;22.02;21.48;21.99;3520769
FR0000127771;17/10/18;22.00;22.17;21.70;21.85;2841958
FR0000127771;18/10/18;21.85;22.23;21.85;21.88;3699157
FR0000127771;19/10/18;22.03;22.07;21.68;21.87;4467381
FR0000127771;22/10/18;22.12;22.17;21.56;21.57;2637700
FR0000127771;23/10/18;21.40;21.53;21.30;21.30;5478844
FR0000127771;24/10/18;21.37;21.78;21.30;21.55;3458612
FR0000127771;25/10/18;21.40;21.52;20.90;21.47;6653349
FR0000127771;26/10/18;21.27;21.31;21.04;21.26;6435821
FR0000127771;29/10/18;21.11;21.67;21.10;21.48;2554373
FR0000127771;30/10/18;21.50;21.58;21.16;21.35;3297167
FR0000127771;31/10/18;21.44;21.65;21.34;21.34;4564571
FR0000130577;01/10/18;51.50;52.64;51.22;52.34;651040
FR0000130577;02/10/18;51.98;52.58;51.78;52.26;600711
FR0000130577;03/10/18;52.18;52.54;51.90;52.16;358470
FR0000130577;04/10/18;52.00;52.52;51.92;52.52;656645
FR0000130577;05/10/18;52.60;53.40;52.30;53.14;800826
FR0000130577;08/10/18;52.98;53.38;52.02;52.46;736536
FR0000130577;09/10/18;52.68;53.06;52.20;52.82;639825
FR0000130577;10/10/18;52.74;53.24;50.92;51.04;1127860
FR0000130577;11/10/18;50.50;51.68;50.24;51.16;1079426
FR0000130577;12/10/18;51.76;52.34;51.40;51.60;667057
FR0000130577;15/10/18;51.48;51.90;51.06;51.82;553751
FR0000130577;16/10/18;51.80;53.82;51.54;53.26;1070493
FR0000130577;17/10/18;53.46;53.84;52.02;52.24;882442
FR0000130577;18/10/18;53.00;56.50;53.00;54.20;1925676
FR0000130577;19/10/18;54.26;54.62;53.06;54.20;964805
FR0000130577;22/10/18;53.92;54.12;53.70;53.98;558720
FR0000130577;23/10/18;53.70;54.62;53.70;53.86;814098
FR0000130577;24/10/18;53.98;54.38;53.66;53.72;787954
FR0000130577;25/10/18;52.80;52.96;50.66;51.04;1727434
FR0000130577;26/10/18;51.00;51.12;49.60;50.22;1029831
FR0000130577;29/10/18;50.64;51.50;50.24;50.64;681809
FR0000130577;30/10/18;50.60;51.54;50.60;51.00;721997
FR0000130577;31/10/18;51.26;52.00;51.18;51.24;1027601
FR0000130650;01/10/18;128.65;129.50;128.50;129.45;234570
FR0000130650;02/10/18;129.20;129.45;127.90;129.40;278561
FR0000130650;03/10/18;129.90;129.90;128.60;128.85;226392
FR0000130650;04/10/18;129.35;129.35;126.80;127.65;325425
FR0000130650;05/10/18;127.40;127.70;123.00;123.00;421585
FR0000130650;08/10/18;122.85;122.85;119.30;119.45;432209
FR0000130650;09/10/18;120.10;120.45;117.95;119.80;448976
FR0000130650;10/10/18;119.80;120.00;114.00;114.00;460150
FR0000130650;11/10/18;111.15;115.35;109.70;113.20;849701
FR0000130650;12/10/18;114.90;115.75;112.95;113.95;507262
FR0000130650;15/10/18;114.35;114.35;111.10;111.75;390153
FR0000130650;16/10/18;112.10;116.60;111.45;116.25;487589
FR0000130650;17/10/18;117.50;118.90;115.15;116.25;473305
FR0000130650;18/10/18;116.40;118.15;115.50;115.65;481434
FR0000130650;19/10/18;116.00;116.90;114.50;115.70;381281
FR0000130650;22/10/18;116.35;116.70;114.70;115.00;327992
FR0000130650;23/10/18;112.15;113.15;108.60;108.60;833350
FR0000130650;24/10/18;110.50;113.95;107.65;110.35;622288
FR0000130650;25/10/18;109.05;113.30;108.40;113.30;595118
FR0000130650;26/10/18;111.90;112.30;108.20;109.50;808468
FR0000130650;29/10/18;109.50;111.00;106.15;106.15;454574
FR0000130650;30/10/18;106.10;107.15;104.45;106.10;787760
FR0000130650;31/10/18;107.05;111.75;106.80;110.85;637868
FR0000130809;01/10/18;36.905;37.11;36.375;36.595;3548264
FR0000130809;02/10/18;36.345;36.85;35.93;36.54;2911028
FR0000130809;03/10/18;36.815;37.045;36.57;36.755;3434771
FR0000130809;04/10/18;36.80;37.455;36.755;37.00;5326842
FR0000130809;05/10/18;37.025;37.025;36.545;36.81;3603558
FR0000130809;08/10/18;36.615;36.66;35.86;36.295;3772518
FR0000130809;09/10/18;36.455;36.62;35.955;36.25;3438646
FR0000130809;10/10/18;36.24;37.16;36.11;36.65;4609994
FR0000130809;11/10/18;36.28;36.595;35.875;36.07;5890593
FR0000130809;12/10/18;36.525;36.595;35.465;35.66;4497481
FR0000130809;15/10/18;35.405;35.505;35.055;35.34;4115755
FR0000130809;16/10/18;35.355;35.64;35.055;35.41;3303227
FR0000130809;17/10/18;35.45;35.64;34.895;35.145;4820868
FR0000130809;18/10/18;35.035;35.48;34.825;34.895;4712055
FR0000130809;19/10/18;34.87;34.915;33.91;34.45;6485725
FR0000130809;22/10/18;34.75;34.975;33.97;34.09;3749200
FR0000130809;23/10/18;33.71;33.905;33.36;33.60;4887594
FR0000130809;24/10/18;33.59;33.59;32.605;32.705;5411912
FR0000130809;25/10/18;32.62;33.18;32.355;32.885;5099091
FR0000130809;26/10/18;32.655;32.72;31.86;32.37;4790426
FR0000130809;29/10/18;32.59;32.90;32.51;32.63;3137113
FR0000130809;30/10/18;32.595;32.625;31.95;32.11;4821986
FR0000130809;31/10/18;32.42;32.74;32.305;32.48;5686095
FR0000131104;01/10/18;52.51;52.66;51.66;51.99;4618928
FR0000131104;02/10/18;51.51;52.34;50.96;51.98;4392851
FR0000131104;03/10/18;52.41;52.66;51.99;52.14;4446131
FR0000131104;04/10/18;52.05;52.75;52.01;52.30;4827402
FR0000131104;05/10/18;52.33;52.40;51.80;51.85;3177010
FR0000131104;08/10/18;51.51;51.65;50.81;51.15;3256327
FR0000131104;09/10/18;51.37;51.68;50.56;51.23;3601474
FR0000131104;10/10/18;51.13;52.31;51.07;51.47;4477667
FR0000131104;11/10/18;50.93;51.18;50.15;50.19;6919141
FR0000131104;12/10/18;50.90;50.99;49.755;49.915;3960172
FR0000131104;15/10/18;49.805;50.03;49.325;49.50;3597471
FR0000131104;16/10/18;49.64;49.835;49.18;49.72;4059102
FR0000131104;17/10/18;49.86;50.14;49.355;49.60;3722126
FR0000131104;18/10/18;49.375;50.08;49.075;49.225;4626619
FR0000131104;19/10/18;49.04;49.215;47.90;48.725;5717691
FR0000131104;22/10/18;49.215;49.685;48.075;48.305;4119480
FR0000131104;23/10/18;47.66;48.175;47.345;47.56;5277244
FR0000131104;24/10/18;47.56;47.565;46.295;46.46;5811160
FR0000131104;25/10/18;46.365;47.55;46.28;47.155;5330443
FR0000131104;26/10/18;46.815;47.145;46.27;46.88;5378223
FR0000131104;29/10/18;47.10;47.80;47.00;47.475;3302491
FR0000131104;30/10/18;46.70;46.705;45.30;46.145;7633887
FR0000131104;31/10/18;46.10;46.90;45.94;46.13;7321176
FR0000131906;01/10/18;74.63;75.04;73.59;74.32;750604
FR0000131906;02/10/18;73.81;74.71;73.34;74.19;1031471
FR0000131906;03/10/18;74.38;74.69;73.74;73.74;720700
FR0000131906;04/10/18;73.54;73.64;72.28;72.96;1386288
FR0000131906;05/10/18;72.87;73.49;72.02;72.31;1142626
FR0000131906;08/10/18;72.01;72.11;70.96;71.87;724286
FR0000131906;09/10/18;71.84;72.37;71.30;71.59;775623
FR0000131906;10/10/18;71.88;71.88;70.65;71.12;913834
FR0000131906;11/10/18;70.01;71.51;69.00;70.65;1218592
FR0000131906;12/10/18;71.65;72.27;71.08;71.12;1092743
FR0000131906;15/10/18;70.71;71.69;70.25;71.13;904806
FR0000131906;16/10/18;71.01;72.00;70.35;71.36;838114
FR0000131906;17/10/18;71.63;71.71;67.94;69.11;2343657
FR0000131906;18/10/18;68.93;70.27;68.83;68.90;1246264
FR0000131906;19/10/18;68.94;69.12;65.45;66.77;2408066
FR0000131906;22/10/18;67.40;68.44;65.44;65.76;1552037
FR0000131906;23/10/18;63.13;65.38;62.27;65.10;2371408
FR0000131906;24/10/18;65.10;65.10;62.83;63.06;1958816
FR0000131906;25/10/18;62.40;64.92;62.20;64.47;1827411
FR0000131906;26/10/18;63.87;64.54;62.85;64.50;1227407
FR0000131906;29/10/18;65.50;68.42;64.10;65.65;1257319
FR0000131906;30/10/18;65.97;66.94;65.27;65.87;1163100
FR0000131906;31/10/18;66.52;67.29;66.07;66.07;1257992
FR0000133308;01/10/18;13.74;13.775;13.59;13.62;5210064
FR0000133308;02/10/18;13.61;13.68;13.505;13.61;5790937
FR0000133308;03/10/18;13.67;13.81;13.625;13.75;4601946
FR0000133308;04/10/18;13.715;13.785;13.65;13.73;4302996
FR0000133308;05/10/18;13.70;13.775;13.625;13.655;4926264
FR0000133308;08/10/18;13.60;13.68;13.515;13.605;4414455
FR0000133308;09/10/18;13.60;13.63;13.50;13.595;5335021
FR0000133308;10/10/18;13.56;13.925;13.53;13.845;8824126
FR0000133308;11/10/18;13.73;13.905;13.70;13.70;9467792
FR0000133308;12/10/18;13.795;13.80;13.40;13.465;9033963
FR0000133308;15/10/18;13.44;13.67;13.41;13.635;6077528
FR0000133308;16/10/18;13.66;13.76;13.62;13.70;8114065
FR0000133308;17/10/18;13.80;13.92;13.735;13.795;7198021
FR0000133308;18/10/18;13.815;14.085;13.815;13.95;7554402
FR0000133308;19/10/18;13.985;14.18;13.865;14.05;9007510
FR0000133308;22/10/18;14.135;14.135;13.865;13.885;5574238
FR0000133308;23/10/18;13.715;13.915;13.69;13.705;9017854
FR0000133308;24/10/18;13.725;13.955;13.685;13.805;8471808
FR0000133308;25/10/18;13.70;13.935;13.67;13.85;11587305
FR0000133308;26/10/18;13.785;13.91;13.55;13.685;11399276
FR0000133308;29/10/18;13.62;13.755;13.485;13.71;7062804
FR0000133308;30/10/18;13.71;13.77;13.67;13.70;6166754
FR0000133308;31/10/18;13.76;13.83;13.69;13.82;9573203
FR0010208488;01/10/18;12.665;12.74;12.595;12.635;5811309
FR0010208488;02/10/18;12.60;12.855;12.525;12.77;7458949
FR0010208488;03/10/18;12.765;12.865;12.705;12.795;4719624
FR0010208488;04/10/18;12.70;12.72;12.495;12.705;7158009
FR0010208488;05/10/18;12.60;12.72;12.565;12.675;6428626
FR0010208488;08/10/18;12.64;12.76;12.61;12.655;4588139
FR0010208488;09/10/18;12.695;12.865;12.52;12.81;6046102
FR0010208488;10/10/18;12.47;12.485;12.175;12.175;7007662
FR0010208488;11/10/18;12.065;12.115;11.845;11.86;11883786
FR0010208488;12/10/18;11.94;11.99;11.66;11.68;8341927
FR0010208488;15/10/18;11.90;11.93;11.725;11.75;6135929
FR0010208488;16/10/18;11.785;11.89;11.765;11.83;7029019
FR0010208488;17/10/18;11.895;11.98;11.715;11.75;6456946
FR0010208488;18/10/18;11.775;11.88;11.66;11.68;7325631
FR0010208488;19/10/18;11.72;11.81;11.69;11.735;10350461
FR0010208488;22/10/18;11.82;11.915;11.695;11.695;4808260
FR0010208488;23/10/18;11.635;11.74;11.60;11.62;6556835
FR0010208488;24/10/18;11.64;11.75;11.575;11.585;5420470
FR0010208488;25/10/18;11.56;11.655;11.52;11.645;7086671
FR0010208488;26/10/18;11.575;11.575;11.31;11.475;8154959
FR0010208488;29/10/18;11.42;11.545;11.42;11.47;4594329
FR0010208488;30/10/18;11.495;11.555;11.41;11.44;6404731
FR0010208488;31/10/18;11.595;11.915;11.565;11.775;12886025
FR0010307819;01/10/18;62.72;63.24;62.68;63.00;355584
FR0010307819;02/10/18;62.56;62.80;62.32;62.32;465152
FR0010307819;03/10/18;62.50;62.78;62.40;62.52;320571
FR0010307819;04/10/18;62.46;62.48;62.06;62.08;552867
FR0010307819;05/10/18;62.06;62.06;60.78;60.80;530112
FR0010307819;08/10/18;60.66;60.88;60.20;60.26;505024
FR0010307819;09/10/18;60.24;60.24;59.30;59.84;606369
FR0010307819;10/10/18;59.98;60.00;58.42;58.46;619792
FR0010307819;11/10/18;58.00;58.38;57.18;57.74;1098839
FR0010307819;12/10/18;58.26;58.46;57.14;57.26;786443
FR0010307819;15/10/18;57.28;57.60;56.56;57.38;599660
FR0010307819;16/10/18;57.56;58.84;57.22;58.84;728403
FR0010307819;17/10/18;59.04;59.34;58.46;58.88;528467
FR0010307819;18/10/18;58.50;58.60;57.44;57.48;771184
FR0010307819;19/10/18;57.28;57.38;56.28;56.48;805913
FR0010307819;22/10/18;56.74;57.12;56.38;56.38;314917
FR0010307819;23/10/18;55.54;55.76;54.56;55.44;639542
FR0010307819;24/10/18;55.70;56.42;55.42;55.58;569516
FR0010307819;25/10/18;55.30;57.10;55.20;57.10;614612
FR0010307819;26/10/18;56.76;56.80;55.64;56.64;613037
FR0010307819;29/10/18;56.74;57.62;56.62;56.92;404425
FR0010307819;30/10/18;56.92;57.12;56.30;56.92;514244
FR0010307819;31/10/18;56.50;58.08;56.50;57.74;834320
FR0013326246;01/10/18;174.00;174.26;172.78;172.78;324476
FR0013326246;02/10/18;172.26;172.26;169.46;169.64;455349
FR0013326246;03/10/18;170.14;171.54;169.80;170.62;271924
FR0013326246;04/10/18;169.20;169.28;164.18;164.18;712700
FR0013326246;05/10/18;164.04;165.74;163.18;163.58;547640
FR0013326246;08/10/18;162.96;164.46;162.54;163.10;356228
FR0013326246;09/10/18;163.82;165.54;162.62;165.16;389600
FR0013326246;10/10/18;165.30;165.74;163.40;163.40;399506
FR0013326246;11/10/18;163.76;163.76;160.62;161.22;533847
FR0013326246;12/10/18;161.72;161.76;156.80;156.80;539745
FR0013326246;15/10/18;156.58;157.10;155.26;155.30;356081
FR0013326246;16/10/18;155.74;159.44;155.32;158.64;390360
FR0013326246;17/10/18;158.00;161.98;157.78;161.96;510137
FR0013326246;18/10/18;161.40;163.36;160.48;160.48;349414
FR0013326246;19/10/18;161.30;162.80;160.50;161.30;505968
FR0013326246;22/10/18;163.50;163.50;159.20;159.72;375422
FR0013326246;23/10/18;158.34;160.06;157.80;158.92;406729
FR0013326246;24/10/18;159.20;160.60;157.58;157.58;375336
FR0013326246;25/10/18;159.80;160.86;158.68;160.46;351770
FR0013326246;26/10/18;158.18;159.56;155.22;156.84;356922
FR0013326246;29/10/18;158.40;159.28;157.14;158.06;401507
FR0013326246;30/10/18;158.64;161.06;157.84;160.40;411071
FR0013326246;31/10/18;161.30;162.00;159.08;160.28;604316
GB00BDSFG982;01/10/18;27.24;27.72;26.73;26.85;1367158
GB00BDSFG982;02/10/18;27.00;27.20;26.63;26.89;1282834
GB00BDSFG982;03/10/18;27.00;27.00;26.59;26.78;905835
GB00BDSFG982;04/10/18;26.96;27.25;26.52;27.05;1485915
GB00BDSFG982;05/10/18;26.60;26.78;25.97;26.31;1652975
GB00BDSFG982;08/10/18;25.96;26.04;25.39;25.71;1643480
GB00BDSFG982;09/10/18;26.20;26.77;26.13;26.69;1383716
GB00BDSFG982;10/10/18;26.79;27.14;26.47;26.54;2092985
GB00BDSFG982;11/10/18;26.05;26.37;25.62;25.85;2274141
GB00BDSFG982;12/10/18;26.27;26.53;25.76;26.16;1702278
GB00BDSFG982;15/10/18;26.08;26.51;25.95;26.03;1367685
GB00BDSFG982;16/10/18;26.00;26.33;25.90;26.24;1320298
GB00BDSFG982;17/10/18;26.52;26.68;25.76;25.98;1242678
GB00BDSFG982;18/10/18;25.80;26.09;25.55;25.74;1378680
GB00BDSFG982;19/10/18;25.94;26.35;25.49;25.91;1752611
GB00BDSFG982;22/10/18;25.54;25.66;25.01;25.17;1690807
GB00BDSFG982;23/10/18;24.92;24.92;23.95;24.07;2194591
GB00BDSFG982;24/10/18;24.43;25.11;24.24;24.53;1825221
GB00BDSFG982;25/10/18;24.32;25.45;23.94;24.48;2319084
GB00BDSFG982;26/10/18;23.70;23.70;22.04;23.19;3894257
GB00BDSFG982;29/10/18;23.70;23.77;23.01;23.01;1447154
GB00BDSFG982;30/10/18;23.10;23.34;22.30;22.75;1351358
GB00BDSFG982;31/10/18;23.20;23.90;23.18;23.56;2102248
LU1598757687;01/10/18;26.715;26.975;26.50;26.605;4637986
LU1598757687;02/10/18;26.63;26.865;26.29;26.66;5188432
LU1598757687;03/10/18;26.78;27.145;26.64;27.05;2968184
LU1598757687;04/10/18;26.85;27.33;26.765;26.85;4526843
LU1598757687;05/10/18;26.505;26.52;25.65;25.815;6634078
LU1598757687;08/10/18;25.715;25.82;25.395;25.56;3856814
LU1598757687;09/10/18;25.79;26.165;25.60;26.00;4318689
LU1598757687;10/10/18;26.055;26.10;24.755;24.76;6646427
LU1598757687;11/10/18;24.25;24.755;24.00;24.20;7209123
LU1598757687;12/10/18;24.90;24.90;24.255;24.61;6524919
LU1598757687;15/10/18;24.665;24.665;24.215;24.54;3967564
LU1598757687;16/10/18;24.495;24.805;24.235;24.80;4718387
LU1598757687;17/10/18;24.95;25.265;24.525;24.805;5289082
LU1598757687;18/10/18;24.75;25.22;24.545;24.73;5208084
LU1598757687;19/10/18;24.60;24.835;23.71;23.755;6595679
LU1598757687;22/10/18;23.845;24.225;23.505;23.57;3959270
LU1598757687;23/10/18;23.20;23.335;22.64;22.975;7211854
LU1598757687;24/10/18;23.025;23.19;21.595;21.635;9862847
LU1598757687;25/10/18;21.23;22.345;20.815;22.055;8932284
LU1598757687;26/10/18;21.65;21.805;20.905;21.285;7395723
LU1598757687;29/10/18;21.42;22.47;21.315;22.12;5188071
LU1598757687;30/10/18;21.96;22.17;21.335;21.545;5756819
LU1598757687;31/10/18;21.845;22.225;21.725;22.04;6176682
NL0000226223;01/10/18;15.72;16.14;15.72;16.02;2182177
NL0000226223;02/10/18;15.785;16.465;15.42;16.31;3634725
NL0000226223;03/10/18;16.33;16.61;16.305;16.395;2514898
NL0000226223;04/10/18;16.35;16.455;15.89;15.98;2756039
NL0000226223;05/10/18;15.74;15.77;15.08;15.195;4836273
NL0000226223;08/10/18;15.135;15.15;14.69;14.97;2824891
NL0000226223;09/10/18;14.975;15.045;14.35;15.00;3424561
NL0000226223;10/10/18;14.82;14.835;14.01;14.13;5807291
NL0000226223;11/10/18;13.805;14.905;13.47;14.405;6804699
NL0000226223;12/10/18;14.80;14.85;14.37;14.375;3682071
NL0000226223;15/10/18;14.325;14.415;14.11;14.405;2222909
NL0000226223;16/10/18;14.435;14.835;14.27;14.81;2807118
NL0000226223;17/10/18;15.16;15.645;14.90;14.93;4389727
NL0000226223;18/10/18;14.845;14.885;14.17;14.17;4535566
NL0000226223;19/10/18;14.21;14.475;13.695;13.94;4670493
NL0000226223;22/10/18;14.04;14.16;13.82;13.99;2172137
NL0000226223;23/10/18;13.575;13.61;12.955;13.52;5239547
NL0000226223;24/10/18;12.86;13.63;11.915;12.165;12175237
NL0000226223;25/10/18;11.74;12.655;11.575;12.10;5710868
NL0000226223;26/10/18;12.035;12.22;11.69;12.22;5209764
NL0000226223;29/10/18;12.34;13.04;12.275;12.85;6423451
NL0000226223;30/10/18;12.80;12.985;12.41;12.875;3612142
NL0000226223;31/10/18;13.20;13.63;13.16;13.42;5093074
NL0000235190;01/10/18;108.68;108.74;107.10;107.40;805992
NL0000235190;02/10/18;106.30;106.40;105.40;105.68;1403390
NL0000235190;03/10/18;106.24;107.34;105.84;107.06;1167252
NL0000235190;04/10/18;106.74;106.74;104.56;105.26;1429096
NL0000235190;05/10/18;105.60;106.30;104.00;104.00;1067060
NL0000235190;08/10/18;104.34;105.96;102.16;103.62;1610463
NL0000235190;09/10/18;103.76;104.38;101.04;102.50;1306812
NL0000235190;10/10/18;102.70;103.10;98.90;98.99;1831247
NL0000235190;11/10/18;97.02;99.51;93.59;97.33;3507915
NL0000235190;12/10/18;99.00;101.44;98.01;100.26;2510746
NL0000235190;15/10/18;99.14;100.22;97.81;97.81;1822785
NL0000235190;16/10/18;97.80;101.72;97.55;101.72;1877647
NL0000235190;17/10/18;102.24;102.62;100.18;100.86;1286634
NL0000235190;18/10/18;100.28;101.52;98.78;99.31;1630849
NL0000235190;19/10/18;99.79;101.44;97.05;97.95;2488856
NL0000235190;22/10/18;98.34;98.88;96.31;96.31;1441080
NL0000235190;23/10/18;96.50;96.50;94.10;94.14;2542403
NL0000235190;24/10/18;95.26;96.95;93.51;95.31;2651513
NL0000235190;25/10/18;95.02;98.30;94.75;97.94;2271247
NL0000235190;26/10/18;96.88;96.88;91.52;96.15;3184210
NL0000235190;29/10/18;95.39;99.89;94.75;95.83;1467805
NL0000235190;30/10/18;96.48;97.08;92.24;93.90;2644992
NL0000235190;31/10/18;96.25;99.77;93.02;97.71;3915169
