BE0003470755;01/08/17;122.80;124.10;119.60;123.60;495568
BE0003470755;02/08/17;124.05;124.80;121.85;122.30;312178
BE0003470755;03/08/17;122.55;124.60;121.90;124.55;378880
BE0003470755;04/08/17;124.55;124.90;123.85;124.45;301597
BE0003470755;07/08/17;124.80;124.95;123.95;124.20;198758
BE0003470755;08/08/17;124.10;125.05;123.50;124.85;210940
BE0003470755;09/08/17;124.00;124.00;121.85;122.45;216753
BE0003470755;10/08/17;122.45;122.65;121.20;121.70;250042
BE0003470755;11/08/17;121.00;121.15;119.60;120.60;197910
BE0003470755;14/08/17;121.15;122.40;120.95;122.10;131657
BE0003470755;15/08/17;122.40;122.75;121.65;122.00;116943
BE0003470755;16/08/17;122.20;123.75;122.20;123.40;204226
BE0003470755;17/08/17;123.15;123.45;122.05;122.90;197937
BE0003470755;18/08/17;121.90;122.60;120.55;122.50;186943
BE0003470755;21/08/17;122.15;122.15;121.30;121.70;131359
BE0003470755;22/08/17;121.90;123.40;121.90;123.20;126095
BE0003470755;23/08/17;123.10;123.95;122.95;123.55;133179
BE0003470755;24/08/17;123.50;124.25;123.10;123.65;128634
BE0003470755;25/08/17;123.60;124.20;123.15;123.20;151133
BE0003470755;28/08/17;122.75;122.95;121.05;122.10;110576
BE0003470755;29/08/17;121.10;121.30;119.70;120.50;252798
BE0003470755;30/08/17;121.10;121.90;121.00;121.25;174390
BE0003470755;31/08/17;121.85;122.70;121.60;121.85;226730
CH0012214059;01/08/17;50.01;51.45;50.01;51.07;287794
CH0012214059;02/08/17;51.25;51.25;50.43;50.57;374256
CH0012214059;03/08/17;50.57;51.04;50.44;50.63;529468
CH0012214059;04/08/17;50.40;51.80;50.37;51.70;404190
CH0012214059;07/08/17;51.70;52.05;51.44;52.02;265131
CH0012214059;08/08/17;51.74;52.21;51.62;51.94;244443
CH0012214059;09/08/17;51.63;51.99;51.37;51.66;400972
CH0012214059;10/08/17;51.54;51.83;51.06;51.11;309946
CH0012214059;11/08/17;50.77;50.87;50.39;50.73;367034
CH0012214059;14/08/17;50.72;51.22;50.63;50.94;213553
CH0012214059;15/08/17;51.00;51.19;50.54;50.66;126985
CH0012214059;16/08/17;51.05;51.61;50.95;51.23;219176
CH0012214059;17/08/17;51.01;51.51;50.94;51.02;217693
CH0012214059;18/08/17;50.81;50.96;50.65;50.66;257584
CH0012214059;21/08/17;50.38;50.84;50.38;50.65;164873
CH0012214059;22/08/17;51.04;51.33;50.85;51.31;157461
CH0012214059;23/08/17;51.19;51.38;50.75;50.95;120187
CH0012214059;24/08/17;51.18;51.18;50.59;50.59;128139
CH0012214059;25/08/17;50.80;50.94;50.26;50.26;113573
CH0012214059;28/08/17;49.94;50.36;49.82;49.96;100905
CH0012214059;29/08/17;49.52;49.60;48.71;49.11;277004
CH0012214059;30/08/17;49.50;49.51;48.875;48.89;256970
CH0012214059;31/08/17;49.39;49.655;49.23;49.365;331504
FR0000045072;01/08/17;14.845;14.96;14.80;14.845;4436628
FR0000045072;02/08/17;14.89;14.98;14.635;14.80;6426121
FR0000045072;03/08/17;14.845;14.865;14.485;14.815;6059552
FR0000045072;04/08/17;14.82;15.085;14.815;14.97;7299883
FR0000045072;07/08/17;15.00;15.27;14.965;15.25;6560232
FR0000045072;08/08/17;15.285;15.675;15.21;15.675;8752487
FR0000045072;09/08/17;15.55;15.56;15.165;15.35;7988775
FR0000045072;10/08/17;15.30;15.325;15.075;15.205;6042814
FR0000045072;11/08/17;15.05;15.18;14.78;15.085;7673616
FR0000045072;14/08/17;15.18;15.415;15.155;15.21;5663882
FR0000045072;15/08/17;15.345;15.49;15.225;15.375;4449203
FR0000045072;16/08/17;15.45;15.54;15.385;15.465;4477156
FR0000045072;17/08/17;15.405;15.46;15.055;15.16;5692689
FR0000045072;18/08/17;15.00;15.355;14.91;15.335;5828102
FR0000045072;21/08/17;15.235;15.245;15.03;15.105;4677642
FR0000045072;22/08/17;15.19;15.29;15.175;15.25;5071667
FR0000045072;23/08/17;15.235;15.29;15.04;15.09;4775562
FR0000045072;24/08/17;15.16;15.185;15.065;15.075;3782719
FR0000045072;25/08/17;15.12;15.145;14.91;14.915;6396625
FR0000045072;28/08/17;14.855;15.04;14.80;14.95;2489702
FR0000045072;29/08/17;14.84;14.845;14.43;14.61;9354258
FR0000045072;30/08/17;14.74;14.75;14.405;14.515;6746451
FR0000045072;31/08/17;14.61;14.845;14.575;14.81;8420208
FR0000051732;01/08/17;128.00;129.35;127.70;129.15;377088
FR0000051732;02/08/17;129.00;129.90;128.10;128.50;367151
FR0000051732;03/08/17;128.30;129.30;127.90;128.00;366256
FR0000051732;04/08/17;128.10;129.00;127.50;128.25;211710
FR0000051732;07/08/17;128.25;128.60;127.70;128.15;168354
FR0000051732;08/08/17;128.15;128.95;127.35;128.65;145176
FR0000051732;09/08/17;128.20;128.50;127.15;128.40;265347
FR0000051732;10/08/17;128.15;128.55;126.75;126.90;228068
FR0000051732;11/08/17;126.10;126.15;124.20;124.70;278327
FR0000051732;14/08/17;125.30;126.65;125.15;126.35;168307
FR0000051732;15/08/17;126.60;127.25;126.00;127.05;174647
FR0000051732;16/08/17;127.30;128.80;127.25;128.65;163121
FR0000051732;17/08/17;128.70;129.20;128.00;128.55;238769
FR0000051732;18/08/17;127.75;127.75;126.25;127.30;186896
FR0000051732;21/08/17;126.95;127.85;126.70;127.55;133610
FR0000051732;22/08/17;128.00;128.95;127.15;127.65;206791
FR0000051732;23/08/17;127.95;128.40;127.25;127.35;129140
FR0000051732;24/08/17;127.65;127.70;126.55;126.55;139962
FR0000051732;25/08/17;126.60;127.80;126.40;126.95;135006
FR0000051732;28/08/17;126.25;127.70;125.80;127.05;117926
FR0000051732;29/08/17;126.25;126.25;123.60;124.65;243620
FR0000051732;30/08/17;125.50;127.50;124.95;126.95;181557
FR0000051732;31/08/17;128.00;129.80;127.75;129.60;326903
FR0000073272;01/08/17;81.32;81.32;80.03;80.74;1037458
FR0000073272;02/08/17;80.73;80.96;78.94;79.31;980050
FR0000073272;03/08/17;79.25;80.07;79.11;79.60;908283
FR0000073272;04/08/17;79.57;81.88;79.20;81.77;1041586
FR0000073272;07/08/17;81.84;82.35;81.68;81.75;924635
FR0000073272;08/08/17;81.86;81.98;81.09;81.63;598950
FR0000073272;09/08/17;81.73;81.73;80.35;81.42;921348
FR0000073272;10/08/17;81.46;81.76;80.99;81.25;762014
FR0000073272;11/08/17;81.13;81.13;79.67;80.24;853042
FR0000073272;14/08/17;80.44;82.01;80.38;81.85;587591
FR0000073272;15/08/17;82.22;82.76;81.43;82.09;588347
FR0000073272;16/08/17;82.33;83.74;82.27;83.27;734498
FR0000073272;17/08/17;83.20;84.09;83.20;83.65;985016
FR0000073272;18/08/17;83.60;83.63;82.42;82.99;867369
FR0000073272;21/08/17;82.95;83.15;82.09;82.78;589329
FR0000073272;22/08/17;82.88;83.79;82.69;83.74;724922
FR0000073272;23/08/17;83.71;84.03;83.33;83.43;645550
FR0000073272;24/08/17;83.85;83.85;83.03;83.35;542281
FR0000073272;25/08/17;83.58;84.27;83.26;83.45;579840
FR0000073272;28/08/17;83.29;83.29;82.30;82.30;384164
FR0000073272;29/08/17;82.00;82.06;80.36;80.45;1073169
FR0000073272;30/08/17;80.81;81.61;80.79;81.52;628526
FR0000073272;31/08/17;81.60;82.19;81.52;81.59;905650
FR0000120073;01/08/17;95.3636;95.5909;93.8182;94.6364;839637
FR0000120073;02/08/17;95.0455;95.3182;93.8636;94.2727;878620
FR0000120073;03/08/17;94.1364;95.4545;94.0455;94.7727;765718
FR0000120073;04/08/17;94.7727;96.5909;94.4545;96.3182;956530
FR0000120073;07/08/17;96.4091;96.5909;95.8182;95.8182;462925
FR0000120073;08/08/17;95.6364;96.2727;95.3636;95.9546;496648
FR0000120073;09/08/17;95.2727;95.50;94.0455;94.6818;817197
FR0000120073;10/08/17;94.6818;94.8182;93.3636;93.7727;762285
FR0000120073;11/08/17;93.0909;93.5909;92.8636;93.50;631054
FR0000120073;14/08/17;93.8182;94.9091;93.8182;94.5455;564139
FR0000120073;15/08/17;94.8636;95.1364;94.50;94.8182;393572
FR0000120073;16/08/17;95.1818;96.2727;95.1364;95.3182;612190
FR0000120073;17/08/17;95.4545;95.7273;94.7727;94.9545;722085
FR0000120073;18/08/17;94.2273;94.2273;93.2273;93.6818;1172389
FR0000120073;21/08/17;93.5455;93.7727;92.9091;93.1818;607557
FR0000120073;22/08/17;93.50;94.6364;93.4546;94.4091;556637
FR0000120073;23/08/17;94.2727;94.7727;94.1364;94.2727;448559
FR0000120073;24/08/17;94.6818;94.8636;93.5909;93.7727;680949
FR0000120073;25/08/17;94.2273;95.00;93.7273;93.7273;420442
FR0000120073;28/08/17;93.4091;93.6818;92.8182;93.1364;406415
FR0000120073;29/08/17;92.7273;92.7273;91.6364;92.6364;798278
FR0000120073;30/08/17;93.2273;93.5909;92.8182;93.1364;701402
FR0000120073;31/08/17;93.7727;94.1364;93.2273;93.2273;863841
FR0000120172;01/08/17;20.44;20.485;20.275;20.295;1772711
FR0000120172;02/08/17;20.30;20.42;20.195;20.30;1929409
FR0000120172;03/08/17;20.32;20.435;20.12;20.365;2588423
FR0000120172;04/08/17;20.405;20.745;20.385;20.70;3015031
FR0000120172;07/08/17;20.72;20.72;20.50;20.55;1801096
FR0000120172;08/08/17;20.59;20.615;20.36;20.485;1834070
FR0000120172;09/08/17;20.45;20.45;20.20;20.32;1789748
FR0000120172;10/08/17;20.355;20.365;20.105;20.16;1997154
FR0000120172;11/08/17;20.20;20.495;20.095;20.40;3240284
FR0000120172;14/08/17;20.435;20.485;20.32;20.405;1173164
FR0000120172;15/08/17;20.415;20.48;20.235;20.415;1235453
FR0000120172;16/08/17;20.495;20.875;20.48;20.635;2654601
FR0000120172;17/08/17;20.605;20.605;20.475;20.56;1613652
FR0000120172;18/08/17;20.485;20.485;20.255;20.385;1683101
FR0000120172;21/08/17;20.375;20.585;20.295;20.545;1409299
FR0000120172;22/08/17;20.63;20.655;20.505;20.59;1058369
FR0000120172;23/08/17;20.585;20.83;20.51;20.585;1905102
FR0000120172;24/08/17;20.615;20.615;20.10;20.16;3511284
FR0000120172;25/08/17;20.00;20.04;19.605;19.725;4756847
FR0000120172;28/08/17;19.665;19.785;19.455;19.585;2126650
FR0000120172;29/08/17;19.60;19.605;19.06;19.29;4490183
FR0000120172;30/08/17;19.39;19.62;19.32;19.50;2576027
FR0000120172;31/08/17;17.40;17.53;16.50;16.94;27775728
FR0000120271;01/08/17;43.845;43.915;43.00;43.445;6636034
FR0000120271;02/08/17;43.34;43.85;43.12;43.64;5904705
FR0000120271;03/08/17;43.39;43.73;43.18;43.57;4235296
FR0000120271;04/08/17;43.335;44.17;43.265;43.92;4642476
FR0000120271;07/08/17;43.95;44.165;43.69;43.84;3072645
FR0000120271;08/08/17;43.805;44.105;43.71;43.915;3936760
FR0000120271;09/08/17;43.71;43.835;43.225;43.45;6160966
FR0000120271;10/08/17;43.46;43.65;43.13;43.54;5719471
FR0000120271;11/08/17;43.165;43.275;42.675;42.75;5583010
FR0000120271;14/08/17;42.76;43.07;42.46;42.86;3737186
FR0000120271;15/08/17;42.835;43.115;42.715;42.745;3016840
FR0000120271;16/08/17;42.91;43.48;42.91;43.045;3667499
FR0000120271;17/08/17;42.91;43.065;42.67;42.76;4012066
FR0000120271;18/08/17;42.56;42.74;42.385;42.65;5154751
FR0000120271;21/08/17;42.665;42.955;42.28;42.78;5067548
FR0000120271;22/08/17;43.09;43.65;43.025;43.42;5725830
FR0000120271;23/08/17;43.37;43.80;43.295;43.675;4519627
FR0000120271;24/08/17;43.87;43.875;43.415;43.445;3701294
FR0000120271;25/08/17;43.35;43.60;43.245;43.325;3166188
FR0000120271;28/08/17;43.155;43.48;43.02;43.135;2675731
FR0000120271;29/08/17;42.965;43.215;42.455;42.955;5649776
FR0000120271;30/08/17;43.20;43.36;42.86;43.235;3819842
FR0000120271;31/08/17;43.26;43.65;43.055;43.445;7215009
FR0000120321;01/08/17;176.75;176.80;174.00;175.90;700825
FR0000120321;02/08/17;175.80;176.30;174.80;174.95;550994
FR0000120321;03/08/17;174.60;176.15;173.75;175.10;660823
FR0000120321;04/08/17;174.50;177.35;174.45;176.55;441256
FR0000120321;07/08/17;176.55;177.00;175.20;176.05;334489
FR0000120321;08/08/17;175.70;177.40;175.10;176.50;374895
FR0000120321;09/08/17;175.50;175.80;173.90;175.60;565242
FR0000120321;10/08/17;175.50;175.95;172.95;173.70;660722
FR0000120321;11/08/17;173.15;174.95;172.55;173.60;607128
FR0000120321;14/08/17;174.00;175.60;173.45;175.15;360603
FR0000120321;15/08/17;175.70;176.50;174.65;175.30;279280
FR0000120321;16/08/17;175.70;176.95;175.35;176.40;374986
FR0000120321;17/08/17;176.35;177.50;176.05;176.30;437250
FR0000120321;18/08/17;175.00;175.55;173.40;175.40;661885
FR0000120321;21/08/17;174.55;175.30;173.70;175.00;320487
FR0000120321;22/08/17;175.65;177.25;175.50;177.15;485201
FR0000120321;23/08/17;176.85;179.05;176.85;178.25;706711
FR0000120321;24/08/17;178.65;180.40;178.30;179.90;720466
FR0000120321;25/08/17;179.55;180.05;177.85;178.05;410176
FR0000120321;28/08/17;177.05;178.35;175.80;177.30;337866
FR0000120321;29/08/17;175.85;177.05;175.30;176.50;543408
FR0000120321;30/08/17;177.10;177.20;176.15;176.25;323221
FR0000120321;31/08/17;177.00;178.45;176.15;177.35;569717
FR0000120404;01/08/17;39.41;40.015;38.995;39.785;1030719
FR0000120404;02/08/17;39.915;40.725;39.865;40.305;1134730
FR0000120404;03/08/17;40.375;40.53;39.93;40.505;999191
FR0000120404;04/08/17;40.41;40.795;40.325;40.595;804426
FR0000120404;07/08/17;40.595;40.625;40.415;40.49;451774
FR0000120404;08/08/17;40.345;40.485;40.17;40.29;819970
FR0000120404;09/08/17;40.05;40.085;39.51;39.895;935303
FR0000120404;10/08/17;39.93;39.95;39.41;39.50;712180
FR0000120404;11/08/17;39.285;39.41;38.81;39.06;997020
FR0000120404;14/08/17;39.135;39.45;39.095;39.315;581205
FR0000120404;15/08/17;39.375;39.505;39.20;39.295;574075
FR0000120404;16/08/17;39.375;39.825;39.32;39.425;679380
FR0000120404;17/08/17;39.33;39.70;39.25;39.375;678484
FR0000120404;18/08/17;39.005;39.095;38.51;39.095;1104002
FR0000120404;21/08/17;39.00;39.10;38.82;39.035;869482
FR0000120404;22/08/17;39.315;39.485;38.96;39.205;767853
FR0000120404;23/08/17;39.15;39.31;38.905;39.085;884116
FR0000120404;24/08/17;39.135;39.315;39.00;39.06;876486
FR0000120404;25/08/17;39.10;39.185;39.00;39.02;626250
FR0000120404;28/08/17;38.945;39.12;38.87;38.995;451325
FR0000120404;29/08/17;38.755;38.93;38.53;38.695;1009638
FR0000120404;30/08/17;38.765;38.92;38.655;38.68;744792
FR0000120404;31/08/17;38.83;39.125;38.77;38.90;825071
FR0000120503;01/08/17;36.595;36.995;36.20;36.855;788103
FR0000120503;02/08/17;36.97;37.06;36.535;36.70;593423
FR0000120503;03/08/17;36.68;37.165;36.575;37.14;781218
FR0000120503;04/08/17;37.095;37.75;37.095;37.665;660753
FR0000120503;07/08/17;37.73;37.87;37.56;37.69;336910
FR0000120503;08/08/17;37.705;37.995;37.53;37.91;331281
FR0000120503;09/08/17;37.675;37.745;37.295;37.50;557401
FR0000120503;10/08/17;37.46;37.95;37.345;37.645;737824
FR0000120503;11/08/17;37.50;37.50;36.87;36.905;653565
FR0000120503;14/08/17;37.135;37.88;36.985;37.88;557698
FR0000120503;15/08/17;37.985;38.145;37.695;37.935;401085
FR0000120503;16/08/17;37.935;38.595;37.815;38.285;789421
FR0000120503;17/08/17;38.22;38.37;37.81;37.95;557200
FR0000120503;18/08/17;37.665;37.84;37.33;37.84;522693
FR0000120503;21/08/17;37.61;37.775;37.255;37.44;666165
FR0000120503;22/08/17;37.60;38.02;37.515;38.005;559932
FR0000120503;23/08/17;38.00;38.24;37.67;37.73;449917
FR0000120503;24/08/17;37.85;37.905;37.34;37.38;461255
FR0000120503;25/08/17;37.35;37.685;37.25;37.50;358582
FR0000120503;28/08/17;37.31;37.48;37.13;37.135;301279
FR0000120503;29/08/17;37.00;37.00;36.505;36.66;768869
FR0000120503;30/08/17;36.83;37.51;36.705;37.195;873428
FR0000120503;31/08/17;38.00;38.52;37.425;38.095;1112734
FR0000120578;01/08/17;81.63;81.63;79.67;79.69;2605495
FR0000120578;02/08/17;79.25;80.67;79.20;80.02;2264689
FR0000120578;03/08/17;80.17;80.77;79.76;80.42;1957226
FR0000120578;04/08/17;80.42;82.11;80.02;81.61;2428660
FR0000120578;07/08/17;81.65;81.97;81.24;81.68;1635351
FR0000120578;08/08/17;81.68;82.49;81.29;82.18;2050551
FR0000120578;09/08/17;81.37;81.39;80.48;80.84;2608644
FR0000120578;10/08/17;80.30;81.25;80.30;80.80;2059143
FR0000120578;11/08/17;80.47;80.99;79.97;80.60;2300135
FR0000120578;14/08/17;80.70;81.37;80.55;81.17;1518705
FR0000120578;15/08/17;81.33;81.82;81.33;81.77;1138330
FR0000120578;16/08/17;82.00;82.92;82.00;82.58;1485160
FR0000120578;17/08/17;82.42;83.26;82.30;82.76;2028464
FR0000120578;18/08/17;82.01;82.56;81.44;82.26;2335356
FR0000120578;21/08/17;81.82;82.47;81.53;81.90;1577039
FR0000120578;22/08/17;82.05;82.55;81.96;82.24;1576160
FR0000120578;23/08/17;82.14;82.65;81.63;81.80;1642238
FR0000120578;24/08/17;81.83;82.57;81.83;82.24;1634319
FR0000120578;25/08/17;82.40;82.78;82.03;82.10;1039692
FR0000120578;28/08/17;81.40;82.38;81.20;81.83;868614
FR0000120578;29/08/17;81.24;81.97;80.55;81.42;2230522
FR0000120578;30/08/17;81.75;82.07;80.73;80.75;2005982
FR0000120578;31/08/17;81.19;81.78;80.97;81.66;4514592
FR0000120628;01/08/17;25.28;25.305;24.875;25.12;5292009
FR0000120628;02/08/17;25.12;25.46;25.06;25.30;5295962
FR0000120628;03/08/17;25.50;25.60;24.93;25.205;5322692
FR0000120628;04/08/17;25.115;25.47;24.835;25.47;6876028
FR0000120628;07/08/17;25.50;25.67;25.43;25.51;3515610
FR0000120628;08/08/17;25.44;25.685;25.33;25.67;4769978
FR0000120628;09/08/17;25.445;25.57;24.94;25.34;6781515
FR0000120628;10/08/17;25.32;25.41;24.82;24.97;6843215
FR0000120628;11/08/17;24.80;24.81;24.27;24.565;7684224
FR0000120628;14/08/17;24.71;24.965;24.575;24.76;4339766
FR0000120628;15/08/17;24.90;25.02;24.735;24.88;3579815
FR0000120628;16/08/17;24.99;25.21;24.95;25.04;3712261
FR0000120628;17/08/17;24.995;25.00;24.585;24.805;4921014
FR0000120628;18/08/17;24.525;24.795;24.39;24.78;4920295
FR0000120628;21/08/17;24.62;24.77;24.42;24.57;3559985
FR0000120628;22/08/17;24.705;24.80;24.57;24.71;4187982
FR0000120628;23/08/17;24.69;24.84;24.52;24.625;3832798
FR0000120628;24/08/17;24.76;24.965;24.71;24.855;4277619
FR0000120628;25/08/17;24.895;24.97;24.755;24.79;3202388
FR0000120628;28/08/17;24.615;24.805;24.48;24.58;3397329
FR0000120628;29/08/17;24.42;24.42;24.04;24.255;6643119
FR0000120628;30/08/17;24.43;24.515;24.22;24.255;3820856
FR0000120628;31/08/17;24.375;24.61;24.325;24.375;4941416
FR0000120644;01/08/17;63.97;63.97;62.52;63.13;2045832
FR0000120644;02/08/17;63.15;63.63;63.00;63.45;1698954
FR0000120644;03/08/17;63.51;64.76;63.28;64.68;2086837
FR0000120644;04/08/17;64.51;67.17;64.44;67.05;2792796
FR0000120644;07/08/17;67.05;67.58;66.92;67.56;2501037
FR0000120644;08/08/17;67.56;67.56;66.87;67.20;1761416
FR0000120644;09/08/17;66.85;67.05;66.26;66.63;1924613
FR0000120644;10/08/17;66.55;66.55;65.34;65.49;1705488
FR0000120644;11/08/17;65.45;65.80;64.57;64.92;1669339
FR0000120644;14/08/17;66.87;66.90;65.53;66.42;2087970
FR0000120644;15/08/17;67.80;68.40;67.11;67.11;2096554
FR0000120644;16/08/17;67.49;67.65;67.11;67.11;1420625
FR0000120644;17/08/17;66.84;67.26;66.57;66.57;1319062
FR0000120644;18/08/17;66.02;66.19;65.50;66.19;1713210
FR0000120644;21/08/17;66.05;66.61;65.90;66.50;1338350
FR0000120644;22/08/17;66.87;67.00;66.46;66.83;886066
FR0000120644;23/08/17;66.50;67.13;66.47;66.77;1262117
FR0000120644;24/08/17;66.91;67.17;66.49;66.50;861044
FR0000120644;25/08/17;66.39;66.83;66.07;66.70;1402872
FR0000120644;28/08/17;66.37;66.48;65.95;66.19;763441
FR0000120644;29/08/17;65.63;66.25;65.28;66.10;1204028
FR0000120644;30/08/17;66.29;66.38;66.01;66.20;789729
FR0000120644;31/08/17;65.75;66.38;65.55;66.15;1879538
FR0000120693;01/08/17;118.50;118.50;115.90;116.85;345182
FR0000120693;02/08/17;117.25;117.45;116.50;117.15;296514
FR0000120693;03/08/17;116.50;117.55;116.15;117.30;379735
FR0000120693;04/08/17;117.00;119.85;116.95;119.85;349398
FR0000120693;07/08/17;119.80;120.00;118.55;119.05;305329
FR0000120693;08/08/17;119.10;119.60;118.70;119.40;225215
FR0000120693;09/08/17;118.80;118.90;116.90;117.75;445218
FR0000120693;10/08/17;117.55;117.75;116.95;117.35;279381
FR0000120693;11/08/17;116.85;117.45;115.95;116.00;321624
FR0000120693;14/08/17;116.55;117.50;116.35;117.05;276423
FR0000120693;15/08/17;117.45;118.10;116.90;118.00;238146
FR0000120693;16/08/17;118.30;119.60;118.20;119.05;267515
FR0000120693;17/08/17;119.05;119.30;118.45;118.65;279901
FR0000120693;18/08/17;117.95;117.95;116.75;117.25;368200
FR0000120693;21/08/17;116.80;117.80;116.70;117.40;288106
FR0000120693;22/08/17;116.00;117.40;115.80;117.00;412476
FR0000120693;23/08/17;116.60;117.95;116.55;116.55;300659
FR0000120693;24/08/17;116.75;117.40;116.60;116.60;229161
FR0000120693;25/08/17;116.30;117.25;115.80;116.70;238884
FR0000120693;28/08/17;116.10;116.75;115.50;116.15;156599
FR0000120693;29/08/17;115.75;116.00;114.70;115.60;507544
FR0000120693;30/08/17;116.55;117.60;116.05;117.05;406781
FR0000120693;31/08/17;115.70;115.95;112.10;114.80;1109906
FR0000121014;01/08/17;214.50;216.55;212.95;215.90;638255
FR0000121014;02/08/17;216.45;217.25;215.05;215.05;554576
FR0000121014;03/08/17;215.40;220.75;214.35;219.00;895053
FR0000121014;04/08/17;218.50;222.95;217.55;221.90;592840
FR0000121014;07/08/17;222.40;223.75;221.65;222.50;609217
FR0000121014;08/08/17;221.95;223.40;220.95;222.75;492246
FR0000121014;09/08/17;221.15;221.15;216.55;217.15;677644
FR0000121014;10/08/17;217.10;217.30;214.95;215.15;499455
FR0000121014;11/08/17;213.80;215.25;212.90;214.45;673124
FR0000121014;14/08/17;216.20;217.30;214.95;216.60;346891
FR0000121014;15/08/17;217.50;217.90;216.20;217.05;291127
FR0000121014;16/08/17;217.65;220.30;217.60;219.10;447867
FR0000121014;17/08/17;218.75;221.50;218.65;219.60;611467
FR0000121014;18/08/17;218.10;218.20;216.20;217.70;566435
FR0000121014;21/08/17;216.85;218.50;216.40;217.00;469755
FR0000121014;22/08/17;217.70;219.50;217.05;218.95;419912
FR0000121014;23/08/17;218.40;220.25;216.70;216.95;382558
FR0000121014;24/08/17;217.75;218.70;217.00;218.00;396708
FR0000121014;25/08/17;218.55;219.30;217.00;217.00;341036
FR0000121014;28/08/17;216.25;217.90;215.70;215.85;296863
FR0000121014;29/08/17;214.50;217.00;213.15;216.20;761051
FR0000121014;30/08/17;217.25;219.30;217.00;218.85;579523
FR0000121014;31/08/17;219.05;222.20;219.05;220.25;729152
FR0000121220;01/08/17;99.86;100.95;99.63;100.20;277806
FR0000121220;02/08/17;100.15;100.60;98.80;98.80;302348
FR0000121220;03/08/17;98.94;99.54;98.65;99.08;361833
FR0000121220;04/08/17;98.96;100.50;98.75;100.15;227506
FR0000121220;07/08/17;100.45;100.70;99.57;99.79;129224
FR0000121220;08/08/17;99.57;99.90;98.88;98.88;215716
FR0000121220;09/08/17;98.50;98.80;97.57;98.53;229608
FR0000121220;10/08/17;98.51;98.85;98.08;98.32;224851
FR0000121220;11/08/17;98.07;98.33;97.71;98.02;255359
FR0000121220;14/08/17;97.99;99.23;97.76;98.88;173640
FR0000121220;15/08/17;99.15;99.82;99.15;99.32;141329
FR0000121220;16/08/17;99.61;100.80;99.58;99.59;161619
FR0000121220;17/08/17;99.38;99.82;98.66;98.78;230539
FR0000121220;18/08/17;98.38;98.38;97.11;98.00;256511
FR0000121220;21/08/17;97.87;98.10;97.22;97.84;202103
FR0000121220;22/08/17;97.96;99.06;97.90;98.72;237088
FR0000121220;23/08/17;98.65;103.40;97.92;98.04;282262
FR0000121220;24/08/17;98.22;98.80;97.94;98.06;248514
FR0000121220;25/08/17;98.15;99.07;97.71;97.80;174625
FR0000121220;28/08/17;97.47;98.29;97.15;97.67;180849
FR0000121220;29/08/17;97.18;97.60;96.11;97.41;480254
FR0000121220;30/08/17;98.00;98.40;97.51;97.57;190533
FR0000121220;31/08/17;97.95;98.57;97.55;98.03;283032
FR0000121261;01/08/17;115.00;115.45;113.85;114.65;410604
FR0000121261;02/08/17;114.50;115.85;114.00;114.70;471996
FR0000121261;03/08/17;114.45;116.50;114.00;116.00;585912
FR0000121261;04/08/17;116.00;117.50;114.90;116.70;388908
FR0000121261;07/08/17;117.45;117.70;116.95;117.35;301822
FR0000121261;08/08/17;117.45;118.90;117.15;118.65;360169
FR0000121261;09/08/17;118.20;118.55;116.90;117.65;305247
FR0000121261;10/08/17;117.55;117.70;116.40;117.70;276021
FR0000121261;11/08/17;116.85;116.95;115.50;116.10;376000
FR0000121261;14/08/17;116.50;117.50;116.50;117.15;228645
FR0000121261;15/08/17;117.80;117.80;116.50;116.75;265301
FR0000121261;16/08/17;117.15;117.85;116.60;117.75;354268
FR0000121261;17/08/17;117.75;118.30;116.45;116.80;341929
FR0000121261;18/08/17;116.30;116.30;114.20;114.60;587029
FR0000121261;21/08/17;114.05;114.65;113.10;113.85;396092
FR0000121261;22/08/17;114.70;115.85;114.35;115.80;371792
FR0000121261;23/08/17;115.65;116.35;115.55;116.05;275854
FR0000121261;24/08/17;116.65;117.55;116.25;116.25;396973
FR0000121261;25/08/17;116.35;116.70;115.00;115.00;279696
FR0000121261;28/08/17;115.20;116.95;115.05;116.90;312911
FR0000121261;29/08/17;115.95;115.95;113.90;114.80;472413
FR0000121261;30/08/17;115.40;115.50;113.75;114.60;374518
FR0000121261;31/08/17;115.20;115.85;114.35;114.50;409781
FR0000121485;01/08/17;297.50;297.50;294.25;295.60;250133
FR0000121485;02/08/17;294.75;299.40;293.20;298.40;199871
FR0000121485;03/08/17;297.00;302.60;295.70;300.60;214708
FR0000121485;04/08/17;300.75;306.65;299.70;304.85;159967
FR0000121485;07/08/17;305.55;309.15;304.65;307.25;161113
FR0000121485;08/08/17;306.85;308.95;305.25;308.80;145233
FR0000121485;09/08/17;307.15;307.15;300.75;305.70;213999
FR0000121485;10/08/17;305.55;308.05;302.60;303.55;196576
FR0000121485;11/08/17;301.65;301.70;297.50;300.40;239483
FR0000121485;14/08/17;301.80;306.40;300.35;305.55;205829
FR0000121485;15/08/17;306.85;308.40;304.95;305.70;113321
FR0000121485;16/08/17;307.00;309.65;306.10;307.90;122423
FR0000121485;17/08/17;307.40;311.80;307.00;310.45;219412
FR0000121485;18/08/17;309.00;309.55;305.80;307.55;168076
FR0000121485;21/08/17;306.35;309.10;305.40;307.20;122818
FR0000121485;22/08/17;308.70;311.35;307.70;311.15;103029
FR0000121485;23/08/17;310.85;312.30;308.65;310.60;121479
FR0000121485;24/08/17;310.95;314.60;310.60;313.40;136403
FR0000121485;25/08/17;313.85;314.50;310.60;312.90;133779
FR0000121485;28/08/17;311.30;314.50;309.65;312.35;104627
FR0000121485;29/08/17;310.40;310.40;305.75;309.00;164713
FR0000121485;30/08/17;311.20;312.85;310.05;312.15;101899
FR0000121485;31/08/17;313.70;318.35;313.70;315.30;201645
FR0000121501;01/08/17;18.29;18.55;18.205;18.32;2046695
FR0000121501;02/08/17;18.385;18.42;18.055;18.095;3134858
FR0000121501;03/08/17;18.135;18.145;17.95;17.98;2523898
FR0000121501;04/08/17;17.985;18.265;17.89;18.095;2345579
FR0000121501;07/08/17;18.16;18.28;18.06;18.08;1819802
FR0000121501;08/08/17;18.11;18.31;18.005;18.205;1580828
FR0000121501;09/08/17;18.125;18.18;17.945;18.17;1856089
FR0000121501;10/08/17;18.13;18.24;17.995;18.205;2033156
FR0000121501;11/08/17;18.025;18.19;17.79;17.87;3211582
FR0000121501;14/08/17;17.94;18.265;17.94;18.195;1686395
FR0000121501;15/08/17;18.305;18.41;18.145;18.145;1401442
FR0000121501;16/08/17;18.235;18.475;18.235;18.325;1892373
FR0000121501;17/08/17;18.325;18.45;18.20;18.265;1504329
FR0000121501;18/08/17;18.08;18.095;17.955;18.065;1818269
FR0000121501;21/08/17;18.00;18.135;17.75;17.895;1811602
FR0000121501;22/08/17;17.995;18.175;17.995;18.145;1914019
FR0000121501;23/08/17;18.115;18.36;18.075;18.135;2081884
FR0000121501;24/08/17;18.165;18.30;17.955;18.11;2085062
FR0000121501;25/08/17;18.065;18.255;17.995;18.01;1755151
FR0000121501;28/08/17;17.96;18.145;17.905;17.965;933965
FR0000121501;29/08/17;17.90;17.925;17.55;17.705;2454795
FR0000121501;30/08/17;17.85;17.93;17.775;17.785;1140215
FR0000121501;31/08/17;17.875;17.88;17.715;17.735;3518651
FR0000121667;01/08/17;108.40;108.40;106.65;106.75;683298
FR0000121667;02/08/17;106.50;106.90;105.80;106.20;637205
FR0000121667;03/08/17;106.05;106.05;104.45;105.45;604323
FR0000121667;04/08/17;105.55;107.25;104.80;107.00;609553
FR0000121667;07/08/17;107.35;107.55;106.30;106.65;341660
FR0000121667;08/08/17;106.45;106.85;105.65;106.65;396164
FR0000121667;09/08/17;106.05;106.35;104.85;105.70;614802
FR0000121667;10/08/17;105.90;106.05;104.95;105.25;377955
FR0000121667;11/08/17;104.75;105.75;104.70;105.00;452227
FR0000121667;14/08/17;104.90;106.40;104.85;106.05;339912
FR0000121667;15/08/17;106.45;107.00;106.20;106.55;232895
FR0000121667;16/08/17;106.75;107.80;106.00;106.00;338224
FR0000121667;17/08/17;106.05;106.30;105.45;105.60;443571
FR0000121667;18/08/17;105.25;105.25;104.15;104.60;600476
FR0000121667;21/08/17;104.25;104.95;103.80;104.25;316994
FR0000121667;22/08/17;104.80;104.95;104.20;104.55;451451
FR0000121667;23/08/17;104.55;105.30;104.20;105.05;323675
FR0000121667;24/08/17;105.45;106.85;105.35;106.05;397279
FR0000121667;25/08/17;105.80;106.00;105.05;105.05;312247
FR0000121667;28/08/17;104.60;105.40;104.40;104.70;244074
FR0000121667;29/08/17;104.05;104.30;103.10;104.15;418918
FR0000121667;30/08/17;104.60;104.75;103.90;104.20;285136
FR0000121667;31/08/17;104.90;106.40;104.45;106.05;669303
FR0000121972;01/08/17;65.03;67.61;65.00;66.91;1858003
FR0000121972;02/08/17;67.09;67.81;66.85;67.39;1385616
FR0000121972;03/08/17;67.49;68.04;67.10;67.37;1475740
FR0000121972;04/08/17;67.37;68.92;67.18;68.80;1409177
FR0000121972;07/08/17;69.03;69.16;68.58;69.14;1318266
FR0000121972;08/08/17;69.14;70.26;69.10;70.20;1620169
FR0000121972;09/08/17;69.75;69.95;67.89;68.04;1825447
FR0000121972;10/08/17;68.01;68.01;66.82;67.04;1144341
FR0000121972;11/08/17;66.56;66.70;65.80;66.44;1270395
FR0000121972;14/08/17;66.65;67.38;66.63;67.22;952951
FR0000121972;15/08/17;67.64;67.97;67.22;67.68;835339
FR0000121972;16/08/17;67.88;68.81;67.77;68.44;812735
FR0000121972;17/08/17;68.15;68.42;67.51;67.83;908882
FR0000121972;18/08/17;67.27;67.63;66.81;67.62;1163022
FR0000121972;21/08/17;67.28;67.74;66.78;67.07;891256
FR0000121972;22/08/17;67.61;68.28;67.52;68.08;1168329
FR0000121972;23/08/17;67.85;68.66;67.49;67.72;905713
FR0000121972;24/08/17;67.72;68.02;67.28;67.33;645705
FR0000121972;25/08/17;67.63;68.11;67.24;67.50;767882
FR0000121972;28/08/17;67.11;67.36;66.78;66.81;543199
FR0000121972;29/08/17;66.44;66.44;65.29;66.17;1231444
FR0000121972;30/08/17;66.52;66.89;66.32;66.52;897282
FR0000121972;31/08/17;67.00;67.98;67.00;67.73;1610014
FR0000124141;01/08/17;19.125;19.175;18.925;19.10;1682365
FR0000124141;02/08/17;19.10;19.10;18.925;19.015;1907878
FR0000124141;03/08/17;19.025;19.04;18.945;19.00;2289041
FR0000124141;04/08/17;18.995;19.16;18.98;19.06;2615672
FR0000124141;07/08/17;19.10;19.10;18.975;19.00;1642813
FR0000124141;08/08/17;19.02;19.065;18.99;19.065;1575726
FR0000124141;09/08/17;18.99;19.025;18.855;19.00;2135670
FR0000124141;10/08/17;18.97;19.05;18.925;19.045;1913160
FR0000124141;11/08/17;18.98;19.025;18.81;18.90;1581134
FR0000124141;14/08/17;18.93;19.175;18.93;19.115;1928501
FR0000124141;15/08/17;19.12;19.47;19.12;19.365;1510667
FR0000124141;16/08/17;19.42;19.585;19.39;19.505;1391187
FR0000124141;17/08/17;19.47;19.775;19.46;19.70;2056615
FR0000124141;18/08/17;19.66;19.66;19.41;19.48;1285810
FR0000124141;21/08/17;19.41;19.42;19.29;19.42;1105793
FR0000124141;22/08/17;19.465;19.535;19.42;19.48;838130
FR0000124141;23/08/17;19.455;19.51;19.275;19.445;1342442
FR0000124141;24/08/17;19.465;19.54;19.445;19.51;1211267
FR0000124141;25/08/17;19.50;19.585;19.385;19.525;1044277
FR0000124141;28/08/17;19.455;19.56;19.375;19.545;738062
FR0000124141;29/08/17;19.425;19.505;19.20;19.31;2105277
FR0000124141;30/08/17;19.325;19.465;19.245;19.405;1545261
FR0000124141;31/08/17;19.475;19.74;19.475;19.71;2196097
FR0000124711;01/08/17;213.40;214.40;211.20;213.75;310610
FR0000124711;02/08/17;214.05;214.90;212.40;213.70;298856
FR0000124711;03/08/17;213.25;214.65;212.90;214.05;259919
FR0000124711;04/08/17;213.90;215.65;213.65;214.20;272494
FR0000124711;07/08/17;214.70;215.15;212.25;212.70;259195
FR0000124711;08/08/17;212.50;212.90;211.10;212.80;281241
FR0000124711;09/08/17;211.85;213.00;210.70;211.65;264960
FR0000124711;10/08/17;211.60;211.70;209.90;210.85;218092
FR0000124711;11/08/17;210.60;210.65;207.55;208.15;310713
FR0000124711;14/08/17;210.90;215.85;210.85;215.45;393797
FR0000124711;15/08/17;216.00;217.25;214.55;216.00;181615
FR0000124711;16/08/17;216.50;219.55;216.45;218.10;247774
FR0000124711;17/08/17;218.30;218.95;217.25;217.25;172345
FR0000124711;18/08/17;216.30;216.55;213.30;213.80;288107
FR0000124711;21/08/17;213.00;213.60;211.85;212.60;153200
FR0000124711;22/08/17;213.85;214.60;213.05;214.20;127143
FR0000124711;23/08/17;213.80;214.55;212.40;212.80;122875
FR0000124711;24/08/17;212.05;214.15;212.00;212.55;141283
FR0000124711;25/08/17;213.30;213.30;211.45;212.15;160845
FR0000124711;28/08/17;211.60;213.10;210.50;212.45;107096
FR0000124711;29/08/17;211.20;212.75;208.90;212.00;207623
FR0000124711;30/08/17;211.50;213.15;210.45;212.30;224549
FR0000124711;31/08/17;213.45;214.80;212.85;213.55;259178
FR0000125007;01/08/17;48.405;48.405;46.995;47.485;1771967
FR0000125007;02/08/17;47.545;47.91;47.21;47.33;2253477
FR0000125007;03/08/17;47.29;48.015;47.13;47.65;1551987
FR0000125007;04/08/17;47.545;48.46;47.445;48.25;1453689
FR0000125007;07/08/17;48.33;48.465;48.18;48.405;810180
FR0000125007;08/08/17;48.33;48.42;48.015;48.165;1149868
FR0000125007;09/08/17;47.80;47.80;46.98;47.35;1736228
FR0000125007;10/08/17;47.30;47.405;46.56;46.79;1354671
FR0000125007;11/08/17;46.645;46.645;45.905;46.02;1659004
FR0000125007;14/08/17;46.22;46.90;46.135;46.765;1031352
FR0000125007;15/08/17;47.00;47.215;46.685;46.87;858096
FR0000125007;16/08/17;47.045;47.45;47.00;47.245;930924
FR0000125007;17/08/17;47.04;47.14;46.565;46.68;946465
FR0000125007;18/08/17;46.21;46.365;45.91;46.31;1206934
FR0000125007;21/08/17;46.19;46.305;45.735;46.00;878487
FR0000125007;22/08/17;46.21;46.55;46.13;46.455;875943
FR0000125007;23/08/17;46.395;46.765;45.985;46.135;1073398
FR0000125007;24/08/17;46.28;46.45;46.03;46.03;942451
FR0000125007;25/08/17;46.12;46.405;45.87;45.95;807604
FR0000125007;28/08/17;45.75;46.075;45.51;45.83;763666
FR0000125007;29/08/17;45.52;45.80;44.865;45.25;1838437
FR0000125007;30/08/17;45.585;45.77;45.395;45.66;974210
FR0000125007;31/08/17;46.215;46.495;45.96;46.075;1816926
FR0000125338;01/08/17;93.15;93.85;92.31;93.33;491294
FR0000125338;02/08/17;93.57;94.01;91.63;91.78;416468
FR0000125338;03/08/17;92.06;92.29;91.34;91.55;318483
FR0000125338;04/08/17;91.66;92.40;90.95;92.10;443591
FR0000125338;07/08/17;92.31;92.31;91.18;91.53;321821
FR0000125338;08/08/17;91.33;92.23;90.90;91.98;288101
FR0000125338;09/08/17;91.40;91.40;89.83;90.20;629495
FR0000125338;10/08/17;90.33;90.45;89.45;89.83;422506
FR0000125338;11/08/17;89.21;89.73;88.13;89.14;648521
FR0000125338;14/08/17;89.50;90.80;89.50;90.70;374084
FR0000125338;15/08/17;90.87;91.73;90.78;91.73;396990
FR0000125338;16/08/17;91.93;93.28;91.93;92.90;481562
FR0000125338;17/08/17;92.91;93.44;92.15;92.29;440124
FR0000125338;18/08/17;91.60;92.16;90.50;92.16;674673
FR0000125338;21/08/17;92.00;92.34;91.62;91.97;266420
FR0000125338;22/08/17;92.29;94.21;92.29;94.21;720309
FR0000125338;23/08/17;93.97;94.23;93.11;93.11;340927
FR0000125338;24/08/17;93.38;93.54;92.52;92.62;341096
FR0000125338;25/08/17;92.61;93.28;92.51;92.51;274549
FR0000125338;28/08/17;92.39;92.67;91.58;92.19;224832
FR0000125338;29/08/17;91.35;91.42;90.04;90.96;515478
FR0000125338;30/08/17;91.61;91.95;91.22;91.75;440774
FR0000125338;31/08/17;92.41;93.96;92.35;93.13;659618
FR0000125486;01/08/17;76.81;76.81;74.95;75.45;1181222
FR0000125486;02/08/17;75.36;75.47;74.36;74.68;1119682
FR0000125486;03/08/17;74.68;75.84;74.44;75.56;1067465
FR0000125486;04/08/17;75.50;77.16;75.34;77.05;1102687
FR0000125486;07/08/17;77.00;77.48;76.95;77.35;864130
FR0000125486;08/08/17;77.31;77.70;77.08;77.31;689741
FR0000125486;09/08/17;76.97;77.23;76.45;76.92;1065395
FR0000125486;10/08/17;77.17;77.66;76.28;76.61;1045159
FR0000125486;11/08/17;76.30;76.47;75.33;75.64;1050407
FR0000125486;14/08/17;75.90;76.89;75.80;76.79;734817
FR0000125486;15/08/17;77.07;77.35;76.76;76.95;499478
FR0000125486;16/08/17;77.08;78.17;76.96;77.71;715822
FR0000125486;17/08/17;77.55;77.88;77.15;77.17;806061
FR0000125486;18/08/17;76.80;76.80;75.85;76.57;975745
FR0000125486;21/08/17;76.30;76.43;75.73;76.14;687231
FR0000125486;22/08/17;76.46;76.75;76.27;76.65;557772
FR0000125486;23/08/17;76.79;77.24;76.01;76.10;694157
FR0000125486;24/08/17;76.36;76.63;75.67;75.73;983661
FR0000125486;25/08/17;76.02;77.12;75.83;76.50;961059
FR0000125486;28/08/17;76.04;76.59;75.81;76.00;525646
FR0000125486;29/08/17;75.41;75.89;74.79;75.48;1146471
FR0000125486;30/08/17;76.04;76.49;75.76;76.32;683957
FR0000125486;31/08/17;76.91;77.89;76.91;77.35;1356698
FR0000127771;01/08/17;19.84;20.195;19.565;20.125;4100945
FR0000127771;02/08/17;20.095;20.37;19.96;20.015;4444661
FR0000127771;03/08/17;20.025;20.185;19.86;20.115;2382636
FR0000127771;04/08/17;20.02;20.36;19.98;20.26;2304249
FR0000127771;07/08/17;20.25;20.26;19.975;19.985;2642624
FR0000127771;08/08/17;19.945;20.06;19.83;19.925;2011655
FR0000127771;09/08/17;19.74;19.74;19.125;19.35;6081343
FR0000127771;10/08/17;19.355;19.375;19.175;19.24;2774566
FR0000127771;11/08/17;19.14;19.17;18.88;18.975;3461822
FR0000127771;14/08/17;19.10;19.295;19.015;19.21;2324573
FR0000127771;15/08/17;19.245;19.335;19.145;19.165;1737512
FR0000127771;16/08/17;19.32;19.38;19.16;19.175;2313271
FR0000127771;17/08/17;19.115;19.235;18.995;19.07;3057750
FR0000127771;18/08/17;18.92;18.98;18.775;18.945;3021643
FR0000127771;21/08/17;18.88;18.945;18.65;18.72;2678748
FR0000127771;22/08/17;18.805;19.11;18.74;19.07;3778524
FR0000127771;23/08/17;19.13;19.16;18.995;19.075;3563500
FR0000127771;24/08/17;19.055;19.065;18.84;18.945;3242807
FR0000127771;25/08/17;18.98;19.625;18.96;19.38;4591997
FR0000127771;28/08/17;19.195;19.195;18.82;18.825;3427895
FR0000127771;29/08/17;18.72;18.95;18.395;18.89;4638672
FR0000127771;30/08/17;19.035;19.46;19.035;19.37;5199929
FR0000127771;31/08/17;19.305;19.465;19.15;19.275;3768870
FR0000130577;01/08/17;64.25;64.25;63.42;63.75;868263
FR0000130577;02/08/17;63.58;63.72;62.94;63.06;572435
FR0000130577;03/08/17;63.20;63.79;62.68;63.65;619411
FR0000130577;04/08/17;63.54;63.66;63.21;63.41;556230
FR0000130577;07/08/17;63.59;63.76;63.36;63.57;350013
FR0000130577;08/08/17;63.65;63.69;63.23;63.27;411459
FR0000130577;09/08/17;62.91;62.91;62.30;62.46;537943
FR0000130577;10/08/17;62.50;62.75;62.04;62.29;536686
FR0000130577;11/08/17;62.11;62.39;61.72;61.87;415828
FR0000130577;14/08/17;62.14;62.53;61.93;62.39;338595
FR0000130577;15/08/17;62.58;63.00;62.41;62.41;287329
FR0000130577;16/08/17;62.56;62.95;62.50;62.50;311937
FR0000130577;17/08/17;62.41;62.51;61.82;62.31;373727
FR0000130577;18/08/17;62.03;62.03;61.25;61.53;511539
FR0000130577;21/08/17;61.32;61.45;61.01;61.27;270178
FR0000130577;22/08/17;61.47;61.75;61.36;61.57;358019
FR0000130577;23/08/17;60.70;60.70;59.50;59.63;1882054
FR0000130577;24/08/17;59.63;59.69;58.89;58.94;1098712
FR0000130577;25/08/17;58.88;59.16;58.63;58.66;937755
FR0000130577;28/08/17;58.55;58.80;58.33;58.52;401484
FR0000130577;29/08/17;57.80;57.98;56.57;57.16;1155025
FR0000130577;30/08/17;57.40;57.92;57.27;57.27;774495
FR0000130577;31/08/17;57.53;57.70;56.70;56.70;1023828
FR0000130809;01/08/17;50.20;50.38;49.52;50.16;2750907
FR0000130809;02/08/17;48.07;48.955;47.705;48.15;7474972
FR0000130809;03/08/17;48.00;48.955;47.63;48.725;3710702
FR0000130809;04/08/17;48.88;50.10;48.70;49.83;3852319
FR0000130809;07/08/17;49.93;50.48;49.81;50.27;2923573
FR0000130809;08/08/17;50.10;50.23;49.75;49.955;2905122
FR0000130809;09/08/17;49.50;49.535;48.185;48.44;4329113
FR0000130809;10/08/17;48.475;48.70;47.565;47.89;3343049
FR0000130809;11/08/17;47.50;47.72;46.745;47.215;4062044
FR0000130809;14/08/17;47.825;48.76;47.64;48.32;3544044
FR0000130809;15/08/17;48.585;48.975;48.39;48.645;1892938
FR0000130809;16/08/17;48.935;49.325;48.80;48.96;2400418
FR0000130809;17/08/17;48.72;48.73;47.43;47.825;3446192
FR0000130809;18/08/17;47.12;48.05;47.00;48.02;3896054
FR0000130809;21/08/17;47.65;47.72;46.96;47.165;2650991
FR0000130809;22/08/17;47.50;47.69;46.815;46.995;3461459
FR0000130809;23/08/17;46.96;47.30;46.58;46.965;3188546
FR0000130809;24/08/17;47.05;47.56;46.99;47.105;2051074
FR0000130809;25/08/17;47.13;47.36;46.87;46.925;1892285
FR0000130809;28/08/17;46.69;47.115;46.55;46.75;1379293
FR0000130809;29/08/17;46.40;46.40;45.925;46.225;3363403
FR0000130809;30/08/17;46.69;46.785;46.175;46.50;3005695
FR0000130809;31/08/17;46.80;47.54;46.74;47.03;4219287
FR0000131104;01/08/17;66.36;66.99;65.79;66.79;3276531
FR0000131104;02/08/17;66.91;66.99;66.04;66.56;3016521
FR0000131104;03/08/17;66.30;67.54;66.09;67.22;3115321
FR0000131104;04/08/17;66.87;68.12;66.64;68.12;3262506
FR0000131104;07/08/17;68.20;68.55;67.93;68.55;2564334
FR0000131104;08/08/17;68.46;68.89;68.34;68.89;2799465
FR0000131104;09/08/17;68.17;68.29;66.70;67.27;3957968
FR0000131104;10/08/17;67.30;67.43;66.01;66.69;3216825
FR0000131104;11/08/17;66.13;66.51;65.05;65.69;3731598
FR0000131104;14/08/17;66.19;67.15;65.85;66.69;2820929
FR0000131104;15/08/17;67.00;67.43;66.61;67.19;1815987
FR0000131104;16/08/17;67.60;67.87;67.23;67.24;2124985
FR0000131104;17/08/17;66.89;66.98;65.57;66.20;3343834
FR0000131104;18/08/17;65.12;66.16;64.95;65.99;3331532
FR0000131104;21/08/17;65.49;65.49;64.25;64.68;3030840
FR0000131104;22/08/17;65.25;65.40;64.74;65.12;2123303
FR0000131104;23/08/17;65.07;65.45;63.97;64.17;2528458
FR0000131104;24/08/17;64.56;64.84;64.27;64.39;1801447
FR0000131104;25/08/17;64.66;64.98;64.22;64.22;1569124
FR0000131104;28/08/17;63.86;64.50;63.86;63.95;1160759
FR0000131104;29/08/17;63.37;63.51;62.92;63.23;3260166
FR0000131104;30/08/17;63.75;63.76;62.96;63.16;1742352
FR0000131104;31/08/17;63.83;64.30;63.79;63.91;3212976
FR0000131906;01/08/17;76.94;77.34;75.99;76.55;864931
FR0000131906;02/08/17;76.79;76.92;75.54;75.89;1168182
FR0000131906;03/08/17;76.09;76.18;75.20;75.47;935759
FR0000131906;04/08/17;75.56;76.26;75.05;75.67;942837
FR0000131906;07/08/17;76.06;76.44;75.87;75.96;615455
FR0000131906;08/08/17;75.99;76.58;75.72;76.08;656013
FR0000131906;09/08/17;75.89;75.98;75.08;75.65;659439
FR0000131906;10/08/17;75.62;75.75;74.88;75.38;905167
FR0000131906;11/08/17;74.83;75.05;74.25;74.62;866015
FR0000131906;14/08/17;74.90;76.04;74.75;75.34;688273
FR0000131906;15/08/17;76.00;76.50;75.66;75.89;629812
FR0000131906;16/08/17;76.10;77.06;76.05;76.46;920356
FR0000131906;17/08/17;76.35;76.82;75.86;76.25;584606
FR0000131906;18/08/17;75.80;75.80;75.07;75.60;815918
FR0000131906;21/08/17;75.40;75.63;74.36;74.99;644130
FR0000131906;22/08/17;75.36;75.99;75.04;75.37;625071
FR0000131906;23/08/17;75.38;75.94;75.15;75.48;529412
FR0000131906;24/08/17;75.86;76.00;75.26;75.32;552761
FR0000131906;25/08/17;75.61;75.88;75.16;75.33;539792
FR0000131906;28/08/17;75.22;75.72;75.07;75.56;410529
FR0000131906;29/08/17;75.14;75.17;73.71;74.27;1054343
FR0000131906;30/08/17;74.95;74.95;74.27;74.27;506112
FR0000131906;31/08/17;74.74;74.86;74.15;74.35;779270
FR0000133308;01/08/17;14.43;14.43;14.21;14.26;5580105
FR0000133308;02/08/17;14.30;14.30;14.18;14.235;4479951
FR0000133308;03/08/17;14.20;14.34;14.15;14.30;4239663
FR0000133308;04/08/17;14.25;14.535;14.25;14.455;4274961
FR0000133308;07/08/17;14.455;14.515;14.415;14.51;3240424
FR0000133308;08/08/17;14.50;14.565;14.405;14.47;4597477
FR0000133308;09/08/17;14.39;14.39;14.175;14.325;7574249
FR0000133308;10/08/17;14.32;14.385;14.25;14.285;5418350
FR0000133308;11/08/17;14.22;14.265;14.035;14.065;6168310
FR0000133308;14/08/17;14.095;14.33;14.025;14.285;4539440
FR0000133308;15/08/17;14.315;14.43;14.31;14.33;3800562
FR0000133308;16/08/17;14.39;14.40;14.31;14.33;3615723
FR0000133308;17/08/17;14.32;14.35;14.195;14.245;5022717
FR0000133308;18/08/17;14.175;14.25;14.115;14.225;5245160
FR0000133308;21/08/17;14.20;14.21;14.10;14.155;5508134
FR0000133308;22/08/17;14.21;14.265;14.17;14.245;4652801
FR0000133308;23/08/17;14.27;14.355;14.225;14.25;3458238
FR0000133308;24/08/17;14.27;14.305;14.185;14.215;3191857
FR0000133308;25/08/17;14.225;14.25;14.10;14.15;3884264
FR0000133308;28/08/17;14.105;14.21;14.05;14.15;2874465
FR0000133308;29/08/17;14.055;14.135;13.965;14.11;5612752
FR0000133308;30/08/17;14.205;14.27;14.155;14.21;5126589
FR0000133308;31/08/17;14.245;14.325;14.20;14.275;5354757
FR0010208488;01/08/17;13.74;13.74;13.58;13.73;4743723
FR0010208488;02/08/17;13.76;13.785;13.59;13.645;3551739
FR0010208488;03/08/17;13.635;13.695;13.53;13.65;3343683
FR0010208488;04/08/17;13.66;13.97;13.635;13.845;5858003
FR0010208488;07/08/17;13.85;13.855;13.71;13.775;2988516
FR0010208488;08/08/17;13.80;13.875;13.72;13.835;2697315
FR0010208488;09/08/17;13.79;13.795;13.54;13.68;5455147
FR0010208488;10/08/17;13.67;13.835;13.62;13.74;5172665
FR0010208488;11/08/17;13.69;13.71;13.50;13.56;4425189
FR0010208488;14/08/17;13.585;13.875;13.585;13.81;3634252
FR0010208488;15/08/17;13.865;14.10;13.865;14.10;5005032
FR0010208488;16/08/17;14.09;14.175;14.07;14.08;4347306
FR0010208488;17/08/17;14.07;14.265;14.06;14.20;5649017
FR0010208488;18/08/17;14.05;14.245;14.05;14.15;6331201
FR0010208488;21/08/17;14.095;14.155;14.015;14.06;5255227
FR0010208488;22/08/17;14.105;14.205;14.085;14.19;2714402
FR0010208488;23/08/17;14.23;14.325;14.115;14.315;5361522
FR0010208488;24/08/17;14.30;14.575;14.30;14.50;6757912
FR0010208488;25/08/17;14.50;14.525;14.27;14.33;4881396
FR0010208488;28/08/17;14.25;14.34;14.18;14.275;1967674
FR0010208488;29/08/17;14.175;14.22;13.975;14.025;5626266
FR0010208488;30/08/17;14.075;14.08;13.91;13.965;4584767
FR0010208488;31/08/17;14.005;14.095;13.97;14.02;4692214
FR0010307819;01/08/17;58.71;59.49;58.00;59.32;1025921
FR0010307819;02/08/17;59.45;59.68;59.07;59.11;671198
FR0010307819;03/08/17;59.10;59.45;58.73;59.11;494271
FR0010307819;04/08/17;59.00;60.17;58.81;59.98;510284
FR0010307819;07/08/17;60.11;60.22;59.68;59.73;334486
FR0010307819;08/08/17;59.73;60.33;59.53;60.03;454690
FR0010307819;09/08/17;59.75;59.77;58.73;59.40;634453
FR0010307819;10/08/17;59.38;59.40;58.78;59.19;546897
FR0010307819;11/08/17;58.81;58.85;58.39;58.78;605611
FR0010307819;14/08/17;59.00;59.87;58.91;59.76;529320
FR0010307819;15/08/17;59.84;60.10;59.45;59.63;369185
FR0010307819;16/08/17;59.80;60.68;59.66;60.41;571591
FR0010307819;17/08/17;60.16;60.71;60.06;60.23;606748
FR0010307819;18/08/17;59.99;59.99;59.25;59.50;570643
FR0010307819;21/08/17;59.25;59.57;59.00;59.22;320338
FR0010307819;22/08/17;59.56;60.21;59.52;59.99;620257
FR0010307819;23/08/17;59.85;60.23;59.84;59.92;453544
FR0010307819;24/08/17;60.07;60.19;59.76;59.78;530920
FR0010307819;25/08/17;59.78;59.99;59.38;59.39;419284
FR0010307819;28/08/17;59.25;59.54;58.93;59.04;286560
FR0010307819;29/08/17;58.90;58.90;57.94;58.43;541451
FR0010307819;30/08/17;58.61;58.95;58.58;58.76;454439
FR0010307819;31/08/17;59.05;59.36;58.80;58.88;626612
FR0013176526;01/08/17;58.89;59.01;58.25;58.57;869091
FR0013176526;02/08/17;58.58;58.62;57.69;57.83;867015
FR0013176526;03/08/17;58.05;58.10;57.51;57.80;650040
FR0013176526;04/08/17;58.00;59.09;57.53;58.80;771980
FR0013176526;07/08/17;59.00;59.10;58.40;58.47;574873
FR0013176526;08/08/17;58.42;58.78;58.10;58.51;544504
FR0013176526;09/08/17;58.29;58.30;57.54;57.64;622190
FR0013176526;10/08/17;57.77;58.03;57.20;57.88;504626
FR0013176526;11/08/17;57.27;57.56;56.66;57.05;875063
FR0013176526;14/08/17;57.25;57.59;57.10;57.27;482580
FR0013176526;15/08/17;57.52;57.81;57.21;57.21;337949
FR0013176526;16/08/17;57.72;58.18;57.54;57.97;580768
FR0013176526;17/08/17;57.89;58.06;57.12;57.48;589141
FR0013176526;18/08/17;57.00;57.00;56.28;56.70;713354
FR0013176526;21/08/17;56.70;57.00;56.50;56.95;693222
FR0013176526;22/08/17;57.25;57.95;56.82;57.80;574726
FR0013176526;23/08/17;57.80;58.04;57.63;57.79;680239
FR0013176526;24/08/17;58.01;58.08;57.02;57.05;608493
FR0013176526;25/08/17;57.19;57.43;56.67;56.70;410690
FR0013176526;28/08/17;56.57;57.00;56.14;56.68;339144
FR0013176526;29/08/17;56.28;56.34;55.23;55.38;856215
FR0013176526;30/08/17;55.84;56.45;55.55;56.34;748919
FR0013176526;31/08/17;56.60;56.79;56.08;56.18;825450
GB00BDSFG982;01/08/17;24.27;24.365;23.745;23.755;1291822
GB00BDSFG982;02/08/17;23.975;23.975;23.345;23.545;1729111
GB00BDSFG982;03/08/17;23.475;23.495;23.01;23.32;1159287
GB00BDSFG982;04/08/17;23.18;23.535;22.975;23.34;1437491
GB00BDSFG982;07/08/17;23.41;23.545;23.19;23.225;738633
GB00BDSFG982;08/08/17;23.125;23.295;22.855;23.15;1297923
GB00BDSFG982;09/08/17;22.935;23.31;22.85;22.97;1107648
GB00BDSFG982;10/08/17;23.06;23.18;22.885;23.015;751782
GB00BDSFG982;11/08/17;22.82;22.83;22.26;22.425;1442342
GB00BDSFG982;14/08/17;22.42;22.695;22.285;22.49;973008
GB00BDSFG982;15/08/17;22.45;22.555;22.115;22.135;1176913
GB00BDSFG982;16/08/17;22.25;22.58;22.225;22.27;1182902
GB00BDSFG982;17/08/17;22.25;22.345;22.035;22.035;1035818
GB00BDSFG982;18/08/17;22.00;22.00;21.655;21.87;963191
GB00BDSFG982;21/08/17;21.82;21.845;21.55;21.55;1427499
GB00BDSFG982;22/08/17;21.615;21.905;21.615;21.64;808483
GB00BDSFG982;23/08/17;21.57;21.775;21.48;21.77;672202
GB00BDSFG982;24/08/17;21.865;21.895;21.42;21.42;792695
GB00BDSFG982;25/08/17;21.25;21.78;21.235;21.62;850960
GB00BDSFG982;28/08/17;21.545;21.685;21.29;21.36;558636
GB00BDSFG982;29/08/17;21.20;21.245;20.955;21.02;1218942
GB00BDSFG982;30/08/17;21.34;21.555;21.12;21.275;1235207
GB00BDSFG982;31/08/17;21.35;21.655;21.24;21.54;765949
LU1598757687;01/08/17;22.335;22.38;22.00;22.00;6235011
LU1598757687;02/08/17;21.97;22.00;21.19;21.32;10488220
LU1598757687;03/08/17;21.31;21.71;21.00;21.645;8164939
LU1598757687;04/08/17;21.53;22.19;21.50;22.165;8302705
LU1598757687;07/08/17;22.515;23.225;22.41;23.20;14644426
LU1598757687;08/08/17;23.00;23.315;22.805;23.285;7166744
LU1598757687;09/08/17;23.04;23.41;22.89;22.955;7215523
LU1598757687;10/08/17;22.90;23.01;22.67;22.93;7523553
LU1598757687;11/08/17;22.25;22.30;21.76;21.89;13056364
LU1598757687;14/08/17;22.06;22.25;21.935;21.97;5466877
LU1598757687;15/08/17;21.81;22.06;21.665;21.895;4730951
LU1598757687;16/08/17;21.93;22.54;21.93;22.495;6530545
LU1598757687;17/08/17;22.40;22.68;22.025;22.08;5835832
LU1598757687;18/08/17;21.80;22.20;21.755;22.20;7592046
LU1598757687;21/08/17;22.26;22.52;22.105;22.18;5503738
LU1598757687;22/08/17;22.26;22.36;22.01;22.24;5818164
LU1598757687;23/08/17;22.155;22.28;21.895;22.18;5240504
LU1598757687;24/08/17;22.25;22.30;22.06;22.20;3974313
LU1598757687;25/08/17;22.26;22.70;22.25;22.305;6029462
LU1598757687;28/08/17;22.29;22.30;22.085;22.20;3645962
LU1598757687;29/08/17;22.02;22.02;21.465;21.68;7082139
LU1598757687;30/08/17;22.015;22.285;21.95;22.285;5034596
LU1598757687;31/08/17;22.45;22.925;22.385;22.44;6907289
NL0000226223;01/08/17;14.38;14.495;14.225;14.37;2286164
NL0000226223;02/08/17;14.555;14.75;14.40;14.505;2818496
NL0000226223;03/08/17;14.50;14.685;14.465;14.67;2354679
NL0000226223;04/08/17;14.495;14.615;14.315;14.56;2692386
NL0000226223;07/08/17;14.565;14.685;14.445;14.67;1549616
NL0000226223;08/08/17;14.67;14.835;14.58;14.83;1781059
NL0000226223;09/08/17;14.63;14.67;14.475;14.59;2226568
NL0000226223;10/08/17;14.515;14.69;14.30;14.36;1808449
NL0000226223;11/08/17;14.19;14.195;13.745;13.97;3095503
NL0000226223;14/08/17;14.125;14.335;14.085;14.29;1290995
NL0000226223;15/08/17;14.43;14.565;14.255;14.44;1091400
NL0000226223;16/08/17;14.485;14.57;14.335;14.56;1213484
NL0000226223;17/08/17;14.50;14.63;14.40;14.40;1746189
NL0000226223;18/08/17;14.22;14.225;14.08;14.18;1915081
NL0000226223;21/08/17;14.125;14.265;13.995;14.09;1898302
NL0000226223;22/08/17;14.16;14.46;14.145;14.46;1400063
NL0000226223;23/08/17;14.43;14.545;14.305;14.40;1247222
NL0000226223;24/08/17;14.425;14.535;14.345;14.345;1308162
NL0000226223;25/08/17;14.42;14.58;14.35;14.435;1282395
NL0000226223;28/08/17;14.325;14.42;14.18;14.395;954962
NL0000226223;29/08/17;14.315;14.315;14.005;14.10;1974440
NL0000226223;30/08/17;14.21;14.28;14.055;14.195;1312860
NL0000226223;31/08/17;14.225;14.68;14.225;14.555;2643945
NL0000235190;01/08/17;72.00;72.28;70.86;72.03;1619840
NL0000235190;02/08/17;72.24;72.39;70.74;71.01;1526417
NL0000235190;03/08/17;70.97;72.01;70.89;71.28;1428208
NL0000235190;04/08/17;71.24;73.56;70.95;73.32;1756136
NL0000235190;07/08/17;73.60;73.71;72.23;72.43;1207571
NL0000235190;08/08/17;72.51;72.60;71.50;72.11;1250049
NL0000235190;09/08/17;71.79;71.80;70.88;71.49;1606046
NL0000235190;10/08/17;71.48;71.65;70.81;71.00;1252798
NL0000235190;11/08/17;70.64;71.08;70.17;70.75;1701738
NL0000235190;14/08/17;71.09;71.89;71.00;71.72;931951
NL0000235190;15/08/17;72.15;72.73;71.67;72.34;985503
NL0000235190;16/08/17;72.55;73.98;72.51;72.88;1481599
NL0000235190;17/08/17;72.60;72.91;71.88;72.19;1850067
NL0000235190;18/08/17;71.78;71.78;70.79;71.50;1858123
NL0000235190;21/08/17;71.32;71.38;70.39;70.84;1230288
NL0000235190;22/08/17;71.40;71.45;70.84;71.25;1071112
NL0000235190;23/08/17;71.27;71.46;70.63;70.81;856121
NL0000235190;24/08/17;70.83;70.98;70.37;70.37;1189469
NL0000235190;25/08/17;70.50;71.52;70.37;70.86;1122032
NL0000235190;28/08/17;70.56;70.68;69.86;70.17;635646
NL0000235190;29/08/17;69.56;69.56;68.42;68.72;1811805
NL0000235190;30/08/17;69.25;69.87;68.87;69.81;1060053
NL0000235190;31/08/17;70.17;71.05;69.98;70.61;1604178
