BE0003470755;01/07/13;101.20;101.75;99.57;100.25;253988
BE0003470755;02/07/13;100.10;100.75;99.51;100.10;180282
BE0003470755;03/07/13;99.35;99.53;98.25;99.37;271464
BE0003470755;04/07/13;99.88;100.35;98.63;99.99;236384
BE0003470755;05/07/13;100.20;100.80;97.20;97.44;308947
BE0003470755;08/07/13;98.46;99.91;97.82;99.76;185718
BE0003470755;09/07/13;99.83;101.80;99.67;101.25;160541
BE0003470755;10/07/13;101.10;101.95;100.65;101.90;144378
BE0003470755;11/07/13;103.00;103.50;101.95;102.45;178830
BE0003470755;12/07/13;102.95;103.35;102.25;103.15;142027
BE0003470755;15/07/13;103.40;104.10;103.00;103.30;77694
BE0003470755;16/07/13;103.45;103.45;102.45;102.55;98973
BE0003470755;17/07/13;104.50;106.20;103.50;105.95;224195
BE0003470755;18/07/13;105.50;105.55;103.10;104.70;203376
BE0003470755;19/07/13;104.60;106.10;103.65;105.20;180320
BE0003470755;22/07/13;105.05;105.15;103.90;104.05;119565
BE0003470755;23/07/13;104.45;104.95;103.65;103.75;96261
BE0003470755;24/07/13;104.35;105.65;104.00;105.15;125406
BE0003470755;25/07/13;104.90;105.35;101.00;101.90;276698
BE0003470755;26/07/13;102.15;102.70;101.75;102.00;159425
BE0003470755;29/07/13;102.10;102.90;101.60;101.80;153573
BE0003470755;30/07/13;101.70;104.30;101.70;104.10;251104
BE0003470755;31/07/13;103.50;103.50;100.50;101.80;505299
FR0000045072;01/07/13;6.653;6.728;6.455;6.675;8595764
FR0000045072;02/07/13;6.694;6.70;6.555;6.60;5249126
FR0000045072;03/07/13;6.50;6.532;6.254;6.487;9805038
FR0000045072;04/07/13;6.54;6.906;6.511;6.906;10420677
FR0000045072;05/07/13;6.917;7.036;6.765;6.765;10282811
FR0000045072;08/07/13;6.825;6.993;6.814;6.906;4686184
FR0000045072;09/07/13;6.949;6.967;6.72;6.778;8003837
FR0000045072;10/07/13;6.752;6.809;6.668;6.751;4542502
FR0000045072;11/07/13;6.885;6.895;6.765;6.804;5834204
FR0000045072;12/07/13;6.813;6.872;6.701;6.745;3803136
FR0000045072;15/07/13;6.756;6.833;6.756;6.788;3535762
FR0000045072;16/07/13;6.783;6.81;6.71;6.71;3983262
FR0000045072;17/07/13;6.777;6.816;6.697;6.766;5744262
FR0000045072;18/07/13;6.849;7.147;6.827;7.124;12505953
FR0000045072;19/07/13;7.11;7.293;7.073;7.256;10921002
FR0000045072;22/07/13;7.236;7.389;7.22;7.307;5894777
FR0000045072;23/07/13;7.366;7.39;7.266;7.266;6328955
FR0000045072;24/07/13;7.225;7.366;7.202;7.345;7401355
FR0000045072;25/07/13;7.321;7.40;7.223;7.395;6175883
FR0000045072;26/07/13;7.399;7.485;7.232;7.277;7385881
FR0000045072;29/07/13;7.196;7.21;7.075;7.173;7668506
FR0000045072;30/07/13;7.193;7.229;7.116;7.167;4221853
FR0000045072;31/07/13;7.17;7.23;7.083;7.178;5035642
FR0000051732;01/07/13;57.63;57.84;56.95;57.59;322624
FR0000051732;02/07/13;57.77;57.77;56.97;57.25;145029
FR0000051732;03/07/13;57.15;57.28;56.55;57.16;194326
FR0000051732;04/07/13;57.26;58.19;57.26;58.16;166656
FR0000051732;05/07/13;58.22;58.68;57.58;57.86;308945
FR0000051732;08/07/13;58.00;58.30;57.70;57.97;202698
FR0000051732;09/07/13;57.97;58.40;57.92;58.08;170363
FR0000051732;10/07/13;58.32;58.52;57.00;57.60;278275
FR0000051732;11/07/13;57.94;57.96;57.23;57.57;209700
FR0000051732;12/07/13;57.89;58.20;57.73;57.83;139874
FR0000051732;15/07/13;58.27;58.42;57.95;58.01;172006
FR0000051732;16/07/13;58.02;58.30;57.81;58.00;144175
FR0000051732;17/07/13;58.20;58.27;57.25;57.84;266529
FR0000051732;18/07/13;57.86;58.25;57.28;58.08;183200
FR0000051732;19/07/13;57.98;58.18;57.77;58.02;142046
FR0000051732;22/07/13;59.09;59.20;58.13;58.16;183567
FR0000051732;23/07/13;58.46;58.48;57.84;57.96;204636
FR0000051732;24/07/13;57.93;58.18;57.61;58.02;218997
FR0000051732;25/07/13;57.76;58.00;56.33;57.90;430460
FR0000051732;26/07/13;57.90;57.90;57.15;57.59;218805
FR0000051732;29/07/13;57.70;57.87;56.15;56.40;356774
FR0000051732;30/07/13;56.42;56.76;55.76;56.36;318681
FR0000051732;31/07/13;56.26;56.61;55.29;56.51;289896
FR0000073272;01/07/13;40.215;40.755;40.15;40.545;621435
FR0000073272;02/07/13;40.51;40.74;40.225;40.655;718798
FR0000073272;03/07/13;40.41;40.675;40.145;40.57;902265
FR0000073272;04/07/13;40.87;41.785;40.675;41.785;946905
FR0000073272;05/07/13;41.79;42.03;41.295;41.515;1059775
FR0000073272;08/07/13;41.81;42.41;41.81;42.225;489519
FR0000073272;09/07/13;42.49;42.82;42.25;42.61;894569
FR0000073272;10/07/13;42.64;42.855;42.175;42.61;610179
FR0000073272;11/07/13;43.11;43.275;42.36;42.80;776216
FR0000073272;12/07/13;42.735;42.80;42.28;42.655;744354
FR0000073272;15/07/13;42.82;43.165;42.765;43.08;544817
FR0000073272;16/07/13;42.955;43.075;42.50;42.65;529212
FR0000073272;17/07/13;42.895;43.065;42.235;42.40;804350
FR0000073272;18/07/13;42.48;43.25;42.40;43.25;711314
FR0000073272;19/07/13;43.31;43.35;42.63;43.275;800603
FR0000073272;22/07/13;43.31;43.55;43.05;43.525;439662
FR0000073272;23/07/13;43.61;43.69;43.20;43.20;656989
FR0000073272;24/07/13;42.99;43.12;42.53;42.55;920389
FR0000073272;25/07/13;42.69;43.15;42.625;42.995;751208
FR0000073272;26/07/13;43.92;44.88;42.545;43.22;1030828
FR0000073272;29/07/13;43.27;43.72;43.185;43.47;453665
FR0000073272;30/07/13;43.60;43.92;43.48;43.78;616467
FR0000073272;31/07/13;43.77;44.35;43.77;44.14;671973
FR0000120073;01/07/13;78.9256;79.5455;77.4298;78.4298;884820
FR0000120073;02/07/13;78.3636;78.3884;77.5785;78.0661;756274
FR0000120073;03/07/13;77.7273;78.157;77.3058;77.9669;664655
FR0000120073;04/07/13;78.2645;79.1405;77.3967;79.1322;994681
FR0000120073;05/07/13;79.124;79.3223;77.7108;77.7108;825234
FR0000120073;08/07/13;78.0992;79.2727;77.9917;78.876;667368
FR0000120073;09/07/13;79.3388;80.0992;79.0909;79.719;641990
FR0000120073;10/07/13;79.562;79.8926;78.9752;79.5785;553436
FR0000120073;11/07/13;80.281;80.8182;79.8182;80.7769;697206
FR0000120073;12/07/13;80.5207;80.9752;80.3223;80.4711;637503
FR0000120073;15/07/13;80.3636;80.9669;80.124;80.6529;526797
FR0000120073;16/07/13;80.6612;80.7686;80.0827;80.2314;413363
FR0000120073;17/07/13;80.562;81.1157;79.7603;80.7438;564452
FR0000120073;18/07/13;80.4959;81.3471;80.1405;81.3471;714722
FR0000120073;19/07/13;80.9917;81.7686;80.5703;81.7686;964075
FR0000120073;22/07/13;81.7273;82.0579;81.0744;81.5785;661521
FR0000120073;23/07/13;81.5868;81.7686;80.9091;80.9752;573244
FR0000120073;24/07/13;81.1405;81.6446;80.7686;81.5702;655622
FR0000120073;25/07/13;81.6777;81.8182;80.9256;81.1322;821824
FR0000120073;26/07/13;81.2314;81.8182;81.0744;81.3636;628816
FR0000120073;29/07/13;81.1736;81.8182;80.1488;80.4793;1014560
FR0000120073;30/07/13;81.6942;83.4711;81.3802;83.3471;1488790
FR0000120073;31/07/13;82.8926;83.2645;82.0083;82.4628;1054060
FR0000120172;01/07/13;21.19;21.44;20.775;21.26;1945820
FR0000120172;02/07/13;21.425;21.425;20.795;21.16;1773075
FR0000120172;03/07/13;20.915;20.92;20.455;20.81;2091394
FR0000120172;04/07/13;20.99;21.735;20.94;21.725;3102230
FR0000120172;05/07/13;21.735;21.78;21.135;21.205;2249045
FR0000120172;08/07/13;21.38;21.59;21.265;21.42;2224845
FR0000120172;09/07/13;21.425;21.595;21.255;21.345;1618906
FR0000120172;10/07/13;21.355;21.425;20.965;21.15;1625211
FR0000120172;11/07/13;21.50;21.52;21.26;21.39;1717454
FR0000120172;12/07/13;21.515;21.665;21.15;21.18;1704270
FR0000120172;15/07/13;21.65;21.73;21.435;21.585;2234178
FR0000120172;16/07/13;21.665;22.255;21.50;22.255;3526219
FR0000120172;17/07/13;22.275;22.50;21.895;22.325;2625341
FR0000120172;18/07/13;22.50;23.26;22.38;23.24;4283597
FR0000120172;19/07/13;22.955;23.045;22.75;22.90;2132308
FR0000120172;22/07/13;22.945;23.32;22.94;23.13;2038877
FR0000120172;23/07/13;23.40;23.445;23.135;23.165;1700595
FR0000120172;24/07/13;23.35;23.60;23.24;23.55;2771368
FR0000120172;25/07/13;23.46;23.545;22.73;22.96;2665962
FR0000120172;26/07/13;23.04;23.17;22.365;22.50;2207278
FR0000120172;29/07/13;22.54;22.755;22.51;22.59;1306604
FR0000120172;30/07/13;22.73;23.38;22.65;23.175;2307181
FR0000120172;31/07/13;22.86;23.225;22.82;23.07;2201380
FR0000120271;01/07/13;37.68;37.81;37.33;37.50;3752650
FR0000120271;02/07/13;37.62;37.62;37.005;37.145;3435185
FR0000120271;03/07/13;36.865;37.055;36.615;37.025;4296423
FR0000120271;04/07/13;37.365;37.875;37.20;37.73;5217326
FR0000120271;05/07/13;37.725;38.12;37.185;37.185;3664321
FR0000120271;08/07/13;37.555;38.205;37.49;38.04;4000361
FR0000120271;09/07/13;38.22;38.41;38.05;38.17;3359263
FR0000120271;10/07/13;38.17;38.285;37.885;38.24;2999638
FR0000120271;11/07/13;38.65;38.73;38.365;38.50;3740976
FR0000120271;12/07/13;38.625;38.895;38.465;38.60;2928106
FR0000120271;15/07/13;38.605;39.00;38.60;38.995;2417292
FR0000120271;16/07/13;39.00;39.00;38.725;38.85;3086680
FR0000120271;17/07/13;38.95;39.315;38.715;39.045;3560766
FR0000120271;18/07/13;39.05;39.95;38.925;39.87;5418157
FR0000120271;19/07/13;39.73;39.77;39.465;39.77;5409610
FR0000120271;22/07/13;39.795;40.245;39.59;40.18;3845571
FR0000120271;23/07/13;40.155;40.32;39.81;39.87;3316370
FR0000120271;24/07/13;39.80;40.345;39.77;40.20;3747747
FR0000120271;25/07/13;40.085;40.20;39.58;40.005;3077318
FR0000120271;26/07/13;39.875;40.22;39.68;40.065;4027105
FR0000120271;29/07/13;40.025;40.39;39.82;39.855;4370417
FR0000120271;30/07/13;39.90;40.355;39.85;40.205;3620356
FR0000120271;31/07/13;39.97;40.26;39.81;40.10;4994460
FR0000120321;01/07/13;126.60;128.80;126.15;128.20;498197
FR0000120321;02/07/13;128.40;128.40;126.55;127.00;387422
FR0000120321;03/07/13;125.95;126.35;124.15;125.55;665118
FR0000120321;04/07/13;126.25;128.90;126.25;128.90;595768
FR0000120321;05/07/13;129.00;129.25;126.60;126.70;487009
FR0000120321;08/07/13;126.65;129.65;126.65;128.95;466110
FR0000120321;09/07/13;128.95;129.60;128.50;128.70;415278
FR0000120321;10/07/13;128.45;129.80;127.75;129.05;353788
FR0000120321;11/07/13;130.00;130.20;128.80;129.45;491868
FR0000120321;12/07/13;130.00;130.95;129.45;129.65;403939
FR0000120321;15/07/13;130.00;130.95;129.70;130.85;334268
FR0000120321;16/07/13;131.00;131.00;128.35;128.80;419094
FR0000120321;17/07/13;125.50;128.55;123.40;128.00;933016
FR0000120321;18/07/13;127.35;129.00;126.85;129.00;497516
FR0000120321;19/07/13;128.80;128.85;127.40;128.50;469447
FR0000120321;22/07/13;128.75;128.90;127.00;127.40;388193
FR0000120321;23/07/13;127.50;127.90;126.60;126.90;347785
FR0000120321;24/07/13;126.95;128.00;126.25;127.35;397237
FR0000120321;25/07/13;127.50;127.55;125.05;125.55;511778
FR0000120321;26/07/13;126.30;127.20;124.90;125.35;368719
FR0000120321;29/07/13;125.40;126.95;124.45;125.00;550125
FR0000120321;30/07/13;125.25;126.25;123.95;125.75;541718
FR0000120321;31/07/13;125.45;126.70;125.20;125.95;544224
FR0000120404;01/07/13;27.38;27.695;27.20;27.655;791245
FR0000120404;02/07/13;27.70;27.965;27.46;27.61;725811
FR0000120404;03/07/13;27.42;27.56;27.17;27.51;634757
FR0000120404;04/07/13;27.55;27.94;27.365;27.83;759822
FR0000120404;05/07/13;27.795;28.06;27.54;27.64;738005
FR0000120404;08/07/13;27.815;27.865;27.52;27.555;783185
FR0000120404;09/07/13;27.65;27.87;27.565;27.61;615432
FR0000120404;10/07/13;27.65;27.75;27.29;27.575;576761
FR0000120404;11/07/13;27.895;27.99;27.04;27.215;1017861
FR0000120404;12/07/13;27.275;27.54;27.25;27.28;403749
FR0000120404;15/07/13;27.495;27.54;27.43;27.50;555679
FR0000120404;16/07/13;27.50;27.595;27.245;27.495;430131
FR0000120404;17/07/13;27.63;27.90;27.27;27.605;753393
FR0000120404;18/07/13;27.51;27.87;27.445;27.87;736364
FR0000120404;19/07/13;27.775;27.94;27.765;27.915;645231
FR0000120404;22/07/13;27.845;27.915;27.67;27.70;525639
FR0000120404;23/07/13;27.71;27.785;27.32;27.455;535471
FR0000120404;24/07/13;27.525;28.80;27.525;28.515;1240731
FR0000120404;25/07/13;28.55;28.60;28.295;28.50;697857
FR0000120404;26/07/13;28.56;28.60;28.355;28.43;468686
FR0000120404;29/07/13;28.44;28.54;28.31;28.405;399703
FR0000120404;30/07/13;28.40;28.54;28.24;28.29;744045
FR0000120404;31/07/13;28.205;28.43;28.025;28.36;918929
FR0000120503;01/07/13;19.775;19.86;19.415;19.655;814667
FR0000120503;02/07/13;19.61;19.72;19.455;19.61;596007
FR0000120503;03/07/13;19.52;19.535;19.255;19.47;820738
FR0000120503;04/07/13;19.67;19.99;19.57;19.91;1080054
FR0000120503;05/07/13;19.54;19.75;19.415;19.415;1054105
FR0000120503;08/07/13;19.575;20.02;19.575;19.88;798954
FR0000120503;09/07/13;19.915;20.04;19.845;19.945;711153
FR0000120503;10/07/13;19.93;20.00;19.62;19.90;579748
FR0000120503;11/07/13;20.10;20.31;20.035;20.24;1065833
FR0000120503;12/07/13;20.39;20.785;20.335;20.425;1138393
FR0000120503;15/07/13;20.44;20.60;20.315;20.60;655427
FR0000120503;16/07/13;20.59;20.73;20.275;20.36;610729
FR0000120503;17/07/13;20.30;20.53;19.96;20.46;813474
FR0000120503;18/07/13;20.405;20.465;20.085;20.45;796581
FR0000120503;19/07/13;20.49;20.60;20.28;20.53;637307
FR0000120503;22/07/13;20.55;20.63;20.39;20.59;510051
FR0000120503;23/07/13;21.45;22.295;21.325;22.00;3927278
FR0000120503;24/07/13;21.99;22.095;21.565;22.005;1437514
FR0000120503;25/07/13;21.92;22.05;21.665;21.765;1103759
FR0000120503;26/07/13;21.83;22.115;21.775;21.99;1251451
FR0000120503;29/07/13;21.975;22.01;21.72;21.855;1259496
FR0000120503;30/07/13;21.90;22.19;21.80;22.08;869181
FR0000120503;31/07/13;22.03;22.03;21.69;21.97;1062846
FR0000120578;01/07/13;79.50;80.51;79.13;79.87;2437859
FR0000120578;02/07/13;79.94;79.96;78.58;78.82;2159117
FR0000120578;03/07/13;77.81;78.15;77.10;77.71;2972816
FR0000120578;04/07/13;78.33;80.50;78.19;80.47;2627764
FR0000120578;05/07/13;80.41;81.15;79.06;79.06;2780435
FR0000120578;08/07/13;79.60;80.92;79.50;80.50;2099095
FR0000120578;09/07/13;80.55;80.84;80.09;80.34;2228598
FR0000120578;10/07/13;80.11;80.63;78.84;79.11;2610944
FR0000120578;11/07/13;80.00;80.27;79.26;79.84;2443064
FR0000120578;12/07/13;80.21;80.62;79.44;79.64;1840944
FR0000120578;15/07/13;79.98;80.80;79.65;80.20;1396238
FR0000120578;16/07/13;80.50;80.50;78.85;78.94;1797327
FR0000120578;17/07/13;79.26;79.81;78.62;79.12;2045555
FR0000120578;18/07/13;79.05;80.88;78.82;80.87;2540296
FR0000120578;19/07/13;80.65;80.69;79.15;79.56;2292768
FR0000120578;22/07/13;79.75;80.27;79.27;80.26;1663739
FR0000120578;23/07/13;80.60;80.60;79.58;79.58;1673229
FR0000120578;24/07/13;79.60;80.84;79.36;79.75;2037989
FR0000120578;25/07/13;79.89;80.33;78.74;79.40;1854561
FR0000120578;26/07/13;79.64;80.14;79.46;79.65;1416006
FR0000120578;29/07/13;79.68;80.29;79.40;79.62;1591435
FR0000120578;30/07/13;79.69;80.54;79.55;80.08;1766331
FR0000120578;31/07/13;79.00;80.71;78.85;80.17;3129489
FR0000120628;01/07/13;15.35;15.545;15.09;15.38;5976820
FR0000120628;02/07/13;15.485;15.49;15.195;15.23;4617746
FR0000120628;03/07/13;15.11;15.11;14.785;15.02;7861265
FR0000120628;04/07/13;15.17;15.63;15.09;15.615;7900073
FR0000120628;05/07/13;15.65;15.915;15.455;15.49;6779538
FR0000120628;08/07/13;15.61;16.095;15.61;15.96;6436837
FR0000120628;09/07/13;16.05;16.245;16.045;16.18;6704479
FR0000120628;10/07/13;16.14;16.425;16.13;16.39;6126195
FR0000120628;11/07/13;16.50;16.585;15.995;16.10;9102220
FR0000120628;12/07/13;16.15;16.34;15.965;16.12;6430562
FR0000120628;15/07/13;16.20;16.29;15.93;16.135;4265062
FR0000120628;16/07/13;16.09;16.165;15.87;15.91;4499476
FR0000120628;17/07/13;15.97;16.245;15.855;16.16;5603447
FR0000120628;18/07/13;16.035;16.505;16.035;16.505;5215061
FR0000120628;19/07/13;16.375;16.60;16.335;16.60;5113121
FR0000120628;22/07/13;16.62;16.81;16.585;16.72;4314865
FR0000120628;23/07/13;16.75;16.865;16.545;16.545;5848663
FR0000120628;24/07/13;16.575;16.795;16.555;16.645;6611473
FR0000120628;25/07/13;16.605;16.765;16.405;16.71;4918589
FR0000120628;26/07/13;16.82;16.965;16.525;16.60;4137623
FR0000120628;29/07/13;16.61;16.795;16.505;16.67;5460869
FR0000120628;30/07/13;16.745;16.89;16.565;16.66;4621343
FR0000120628;31/07/13;16.60;16.71;16.415;16.575;4637970
FR0000120644;01/07/13;57.68;58.31;57.42;57.47;1337659
FR0000120644;02/07/13;56.61;56.89;56.15;56.59;1670329
FR0000120644;03/07/13;56.46;56.50;54.50;55.00;3058906
FR0000120644;04/07/13;55.43;56.83;55.04;56.42;2464599
FR0000120644;05/07/13;56.35;56.75;55.50;55.50;1588617
FR0000120644;08/07/13;55.70;56.47;55.56;56.11;1545860
FR0000120644;09/07/13;56.21;56.64;55.94;56.35;1426513
FR0000120644;10/07/13;56.41;57.25;56.34;56.99;1448760
FR0000120644;11/07/13;57.66;57.93;56.82;57.18;1854116
FR0000120644;12/07/13;57.67;57.75;56.92;57.00;910653
FR0000120644;15/07/13;57.25;57.42;56.89;57.36;946228
FR0000120644;16/07/13;57.31;57.41;56.68;56.78;934368
FR0000120644;17/07/13;56.90;57.47;56.52;57.40;1104999
FR0000120644;18/07/13;57.22;57.87;56.85;57.85;1002270
FR0000120644;19/07/13;57.88;57.93;57.08;57.39;1240379
FR0000120644;22/07/13;57.50;57.87;57.29;57.64;967700
FR0000120644;23/07/13;57.52;57.90;57.35;57.40;937588
FR0000120644;24/07/13;57.67;58.71;57.50;58.41;1777756
FR0000120644;25/07/13;58.50;58.82;57.34;57.68;1716604
FR0000120644;26/07/13;58.05;58.56;57.39;57.46;1418818
FR0000120644;29/07/13;59.00;59.75;58.62;59.27;2996314
FR0000120644;30/07/13;59.80;59.98;59.25;59.65;1410902
FR0000120644;31/07/13;59.42;59.61;59.02;59.40;1629085
FR0000120693;01/07/13;85.74;88.15;85.52;87.90;726849
FR0000120693;02/07/13;87.99;87.99;86.32;86.84;470449
FR0000120693;03/07/13;86.43;86.43;85.38;85.89;567434
FR0000120693;04/07/13;86.44;87.82;86.31;87.59;418327
FR0000120693;05/07/13;87.80;87.96;86.29;86.29;497560
FR0000120693;08/07/13;86.90;87.97;86.79;87.93;455983
FR0000120693;09/07/13;88.32;88.41;87.77;88.23;460388
FR0000120693;10/07/13;88.14;88.67;87.87;88.41;368017
FR0000120693;11/07/13;89.11;89.90;88.90;89.70;550142
FR0000120693;12/07/13;89.80;90.20;87.47;87.53;501747
FR0000120693;15/07/13;87.63;88.52;87.36;88.23;271460
FR0000120693;16/07/13;88.50;88.89;87.44;87.93;422216
FR0000120693;17/07/13;87.80;88.95;87.15;88.17;582000
FR0000120693;18/07/13;86.75;87.14;85.50;86.72;1025632
FR0000120693;19/07/13;86.69;86.98;86.37;86.98;662784
FR0000120693;22/07/13;87.28;88.02;86.90;87.68;380358
FR0000120693;23/07/13;87.76;87.88;87.18;87.79;381016
FR0000120693;24/07/13;87.85;89.55;87.40;89.29;674600
FR0000120693;25/07/13;89.60;89.60;88.03;88.19;521787
FR0000120693;26/07/13;88.30;88.91;87.64;88.80;399210
FR0000120693;29/07/13;88.75;89.51;88.68;89.45;426541
FR0000120693;30/07/13;89.58;90.10;89.40;89.60;298752
FR0000120693;31/07/13;89.70;89.74;88.90;89.50;538669
FR0000121014;01/07/13;125.95;127.90;124.90;127.35;954831
FR0000121014;02/07/13;128.35;128.45;125.25;126.10;676827
FR0000121014;03/07/13;125.00;125.10;123.50;124.75;658907
FR0000121014;04/07/13;125.95;126.50;125.60;126.30;898710
FR0000121014;05/07/13;126.60;127.95;125.05;125.05;732806
FR0000121014;08/07/13;126.65;129.40;126.05;128.75;717350
FR0000121014;09/07/13;131.40;132.00;130.25;131.40;931803
FR0000121014;10/07/13;132.50;134.60;131.70;132.40;961963
FR0000121014;11/07/13;134.00;134.55;132.40;133.65;695484
FR0000121014;12/07/13;134.25;134.60;132.90;133.25;441864
FR0000121014;15/07/13;133.90;134.95;133.35;133.95;354087
FR0000121014;16/07/13;134.40;134.60;131.35;131.65;616413
FR0000121014;17/07/13;131.70;133.75;130.40;133.10;671098
FR0000121014;18/07/13;133.05;134.40;132.30;134.00;679285
FR0000121014;19/07/13;133.00;133.75;131.80;132.95;732195
FR0000121014;22/07/13;133.30;133.60;131.55;131.60;753319
FR0000121014;23/07/13;132.20;132.20;129.25;130.05;825949
FR0000121014;24/07/13;129.85;132.50;129.80;130.40;732342
FR0000121014;25/07/13;131.10;131.50;129.25;130.40;564542
FR0000121014;26/07/13;133.50;137.80;133.20;135.05;1881073
FR0000121014;29/07/13;136.00;137.20;133.90;134.45;831866
FR0000121014;30/07/13;135.30;135.95;134.10;135.80;741040
FR0000121014;31/07/13;135.75;137.00;135.15;136.65;824843
FR0000121220;01/07/13;64.17;65.41;64.11;65.39;184267
FR0000121220;02/07/13;65.40;65.69;64.81;65.12;194639
FR0000121220;03/07/13;64.92;65.45;64.49;64.90;182328
FR0000121220;04/07/13;66.10;66.91;65.66;66.72;211796
FR0000121220;05/07/13;66.73;66.73;65.62;65.64;168868
FR0000121220;08/07/13;65.65;66.73;65.65;66.27;119377
FR0000121220;09/07/13;66.69;67.60;66.65;66.90;256627
FR0000121220;10/07/13;67.50;68.52;67.29;68.16;278662
FR0000121220;11/07/13;68.42;69.34;68.17;68.53;186777
FR0000121220;12/07/13;68.52;69.27;68.52;68.69;121503
FR0000121220;15/07/13;68.67;68.90;68.24;68.69;124448
FR0000121220;16/07/13;68.68;68.92;68.08;68.43;127899
FR0000121220;17/07/13;68.44;69.02;68.08;69.02;140296
FR0000121220;18/07/13;69.01;69.57;68.89;69.02;163333
FR0000121220;19/07/13;69.01;69.12;67.90;68.14;213333
FR0000121220;22/07/13;68.13;68.15;67.40;67.61;146204
FR0000121220;23/07/13;67.62;67.89;67.22;67.65;89821
FR0000121220;24/07/13;67.66;69.18;67.64;68.84;157370
FR0000121220;25/07/13;68.64;68.85;67.79;67.95;116234
FR0000121220;26/07/13;67.98;68.53;67.83;67.83;89075
FR0000121220;29/07/13;67.84;68.73;67.70;67.94;107820
FR0000121220;30/07/13;67.95;68.91;67.85;68.74;136135
FR0000121220;31/07/13;68.73;68.94;68.40;68.66;149979
FR0000121261;01/07/13;69.05;69.71;67.95;69.14;447605
FR0000121261;02/07/13;70.98;71.73;69.73;70.55;970257
FR0000121261;03/07/13;70.05;70.60;68.66;70.60;745912
FR0000121261;04/07/13;70.95;72.76;70.72;72.76;991476
FR0000121261;05/07/13;72.58;72.89;70.54;70.59;817135
FR0000121261;08/07/13;71.24;72.29;71.23;71.48;522316
FR0000121261;09/07/13;71.48;72.60;71.32;72.48;539339
FR0000121261;10/07/13;72.47;72.82;71.49;72.80;527174
FR0000121261;11/07/13;73.00;73.11;72.31;72.98;550555
FR0000121261;12/07/13;73.07;73.42;72.60;73.08;550811
FR0000121261;15/07/13;72.99;73.54;72.19;72.49;410964
FR0000121261;16/07/13;73.05;74.96;73.05;74.36;967208
FR0000121261;17/07/13;74.23;75.13;73.67;75.03;676578
FR0000121261;18/07/13;74.64;76.55;74.64;76.55;827125
FR0000121261;19/07/13;76.00;76.74;75.68;76.11;686576
FR0000121261;22/07/13;76.49;77.61;75.78;77.61;707773
FR0000121261;23/07/13;77.65;77.98;75.94;76.30;638628
FR0000121261;24/07/13;76.90;77.73;75.94;76.92;901742
FR0000121261;25/07/13;74.80;76.02;72.82;75.84;1819725
FR0000121261;26/07/13;76.00;76.12;74.71;75.23;585656
FR0000121261;29/07/13;75.17;75.94;75.10;75.36;578964
FR0000121261;30/07/13;75.43;76.74;75.43;76.23;535712
FR0000121261;31/07/13;76.35;76.72;75.33;75.48;604129
FR0000121485;01/07/13;157.00;161.50;155.70;161.50;289300
FR0000121485;02/07/13;161.60;161.70;158.50;160.45;265517
FR0000121485;03/07/13;158.85;158.90;155.85;157.55;321369
FR0000121485;04/07/13;163.65;166.35;162.65;166.30;462801
FR0000121485;05/07/13;166.30;167.80;164.50;165.55;219110
FR0000121485;08/07/13;166.40;169.05;166.35;167.30;214565
FR0000121485;09/07/13;168.70;169.00;167.75;168.15;264681
FR0000121485;10/07/13;168.40;169.70;165.60;167.60;274145
FR0000121485;11/07/13;170.00;170.20;167.90;169.10;318493
FR0000121485;12/07/13;169.85;170.30;167.75;168.05;253823
FR0000121485;15/07/13;168.35;169.15;167.85;168.85;131307
FR0000121485;16/07/13;168.70;169.60;166.30;166.60;189041
FR0000121485;17/07/13;166.50;169.55;166.45;169.50;289191
FR0000121485;18/07/13;169.40;172.25;168.70;172.25;341386
FR0000121485;19/07/13;171.65;172.60;170.00;170.45;170193
FR0000121485;22/07/13;171.20;171.50;168.85;168.85;121440
FR0000121485;23/07/13;169.80;170.10;167.15;167.15;178240
FR0000121485;24/07/13;166.35;168.25;166.10;166.55;241743
FR0000121485;25/07/13;167.85;171.65;165.15;170.90;343881
FR0000121485;26/07/13;174.40;178.60;174.40;177.50;423168
FR0000121485;29/07/13;176.80;177.35;173.90;174.50;395332
FR0000121485;30/07/13;175.55;175.70;173.50;173.80;210343
FR0000121485;31/07/13;173.95;175.20;171.60;172.10;246175
FR0000121501;01/07/13;4.106;4.156;3.871;3.969;3750325
FR0000121501;02/07/13;3.962;3.998;3.741;3.79;3212897
FR0000121501;03/07/13;3.736;4.044;3.572;4.027;6270071
FR0000121501;04/07/13;4.40;4.66;4.312;4.66;10898820
FR0000121501;05/07/13;4.70;5.05;4.604;4.898;9122836
FR0000121501;08/07/13;4.931;5.139;4.931;5.06;5189929
FR0000121501;09/07/13;5.06;5.244;4.958;5.163;5930816
FR0000121501;10/07/13;5.128;5.30;4.885;5.263;6844999
FR0000121501;11/07/13;5.30;5.384;5.196;5.349;5352347
FR0000121501;12/07/13;5.39;5.775;5.353;5.669;10496215
FR0000121501;15/07/13;5.748;5.79;5.577;5.673;5718166
FR0000121501;16/07/13;5.60;5.756;5.509;5.699;4405032
FR0000121501;17/07/13;5.692;5.87;5.62;5.749;5040143
FR0000121501;18/07/13;5.95;6.445;5.914;6.301;12193876
FR0000121501;19/07/13;6.30;6.47;6.162;6.327;5752393
FR0000121501;22/07/13;6.33;6.55;6.228;6.30;4782470
FR0000121501;23/07/13;6.30;6.338;6.019;6.206;4737900
FR0000121501;24/07/13;6.19;6.559;6.11;6.476;5659140
FR0000121501;25/07/13;6.50;6.549;6.25;6.377;3487053
FR0000121501;26/07/13;6.50;6.55;6.176;6.222;3755577
FR0000121501;29/07/13;6.321;6.49;6.249;6.455;3647736
FR0000121501;30/07/13;6.48;6.94;6.301;6.80;8058017
FR0000121501;31/07/13;7.50;7.744;7.332;7.40;14030257
FR0000121667;01/07/13;82.03;82.53;81.12;82.10;426038
FR0000121667;02/07/13;82.11;82.14;80.89;81.21;406779
FR0000121667;03/07/13;80.49;80.68;78.71;79.43;846107
FR0000121667;04/07/13;81.35;83.80;81.05;83.70;730506
FR0000121667;05/07/13;83.82;84.30;82.42;82.42;483806
FR0000121667;08/07/13;82.41;83.88;82.12;83.06;474048
FR0000121667;09/07/13;82.95;83.25;81.90;82.01;682086
FR0000121667;10/07/13;82.01;82.69;81.47;81.86;362013
FR0000121667;11/07/13;82.44;82.88;81.42;82.02;527551
FR0000121667;12/07/13;82.56;83.39;82.00;82.22;398269
FR0000121667;15/07/13;82.60;83.24;82.30;82.59;263752
FR0000121667;16/07/13;82.89;82.89;81.15;81.45;379121
FR0000121667;17/07/13;81.75;82.03;81.10;81.72;402810
FR0000121667;18/07/13;81.68;81.89;81.10;81.63;520680
FR0000121667;19/07/13;81.53;81.73;81.00;81.29;581846
FR0000121667;22/07/13;81.41;81.41;80.71;80.92;382323
FR0000121667;23/07/13;81.26;81.26;80.10;80.24;377385
FR0000121667;24/07/13;80.31;81.87;80.01;81.46;506858
FR0000121667;25/07/13;81.69;81.69;80.12;80.64;436215
FR0000121667;26/07/13;81.03;81.67;80.41;80.64;333327
FR0000121667;29/07/13;82.55;86.35;82.55;85.62;1210516
FR0000121667;30/07/13;85.69;85.87;83.72;84.55;866778
FR0000121667;31/07/13;83.89;84.49;83.50;84.10;578231
FR0000121972;01/07/13;56.07;57.00;55.68;56.72;1326783
FR0000121972;02/07/13;57.03;57.03;55.76;55.99;1040332
FR0000121972;03/07/13;55.34;55.68;54.66;55.58;1607277
FR0000121972;04/07/13;56.16;57.78;55.71;57.78;1706764
FR0000121972;05/07/13;57.67;57.67;55.91;56.00;1992285
FR0000121972;08/07/13;56.56;57.69;56.22;57.34;1279684
FR0000121972;09/07/13;57.59;57.88;57.13;57.26;1025204
FR0000121972;10/07/13;57.07;57.37;56.43;57.11;926252
FR0000121972;11/07/13;58.08;58.17;57.72;58.06;1240342
FR0000121972;12/07/13;56.25;56.25;55.22;55.70;3112531
FR0000121972;15/07/13;55.87;56.47;54.82;55.01;1717753
FR0000121972;16/07/13;55.14;55.42;54.82;55.00;1295039
FR0000121972;17/07/13;55.15;56.48;54.79;56.45;1704939
FR0000121972;18/07/13;56.04;56.80;55.89;56.79;1305338
FR0000121972;19/07/13;56.46;57.74;56.19;57.74;1558517
FR0000121972;22/07/13;57.81;57.94;56.61;56.92;1656835
FR0000121972;23/07/13;57.23;57.46;56.62;56.68;1078733
FR0000121972;24/07/13;56.99;58.02;56.91;57.99;1454420
FR0000121972;25/07/13;58.16;58.17;57.31;57.91;1366403
FR0000121972;26/07/13;58.04;58.34;57.92;58.34;1083457
FR0000121972;29/07/13;58.32;58.64;57.68;57.95;1081223
FR0000121972;30/07/13;58.41;58.77;57.94;58.01;1066648
FR0000121972;31/07/13;59.17;61.25;59.15;59.81;3169278
FR0000124141;01/07/13;8.881;8.934;8.729;8.767;2777131
FR0000124141;02/07/13;8.789;8.813;8.632;8.774;2314160
FR0000124141;03/07/13;8.694;8.708;8.555;8.612;3346366
FR0000124141;04/07/13;8.662;8.701;8.512;8.563;4438489
FR0000124141;05/07/13;8.609;8.738;8.57;8.588;4167638
FR0000124141;08/07/13;8.634;9.00;8.588;8.961;4542399
FR0000124141;09/07/13;9.00;9.262;8.97;9.118;4145721
FR0000124141;10/07/13;9.11;9.423;9.007;9.37;4835227
FR0000124141;11/07/13;9.65;9.687;9.466;9.579;4025618
FR0000124141;12/07/13;9.565;9.616;9.45;9.488;2155857
FR0000124141;15/07/13;9.532;9.687;9.51;9.675;2080358
FR0000124141;16/07/13;9.651;9.83;9.632;9.653;3401794
FR0000124141;17/07/13;9.709;9.86;9.673;9.739;2688986
FR0000124141;18/07/13;9.716;9.943;9.684;9.913;2653990
FR0000124141;19/07/13;9.931;9.94;9.76;9.902;2869997
FR0000124141;22/07/13;9.892;10.04;9.797;9.93;2075759
FR0000124141;23/07/13;9.991;10.045;9.839;9.854;2191951
FR0000124141;24/07/13;9.928;10.02;9.831;9.862;2783597
FR0000124141;25/07/13;9.843;9.873;9.708;9.802;2349560
FR0000124141;26/07/13;9.786;9.899;9.731;9.814;1779265
FR0000124141;29/07/13;9.823;9.899;9.82;9.863;1473204
FR0000124141;30/07/13;9.883;10.07;9.86;9.987;2532022
FR0000124141;31/07/13;9.989;10.18;9.987;10.085;2906029
FR0000124711;01/07/13;180.00;181.60;175.25;176.05;442656
FR0000124711;02/07/13;175.90;178.55;174.40;178.20;484376
FR0000124711;03/07/13;176.30;178.40;175.00;178.00;516138
FR0000124711;04/07/13;179.60;180.70;177.10;180.60;554019
FR0000124711;05/07/13;180.55;183.05;178.75;180.05;514866
FR0000124711;08/07/13;181.40;182.55;180.35;181.80;382658
FR0000124711;09/07/13;183.90;185.75;183.15;185.55;379261
FR0000124711;10/07/13;184.50;185.35;182.95;184.45;313344
FR0000124711;11/07/13;187.15;188.10;186.20;188.10;353130
FR0000124711;12/07/13;189.00;190.25;187.65;187.85;265824
FR0000124711;15/07/13;189.40;190.75;188.00;189.40;154934
FR0000124711;16/07/13;189.50;189.80;185.80;185.85;262341
FR0000124711;17/07/13;187.00;187.90;184.50;185.25;335467
FR0000124711;18/07/13;186.10;187.25;184.95;186.85;305787
FR0000124711;19/07/13;186.05;188.20;186.05;187.75;290901
FR0000124711;22/07/13;188.00;189.60;187.25;189.25;274620
FR0000124711;23/07/13;189.20;190.40;186.15;186.30;231494
FR0000124711;24/07/13;187.30;187.50;183.85;185.85;298010
FR0000124711;25/07/13;187.00;187.20;184.50;185.35;264471
FR0000124711;26/07/13;186.40;187.60;184.40;185.30;192269
FR0000124711;29/07/13;185.70;186.80;184.70;185.65;200416
FR0000124711;30/07/13;186.15;186.30;183.65;183.65;311380
FR0000124711;31/07/13;183.00;183.05;179.15;182.15;507216
FR0000125007;01/07/13;31.185;31.54;30.84;31.405;1191301
FR0000125007;02/07/13;30.92;31.355;30.79;31.075;1673170
FR0000125007;03/07/13;30.755;30.765;29.83;30.00;2420157
FR0000125007;04/07/13;30.145;30.35;29.83;30.35;2451845
FR0000125007;05/07/13;30.325;30.725;29.985;30.14;1636586
FR0000125007;08/07/13;30.39;31.075;30.34;30.82;1239230
FR0000125007;09/07/13;30.835;31.56;30.625;31.505;2040460
FR0000125007;10/07/13;31.39;31.575;30.99;31.45;1125488
FR0000125007;11/07/13;31.80;32.09;31.45;31.795;1597028
FR0000125007;12/07/13;31.95;32.35;31.695;32.035;1189737
FR0000125007;15/07/13;32.17;32.51;32.09;32.475;808261
FR0000125007;16/07/13;32.44;32.66;32.21;32.655;1151582
FR0000125007;17/07/13;32.75;32.83;32.17;32.54;1821433
FR0000125007;18/07/13;32.375;32.64;31.885;32.635;1489782
FR0000125007;19/07/13;32.645;32.98;32.37;32.98;1481080
FR0000125007;22/07/13;32.88;33.03;32.48;32.94;1474553
FR0000125007;23/07/13;32.905;33.57;32.86;33.34;1891053
FR0000125007;24/07/13;33.515;33.98;33.11;33.98;1903536
FR0000125007;25/07/13;33.99;35.445;33.81;34.29;3168371
FR0000125007;26/07/13;34.66;34.93;33.56;33.675;1634191
FR0000125007;29/07/13;33.795;33.95;33.315;33.395;1433794
FR0000125007;30/07/13;33.59;33.965;33.455;33.87;1316493
FR0000125007;31/07/13;33.695;35.00;33.63;34.85;2889041
FR0000125338;01/07/13;37.38;37.88;37.175;37.685;531841
FR0000125338;02/07/13;37.615;38.08;37.555;37.855;554570
FR0000125338;03/07/13;37.53;37.725;37.34;37.47;692669
FR0000125338;04/07/13;37.62;38.625;37.495;38.36;528460
FR0000125338;05/07/13;38.365;38.835;38.32;38.32;526591
FR0000125338;08/07/13;38.735;39.385;38.625;39.155;606878
FR0000125338;09/07/13;39.14;39.29;38.895;38.90;655265
FR0000125338;10/07/13;38.90;39.00;38.50;39.00;635995
FR0000125338;11/07/13;39.30;39.45;39.025;39.24;644008
FR0000125338;12/07/13;39.615;40.15;39.605;39.945;895099
FR0000125338;15/07/13;40.40;40.835;40.00;40.21;750478
FR0000125338;16/07/13;40.20;40.25;39.94;40.03;448153
FR0000125338;17/07/13;40.295;40.965;39.885;40.74;730564
FR0000125338;18/07/13;40.62;41.12;40.33;41.045;836825
FR0000125338;19/07/13;40.90;41.41;40.755;41.30;623785
FR0000125338;22/07/13;41.24;41.625;40.925;41.40;556151
FR0000125338;23/07/13;41.285;41.32;40.555;40.705;761752
FR0000125338;24/07/13;40.80;40.94;40.57;40.85;698057
FR0000125338;25/07/13;40.89;41.90;40.805;41.64;1165092
FR0000125338;26/07/13;41.985;42.75;41.795;42.00;916156
FR0000125338;29/07/13;42.10;42.28;41.43;41.555;725136
FR0000125338;30/07/13;41.75;41.915;40.94;41.06;699362
FR0000125338;31/07/13;41.085;41.425;40.855;41.15;698975
FR0000125486;01/07/13;38.645;39.37;38.225;39.05;1299255
FR0000125486;02/07/13;39.00;39.165;38.655;38.70;1356481
FR0000125486;03/07/13;38.20;38.325;37.865;38.15;1870649
FR0000125486;04/07/13;38.49;39.285;38.22;39.145;1533960
FR0000125486;05/07/13;39.065;39.30;38.405;38.405;1550832
FR0000125486;08/07/13;38.675;39.335;38.665;39.28;1424889
FR0000125486;09/07/13;39.225;39.375;38.96;39.02;1384579
FR0000125486;10/07/13;38.90;39.235;38.47;39.165;1195813
FR0000125486;11/07/13;39.575;39.85;39.42;39.85;1876703
FR0000125486;12/07/13;39.89;39.99;39.315;39.33;1522031
FR0000125486;15/07/13;39.335;39.61;39.25;39.58;950582
FR0000125486;16/07/13;39.575;39.64;38.94;39.345;970816
FR0000125486;17/07/13;39.40;39.615;38.90;39.50;1093428
FR0000125486;18/07/13;39.32;39.605;39.095;39.605;1430146
FR0000125486;19/07/13;39.40;39.705;38.97;39.705;1580336
FR0000125486;22/07/13;39.745;40.065;39.40;40.065;1369305
FR0000125486;23/07/13;40.10;40.26;39.675;39.69;1325984
FR0000125486;24/07/13;39.835;40.405;39.705;40.305;1620925
FR0000125486;25/07/13;40.19;40.65;39.97;40.32;1341296
FR0000125486;26/07/13;40.49;40.555;40.14;40.45;1132513
FR0000125486;29/07/13;40.50;40.62;40.38;40.46;1254322
FR0000125486;30/07/13;40.50;40.92;40.365;40.85;1453432
FR0000125486;31/07/13;40.30;40.65;39.83;40.59;2692087
FR0000127771;01/07/13;14.555;14.675;14.54;14.60;3075886
FR0000127771;02/07/13;14.555;14.71;14.405;14.66;4174446
FR0000127771;03/07/13;14.565;14.765;14.455;14.695;5417178
FR0000127771;04/07/13;14.75;14.955;14.625;14.82;5262607
FR0000127771;05/07/13;14.825;14.825;14.56;14.645;4351828
FR0000127771;08/07/13;14.705;14.935;14.68;14.92;3657102
FR0000127771;09/07/13;14.87;15.205;14.82;15.155;3978261
FR0000127771;10/07/13;15.185;15.205;14.925;15.00;2718483
FR0000127771;11/07/13;15.22;15.36;15.085;15.27;3132610
FR0000127771;12/07/13;15.35;15.415;15.10;15.13;2952407
FR0000127771;15/07/13;15.105;15.235;15.06;15.165;1907361
FR0000127771;16/07/13;15.16;15.285;15.03;15.105;3004566
FR0000127771;17/07/13;15.07;15.195;14.945;15.09;2804503
FR0000127771;18/07/13;15.03;15.245;15.015;15.215;3060623
FR0000127771;19/07/13;15.30;15.56;15.225;15.52;5905731
FR0000127771;22/07/13;15.545;15.72;15.43;15.70;3623149
FR0000127771;23/07/13;16.00;16.33;15.91;16.075;8241579
FR0000127771;24/07/13;16.175;16.20;15.69;15.975;5236824
FR0000127771;25/07/13;16.00;16.00;15.78;15.98;2827828
FR0000127771;26/07/13;16.50;16.90;16.05;16.07;13166861
FR0000127771;29/07/13;16.145;16.24;15.90;15.97;5166798
FR0000127771;30/07/13;16.005;16.195;16.005;16.105;3163849
FR0000127771;31/07/13;16.00;16.115;15.895;16.06;4145060
FR0000130577;01/07/13;54.87;55.50;54.76;55.50;732508
FR0000130577;02/07/13;55.88;55.89;55.12;55.27;470400
FR0000130577;03/07/13;55.00;55.26;54.79;55.11;450814
FR0000130577;04/07/13;55.48;55.76;55.05;55.70;582197
FR0000130577;05/07/13;55.59;56.05;55.29;55.29;483744
FR0000130577;08/07/13;55.79;56.30;55.56;55.97;579568
FR0000130577;09/07/13;56.27;56.54;55.61;56.00;340846
FR0000130577;10/07/13;55.99;57.06;55.65;57.06;778677
FR0000130577;11/07/13;57.82;57.85;56.89;57.38;525096
FR0000130577;12/07/13;57.55;58.24;57.44;57.57;499610
FR0000130577;15/07/13;57.60;58.30;57.60;57.75;392058
FR0000130577;16/07/13;57.75;57.75;56.93;57.00;361626
FR0000130577;17/07/13;57.38;58.11;56.57;57.85;684223
FR0000130577;18/07/13;59.14;60.44;58.70;59.80;1590534
FR0000130577;19/07/13;59.17;59.49;58.42;58.80;904752
FR0000130577;22/07/13;58.64;58.88;57.76;57.94;632148
FR0000130577;23/07/13;58.28;58.59;57.82;58.50;555592
FR0000130577;24/07/13;58.74;59.05;58.47;58.74;431474
FR0000130577;25/07/13;58.51;58.78;57.68;58.47;371981
FR0000130577;26/07/13;58.60;59.51;58.47;59.35;649887
FR0000130577;29/07/13;62.32;63.27;59.40;59.40;4617760
FR0000130577;30/07/13;59.25;59.48;56.57;57.00;2536393
FR0000130577;31/07/13;56.60;61.00;56.32;60.64;2710749
FR0000130809;01/07/13;26.67;27.06;25.785;26.715;6557672
FR0000130809;02/07/13;26.86;26.92;26.17;26.40;3963128
FR0000130809;03/07/13;25.90;25.97;25.245;25.865;7306795
FR0000130809;04/07/13;26.15;27.425;25.935;27.205;7799297
FR0000130809;05/07/13;27.475;28.045;26.98;26.995;6610702
FR0000130809;08/07/13;27.26;28.045;27.115;27.66;4092006
FR0000130809;09/07/13;27.995;28.20;27.355;27.735;4495369
FR0000130809;10/07/13;27.735;28.025;27.44;27.785;3883001
FR0000130809;11/07/13;28.25;28.60;27.70;27.875;4981442
FR0000130809;12/07/13;28.00;28.33;27.615;27.895;4020836
FR0000130809;15/07/13;27.93;28.49;27.93;28.285;2830810
FR0000130809;16/07/13;28.37;28.445;27.78;27.94;3051761
FR0000130809;17/07/13;28.03;28.19;27.485;27.92;4426086
FR0000130809;18/07/13;27.80;29.15;27.62;29.115;8385397
FR0000130809;19/07/13;28.945;29.695;28.85;29.28;4872133
FR0000130809;22/07/13;29.285;30.10;29.285;29.72;3922312
FR0000130809;23/07/13;29.955;30.175;29.40;29.51;3880518
FR0000130809;24/07/13;29.52;30.435;29.52;30.29;5394826
FR0000130809;25/07/13;30.40;30.52;29.71;30.445;4356842
FR0000130809;26/07/13;30.615;31.04;30.165;30.445;3563298
FR0000130809;29/07/13;30.52;30.91;30.06;30.535;4267307
FR0000130809;30/07/13;30.70;30.76;29.67;30.50;5441859
FR0000130809;31/07/13;30.445;30.50;29.90;30.215;5069094
FR0000131104;01/07/13;42.895;43.00;41.50;42.41;4034304
FR0000131104;02/07/13;42.925;42.925;42.105;42.315;3214046
FR0000131104;03/07/13;41.585;41.80;40.51;41.33;5634148
FR0000131104;04/07/13;41.785;43.505;41.435;43.31;5638770
FR0000131104;05/07/13;43.55;44.30;42.955;42.955;5069314
FR0000131104;08/07/13;43.33;44.54;43.11;44.13;3535496
FR0000131104;09/07/13;44.455;44.75;43.55;43.905;3861411
FR0000131104;10/07/13;43.785;44.35;43.31;44.10;3359511
FR0000131104;11/07/13;44.87;45.07;43.91;44.125;3489639
FR0000131104;12/07/13;44.395;44.72;43.60;44.01;2823530
FR0000131104;15/07/13;44.25;44.895;44.11;44.43;2388076
FR0000131104;16/07/13;44.525;44.64;43.67;43.785;2207863
FR0000131104;17/07/13;43.995;44.50;43.39;44.115;2789556
FR0000131104;18/07/13;43.885;45.19;43.725;44.90;3484588
FR0000131104;19/07/13;44.875;45.35;44.72;45.00;3414105
FR0000131104;22/07/13;45.00;45.99;44.885;45.75;3266838
FR0000131104;23/07/13;46.00;46.30;45.655;45.655;3587006
FR0000131104;24/07/13;45.875;47.50;45.85;47.28;6036790
FR0000131104;25/07/13;47.355;47.84;46.96;47.755;4409253
FR0000131104;26/07/13;48.00;48.625;47.845;48.145;4435041
FR0000131104;29/07/13;48.095;48.50;47.865;48.215;3342818
FR0000131104;30/07/13;48.36;48.47;47.49;47.85;3472085
FR0000131104;31/07/13;48.25;48.805;47.235;48.635;6708661
FR0000131906;01/07/13;52.85;53.30;51.48;52.57;1343822
FR0000131906;02/07/13;53.59;53.89;52.18;53.17;1635884
FR0000131906;03/07/13;52.67;53.97;51.69;53.85;1154120
FR0000131906;04/07/13;54.48;55.92;54.35;55.92;1166569
FR0000131906;05/07/13;55.98;56.39;54.64;54.94;1066897
FR0000131906;08/07/13;55.58;57.00;55.36;55.63;1091747
FR0000131906;09/07/13;56.14;57.73;55.91;57.56;1129946
FR0000131906;10/07/13;57.67;58.25;56.69;57.25;980043
FR0000131906;11/07/13;57.01;57.46;55.82;56.05;1297208
FR0000131906;12/07/13;56.60;57.13;56.18;56.78;1199872
FR0000131906;15/07/13;56.80;57.04;55.96;56.64;526300
FR0000131906;16/07/13;56.60;57.00;55.97;56.83;511415
FR0000131906;17/07/13;56.76;57.17;55.54;56.86;653370
FR0000131906;18/07/13;56.75;58.24;56.55;58.23;860679
FR0000131906;19/07/13;58.01;58.28;57.38;57.89;826816
FR0000131906;22/07/13;58.00;58.34;57.59;57.79;648411
FR0000131906;23/07/13;58.05;58.25;57.65;57.69;568137
FR0000131906;24/07/13;58.06;59.62;57.21;59.35;1040293
FR0000131906;25/07/13;58.80;59.74;58.19;59.68;854597
FR0000131906;26/07/13;62.06;62.88;58.87;59.14;1685530
FR0000131906;29/07/13;59.55;60.94;59.31;60.15;1708159
FR0000131906;30/07/13;60.41;60.50;59.31;59.88;1058873
FR0000131906;31/07/13;60.00;60.53;58.98;59.17;800807
FR0000133308;01/07/13;7.30;7.337;7.112;7.25;7166676
FR0000133308;02/07/13;7.28;7.281;7.152;7.205;8970689
FR0000133308;03/07/13;7.12;7.147;7.033;7.115;8380821
FR0000133308;04/07/13;7.142;7.267;7.085;7.259;9181265
FR0000133308;05/07/13;7.277;7.278;7.082;7.098;9180555
FR0000133308;08/07/13;7.151;7.257;7.101;7.215;6346870
FR0000133308;09/07/13;7.228;7.394;7.215;7.343;7863736
FR0000133308;10/07/13;7.337;7.342;7.231;7.275;4986494
FR0000133308;11/07/13;7.37;7.434;7.302;7.374;7723689
FR0000133308;12/07/13;7.41;7.447;7.27;7.287;6041107
FR0000133308;15/07/13;7.294;7.409;7.286;7.40;4684449
FR0000133308;16/07/13;7.44;7.449;7.325;7.391;5528937
FR0000133308;17/07/13;7.421;7.467;7.298;7.432;5406617
FR0000133308;18/07/13;7.423;7.497;7.376;7.494;4970921
FR0000133308;19/07/13;7.447;7.475;7.375;7.475;6226717
FR0000133308;22/07/13;7.40;7.523;7.341;7.514;6838099
FR0000133308;23/07/13;7.595;7.765;7.59;7.676;11504954
FR0000133308;24/07/13;7.729;7.76;7.631;7.75;7737963
FR0000133308;25/07/13;7.50;7.527;7.32;7.50;23260535
FR0000133308;26/07/13;7.54;7.55;7.393;7.538;10789639
FR0000133308;29/07/13;7.54;7.554;7.412;7.449;8535909
FR0000133308;30/07/13;7.469;7.497;7.41;7.459;6074944
FR0000133308;31/07/13;7.42;7.468;7.324;7.389;8780327
FR0010208488;01/07/13;15.14;15.265;14.925;14.98;4928385
FR0010208488;02/07/13;15.055;15.10;14.87;15.065;4338621
FR0010208488;03/07/13;14.915;15.035;14.695;14.95;4461908
FR0010208488;04/07/13;15.11;15.345;14.91;15.295;4511359
FR0010208488;05/07/13;15.30;15.34;15.005;15.04;3171764
FR0010208488;08/07/13;15.14;15.39;15.10;15.335;3372637
FR0010208488;09/07/13;15.33;15.465;15.285;15.335;4306640
FR0010208488;10/07/13;15.36;15.40;15.14;15.225;3903474
FR0010208488;11/07/13;15.40;15.565;15.375;15.48;3686318
FR0010208488;12/07/13;15.515;15.585;15.245;15.315;3272388
FR0010208488;15/07/13;15.38;15.505;15.255;15.395;1793233
FR0010208488;16/07/13;15.42;15.43;15.26;15.335;2075406
FR0010208488;17/07/13;15.42;15.55;15.315;15.45;3084635
FR0010208488;18/07/13;15.38;15.60;15.295;15.585;3230906
FR0010208488;19/07/13;15.58;15.745;15.525;15.695;3196921
FR0010208488;22/07/13;15.745;15.865;15.635;15.74;2242078
FR0010208488;23/07/13;15.84;15.995;15.785;15.83;3057190
FR0010208488;24/07/13;15.95;16.095;15.925;16.045;3746276
FR0010208488;25/07/13;16.10;16.12;15.865;16.095;3793131
FR0010208488;26/07/13;16.19;16.27;16.125;16.14;2794368
FR0010208488;29/07/13;16.165;16.245;15.69;15.82;4981893
FR0010208488;30/07/13;15.895;16.00;15.83;15.855;3577257
FR0010208488;31/07/13;15.635;15.825;15.58;15.77;4638631
FR0010307819;01/07/13;35.80;36.505;35.795;36.42;782422
FR0010307819;02/07/13;36.405;36.43;36.00;36.35;525312
FR0010307819;03/07/13;36.05;36.215;35.785;36.165;540225
FR0010307819;04/07/13;36.28;37.25;36.185;37.235;578456
FR0010307819;05/07/13;37.195;38.09;36.905;37.785;1337201
FR0010307819;08/07/13;38.05;38.32;37.965;38.19;566634
FR0010307819;09/07/13;38.205;38.57;37.905;38.04;564442
FR0010307819;10/07/13;38.105;38.50;37.65;38.24;736499
FR0010307819;11/07/13;38.50;38.50;38.09;38.33;402689
FR0010307819;12/07/13;38.31;38.65;38.26;38.39;474194
FR0010307819;15/07/13;38.565;39.11;38.50;38.995;528806
FR0010307819;16/07/13;38.97;39.115;38.645;38.82;437899
FR0010307819;17/07/13;38.885;39.255;38.48;39.255;419406
FR0010307819;18/07/13;39.18;39.555;39.04;39.545;352279
FR0010307819;19/07/13;39.435;40.47;39.37;40.40;904412
FR0010307819;22/07/13;40.325;40.35;39.95;40.03;397509
FR0010307819;23/07/13;40.055;40.30;39.925;40.245;402378
FR0010307819;24/07/13;40.375;40.475;40.135;40.405;486090
FR0010307819;25/07/13;40.46;40.64;40.065;40.40;660228
FR0010307819;26/07/13;40.265;40.265;38.915;39.40;1148749
FR0010307819;29/07/13;39.47;39.825;39.145;39.34;600498
FR0010307819;30/07/13;39.375;39.70;39.09;39.24;419058
FR0010307819;31/07/13;39.03;39.52;38.89;38.95;655670
FR0013176526;01/07/13;16.1833;16.6133;15.9433;16.5067;997014
FR0013176526;02/07/13;16.5817;16.7267;16.34;16.6167;1247211
FR0013176526;03/07/13;16.50;17.14;16.3933;16.9333;1535184
FR0013176526;04/07/13;16.9967;17.9433;16.9733;17.9233;1531023
FR0013176526;05/07/13;17.7733;18.1333;17.7167;17.8667;1714944
FR0013176526;08/07/13;18.0633;18.3267;17.93;17.9867;1133070
FR0013176526;09/07/13;18.00;18.19;17.8733;18.12;1071621
FR0013176526;10/07/13;18.12;18.2367;17.8333;18.1833;736356
FR0013176526;11/07/13;18.3333;18.4167;18.03;18.13;833661
FR0013176526;12/07/13;18.3333;18.80;17.98;18.76;1859268
FR0013176526;15/07/13;18.7433;18.9733;18.3833;18.45;1413408
FR0013176526;16/07/13;18.3767;18.5867;18.2933;18.43;1073022
FR0013176526;17/07/13;18.3667;18.4667;18.1833;18.4133;993348
FR0013176526;18/07/13;18.4233;18.7867;18.3867;18.7867;977238
FR0013176526;19/07/13;18.6667;18.9033;18.61;18.84;1148253
FR0013176526;22/07/13;18.7633;18.9333;18.50;18.7933;839955
FR0013176526;23/07/13;18.8233;18.88;18.5033;18.64;798447
FR0013176526;24/07/13;18.62;18.88;18.5667;18.7667;1051284
FR0013176526;25/07/13;18.6633;18.90;18.2433;18.77;1353651
FR0013176526;26/07/13;18.8067;19.03;18.4333;18.67;1081671
FR0013176526;29/07/13;18.6333;19.0633;18.6333;18.87;956199
FR0013176526;30/07/13;19.0333;20.3333;18.9567;19.6533;2273226
FR0013176526;31/07/13;19.59;19.99;19.5367;19.8733;998481
GB00BDSFG982;01/07/13;39.49;39.835;39.175;39.70;1223302
GB00BDSFG982;02/07/13;39.92;39.92;39.13;39.405;830154
GB00BDSFG982;03/07/13;39.155;39.66;38.77;39.525;926550
GB00BDSFG982;04/07/13;39.895;40.68;39.855;40.505;766932
GB00BDSFG982;05/07/13;40.49;41.265;40.43;40.775;808910
GB00BDSFG982;08/07/13;41.18;41.30;40.395;40.43;731952
GB00BDSFG982;09/07/13;40.725;41.29;40.46;41.20;788878
GB00BDSFG982;10/07/13;41.345;41.525;40.95;41.475;769446
GB00BDSFG982;11/07/13;41.93;42.675;41.925;42.42;791476
GB00BDSFG982;12/07/13;42.665;42.72;42.43;42.60;666536
GB00BDSFG982;15/07/13;42.795;42.925;42.195;42.36;507230
GB00BDSFG982;16/07/13;42.305;42.36;41.70;42.15;549742
GB00BDSFG982;17/07/13;41.995;42.205;40.935;41.055;1356626
GB00BDSFG982;18/07/13;41.075;41.69;40.945;41.585;828864
GB00BDSFG982;19/07/13;41.205;41.445;40.91;41.35;742984
GB00BDSFG982;22/07/13;41.44;41.80;41.26;41.75;502764
GB00BDSFG982;23/07/13;41.75;42.15;41.56;41.64;651562
GB00BDSFG982;24/07/13;41.86;42.495;41.55;42.305;966896
GB00BDSFG982;25/07/13;43.025;43.88;42.41;43.085;1752796
GB00BDSFG982;26/07/13;43.30;43.38;42.455;42.59;654970
GB00BDSFG982;29/07/13;42.575;42.875;42.22;42.31;698448
GB00BDSFG982;30/07/13;42.25;42.765;41.75;42.025;897898
GB00BDSFG982;31/07/13;41.99;42.085;41.37;41.475;1014348
LU1598757687;01/07/13;25.863;26.232;25.59;26.115;2879859
LU1598757687;02/07/13;26.16;26.415;25.83;25.914;2486995
LU1598757687;03/07/13;25.671;25.698;25.062;25.44;3413543
LU1598757687;04/07/13;25.65;26.952;25.605;26.688;4679775
LU1598757687;05/07/13;26.781;26.877;25.86;25.959;3995950
LU1598757687;08/07/13;26.223;26.547;26.07;26.427;2516104
LU1598757687;09/07/13;26.67;27.252;26.637;27.111;3099775
LU1598757687;10/07/13;27.009;27.291;26.892;27.201;2499675
LU1598757687;11/07/13;27.90;28.356;27.87;28.269;4847254
LU1598757687;12/07/13;28.404;28.47;27.78;27.978;2926598
LU1598757687;15/07/13;27.867;27.984;27.447;27.69;2457665
LU1598757687;16/07/13;27.801;28.209;27.696;28.086;2783118
LU1598757687;17/07/13;28.197;28.677;28.116;28.44;3322831
LU1598757687;18/07/13;28.404;29.145;28.215;29.145;3017691
LU1598757687;19/07/13;28.968;29.40;28.632;29.226;3249068
LU1598757687;22/07/13;29.226;29.448;28.86;29.007;2664031
LU1598757687;23/07/13;29.217;29.892;29.10;29.508;3214618
LU1598757687;24/07/13;29.685;30.135;29.151;29.322;3647144
LU1598757687;25/07/13;29.247;29.397;28.713;29.265;3128265
LU1598757687;26/07/13;29.514;29.877;29.409;29.691;3007937
LU1598757687;29/07/13;29.742;30.18;29.523;29.904;2542762
LU1598757687;30/07/13;30.015;30.165;29.70;29.736;2551307
LU1598757687;31/07/13;29.55;29.97;29.439;29.691;2612563
NL0000226223;01/07/13;6.941;6.995;6.773;6.951;2046811
NL0000226223;02/07/13;6.953;7.016;6.835;7.014;2085403
NL0000226223;03/07/13;6.918;7.202;6.901;7.193;4239807
NL0000226223;04/07/13;7.234;7.36;7.131;7.333;2204038
NL0000226223;05/07/13;7.319;7.425;7.236;7.252;1815233
NL0000226223;08/07/13;7.291;7.424;7.282;7.317;1897070
NL0000226223;09/07/13;7.10;7.356;6.79;7.142;2869932
NL0000226223;10/07/13;7.106;7.229;7.032;7.229;2423805
NL0000226223;11/07/13;7.308;7.31;7.113;7.184;2200817
NL0000226223;12/07/13;7.223;7.48;7.183;7.405;2854513
NL0000226223;15/07/13;7.402;7.57;7.402;7.548;1977235
NL0000226223;16/07/13;7.518;7.518;7.369;7.40;1967998
NL0000226223;17/07/13;7.467;7.565;7.342;7.506;1867316
NL0000226223;18/07/13;7.467;7.606;7.392;7.593;2467044
NL0000226223;19/07/13;7.517;7.597;7.456;7.535;3260022
NL0000226223;22/07/13;7.521;7.617;7.461;7.518;2465669
NL0000226223;23/07/13;7.241;7.262;6.705;6.735;10270434
NL0000226223;24/07/13;6.70;6.852;6.505;6.521;10955286
NL0000226223;25/07/13;6.536;6.668;6.536;6.609;4005344
NL0000226223;26/07/13;6.686;6.686;6.528;6.565;3346780
NL0000226223;29/07/13;6.562;6.589;6.35;6.35;3820997
NL0000226223;30/07/13;6.38;6.514;6.354;6.493;2859997
NL0000226223;31/07/13;6.516;6.516;6.416;6.461;3121058
NL0000235190;01/07/13;41.435;42.09;41.21;41.21;3082547
NL0000235190;02/07/13;41.50;41.50;40.74;40.79;1876329
NL0000235190;03/07/13;40.50;40.665;39.89;40.235;2431894
NL0000235190;04/07/13;40.515;41.70;40.18;41.70;2609682
NL0000235190;05/07/13;41.715;41.85;41.035;41.20;1684359
NL0000235190;08/07/13;41.615;42.04;41.57;41.66;2096223
NL0000235190;09/07/13;42.00;42.00;41.55;41.725;1540284
NL0000235190;10/07/13;41.70;41.89;41.12;41.51;1634191
NL0000235190;11/07/13;41.995;42.18;41.13;41.36;2152178
NL0000235190;12/07/13;41.575;41.80;40.885;41.27;1853044
NL0000235190;15/07/13;41.47;41.945;41.42;41.84;1646518
NL0000235190;16/07/13;41.84;41.94;41.285;41.625;1655139
NL0000235190;17/07/13;41.975;42.185;41.18;41.66;2747420
NL0000235190;18/07/13;41.765;42.26;41.605;42.215;2373882
NL0000235190;19/07/13;42.29;42.71;42.135;42.64;2786970
NL0000235190;22/07/13;42.77;42.77;42.305;42.57;1081362
NL0000235190;23/07/13;42.63;42.735;42.23;42.23;1485092
NL0000235190;24/07/13;42.21;42.495;41.95;42.32;2450219
NL0000235190;25/07/13;42.435;43.485;42.37;43.45;2858520
NL0000235190;26/07/13;43.99;44.47;43.60;44.17;3025523
NL0000235190;29/07/13;44.265;44.445;44.18;44.345;3242432
NL0000235190;30/07/13;44.45;44.73;44.145;44.27;2328383
NL0000235190;31/07/13;45.49;45.75;44.26;44.885;4996391
