FR0000125338;01/09/16;87.58;88.64;87.46;88.19;446289
FR0000125338;02/09/16;88.50;89.26;87.75;89.14;401786
FR0000125338;05/09/16;89.48;89.52;88.56;88.73;330737
FR0000125338;06/09/16;88.85;88.91;87.81;88.21;347607
FR0000125338;07/09/16;88.58;88.95;88.10;88.45;376504
FR0000125338;08/09/16;88.22;88.83;86.98;87.79;484869
FR0000125338;09/09/16;87.52;87.57;86.47;86.94;406522
FR0000125338;12/09/16;85.58;85.73;84.52;85.73;470947
FR0000125338;13/09/16;86.50;86.73;85.26;85.43;461548
FR0000125338;14/09/16;85.92;86.32;85.54;85.84;349816
FR0000125338;15/09/16;85.55;85.66;84.82;85.24;393251
FR0000125338;16/09/16;84.86;85.29;84.19;85.29;735027
FR0000125338;19/09/16;85.95;87.63;85.95;87.28;474400
FR0000125338;20/09/16;87.25;87.42;86.87;86.87;263964
FR0000125338;21/09/16;87.25;87.65;86.72;86.94;371968
FR0000125338;22/09/16;87.66;88.24;87.59;87.77;350868
FR0000125338;23/09/16;87.60;87.64;87.02;87.64;482943
FR0000125338;26/09/16;87.33;87.62;86.85;87.16;593089
FR0000125338;27/09/16;88.49;88.70;85.97;87.14;625743
FR0000125338;28/09/16;87.54;88.32;87.52;87.79;453623
FR0000125338;29/09/16;88.35;88.67;86.75;87.48;673015
FR0000125338;30/09/16;86.46;87.77;85.69;87.18;582323
FR0000125338;03/10/16;87.20;89.27;87.18;88.91;484883
FR0000125338;04/10/16;89.00;89.80;88.66;88.69;519844
FR0000125338;05/10/16;88.00;88.00;86.40;87.11;900403
FR0000125338;06/10/16;87.49;87.78;86.31;87.15;588061
FR0000125338;07/10/16;87.03;87.03;84.12;84.12;860660
FR0000125338;10/10/16;84.22;84.85;82.98;83.80;797637
FR0000125338;11/10/16;83.60;83.80;82.41;82.95;653915
FR0000125338;12/10/16;82.92;83.90;82.25;82.63;753193
FR0000125338;13/10/16;82.20;82.45;81.58;82.45;910052
FR0000125338;14/10/16;82.30;82.86;80.85;81.11;1238223
FR0000125338;17/10/16;81.01;81.14;79.62;80.55;966351
FR0000125338;18/10/16;81.00;83.98;81.00;83.60;945077
FR0000125338;19/10/16;83.35;83.39;82.82;83.20;701547
FR0000125338;20/10/16;83.60;83.69;81.65;82.77;725224
FR0000125338;21/10/16;82.77;83.75;82.77;83.40;745077
FR0000125338;24/10/16;83.74;84.20;83.39;83.67;560068
FR0000125338;25/10/16;83.80;84.08;82.38;82.64;886958
FR0000125338;26/10/16;79.76;79.76;76.15;76.62;2672631
FR0000125338;27/10/16;76.70;77.05;75.42;75.45;1433126
FR0000125338;28/10/16;75.41;75.96;75.00;75.54;1043369
FR0000125338;31/10/16;75.62;75.96;75.10;75.48;892518
FR0000125338;01/11/16;75.76;75.95;74.63;74.92;1047681
FR0000125338;02/11/16;74.93;75.04;74.06;74.85;1114269
FR0000125338;03/11/16;74.40;76.09;74.26;75.00;1003874
FR0000125338;04/11/16;74.87;75.02;73.84;74.17;863167
FR0000125338;07/11/16;75.02;75.20;73.86;74.59;1043923
FR0000125338;08/11/16;74.65;75.18;73.55;74.06;826746
FR0000125338;09/11/16;71.40;74.51;71.10;74.01;1409897
FR0000125338;10/11/16;74.32;75.35;72.14;72.54;1361872
FR0000125338;11/11/16;72.71;73.18;71.90;72.43;891071
FR0000125338;14/11/16;72.89;73.20;71.11;71.59;1011110
FR0000125338;15/11/16;71.80;73.30;71.55;73.00;949549
FR0000125338;16/11/16;73.18;74.45;72.84;74.41;1076283
FR0000125338;17/11/16;74.59;76.00;74.55;75.65;1106668
FR0000125338;18/11/16;76.08;77.56;75.75;76.59;942939
FR0000125338;21/11/16;76.86;77.04;75.52;76.20;515020
FR0000125338;22/11/16;76.27;77.15;75.73;76.02;661171
FR0000125338;23/11/16;76.13;76.37;74.88;74.88;517192
FR0000125338;24/11/16;75.08;75.83;74.99;75.49;415070
FR0000125338;25/11/16;75.50;75.69;74.91;75.56;319191
FR0000125338;28/11/16;75.52;75.91;74.46;75.45;669090
FR0000125338;29/11/16;75.28;76.21;75.16;75.79;450707
FR0000125338;30/11/16;75.75;75.98;74.45;74.50;729381
FR0000125338;01/12/16;74.10;74.36;72.63;72.98;914085
FR0000125338;02/12/16;72.40;73.08;71.45;72.65;764144
FR0000125338;05/12/16;73.07;74.00;72.64;73.44;483080
FR0000125338;06/12/16;73.72;73.72;72.69;73.58;679766
FR0000125338;07/12/16;74.13;75.43;73.96;75.43;931639
FR0000125338;08/12/16;76.38;77.00;75.75;76.09;1060666
FR0000125338;09/12/16;76.23;77.11;76.18;76.80;888135
FR0000125338;12/12/16;77.06;77.30;76.29;76.53;803262
FR0000125338;13/12/16;76.31;76.58;75.64;76.39;799084
FR0000125338;14/12/16;75.91;76.67;75.68;76.50;887791
FR0000125338;15/12/16;76.78;78.50;76.69;78.01;1023255
FR0000125338;16/12/16;77.95;78.90;77.82;78.61;958102
FR0000125338;19/12/16;78.50;79.63;78.50;79.22;627153
FR0000125338;20/12/16;79.20;79.89;79.09;79.54;547906
FR0000125338;21/12/16;79.50;80.46;79.11;79.67;826893
FR0000125338;22/12/16;79.47;79.51;78.55;78.98;577733
FR0000125338;23/12/16;79.09;80.54;79.09;80.36;449939
FR0000125338;27/12/16;80.22;80.81;80.07;80.45;232056
FR0000125338;28/12/16;80.50;80.60;80.01;80.08;320689
FR0000125338;29/12/16;79.84;80.79;79.77;80.71;267513
FR0000125338;30/12/16;80.65;80.71;80.15;80.15;286157
FR0000125338;02/01/17;80.00;80.90;79.41;80.66;512352
FR0000125338;03/01/17;81.00;81.74;80.00;80.00;713986
FR0000125338;04/01/17;80.25;80.93;79.89;80.20;644496
FR0000125338;05/01/17;80.07;80.89;80.07;80.47;459180
FR0000125338;06/01/17;80.20;80.35;79.58;80.16;491355
FR0000125338;09/01/17;80.55;80.87;80.12;80.77;464216
FR0000125338;10/01/17;80.75;81.58;80.75;81.38;614958
FR0000125338;11/01/17;81.12;81.14;80.06;80.12;558372
FR0000125338;12/01/17;80.05;80.44;79.52;80.12;541561
FR0000125338;13/01/17;80.00;80.80;79.55;80.58;543975
FR0000125338;16/01/17;80.04;80.36;79.28;79.38;392322
FR0000125338;17/01/17;79.34;79.93;78.21;78.67;632403
FR0000125338;18/01/17;78.98;79.08;76.54;77.53;934150
FR0000125338;19/01/17;77.80;79.55;77.64;77.94;673112
FR0000125338;20/01/17;78.16;78.17;76.77;76.87;532727
FR0000125338;23/01/17;76.98;76.98;76.01;76.09;457503
FR0000125338;24/01/17;76.15;76.70;74.05;75.90;1012169
FR0000125338;25/01/17;76.29;77.48;75.76;76.54;604160
FR0000125338;26/01/17;76.90;77.58;75.56;75.61;710299
FR0000125338;27/01/17;75.62;76.05;75.25;75.58;592969
FR0000125338;30/01/17;75.51;75.84;74.88;75.20;612892
FR0000125338;31/01/17;75.37;77.08;75.37;75.37;860830
FR0000125338;01/02/17;75.73;76.43;75.71;76.03;800707
FR0000125338;02/02/17;76.20;77.71;75.93;77.50;532758
FR0000125338;03/02/17;77.60;77.98;77.15;77.15;468518
FR0000125338;06/02/17;77.32;77.32;75.74;75.93;442999
FR0000125338;07/02/17;76.01;76.99;75.75;76.34;505482
FR0000125338;08/02/17;76.63;76.77;75.97;76.37;444105
FR0000125338;09/02/17;76.45;76.97;76.14;76.94;431240
FR0000125338;10/02/17;77.00;77.67;76.80;77.38;428128
FR0000125338;13/02/17;77.62;78.20;77.11;78.09;370671
FR0000125338;14/02/17;78.07;78.69;77.60;78.62;427318
FR0000125338;15/02/17;78.73;79.59;78.25;79.08;816395
FR0000125338;16/02/17;81.00;81.95;80.10;81.49;1338478
FR0000125338;17/02/17;81.67;82.40;81.02;82.02;951884
FR0000125338;20/02/17;82.40;83.38;81.57;82.60;526086
FR0000125338;21/02/17;82.51;82.51;81.80;81.96;605255
FR0000125338;22/02/17;82.15;82.57;81.33;81.76;668426
FR0000125338;23/02/17;81.59;81.69;80.40;80.91;713140
FR0000125338;24/02/17;81.10;81.34;80.67;80.95;586200
FR0000125338;27/02/17;81.38;81.48;80.43;80.86;394154
FR0000125338;28/02/17;81.36;81.80;80.63;80.69;628378
FR0000125338;01/03/17;80.50;82.60;80.21;82.24;873156
FR0000125338;02/03/17;82.08;83.87;82.06;83.37;900437
FR0000125338;03/03/17;83.45;84.33;83.45;84.02;610236
FR0000125338;06/03/17;83.85;83.85;83.12;83.23;425751
FR0000125338;07/03/17;84.00;84.05;83.15;83.61;481371
FR0000125338;08/03/17;83.37;83.87;82.90;83.65;458984
FR0000125338;09/03/17;83.55;83.71;83.02;83.21;555840
FR0000125338;10/03/17;83.19;83.68;82.78;82.85;487998
FR0000125338;13/03/17;82.75;82.88;82.24;82.40;534056
FR0000125338;14/03/17;82.44;83.10;82.04;83.10;517191
FR0000125338;15/03/17;83.10;83.48;82.91;83.19;444556
FR0000125338;16/03/17;83.84;84.84;83.55;84.36;594619
FR0000125338;17/03/17;84.38;85.10;83.88;84.32;583511
FR0000125338;20/03/17;84.36;85.02;84.20;84.72;392435
FR0000125338;21/03/17;84.74;84.89;83.34;83.34;535450
FR0000125338;22/03/17;83.00;84.13;82.54;84.10;557997
FR0000125338;23/03/17;84.00;84.18;83.62;83.79;585644
FR0000125338;24/03/17;83.94;84.85;83.72;84.66;442767
FR0000125338;27/03/17;84.31;84.84;83.77;84.81;497355
FR0000125338;28/03/17;84.76;85.13;84.22;84.85;382987
FR0000125338;29/03/17;84.99;85.13;83.65;84.30;456224
FR0000125338;30/03/17;84.50;85.73;84.10;85.68;424774
FR0000125338;31/03/17;85.80;86.76;85.19;86.56;709137
FR0000125338;03/04/17;87.00;87.00;85.83;85.89;398621
FR0000125338;04/04/17;86.00;86.39;84.92;85.85;599995
FR0000125338;05/04/17;86.00;88.06;85.95;87.41;895786
FR0000125338;06/04/17;87.16;88.10;87.07;87.98;613798
FR0000125338;07/04/17;87.77;88.16;87.13;88.06;513225
FR0000125338;10/04/17;87.50;88.27;87.26;87.82;422897
FR0000125338;11/04/17;87.29;88.27;86.78;87.22;547759
FR0000125338;12/04/17;87.28;87.85;86.97;87.47;400413
FR0000125338;13/04/17;87.40;87.54;86.04;86.45;595980
FR0000125338;18/04/17;86.72;87.29;84.84;84.90;656298
FR0000125338;19/04/17;86.40;88.67;86.15;87.93;1024569
FR0000125338;20/04/17;87.79;88.87;87.48;88.49;851605
FR0000125338;21/04/17;88.18;88.20;87.20;87.20;831520
FR0000125338;24/04/17;89.90;91.30;89.39;90.91;1314369
FR0000125338;25/04/17;90.89;91.88;90.00;91.40;756936
FR0000125338;26/04/17;93.20;93.79;91.86;92.75;1180426
FR0000125338;27/04/17;93.12;93.20;91.53;92.95;679067
FR0000125338;28/04/17;92.61;92.79;91.77;91.90;626761
FR0000125338;02/05/17;92.56;94.34;92.33;93.70;800622
FR0000125338;03/05/17;93.80;93.97;92.02;92.26;545317
FR0000125338;04/05/17;92.41;94.38;92.10;93.84;728172
FR0000125338;05/05/17;93.98;96.22;93.98;96.22;1036479
FR0000125338;08/05/17;97.15;97.33;95.61;96.44;684614
FR0000125338;09/05/17;96.60;96.98;95.81;96.03;487163
FR0000125338;10/05/17;95.89;95.89;95.13;95.40;589731
FR0000125338;11/05/17;95.86;95.91;94.94;95.47;572881
FR0000125338;12/05/17;95.78;96.41;95.57;96.35;356095
FR0000125338;15/05/17;96.44;96.61;95.03;95.20;486065
FR0000125338;16/05/17;95.44;95.72;94.39;94.82;560778
FR0000125338;17/05/17;94.20;94.29;92.64;92.76;645612
FR0000125338;18/05/17;92.96;93.34;91.71;93.19;603081
FR0000125338;19/05/17;93.20;94.61;92.66;93.70;737212
FR0000125338;22/05/17;92.38;92.61;91.69;92.32;430197
FR0000125338;23/05/17;92.52;92.89;91.63;92.09;433881
FR0000125338;24/05/17;92.19;93.02;91.62;92.25;480245
FR0000125338;25/05/17;92.55;93.55;92.32;92.69;447465
FR0000125338;26/05/17;92.60;93.16;92.03;92.67;264702
FR0000125338;29/05/17;92.98;93.43;92.63;92.98;195742
FR0000125338;30/05/17;92.84;93.20;92.24;93.18;402375
FR0000125338;31/05/17;93.32;93.40;91.16;92.16;993226
FR0000125338;01/06/17;92.27;94.34;92.21;93.46;622741
FR0000125338;02/06/17;94.30;94.33;93.73;93.86;431800
FR0000125338;05/06/17;93.98;93.98;92.66;92.94;250333
FR0000125338;06/06/17;92.80;92.80;91.94;92.32;332001
FR0000125338;07/06/17;92.13;93.75;91.57;92.97;429754
FR0000125338;08/06/17;93.00;93.42;92.59;93.23;367716
FR0000125338;09/06/17;93.59;94.21;92.64;92.93;370751
FR0000125338;12/06/17;92.02;92.10;90.48;91.22;680333
FR0000125338;13/06/17;91.10;92.74;90.89;92.24;588794
FR0000125338;14/06/17;92.55;93.45;92.34;92.34;582762
FR0000125338;15/06/17;92.30;92.30;89.67;90.64;815014
FR0000125338;16/06/17;90.64;92.00;90.64;92.00;812001
FR0000125338;19/06/17;92.62;93.13;92.06;92.11;367711
FR0000125338;20/06/17;92.52;94.35;92.45;92.72;649232
FR0000125338;21/06/17;92.63;92.63;91.39;92.39;689257
FR0000125338;22/06/17;92.74;93.82;92.21;93.11;617563
FR0000125338;23/06/17;93.27;94.50;93.18;93.63;606831
FR0000125338;26/06/17;94.39;95.09;93.91;94.15;420428
FR0000125338;27/06/17;94.16;94.22;92.66;93.01;470504
FR0000125338;28/06/17;92.40;92.46;90.83;91.80;699943
FR0000125338;29/06/17;92.02;92.30;89.51;89.77;850346
FR0000125338;30/06/17;89.81;91.08;89.32;90.48;713483
FR0000125338;03/07/17;91.00;91.25;90.30;90.43;538435
FR0000125338;04/07/17;90.36;90.69;89.80;89.91;611466
FR0000125338;05/07/17;89.81;90.61;89.14;90.48;597756
FR0000125338;06/07/17;90.60;90.80;89.15;90.16;452513
FR0000125338;07/07/17;90.36;90.71;89.54;90.67;373281
FR0000125338;10/07/17;91.00;92.56;90.84;92.26;548293
FR0000125338;11/07/17;92.40;92.40;91.42;91.87;418342
FR0000125338;12/07/17;92.07;93.15;91.82;93.03;410691
FR0000125338;13/07/17;93.37;93.93;93.18;93.54;341011
FR0000125338;14/07/17;93.58;93.58;92.36;93.16;329239
FR0000125338;17/07/17;93.40;93.54;92.41;93.05;391751
FR0000125338;18/07/17;92.95;93.56;92.37;93.31;528496
FR0000125338;19/07/17;93.79;94.19;92.86;93.47;511806
FR0000125338;20/07/17;94.19;94.87;93.71;94.09;415109
FR0000125338;21/07/17;93.95;94.27;91.98;92.61;446077
FR0000125338;24/07/17;92.88;93.44;92.01;93.17;339494
FR0000125338;25/07/17;93.22;94.07;92.94;93.19;422153
FR0000125338;26/07/17;94.20;95.00;93.74;95.00;526305
FR0000125338;27/07/17;95.19;97.49;94.32;94.98;777941
FR0000125338;28/07/17;94.74;94.74;92.45;92.52;844459
FR0000125338;31/07/17;93.15;93.66;92.00;92.00;508931
FR0000125338;01/08/17;93.15;93.85;92.31;93.33;491294
FR0000125338;02/08/17;93.57;94.01;91.63;91.78;416468
FR0000125338;03/08/17;92.06;92.29;91.34;91.55;318483
FR0000125338;04/08/17;91.66;92.40;90.95;92.10;443591
FR0000125338;07/08/17;92.31;92.31;91.18;91.53;321821
FR0000125338;08/08/17;91.33;92.23;90.90;91.98;288101
FR0000125338;09/08/17;91.40;91.40;89.83;90.20;629495
FR0000125338;10/08/17;90.33;90.45;89.45;89.83;422506
FR0000125338;11/08/17;89.21;89.73;88.13;89.14;648521
FR0000125338;14/08/17;89.50;90.80;89.50;90.70;374084
FR0000125338;15/08/17;90.87;91.73;90.78;91.73;396990
FR0000125338;16/08/17;91.93;93.28;91.93;92.90;481562
FR0000125338;17/08/17;92.91;93.44;92.15;92.29;440124
FR0000125338;18/08/17;91.60;92.16;90.50;92.16;674673
FR0000125338;21/08/17;92.00;92.34;91.62;91.97;266420
FR0000125338;22/08/17;92.29;94.21;92.29;94.21;720309
FR0000125338;23/08/17;93.97;94.23;93.11;93.11;340927
FR0000125338;24/08/17;93.38;93.54;92.52;92.62;341096
FR0000125338;25/08/17;92.61;93.28;92.51;92.51;274549
FR0000125338;28/08/17;92.39;92.67;91.58;92.19;224832
FR0000125338;29/08/17;91.35;91.42;90.04;90.96;515478
FR0000125338;30/08/17;91.61;91.95;91.22;91.75;440774
FR0000125338;31/08/17;92.41;93.96;92.35;93.13;659618
FR0000125338;01/09/17;93.01;94.05;93.01;93.45;303527
FR0000125338;04/09/17;93.00;93.13;92.47;92.75;221935
FR0000125338;05/09/17;92.63;93.60;92.63;92.78;340370
FR0000125338;06/09/17;92.28;93.87;91.79;93.25;610988
FR0000125338;07/09/17;93.86;94.78;93.66;94.76;633495
FR0000125338;08/09/17;94.45;95.40;94.06;95.03;515326
FR0000125338;11/09/17;95.50;96.89;95.46;96.50;621553
FR0000125338;12/09/17;97.00;98.21;96.87;98.03;859352
FR0000125338;13/09/17;98.81;99.45;98.25;99.41;719839
FR0000125338;14/09/17;99.06;100.20;98.83;99.52;809644
FR0000125338;15/09/17;99.00;100.30;98.61;99.70;969385
FR0000125338;18/09/17;100.55;101.20;99.76;100.45;471975
FR0000125338;19/09/17;100.20;102.30;100.15;102.00;794981
