BE0003470755;29/09/17;126.75;127.05;125.15;126.40;341916
CH0012214059;29/09/17;48.90;49.545;48.845;49.395;196436
FR0000045072;29/09/17;15.385;15.405;15.17;15.38;5035083
FR0000051732;29/09/17;130.75;131.40;130.10;131.25;265751
FR0000073272;29/09/17;85.77;86.44;85.22;86.44;919105
FR0000120073;29/09/17;111.70;112.85;111.10;112.85;1159000
FR0000120172;29/09/17;17.015;17.145;16.905;17.095;2616140
FR0000120271;29/09/17;45.195;45.445;45.085;45.445;6393240
FR0000120321;29/09/17;178.10;179.90;178.10;179.90;769942
FR0000120404;29/09/17;42.105;42.155;41.54;42.035;1081327
FR0000120503;29/09/17;39.995;40.235;39.915;40.15;793748
FR0000120578;29/09/17;84.11;84.27;83.45;84.01;2866497
FR0000120628;29/09/17;25.26;25.59;25.23;25.59;7817524
FR0000120644;29/09/17;65.71;66.37;65.66;66.37;1818297
FR0000120693;29/09/17;116.70;117.10;116.35;117.05;386758
FR0000121014;29/09/17;231.55;233.45;231.15;233.45;583769
FR0000121220;29/09/17;104.95;105.50;104.20;105.50;307814
FR0000121261;29/09/17;122.65;123.50;121.40;123.50;686857
FR0000121485;29/09/17;334.60;337.20;334.25;337.05;152334
FR0000121501;29/09/17;19.82;20.15;19.575;20.15;3259590
FR0000121667;29/09/17;103.65;104.95;103.40;104.75;786014
FR0000121972;29/09/17;72.95;73.63;72.67;73.63;1429107
FR0000124141;29/09/17;19.485;19.575;19.34;19.55;1628787
FR0000124711;29/09/17;203.70;205.85;203.50;205.75;390809
FR0000125007;29/09/17;50.28;50.42;49.415;50.42;2053328
FR0000125338;29/09/17;99.83;99.83;98.47;99.16;502884
FR0000125486;29/09/17;80.56;80.88;80.02;80.40;1779478
FR0000127771;29/09/17;21.06;21.42;20.89;21.42;6358735
FR0000130577;29/09/17;58.92;59.09;58.58;59.09;737421
FR0000130809;29/09/17;48.865;49.63;48.65;49.535;3690552
FR0000131104;29/09/17;67.66;68.25;67.34;68.25;3748603
FR0000131906;29/09/17;82.20;83.11;81.18;83.11;966267
FR0000133308;29/09/17;13.845;13.90;13.78;13.86;7677738
FR0010208488;29/09/17;14.225;14.37;14.225;14.37;6241863
FR0010307819;29/09/17;61.09;61.25;60.59;61.08;505655
FR0013176526;29/09/17;62.28;62.78;61.52;62.78;751890
GB00BDSFG982;29/09/17;23.635;23.77;23.20;23.415;1556529
LU1598757687;29/09/17;21.68;21.825;21.575;21.825;4899445
NL0000226223;29/09/17;16.25;16.375;16.18;16.37;2554726
NL0000235190;29/09/17;79.95;80.41;79.58;80.41;2099116
