BE0003470755;10/10/17;126.20;126.40;124.85;124.90;194360
CH0012214059;10/10/17;49.44;49.91;49.345;49.71;185505
FR0000045072;10/10/17;15.31;15.325;15.19;15.265;4071554
FR0000051732;10/10/17;133.60;134.00;132.75;133.05;201282
FR0000073272;10/10/17;86.17;86.51;85.80;86.51;763143
FR0000120073;10/10/17;104.15;104.80;103.90;104.25;549888
FR0000120172;10/10/17;17.12;17.295;16.935;17.15;6516747
FR0000120271;10/10/17;45.45;45.70;45.325;45.55;2707422
FR0000120321;10/10/17;182.55;184.65;182.20;184.40;564322
FR0000120404;10/10/17;43.40;43.655;43.24;43.42;1061999
FR0000120503;10/10/17;39.95;40.125;39.825;40.00;566298
FR0000120578;10/10/17;85.71;85.84;84.53;84.73;1954761
FR0000120628;10/10/17;25.98;26.045;25.82;25.935;5065366
FR0000120644;10/10/17;68.89;69.10;68.67;68.83;994677
FR0000120693;10/10/17;121.00;122.65;120.85;122.00;468658
FR0000121014;10/10/17;237.90;238.85;236.25;237.40;980207
FR0000121220;10/10/17;103.60;103.80;102.65;102.95;301142
FR0000121261;10/10/17;122.10;122.95;121.20;122.70;372717
FR0000121485;10/10/17;348.75;352.00;348.00;352.00;243273
FR0000121501;10/10/17;20.50;20.65;20.385;20.485;2546834
FR0000121667;10/10/17;104.00;105.20;103.60;104.70;513865
FR0000121972;10/10/17;74.04;74.26;73.61;74.26;809421
FR0000124141;10/10/17;19.85;19.87;19.725;19.795;1204816
FR0000124711;10/10/17;207.00;207.35;205.80;207.10;202990
FR0000125007;10/10/17;49.12;49.545;49.025;49.545;1128709
FR0000125338;10/10/17;100.15;100.70;99.60;99.65;266297
FR0000125486;10/10/17;80.30;80.44;80.01;80.20;774393
FR0000127771;10/10/17;21.185;21.395;21.16;21.33;1875086
FR0000130577;10/10/17;60.07;60.68;59.87;60.40;579300
FR0000130809;10/10/17;48.545;48.675;48.26;48.62;2346147
FR0000131104;10/10/17;67.66;67.80;66.97;67.40;2765261
FR0000131906;10/10/17;85.74;85.78;84.69;85.22;837837
FR0000133308;10/10/17;13.795;13.85;13.725;13.83;3921508
FR0010208488;10/10/17;14.48;14.48;14.315;14.405;3656508
FR0010307819;10/10/17;61.71;61.77;61.27;61.76;275846
FR0013176526;10/10/17;63.09;63.09;62.33;62.69;591920
GB00BDSFG982;10/10/17;23.47;23.645;23.355;23.40;840898
LU1598757687;10/10/17;22.355;22.395;22.12;22.265;4692746
NL0000226223;10/10/17;16.79;16.89;16.575;16.665;1950321
NL0000235190;10/10/17;79.10;79.29;78.43;78.84;2020919
