BE0003470755;20/09/17;126.65;126.65;124.00;125.50;335729
BE0003470755;21/09/17;125.65;126.65;124.35;126.45;266636
CH0012214059;20/09/17;50.77;51.56;50.77;51.45;156567
CH0012214059;21/09/17;51.50;51.84;50.86;50.86;234488
FR0000045072;20/09/17;14.90;14.98;14.785;14.91;3965446
FR0000045072;21/09/17;15.02;15.28;15.02;15.16;5990767
FR0000051732;20/09/17;130.75;131.40;130.40;130.45;204791
FR0000051732;21/09/17;131.00;131.25;128.90;128.90;203085
FR0000073272;20/09/17;85.20;85.45;84.70;84.83;862968
FR0000073272;21/09/17;84.83;85.25;84.71;85.00;816448
FR0000120073;20/09/17;107.50;108.05;107.25;108.05;578157
FR0000120073;21/09/17;108.70;109.30;108.00;109.30;977992
FR0000120172;20/09/17;16.885;16.89;16.55;16.61;4853347
FR0000120172;21/09/17;16.62;16.63;16.415;16.52;3473793
FR0000120271;20/09/17;45.14;45.675;45.12;45.675;4502749
FR0000120271;21/09/17;45.855;46.05;45.665;45.885;5084860
FR0000120321;20/09/17;177.65;178.45;177.10;178.30;378067
FR0000120321;21/09/17;178.70;178.75;176.15;176.60;461995
FR0000120404;20/09/17;40.725;41.04;40.665;40.91;859202
FR0000120404;21/09/17;40.985;41.03;40.745;40.88;749499
FR0000120503;20/09/17;38.975;39.185;38.86;38.97;718755
FR0000120503;21/09/17;39.115;39.37;38.72;38.895;804423
FR0000120578;20/09/17;82.29;82.83;82.05;82.30;1661344
FR0000120578;21/09/17;82.47;84.40;82.43;83.87;2621664
FR0000120628;20/09/17;24.645;24.70;24.50;24.685;4601133
FR0000120628;21/09/17;24.80;25.025;24.80;24.865;5495909
FR0000120644;20/09/17;66.39;67.00;66.39;66.43;1933722
FR0000120644;21/09/17;66.45;66.57;65.98;66.42;1229031
FR0000120693;20/09/17;114.40;115.30;113.40;113.40;400772
FR0000120693;21/09/17;113.65;114.75;113.10;114.70;536367
FR0000121014;20/09/17;229.65;231.00;228.85;230.00;452459
FR0000121014;21/09/17;230.65;231.00;229.10;229.85;388474
FR0000121220;20/09/17;101.00;102.55;100.90;102.15;225680
FR0000121220;21/09/17;102.25;102.50;101.65;102.00;164796
FR0000121261;20/09/17;120.45;121.20;120.20;121.20;236565
FR0000121261;21/09/17;121.25;123.90;120.65;123.75;531175
FR0000121485;20/09/17;330.35;332.45;329.25;331.00;146804
FR0000121485;21/09/17;331.80;332.50;329.00;331.20;155330
FR0000121501;20/09/17;19.14;19.28;19.10;19.265;1549780
FR0000121501;21/09/17;19.30;19.77;19.29;19.59;2799038
FR0000121667;20/09/17;105.15;105.90;103.80;105.25;475413
FR0000121667;21/09/17;105.10;105.35;103.20;103.35;621088
FR0000121972;20/09/17;72.29;72.59;72.11;72.30;774983
FR0000121972;21/09/17;72.39;73.00;72.37;72.81;800889
FR0000124141;20/09/17;19.465;19.52;19.325;19.43;1952593
FR0000124141;21/09/17;19.44;19.44;18.995;19.12;2671293
FR0000124711;20/09/17;205.15;206.40;204.90;205.15;200171
FR0000124711;21/09/17;204.75;205.50;204.00;205.25;249741
FR0000125007;20/09/17;49.105;49.385;49.05;49.385;1044485
FR0000125007;21/09/17;49.595;49.975;49.55;49.69;1204343
FR0000125338;20/09/17;102.00;102.00;99.86;100.00;645122
FR0000125338;21/09/17;100.60;100.80;98.57;99.00;555565
FR0000125486;20/09/17;80.28;80.82;80.24;80.40;949023
FR0000125486;21/09/17;80.65;80.71;80.26;80.53;873767
FR0000127771;20/09/17;21.075;21.19;21.01;21.02;2787945
FR0000127771;21/09/17;21.17;21.345;20.93;20.93;3751097
FR0000130577;20/09/17;57.05;57.73;56.88;57.45;563397
FR0000130577;21/09/17;57.80;57.85;57.20;57.78;516180
FR0000130809;20/09/17;47.945;48.185;47.32;47.735;2636313
FR0000130809;21/09/17;48.01;49.02;47.995;48.765;3987263
FR0000131104;20/09/17;66.03;66.46;65.39;66.05;2403506
FR0000131104;21/09/17;66.61;67.48;66.49;66.72;2850831
FR0000131906;20/09/17;81.11;81.97;80.99;81.46;607834
FR0000131906;21/09/17;81.68;82.68;81.68;82.19;817356
FR0000133308;20/09/17;14.12;14.22;14.085;14.085;6404643
FR0000133308;21/09/17;14.08;14.10;13.68;13.77;12860497
FR0010208488;20/09/17;14.35;14.545;14.275;14.44;5380969
FR0010208488;21/09/17;14.46;14.47;14.24;14.285;5296697
FR0010307819;20/09/17;59.92;60.11;59.78;59.78;315360
FR0010307819;21/09/17;59.87;60.19;59.74;59.93;354473
FR0013176526;20/09/17;61.21;61.69;60.55;60.56;849675
FR0013176526;21/09/17;60.71;61.92;60.57;61.84;690953
GB00BDSFG982;20/09/17;23.00;23.18;22.83;22.87;1397258
GB00BDSFG982;21/09/17;23.16;23.30;22.745;22.765;1410109
LU1598757687;20/09/17;22.50;22.72;22.465;22.70;5288791
LU1598757687;21/09/17;22.425;22.505;21.90;21.985;9022763
NL0000226223;20/09/17;16.565;16.61;16.225;16.27;2953095
NL0000226223;21/09/17;16.41;16.45;16.18;16.32;2946300
NL0000235190;20/09/17;73.50;74.59;73.44;74.59;1528932
NL0000235190;21/09/17;75.00;77.98;75.00;77.56;2946892
