BE0003470755;19/09/17;128.65;128.80;126.25;126.90;394707
CH0012214059;19/09/17;50.59;51.08;50.57;50.93;140681
FR0000045072;19/09/17;15.05;15.09;14.87;14.91;5355484
FR0000051732;19/09/17;129.75;131.75;129.70;130.80;204930
FR0000073272;19/09/17;85.65;85.83;85.12;85.38;740067
FR0000120073;19/09/17;106.30;107.50;106.25;107.40;654579
FR0000120172;19/09/17;16.795;17.05;16.755;16.83;4134449
FR0000120271;19/09/17;44.875;45.40;44.805;45.18;4631793
FR0000120321;19/09/17;178.15;178.60;177.15;177.50;408813
FR0000120404;19/09/17;40.46;40.84;40.455;40.75;586030
FR0000120503;19/09/17;38.74;39.145;38.695;39.055;763923
FR0000120578;19/09/17;81.59;82.56;81.25;82.25;1711618
FR0000120628;19/09/17;24.70;24.825;24.665;24.73;4015793
FR0000120644;19/09/17;66.63;66.94;66.13;66.61;1337483
FR0000120693;19/09/17;115.00;115.50;114.40;115.00;375789
FR0000121014;19/09/17;229.10;229.60;228.30;229.30;430840
FR0000121220;19/09/17;102.15;102.15;100.75;101.20;261631
FR0000121261;19/09/17;119.20;121.35;119.05;120.85;451529
FR0000121485;19/09/17;328.95;330.60;326.45;330.45;170463
FR0000121501;19/09/17;18.90;19.285;18.875;19.205;2507819
FR0000121667;19/09/17;106.00;106.40;105.30;105.55;421488
FR0000121972;19/09/17;72.05;72.24;71.77;72.23;929140
FR0000124141;19/09/17;19.50;19.645;19.46;19.51;1487263
FR0000124711;19/09/17;206.95;206.95;205.40;205.60;217386
FR0000125007;19/09/17;49.285;49.365;49.125;49.305;1186307
FR0000125338;19/09/17;100.20;102.30;100.15;102.00;794981
FR0000125486;19/09/17;80.08;80.52;80.03;80.51;701561
FR0000127771;19/09/17;21.065;21.175;21.005;21.17;3193444
FR0000130577;19/09/17;56.95;57.09;56.82;56.93;385792
FR0000130809;19/09/17;48.515;48.625;47.88;47.925;3178424
FR0000131104;19/09/17;66.41;66.54;65.81;66.17;2032434
FR0000131906;19/09/17;80.79;81.46;80.65;81.28;632584
FR0000133308;19/09/17;14.02;14.105;13.93;14.085;5911331
FR0010208488;19/09/17;14.28;14.365;14.235;14.335;4372812
FR0010307819;19/09/17;60.17;60.19;59.90;59.94;334335
FR0013176526;19/09/17;61.54;61.98;61.23;61.50;753469
GB00BDSFG982;19/09/17;22.75;22.975;22.57;22.915;1083697
LU1598757687;19/09/17;22.60;22.64;22.245;22.35;6018583
NL0000226223;19/09/17;16.375;16.58;16.285;16.58;3613971
NL0000235190;19/09/17;73.50;74.09;73.14;74.00;1900806
