BE0003470755;09/10/17;125.45;126.45;125.45;126.20;130283
CH0012214059;09/10/17;49.15;49.685;48.96;49.50;218916
FR0000045072;09/10/17;15.515;15.54;15.235;15.335;5991742
FR0000051732;09/10/17;133.65;134.65;133.20;133.35;176363
FR0000073272;09/10/17;86.89;87.00;86.21;86.65;503690
FR0000120073;09/10/17;104.60;104.80;104.20;104.65;414272
FR0000120172;09/10/17;17.085;17.165;16.79;16.84;3210248
FR0000120271;09/10/17;45.625;45.755;45.49;45.545;2713659
FR0000120321;09/10/17;180.80;182.20;180.55;182.20;345809
FR0000120404;09/10/17;43.06;43.37;42.89;43.24;913773
FR0000120503;09/10/17;39.855;40.095;39.85;39.97;454290
FR0000120578;09/10/17;86.16;86.39;85.49;86.05;1182391
FR0000120628;09/10/17;25.93;26.055;25.855;26.005;3784864
FR0000120644;09/10/17;68.55;69.23;68.52;69.11;1085824
FR0000120693;09/10/17;119.45;120.85;119.30;120.80;270230
FR0000121014;09/10/17;231.35;232.90;229.70;232.20;461703
FR0000121220;09/10/17;103.95;104.10;102.75;103.55;282684
FR0000121261;09/10/17;122.15;122.80;121.60;121.90;202129
FR0000121485;09/10/17;340.25;345.15;340.00;344.35;168913
FR0000121501;09/10/17;20.71;20.835;20.505;20.57;2324033
FR0000121667;09/10/17;104.65;105.15;103.50;104.25;521619
FR0000121972;09/10/17;74.49;74.65;73.76;74.29;727616
FR0000124141;09/10/17;19.755;19.95;19.755;19.855;1356208
FR0000124711;09/10/17;206.00;207.65;205.75;206.55;194384
FR0000125007;09/10/17;49.255;49.575;48.985;49.20;1131404
FR0000125338;09/10/17;100.20;100.85;100.05;100.45;273847
FR0000125486;09/10/17;80.20;80.60;80.13;80.46;789278
FR0000127771;09/10/17;21.24;21.32;21.20;21.28;1322343
FR0000130577;09/10/17;59.72;60.27;59.53;60.16;566132
FR0000130809;09/10/17;49.03;49.24;48.47;48.695;1956055
FR0000131104;09/10/17;68.64;68.91;67.66;67.96;1835823
FR0000131906;09/10/17;85.98;86.69;85.40;85.68;766408
FR0000133308;09/10/17;13.88;13.88;13.725;13.79;4553126
FR0010208488;09/10/17;14.37;14.495;14.315;14.48;4996459
FR0010307819;09/10/17;61.55;61.72;61.25;61.72;337707
FR0013176526;09/10/17;63.00;63.56;62.97;63.13;480875
GB00BDSFG982;09/10/17;23.34;23.585;23.28;23.48;743480
LU1598757687;09/10/17;22.74;22.77;22.475;22.52;4649594
NL0000226223;09/10/17;16.885;16.95;16.67;16.82;1669694
NL0000235190;09/10/17;79.50;80.37;78.74;79.44;3248461
