BE0003470755;27/09/17;125.05;126.10;124.75;125.90;221366
CH0012214059;27/09/17;49.27;49.325;48.94;49.10;174639
FR0000045072;27/09/17;15.06;15.42;15.06;15.315;5467793
FR0000051732;27/09/17;129.10;129.10;128.05;129.10;208330
FR0000073272;27/09/17;85.19;85.35;84.86;85.08;663047
FR0000120073;27/09/17;111.85;112.45;110.80;110.85;927474
FR0000120172;27/09/17;17.22;17.265;16.94;16.995;4032379
FR0000120271;27/09/17;45.455;45.49;45.08;45.11;5136164
FR0000120321;27/09/17;180.90;181.15;177.75;178.00;859908
FR0000120404;27/09/17;40.995;41.155;40.865;41.00;774378
FR0000120503;27/09/17;39.50;40.295;39.50;40.285;2121537
FR0000120578;27/09/17;84.46;84.75;84.02;84.54;1683142
FR0000120628;27/09/17;24.735;25.195;24.71;25.08;7366244
FR0000120644;27/09/17;66.77;66.77;65.77;65.78;1762157
FR0000120693;27/09/17;117.55;117.80;115.80;116.40;376993
FR0000121014;27/09/17;231.55;231.75;230.45;230.85;405915
FR0000121220;27/09/17;104.30;104.80;102.70;104.60;323352
FR0000121261;27/09/17;125.30;125.30;123.40;124.15;493558
FR0000121485;27/09/17;332.45;336.05;331.45;334.90;139788
FR0000121501;27/09/17;19.79;19.905;19.675;19.905;2574906
FR0000121667;27/09/17;103.35;103.45;102.35;102.80;757559
FR0000121972;27/09/17;72.21;73.00;72.21;72.36;954390
FR0000124141;27/09/17;19.535;19.54;19.395;19.50;1475212
FR0000124711;27/09/17;205.95;205.95;203.30;204.00;254847
FR0000125007;27/09/17;49.62;49.86;49.47;49.49;1355379
FR0000125338;27/09/17;98.17;99.32;97.70;99.03;538023
FR0000125486;27/09/17;80.26;80.60;80.16;80.50;799063
FR0000127771;27/09/17;20.77;20.81;20.675;20.785;1999705
FR0000130577;27/09/17;59.00;59.00;58.16;58.65;670500
FR0000130809;27/09/17;48.15;49.245;48.075;48.705;3499089
FR0000131104;27/09/17;66.38;67.86;66.35;67.45;3554729
FR0000131906;27/09/17;82.31;82.79;81.90;82.08;815594
FR0000133308;27/09/17;13.875;13.895;13.82;13.89;6792789
FR0010208488;27/09/17;14.38;14.39;14.24;14.25;5121714
FR0010307819;27/09/17;60.19;60.48;59.99;60.30;451306
FR0013176526;27/09/17;62.77;62.87;61.97;62.14;609441
GB00BDSFG982;27/09/17;22.80;23.00;22.79;22.955;1015095
LU1598757687;27/09/17;21.37;21.445;21.255;21.295;4954100
NL0000226223;27/09/17;15.915;16.185;15.895;16.185;2766221
NL0000235190;27/09/17;78.70;80.37;78.64;80.37;2202550
