BE0003470755;13/10/17;126.15;127.20;125.80;126.85;196588
CH0012214059;13/10/17;49.73;50.04;49.385;49.385;202212
FR0000045072;13/10/17;14.94;15.01;14.78;14.78;6173064
FR0000051732;13/10/17;133.95;134.00;132.10;132.60;192996
FR0000073272;13/10/17;86.14;86.14;85.45;85.83;503969
FR0000120073;13/10/17;104.10;104.65;103.70;104.40;544553
FR0000120172;13/10/17;17.085;17.295;17.055;17.165;2508320
FR0000120271;13/10/17;45.805;45.895;45.67;45.78;3301549
FR0000120321;13/10/17;188.00;188.80;187.00;188.50;434315
FR0000120404;13/10/17;43.34;43.35;43.10;43.115;620724
FR0000120503;13/10/17;40.08;40.325;39.94;40.23;691772
FR0000120578;13/10/17;83.95;84.33;83.60;83.60;1225463
FR0000120628;13/10/17;25.695;25.695;25.31;25.31;5970136
FR0000120644;13/10/17;69.30;69.45;68.89;68.89;1371314
FR0000120693;13/10/17;121.15;122.05;121.05;121.70;257946
FR0000121014;13/10/17;241.20;242.50;239.95;241.80;413797
FR0000121220;13/10/17;103.40;104.50;103.05;104.45;248224
FR0000121261;13/10/17;122.50;122.60;121.25;122.30;320610
FR0000121485;13/10/17;358.95;359.00;355.50;357.35;157478
FR0000121501;13/10/17;20.30;20.445;20.18;20.27;2070519
FR0000121667;13/10/17;101.10;102.20;100.75;101.90;681376
FR0000121972;13/10/17;74.03;74.06;73.15;73.15;1030746
FR0000124141;13/10/17;19.87;19.97;19.845;19.86;805449
FR0000124711;13/10/17;208.10;208.80;207.70;208.20;212517
FR0000125007;13/10/17;50.15;50.27;49.795;50.20;1118651
FR0000125338;13/10/17;100.50;101.20;99.99;100.75;376385
FR0000125486;13/10/17;80.91;80.92;80.21;80.59;714123
FR0000127771;13/10/17;21.50;21.51;21.255;21.255;2198022
FR0000130577;13/10/17;60.53;60.81;60.09;60.19;415016
FR0000130809;13/10/17;47.98;48.115;47.00;47.32;4650179
FR0000131104;13/10/17;66.49;66.87;65.84;66.05;3038441
FR0000131906;13/10/17;84.80;84.89;83.90;84.65;622822
FR0000133308;13/10/17;13.85;13.925;13.81;13.83;5774438
FR0010208488;13/10/17;14.515;14.53;14.405;14.43;3231386
FR0010307819;13/10/17;61.69;61.73;61.29;61.48;314221
FR0013176526;13/10/17;63.90;63.96;63.15;63.41;580554
GB00BDSFG982;13/10/17;22.70;22.725;22.535;22.555;823860
LU1598757687;13/10/17;23.08;24.73;23.01;24.63;18803443
NL0000226223;13/10/17;16.94;16.955;16.83;16.92;1495227
NL0000235190;13/10/17;77.04;78.03;76.93;77.20;1691200
