BE0003470755;22/09/17;125.80;126.30;124.80;125.65;179935
CH0012214059;22/09/17;50.49;51.20;50.49;50.87;141037
FR0000045072;22/09/17;15.145;15.28;15.085;15.165;3975596
FR0000051732;22/09/17;129.25;130.05;128.60;129.10;218814
FR0000073272;22/09/17;84.99;85.20;84.74;84.98;924805
FR0000120073;22/09/17;109.00;110.25;109.00;109.75;882984
FR0000120172;22/09/17;16.55;16.70;16.44;16.545;3002182
FR0000120271;22/09/17;45.90;46.05;45.665;45.935;5282150
FR0000120321;22/09/17;188.00;188.50;180.75;180.95;1549467
FR0000120404;22/09/17;40.865;41.09;40.72;41.00;662338
FR0000120503;22/09/17;38.95;39.145;38.795;39.05;1051272
FR0000120578;22/09/17;84.04;85.00;84.01;84.12;2284835
FR0000120628;22/09/17;24.805;25.04;24.765;24.955;4077491
FR0000120644;22/09/17;66.48;67.01;66.27;66.70;1403460
FR0000120693;22/09/17;114.80;116.75;114.55;115.35;495824
FR0000121014;22/09/17;229.50;231.70;228.55;230.40;418774
FR0000121220;22/09/17;102.10;103.60;101.80;103.50;301272
FR0000121261;22/09/17;123.15;124.40;122.55;124.15;388407
FR0000121485;22/09/17;330.80;335.50;329.60;334.95;158987
FR0000121501;22/09/17;19.64;19.78;19.435;19.585;2046798
FR0000121667;22/09/17;103.10;104.70;103.10;103.85;470488
FR0000121972;22/09/17;72.65;72.67;71.83;72.20;1077204
FR0000124141;22/09/17;19.105;19.42;19.065;19.38;2115681
FR0000124711;22/09/17;204.45;206.25;204.30;205.00;213723
FR0000125007;22/09/17;49.615;49.945;49.385;49.75;1031017
FR0000125338;22/09/17;98.86;99.30;98.35;99.00;492605
FR0000125486;22/09/17;80.24;80.56;79.82;80.18;831144
FR0000127771;22/09/17;20.985;20.985;20.695;20.745;4075797
FR0000130577;22/09/17;57.82;58.13;57.69;58.07;615744
FR0000130809;22/09/17;48.685;49.26;48.605;48.905;2713906
FR0000131104;22/09/17;66.50;67.49;66.48;67.30;2750855
FR0000131906;22/09/17;82.13;82.21;81.34;81.51;931784
FR0000133308;22/09/17;13.77;13.87;13.71;13.78;6748170
FR0010208488;22/09/17;14.305;14.42;14.285;14.39;3416360
FR0010307819;22/09/17;59.85;60.00;59.51;59.84;418491
FR0013176526;22/09/17;61.73;62.62;61.66;62.62;785537
GB00BDSFG982;22/09/17;22.685;22.735;22.505;22.575;1006864
LU1598757687;22/09/17;21.55;21.73;21.13;21.655;9317671
NL0000226223;22/09/17;16.25;16.515;16.225;16.37;2766170
NL0000235190;22/09/17;76.87;77.96;76.20;77.34;2421931
