BE0003470755;05/10/17;126.50;127.45;126.25;126.60;163734
CH0012214059;05/10/17;48.935;49.245;48.80;49.13;186919
FR0000045072;05/10/17;15.395;15.63;15.355;15.53;5499815
FR0000051732;05/10/17;134.00;134.35;133.35;133.80;134027
FR0000073272;05/10/17;87.00;87.18;86.30;87.18;557768
FR0000120073;05/10/17;105.05;105.10;104.25;104.85;689485
FR0000120172;05/10/17;17.155;17.21;16.91;17.09;3433816
FR0000120271;05/10/17;45.205;45.785;45.205;45.735;4511985
FR0000120321;05/10/17;181.70;182.75;181.20;182.75;346866
FR0000120404;05/10/17;41.965;42.55;41.89;42.375;920237
FR0000120503;05/10/17;40.25;40.38;39.93;40.11;696217
FR0000120578;05/10/17;84.84;86.17;84.40;85.68;2224915
FR0000120628;05/10/17;25.52;25.915;25.475;25.865;6032822
FR0000120644;05/10/17;68.16;68.73;68.01;68.50;1348566
FR0000120693;05/10/17;119.75;120.25;119.00;119.95;305626
FR0000121014;05/10/17;235.15;235.95;233.75;234.20;408079
FR0000121220;05/10/17;105.70;106.05;104.45;104.85;281182
FR0000121261;05/10/17;122.45;123.70;121.95;122.35;451552
FR0000121485;05/10/17;341.30;342.55;340.05;340.50;113869
FR0000121501;05/10/17;20.885;20.96;20.65;20.875;2332175
FR0000121667;05/10/17;106.55;107.05;105.25;105.50;508064
FR0000121972;05/10/17;73.87;74.26;73.51;73.82;988438
FR0000124141;05/10/17;19.595;19.87;19.595;19.635;1602522
FR0000124711;05/10/17;206.25;207.40;205.00;207.35;234100
FR0000125007;05/10/17;50.09;50.20;49.74;49.97;1247791
FR0000125338;05/10/17;100.25;101.00;99.71;100.70;456576
FR0000125486;05/10/17;80.21;80.68;79.81;80.12;1241687
FR0000127771;05/10/17;21.11;21.20;20.99;21.11;3840771
FR0000130577;05/10/17;60.34;60.58;60.15;60.25;757155
FR0000130809;05/10/17;48.80;49.445;48.64;49.23;3521253
FR0000131104;05/10/17;67.08;68.61;67.04;68.53;3347256
FR0000131906;05/10/17;85.50;86.56;85.34;85.60;1293778
FR0000133308;05/10/17;13.70;13.81;13.70;13.81;4477432
FR0010208488;05/10/17;14.21;14.47;14.21;14.35;5566663
FR0010307819;05/10/17;61.54;61.67;61.20;61.37;360479
FR0013176526;05/10/17;63.89;64.32;63.06;63.17;659792
GB00BDSFG982;05/10/17;23.545;23.675;23.45;23.60;1217761
LU1598757687;05/10/17;22.55;23.015;22.55;22.985;5802497
NL0000226223;05/10/17;16.935;17.04;16.775;16.775;2442228
NL0000235190;05/10/17;82.20;82.25;80.85;81.80;1802178
