BE0003470755;02/10/17;126.00;126.85;126.00;126.25;176642
CH0012214059;02/10/17;49.665;49.905;48.585;48.78;255522
FR0000045072;02/10/17;15.355;15.47;15.315;15.395;4573061
FR0000051732;02/10/17;131.55;133.70;131.25;133.55;228737
FR0000073272;02/10/17;86.45;87.37;86.31;87.04;620694
FR0000120073;02/10/17;103.80;103.80;102.55;103.30;886774
FR0000120172;02/10/17;17.15;17.15;16.905;16.99;2699810
FR0000120271;02/10/17;45.53;45.655;45.09;45.235;4614502
FR0000120321;02/10/17;180.00;181.35;179.20;181.25;412135
FR0000120404;02/10/17;42.09;42.36;42.05;42.14;759387
FR0000120503;02/10/17;39.945;40.515;39.79;40.515;710756
FR0000120578;02/10/17;84.05;85.13;84.05;85.12;1931498
FR0000120628;02/10/17;25.575;25.65;25.37;25.63;5525793
FR0000120644;02/10/17;66.30;66.73;66.00;66.73;1158308
FR0000120693;02/10/17;117.35;118.70;116.95;118.70;379145
FR0000121014;02/10/17;233.55;234.25;232.75;233.25;405419
FR0000121220;02/10/17;105.85;106.40;104.80;105.50;249295
FR0000121261;02/10/17;123.40;123.70;121.75;122.50;362219
FR0000121485;02/10/17;337.30;339.85;337.10;338.00;179844
FR0000121501;02/10/17;20.155;20.455;20.155;20.455;3058942
FR0000121667;02/10/17;105.05;105.85;104.95;105.50;459357
FR0000121972;02/10/17;73.74;74.11;73.09;73.74;786696
FR0000124141;02/10/17;19.53;19.625;19.49;19.625;1341061
FR0000124711;02/10/17;205.90;207.20;204.80;205.55;261838
FR0000125007;02/10/17;50.36;50.60;50.05;50.28;1153079
FR0000125338;02/10/17;99.30;100.50;99.15;100.40;415986
FR0000125486;02/10/17;80.31;81.11;80.02;81.11;1028377
FR0000127771;02/10/17;21.38;21.56;20.99;21.535;3342314
FR0000130577;02/10/17;59.20;59.20;58.46;58.57;527511
FR0000130809;02/10/17;49.395;49.835;49.265;49.835;2642880
FR0000131104;02/10/17;68.00;68.48;67.85;68.45;2402142
FR0000131906;02/10/17;82.84;83.64;82.40;83.64;997307
FR0000133308;02/10/17;13.86;13.86;13.73;13.775;6285645
FR0010208488;02/10/17;14.34;14.44;14.265;14.44;5532769
FR0010307819;02/10/17;61.15;61.59;60.98;61.54;436379
FR0013176526;02/10/17;63.09;63.35;62.27;62.75;429758
GB00BDSFG982;02/10/17;23.75;24.00;23.35;23.55;1718612
LU1598757687;02/10/17;21.90;22.40;21.865;22.40;6882639
NL0000226223;02/10/17;16.46;16.985;16.41;16.925;3111031
NL0000235190;02/10/17;80.33;80.75;80.14;80.60;1355099
