BE0003470755;26/09/17;124.15;125.55;124.00;125.05;183727
CH0012214059;26/09/17;49.20;49.33;48.67;49.115;281578
FR0000045072;26/09/17;14.98;15.115;14.89;14.98;3352281
FR0000051732;26/09/17;128.10;129.25;127.45;128.25;207221
FR0000073272;26/09/17;85.23;85.61;84.80;85.11;954986
FR0000120073;26/09/17;109.70;111.50;109.60;111.50;989447
FR0000120172;26/09/17;16.58;17.27;16.575;17.085;9888632
FR0000120271;26/09/17;45.55;45.64;45.19;45.255;7058375
FR0000120321;26/09/17;182.50;182.50;179.75;181.05;674121
FR0000120404;26/09/17;40.94;41.015;40.70;40.87;535128
FR0000120503;26/09/17;39.325;39.325;39.065;39.16;750854
FR0000120578;26/09/17;84.36;84.56;84.06;84.56;1541262
FR0000120628;26/09/17;24.735;24.79;24.60;24.655;4544086
FR0000120644;26/09/17;66.80;66.80;66.38;66.49;1327277
FR0000120693;26/09/17;116.05;117.55;115.95;117.35;414064
FR0000121014;26/09/17;231.00;231.65;230.15;231.35;380659
FR0000121220;26/09/17;104.15;104.35;103.00;104.35;274974
FR0000121261;26/09/17;124.15;125.70;123.95;125.35;404202
FR0000121485;26/09/17;333.05;333.75;330.45;332.00;258928
FR0000121501;26/09/17;19.70;19.80;19.66;19.75;2282759
FR0000121667;26/09/17;104.55;105.00;102.95;103.25;712275
FR0000121972;26/09/17;72.30;72.32;71.87;72.15;832991
FR0000124141;26/09/17;19.34;19.535;19.265;19.465;1340898
FR0000124711;26/09/17;204.70;205.85;204.45;205.00;309468
FR0000125007;26/09/17;49.67;49.755;49.395;49.56;1031514
FR0000125338;26/09/17;98.40;98.78;97.62;97.78;527436
FR0000125486;26/09/17;80.20;80.46;79.74;80.14;1002305
FR0000127771;26/09/17;20.765;20.865;20.695;20.725;1622952
FR0000130577;26/09/17;58.43;58.99;58.04;58.91;615461
FR0000130809;26/09/17;48.155;48.425;47.795;47.96;2271002
FR0000131104;26/09/17;66.09;66.66;65.87;66.15;2436479
FR0000131906;26/09/17;81.33;82.45;81.33;82.26;934605
FR0000133308;26/09/17;13.85;13.94;13.79;13.84;5290359
FR0010208488;26/09/17;14.39;14.455;14.315;14.32;4076588
FR0010307819;26/09/17;59.63;60.15;59.35;60.01;451899
FR0013176526;26/09/17;62.42;63.13;62.42;62.91;599574
GB00BDSFG982;26/09/17;22.97;23.195;22.62;22.87;1783264
LU1598757687;26/09/17;21.00;21.455;20.98;21.255;5638616
NL0000226223;26/09/17;15.67;15.92;15.50;15.785;3010552
NL0000235190;26/09/17;77.50;78.78;76.89;78.78;1960532
