BE0003470755;11/10/17;124.80;125.15;123.75;124.90;181052
CH0012214059;11/10/17;49.72;49.855;49.215;49.225;218492
FR0000045072;11/10/17;15.36;15.43;14.905;15.05;9837655
FR0000051732;11/10/17;133.50;133.85;132.70;133.05;226450
FR0000073272;11/10/17;86.10;86.17;85.16;85.62;916948
FR0000120073;11/10/17;104.25;104.50;103.55;104.00;617100
FR0000120172;11/10/17;17.225;17.265;17.01;17.135;3132784
FR0000120271;11/10/17;45.50;45.90;45.355;45.85;3892746
FR0000120321;11/10/17;185.00;185.50;183.80;185.50;432107
FR0000120404;11/10/17;43.405;43.62;43.27;43.40;504759
FR0000120503;11/10/17;39.975;40.115;39.735;39.855;480426
FR0000120578;11/10/17;84.52;84.72;84.10;84.42;1799417
FR0000120628;11/10/17;25.955;26.01;25.655;25.825;4962633
FR0000120644;11/10/17;69.20;69.29;68.64;69.10;1144679
FR0000120693;11/10/17;122.05;122.35;121.45;121.75;335845
FR0000121014;11/10/17;239.25;239.40;236.55;239.40;540638
FR0000121220;11/10/17;102.90;103.40;102.50;103.05;209094
FR0000121261;11/10/17;122.60;123.00;121.95;122.65;258103
FR0000121485;11/10/17;355.70;358.10;352.05;357.55;275781
FR0000121501;11/10/17;20.485;20.485;20.255;20.365;3674364
FR0000121667;11/10/17;103.90;104.60;102.90;103.45;682492
FR0000121972;11/10/17;74.26;74.32;73.61;74.01;854015
FR0000124141;11/10/17;19.805;19.90;19.76;19.86;1655205
FR0000124711;11/10/17;207.20;208.00;206.25;207.35;204612
FR0000125007;11/10/17;49.50;49.525;49.30;49.44;827154
FR0000125338;11/10/17;100.10;100.30;99.50;99.50;321220
FR0000125486;11/10/17;80.23;80.43;79.61;80.37;710109
FR0000127771;11/10/17;21.40;21.40;21.225;21.27;2682686
FR0000130577;11/10/17;60.35;60.83;60.03;60.20;597810
FR0000130809;11/10/17;48.885;48.925;48.32;48.59;3108949
FR0000131104;11/10/17;67.87;67.87;66.70;67.37;2659631
FR0000131906;11/10/17;85.46;85.46;84.77;85.04;729816
FR0000133308;11/10/17;13.84;13.97;13.73;13.92;6550238
FR0010208488;11/10/17;14.10;14.48;14.095;14.435;7080205
FR0010307819;11/10/17;61.80;61.93;61.40;61.64;311098
FR0013176526;11/10/17;62.95;63.54;62.69;63.36;743661
GB00BDSFG982;11/10/17;23.12;23.275;22.655;22.72;2033556
LU1598757687;11/10/17;22.315;22.375;22.16;22.345;3549399
NL0000226223;11/10/17;16.70;16.89;16.625;16.84;2150121
NL0000235190;11/10/17;78.40;78.55;77.53;77.99;2461122
