BE0003470755;01/12/17;118.00;118.25;115.85;116.60;399417
BE0003470755;04/12/17;117.70;118.20;116.85;117.10;260269
BE0003470755;05/12/17;117.25;118.00;116.65;117.00;231761
BE0003470755;06/12/17;116.15;117.30;115.55;117.10;270414
BE0003470755;07/12/17;117.60;117.80;116.30;116.30;259184
BE0003470755;08/12/17;116.75;117.35;116.50;116.55;230957
BE0003470755;11/12/17;116.95;117.25;116.65;117.15;146792
BE0003470755;12/12/17;116.95;118.20;116.50;117.90;262924
BE0003470755;13/12/17;117.80;117.80;115.95;116.70;299456
BE0003470755;14/12/17;116.75;117.40;116.35;116.35;262598
BE0003470755;15/12/17;116.00;116.90;115.65;116.85;385872
BE0003470755;18/12/17;117.05;118.35;117.05;117.70;248130
BE0003470755;19/12/17;117.50;117.65;116.25;116.30;239277
BE0003470755;20/12/17;116.30;116.65;115.40;115.60;225916
BE0003470755;21/12/17;115.40;116.40;115.25;116.00;235171
BE0003470755;22/12/17;115.65;116.40;115.25;115.90;207737
BE0003470755;27/12/17;116.00;116.65;115.75;116.45;181409
BE0003470755;28/12/17;116.45;116.95;116.05;116.55;119775
BE0003470755;29/12/17;116.55;117.40;115.75;115.90;154551
CH0012214059;01/12/17;45.835;45.955;45.22;45.39;363137
CH0012214059;04/12/17;45.965;46.00;45.37;45.60;264228
CH0012214059;05/12/17;45.50;45.98;45.335;45.71;188424
CH0012214059;06/12/17;45.34;45.56;45.085;45.25;187420
CH0012214059;07/12/17;45.21;45.33;44.785;44.81;180780
CH0012214059;08/12/17;44.89;45.345;44.89;45.22;207690
CH0012214059;11/12/17;45.06;45.32;44.91;44.91;188142
CH0012214059;12/12/17;45.145;45.165;44.815;45.04;195181
CH0012214059;13/12/17;44.965;45.805;44.93;45.685;269871
CH0012214059;14/12/17;45.385;45.465;45.11;45.135;288287
CH0012214059;15/12/17;45.02;46.455;44.975;46.455;589098
CH0012214059;18/12/17;46.65;46.75;46.125;46.425;342474
CH0012214059;19/12/17;46.43;47.055;46.35;46.525;218362
CH0012214059;20/12/17;46.50;46.50;45.90;46.075;237944
CH0012214059;21/12/17;46.00;46.805;45.835;46.68;331686
CH0012214059;22/12/17;46.375;46.71;46.185;46.49;192298
CH0012214059;27/12/17;46.26;46.85;46.26;46.80;123754
CH0012214059;28/12/17;46.81;47.10;46.805;46.855;147048
CH0012214059;29/12/17;46.96;47.10;46.785;47.04;137284
FR0000045072;01/12/17;14.155;14.235;13.965;14.03;6085247
FR0000045072;04/12/17;14.22;14.35;14.17;14.24;5195693
FR0000045072;05/12/17;14.26;14.38;14.02;14.08;6405837
FR0000045072;06/12/17;13.965;13.98;13.785;13.865;7301819
FR0000045072;07/12/17;13.925;14.225;13.895;14.125;8499592
FR0000045072;08/12/17;14.35;14.775;14.35;14.67;11313846
FR0000045072;11/12/17;14.705;14.77;14.61;14.61;4958860
FR0000045072;12/12/17;14.60;14.675;14.34;14.675;5536247
FR0000045072;13/12/17;14.63;14.64;14.44;14.515;4925991
FR0000045072;14/12/17;14.46;14.60;14.335;14.335;6004055
FR0000045072;15/12/17;14.285;14.33;14.085;14.145;8196412
FR0000045072;18/12/17;14.25;14.365;14.18;14.27;6011016
FR0000045072;19/12/17;14.275;14.42;14.225;14.27;3688196
FR0000045072;20/12/17;14.29;14.32;14.075;14.155;4464392
FR0000045072;21/12/17;14.085;14.175;13.985;14.10;5437898
FR0000045072;22/12/17;14.025;14.10;13.925;14.00;4013124
FR0000045072;27/12/17;13.97;14.045;13.865;13.90;2733689
FR0000045072;28/12/17;13.875;13.975;13.855;13.87;2515453
FR0000045072;29/12/17;13.885;13.885;13.765;13.80;3224461
FR0000051732;01/12/17;124.60;125.20;122.20;123.95;415840
FR0000051732;04/12/17;124.85;125.95;123.80;124.55;360723
FR0000051732;05/12/17;124.15;124.35;122.10;123.10;371014
FR0000051732;06/12/17;122.05;123.30;121.15;123.20;224836
FR0000051732;07/12/17;123.75;124.45;121.80;124.25;275500
FR0000051732;08/12/17;124.80;125.20;123.75;125.20;285081
FR0000051732;11/12/17;125.20;125.20;124.05;124.60;208944
FR0000051732;12/12/17;125.00;133.95;124.90;133.50;1075337
FR0000051732;13/12/17;134.05;134.35;131.80;133.75;576830
FR0000051732;14/12/17;131.90;132.15;129.25;130.20;550712
FR0000051732;15/12/17;129.55;130.90;127.45;128.60;778061
FR0000051732;18/12/17;126.70;127.55;125.20;126.50;554967
FR0000051732;19/12/17;126.65;127.35;124.05;124.50;438742
FR0000051732;20/12/17;124.80;124.80;122.75;123.50;311135
FR0000051732;21/12/17;123.20;123.30;121.95;122.25;331863
FR0000051732;22/12/17;122.15;123.25;121.55;122.25;219200
FR0000051732;27/12/17;122.10;122.25;120.90;121.45;188319
FR0000051732;28/12/17;121.45;122.35;121.10;121.60;175114
FR0000051732;29/12/17;121.60;122.20;120.90;121.35;173424
FR0000073272;01/12/17;89.72;89.79;87.72;87.75;1026424
FR0000073272;04/12/17;89.15;89.80;89.01;89.13;961776
FR0000073272;05/12/17;89.25;89.56;88.13;88.95;621181
FR0000073272;06/12/17;88.20;89.06;87.76;88.80;714212
FR0000073272;07/12/17;89.05;89.64;88.73;89.52;916459
FR0000073272;08/12/17;89.91;89.95;88.77;89.07;696273
FR0000073272;11/12/17;89.40;89.45;87.54;87.90;689763
FR0000073272;12/12/17;88.25;88.37;87.28;88.15;583498
FR0000073272;13/12/17;87.79;88.10;87.30;87.61;1058161
FR0000073272;14/12/17;85.90;86.62;85.00;85.83;1417880
FR0000073272;15/12/17;85.58;87.07;85.31;86.11;1432880
FR0000073272;18/12/17;86.90;88.18;86.90;88.08;1153589
FR0000073272;19/12/17;87.76;88.53;87.68;88.10;723588
FR0000073272;20/12/17;87.85;88.34;87.58;87.84;569716
FR0000073272;21/12/17;87.48;88.50;87.29;88.50;805019
FR0000073272;22/12/17;88.01;88.46;87.70;88.05;392259
FR0000073272;27/12/17;87.71;88.00;87.53;87.83;360054
FR0000073272;28/12/17;87.54;87.89;86.41;86.54;426699
FR0000073272;29/12/17;86.34;86.75;85.89;85.91;539175
FR0000120073;01/12/17;105.05;105.15;103.05;103.20;1349224
FR0000120073;04/12/17;104.20;106.05;103.95;105.80;918905
FR0000120073;05/12/17;105.75;106.90;104.95;106.65;825646
FR0000120073;06/12/17;105.85;107.70;105.35;107.50;998560
FR0000120073;07/12/17;107.40;108.35;106.75;107.35;984788
FR0000120073;08/12/17;107.55;108.30;107.40;107.85;891135
FR0000120073;11/12/17;108.60;108.90;107.30;107.35;666326
FR0000120073;12/12/17;107.65;108.10;106.80;108.10;717274
FR0000120073;13/12/17;108.05;108.50;107.60;107.90;989959
FR0000120073;14/12/17;108.20;108.30;106.80;107.05;849973
FR0000120073;15/12/17;106.80;108.55;106.40;108.40;1995459
FR0000120073;18/12/17;108.90;109.35;107.95;108.70;1163683
FR0000120073;19/12/17;108.40;108.85;107.45;107.80;680306
FR0000120073;20/12/17;107.85;108.15;106.45;106.90;628509
FR0000120073;21/12/17;106.05;107.10;105.60;107.00;920134
FR0000120073;22/12/17;106.35;106.95;106.15;106.55;506924
FR0000120073;27/12/17;106.35;107.15;106.20;106.70;503475
FR0000120073;28/12/17;106.90;106.95;105.65;105.85;515440
FR0000120073;29/12/17;105.80;106.25;105.05;105.05;672766
FR0000120172;01/12/17;17.80;18.02;17.615;17.845;3990962
FR0000120172;04/12/17;17.99;18.195;17.82;18.13;3373676
FR0000120172;05/12/17;18.13;18.25;17.93;17.95;3251726
FR0000120172;06/12/17;17.94;18.26;17.75;18.215;3450242
FR0000120172;07/12/17;17.87;17.895;17.485;17.685;5480023
FR0000120172;08/12/17;17.705;17.775;17.505;17.71;3151067
FR0000120172;11/12/17;17.72;17.96;17.63;17.845;2799371
FR0000120172;12/12/17;17.855;17.98;17.73;17.905;2209051
FR0000120172;13/12/17;17.86;17.975;17.71;17.785;2131489
FR0000120172;14/12/17;17.76;17.795;17.485;17.52;2611346
FR0000120172;15/12/17;17.45;17.48;16.94;17.11;8755470
FR0000120172;18/12/17;17.12;17.49;17.115;17.265;4304444
FR0000120172;19/12/17;17.275;17.525;17.275;17.375;2359924
FR0000120172;20/12/17;17.37;17.44;17.12;17.25;2833519
FR0000120172;21/12/17;17.00;17.635;16.875;17.40;4731629
FR0000120172;22/12/17;17.355;17.615;17.345;17.54;2156460
FR0000120172;27/12/17;17.505;17.93;17.50;17.735;2614780
FR0000120172;28/12/17;17.77;18.07;17.76;18.005;2514633
FR0000120172;29/12/17;18.055;18.055;17.91;18.04;1440453
FR0000120271;01/12/17;47.69;48.025;47.035;47.395;6675533
FR0000120271;04/12/17;47.60;47.82;47.26;47.82;5759392
FR0000120271;05/12/17;47.78;48.015;47.435;47.435;4723233
FR0000120271;06/12/17;47.29;47.59;47.095;47.365;5213246
FR0000120271;07/12/17;47.25;47.79;47.25;47.46;4280283
FR0000120271;08/12/17;47.555;47.575;46.875;47.025;7007107
FR0000120271;11/12/17;47.05;47.16;46.865;47.09;5689116
FR0000120271;12/12/17;47.25;47.90;47.21;47.775;7014200
FR0000120271;13/12/17;47.84;47.865;47.325;47.37;7466629
FR0000120271;14/12/17;47.51;47.57;47.065;47.205;4976100
FR0000120271;15/12/17;47.17;47.29;46.51;46.51;16742169
FR0000120271;18/12/17;46.88;47.355;46.875;47.355;6231011
FR0000120271;19/12/17;46.52;46.79;46.12;46.15;6349925
FR0000120271;20/12/17;46.10;46.39;46.025;46.22;4929440
FR0000120271;21/12/17;46.14;46.735;46.10;46.615;4679799
FR0000120271;22/12/17;46.58;46.75;46.42;46.47;3330287
FR0000120271;27/12/17;46.595;46.815;46.525;46.535;3413113
FR0000120271;28/12/17;46.555;46.61;46.225;46.335;3187546
FR0000120271;29/12/17;46.40;46.605;46.045;46.045;4179386
FR0000120321;01/12/17;186.50;186.70;184.05;184.60;681927
FR0000120321;04/12/17;185.65;187.30;184.10;187.25;434580
FR0000120321;05/12/17;187.00;189.25;186.40;188.50;487286
FR0000120321;06/12/17;187.50;188.55;186.40;187.90;664810
FR0000120321;07/12/17;187.75;188.85;187.30;188.80;374809
FR0000120321;08/12/17;189.55;189.55;186.50;188.40;665147
FR0000120321;11/12/17;190.00;190.70;188.35;188.35;548402
FR0000120321;12/12/17;189.30;189.65;187.50;189.65;399247
FR0000120321;13/12/17;189.65;189.80;187.95;188.10;411820
FR0000120321;14/12/17;188.70;188.90;186.45;186.45;567336
FR0000120321;15/12/17;186.40;187.40;185.50;187.25;1088661
FR0000120321;18/12/17;188.60;190.80;188.15;190.40;545842
FR0000120321;19/12/17;189.80;190.75;188.65;188.85;410938
FR0000120321;20/12/17;188.80;188.80;186.30;186.85;405595
FR0000120321;21/12/17;186.85;188.10;185.30;188.10;447629
FR0000120321;22/12/17;187.75;188.60;186.10;186.80;356697
FR0000120321;27/12/17;186.55;188.20;186.30;187.60;237159
FR0000120321;28/12/17;187.70;187.90;185.25;185.75;290330
FR0000120321;29/12/17;185.75;186.45;184.95;184.95;319592
FR0000120404;01/12/17;42.275;42.93;41.67;42.38;1297597
FR0000120404;04/12/17;42.78;43.56;42.68;43.175;1021815
FR0000120404;05/12/17;43.075;43.24;42.59;42.59;779686
FR0000120404;06/12/17;42.375;42.445;42.12;42.305;716487
FR0000120404;07/12/17;42.21;42.67;42.21;42.31;656757
FR0000120404;08/12/17;42.45;43.13;42.385;43.08;874359
FR0000120404;11/12/17;43.25;43.25;42.595;42.595;529690
FR0000120404;12/12/17;42.645;42.645;41.90;42.03;870073
FR0000120404;13/12/17;42.13;42.53;41.99;42.015;834939
FR0000120404;14/12/17;41.91;42.98;41.60;41.935;965915
FR0000120404;15/12/17;41.97;42.16;41.525;42.16;1103301
FR0000120404;18/12/17;42.395;42.785;42.37;42.37;952733
FR0000120404;19/12/17;42.32;42.85;42.30;42.30;867246
FR0000120404;20/12/17;42.22;42.405;41.55;41.57;1076015
FR0000120404;21/12/17;41.50;41.805;41.31;41.745;975880
FR0000120404;22/12/17;41.55;42.065;41.455;41.895;711457
FR0000120404;27/12/17;41.805;42.16;41.68;42.07;411139
FR0000120404;28/12/17;41.975;42.80;41.95;42.74;781789
FR0000120404;29/12/17;42.655;43.085;42.49;43.00;705626
FR0000120503;01/12/17;43.775;43.775;42.28;42.67;948840
FR0000120503;04/12/17;43.00;43.705;42.92;43.435;882540
FR0000120503;05/12/17;43.505;44.19;43.465;44.035;1174344
FR0000120503;06/12/17;43.70;44.69;43.555;44.55;979126
FR0000120503;07/12/17;44.55;44.845;44.285;44.50;953035
FR0000120503;08/12/17;44.71;44.755;44.33;44.42;762034
FR0000120503;11/12/17;44.48;44.625;44.23;44.335;825276
FR0000120503;12/12/17;44.315;44.685;44.065;44.645;805883
FR0000120503;13/12/17;44.50;44.56;44.30;44.41;641321
FR0000120503;14/12/17;44.34;44.47;44.00;44.04;885181
FR0000120503;15/12/17;43.785;43.97;43.445;43.495;1905391
FR0000120503;18/12/17;43.89;44.23;43.845;43.845;921325
FR0000120503;19/12/17;43.96;44.20;43.765;43.915;1007652
FR0000120503;20/12/17;43.84;44.045;43.58;43.655;748254
FR0000120503;21/12/17;43.485;44.025;43.42;43.97;653615
FR0000120503;22/12/17;43.80;43.97;43.58;43.82;521916
FR0000120503;27/12/17;43.705;43.945;43.60;43.705;468921
FR0000120503;28/12/17;43.585;43.78;43.225;43.225;618421
FR0000120503;29/12/17;43.15;43.485;43.12;43.31;545215
FR0000120578;01/12/17;75.88;76.47;74.69;74.82;3236517
FR0000120578;04/12/17;74.63;75.11;74.34;75.10;2723953
FR0000120578;05/12/17;74.53;74.86;73.56;73.97;2609409
FR0000120578;06/12/17;73.10;73.67;72.63;73.25;2477254
FR0000120578;07/12/17;72.98;73.80;72.87;73.21;2238606
FR0000120578;08/12/17;73.50;74.10;72.92;73.18;2314519
FR0000120578;11/12/17;73.07;73.99;73.07;73.58;1958420
FR0000120578;12/12/17;73.30;75.03;73.30;75.03;2708681
FR0000120578;13/12/17;75.05;75.31;74.07;74.66;3327280
FR0000120578;14/12/17;74.15;74.82;73.77;73.77;2008093
FR0000120578;15/12/17;73.44;73.78;72.79;73.55;4378223
FR0000120578;18/12/17;74.07;74.79;74.01;74.20;2290081
FR0000120578;19/12/17;74.07;74.43;73.14;73.20;2039909
FR0000120578;20/12/17;73.10;73.65;72.61;72.94;2262056
FR0000120578;21/12/17;72.65;73.28;72.50;72.88;1792168
FR0000120578;22/12/17;72.60;73.27;72.36;72.55;1122981
FR0000120578;27/12/17;72.55;73.47;72.36;72.52;1112435
FR0000120578;28/12/17;72.51;72.75;71.97;72.15;1307106
FR0000120578;29/12/17;71.90;72.34;71.85;71.85;1594675
FR0000120628;01/12/17;25.355;25.555;25.035;25.23;8100353
FR0000120628;04/12/17;25.47;25.71;25.405;25.60;5279229
FR0000120628;05/12/17;25.47;25.62;25.225;25.34;4267244
FR0000120628;06/12/17;25.045;25.38;25.005;25.345;3852745
FR0000120628;07/12/17;25.335;25.45;25.235;25.38;3890607
FR0000120628;08/12/17;25.26;25.585;25.26;25.27;6547238
FR0000120628;11/12/17;25.33;25.56;25.255;25.425;5465196
FR0000120628;12/12/17;25.51;25.63;25.255;25.545;4042622
FR0000120628;13/12/17;25.42;25.59;25.315;25.43;5595313
FR0000120628;14/12/17;25.33;25.55;25.25;25.25;4813838
FR0000120628;15/12/17;25.25;25.345;24.91;25.275;12463509
FR0000120628;18/12/17;25.435;25.79;25.41;25.695;6424635
FR0000120628;19/12/17;25.61;25.755;25.37;25.48;4660009
FR0000120628;20/12/17;25.45;25.49;25.14;25.255;4246585
FR0000120628;21/12/17;25.12;25.325;24.97;25.29;4917105
FR0000120628;22/12/17;25.155;25.275;24.995;25.175;3611697
FR0000120628;27/12/17;24.985;25.27;24.95;25.065;3151234
FR0000120628;28/12/17;25.085;25.13;24.895;24.975;3458996
FR0000120628;29/12/17;24.905;24.985;24.705;24.735;4295188
FR0000120644;01/12/17;70.97;71.00;69.69;69.79;1921507
FR0000120644;04/12/17;70.10;70.15;69.28;69.62;1717735
FR0000120644;05/12/17;69.49;70.35;69.49;70.12;1344191
FR0000120644;06/12/17;69.88;71.31;69.74;70.81;1619461
FR0000120644;07/12/17;70.71;71.20;70.61;70.83;1277204
FR0000120644;08/12/17;70.84;70.96;70.17;70.94;1746756
FR0000120644;11/12/17;70.84;70.97;70.46;70.83;1180212
FR0000120644;12/12/17;70.83;71.58;70.41;71.54;1448643
FR0000120644;13/12/17;71.25;71.65;70.90;71.11;1062008
FR0000120644;14/12/17;71.17;71.39;70.65;70.73;1280363
FR0000120644;15/12/17;70.62;71.29;70.30;71.20;3059853
FR0000120644;18/12/17;71.53;72.13;71.37;71.82;1714198
FR0000120644;19/12/17;71.65;71.97;70.86;70.92;981548
FR0000120644;20/12/17;70.81;70.98;69.96;70.17;1350092
FR0000120644;21/12/17;70.10;70.75;69.73;70.61;1030558
FR0000120644;22/12/17;70.52;70.99;70.45;70.60;708869
FR0000120644;27/12/17;70.11;70.91;70.11;70.75;718864
FR0000120644;28/12/17;70.52;70.73;70.08;70.14;804235
FR0000120644;29/12/17;70.02;70.54;69.90;69.95;1041534
FR0000120693;01/12/17;130.95;130.95;128.80;129.00;545646
FR0000120693;04/12/17;129.50;130.30;128.95;129.95;388597
FR0000120693;05/12/17;129.70;131.20;129.00;131.05;366486
FR0000120693;06/12/17;130.30;132.60;129.90;132.40;387365
FR0000120693;07/12/17;132.35;132.65;131.85;132.20;319369
FR0000120693;08/12/17;132.60;132.60;131.60;132.00;317497
FR0000120693;11/12/17;131.90;132.10;131.20;131.25;219748
FR0000120693;12/12/17;130.35;130.55;128.80;129.55;747383
FR0000120693;13/12/17;129.55;130.00;128.15;129.35;484977
FR0000120693;14/12/17;129.40;129.80;128.50;129.05;415832
FR0000120693;15/12/17;128.50;129.10;127.40;129.10;684526
FR0000120693;18/12/17;129.55;131.65;129.30;131.10;426370
FR0000120693;19/12/17;130.70;131.75;130.45;130.70;349086
FR0000120693;20/12/17;130.40;130.90;129.40;129.70;321657
FR0000120693;21/12/17;129.60;130.80;128.80;130.75;305145
FR0000120693;22/12/17;130.75;131.55;130.20;130.80;225707
FR0000120693;27/12/17;130.05;132.15;130.00;131.90;327852
FR0000120693;28/12/17;132.10;132.75;131.35;131.65;242285
FR0000120693;29/12/17;131.25;132.25;131.00;131.95;240939
FR0000121014;01/12/17;245.00;246.30;242.10;243.30;856069
FR0000121014;04/12/17;245.05;247.50;243.85;246.95;608069
FR0000121014;05/12/17;242.05;247.05;242.05;245.90;692870
FR0000121014;06/12/17;243.55;249.40;243.00;248.70;616784
FR0000121014;07/12/17;249.60;249.65;244.80;246.90;505635
FR0000121014;08/12/17;248.45;249.15;246.50;247.40;532903
FR0000121014;11/12/17;248.85;248.85;245.90;246.20;487798
FR0000121014;12/12/17;247.20;247.25;244.55;246.45;425956
FR0000121014;13/12/17;246.75;247.55;244.80;247.00;704908
FR0000121014;14/12/17;247.10;247.35;244.35;244.35;513649
FR0000121014;15/12/17;244.25;245.95;243.05;245.15;1145876
FR0000121014;18/12/17;247.45;254.15;247.05;254.05;958512
FR0000121014;19/12/17;253.65;254.70;252.40;252.60;454767
FR0000121014;20/12/17;252.65;253.85;250.20;250.45;425399
FR0000121014;21/12/17;250.00;253.20;248.55;252.45;525922
FR0000121014;22/12/17;252.90;253.10;249.50;249.50;345351
FR0000121014;27/12/17;250.20;252.15;249.45;251.35;333462
FR0000121014;28/12/17;251.50;252.15;247.65;247.80;325877
FR0000121014;29/12/17;248.00;248.30;245.40;245.40;445320
FR0000121220;01/12/17;109.50;110.25;107.95;109.30;349974
FR0000121220;04/12/17;109.90;112.90;109.90;112.25;519150
FR0000121220;05/12/17;112.30;112.70;111.35;111.60;300958
FR0000121220;06/12/17;111.25;111.45;110.25;111.30;314532
FR0000121220;07/12/17;111.60;112.20;110.80;111.55;369765
FR0000121220;08/12/17;112.00;112.55;111.15;112.40;249630
FR0000121220;11/12/17;112.80;112.80;111.30;111.40;220410
FR0000121220;12/12/17;111.35;111.75;110.55;111.75;226523
FR0000121220;13/12/17;111.55;112.40;111.40;112.35;215204
FR0000121220;14/12/17;112.35;112.40;111.10;111.35;263791
FR0000121220;15/12/17;110.90;111.30;110.40;111.15;356025
FR0000121220;18/12/17;111.70;113.05;111.70;112.10;288168
FR0000121220;19/12/17;112.10;114.15;111.85;114.05;392748
FR0000121220;20/12/17;114.20;114.35;112.85;113.30;220531
FR0000121220;21/12/17;112.85;113.60;112.30;113.60;172577
FR0000121220;22/12/17;113.20;113.55;111.85;112.10;199325
FR0000121220;27/12/17;112.00;112.50;111.35;112.30;144600
FR0000121220;28/12/17;112.00;112.50;111.20;111.80;214299
FR0000121220;29/12/17;111.45;112.40;111.45;112.05;103957
FR0000121261;01/12/17;122.15;123.00;119.40;121.30;581366
FR0000121261;04/12/17;122.35;124.10;121.55;124.00;602686
FR0000121261;05/12/17;124.05;124.80;122.75;123.25;475222
FR0000121261;06/12/17;122.05;124.20;121.15;124.05;515359
FR0000121261;07/12/17;124.25;124.85;123.55;124.60;420378
FR0000121261;08/12/17;125.15;125.70;124.35;124.65;369954
FR0000121261;11/12/17;124.55;124.80;122.45;122.45;590986
FR0000121261;12/12/17;122.30;122.60;120.95;122.60;555831
FR0000121261;13/12/17;122.90;122.95;121.85;122.20;468358
FR0000121261;14/12/17;122.00;122.60;120.80;120.80;488726
FR0000121261;15/12/17;120.05;120.80;118.60;120.60;977766
FR0000121261;18/12/17;121.35;123.20;121.35;122.20;412289
FR0000121261;19/12/17;122.15;123.80;122.15;122.35;371750
FR0000121261;20/12/17;122.20;123.50;121.70;122.40;268774
FR0000121261;21/12/17;122.00;122.25;121.40;122.25;317175
FR0000121261;22/12/17;122.00;122.40;120.95;121.85;206303
FR0000121261;27/12/17;121.40;122.65;121.30;121.70;208910
FR0000121261;28/12/17;121.50;121.60;120.70;121.00;248601
FR0000121261;29/12/17;120.65;121.00;119.50;119.55;266022
FR0000121485;01/12/17;372.00;378.90;367.85;374.00;213200
FR0000121485;04/12/17;377.60;377.60;371.20;373.55;241784
FR0000121485;05/12/17;374.15;380.65;370.90;378.35;217261
FR0000121485;06/12/17;376.35;381.50;373.50;380.45;196949
FR0000121485;07/12/17;381.35;382.70;379.00;382.10;162998
FR0000121485;08/12/17;384.35;386.50;383.20;385.75;132682
FR0000121485;11/12/17;386.35;387.60;384.10;387.00;147418
FR0000121485;12/12/17;386.95;389.75;381.20;389.75;204911
FR0000121485;13/12/17;390.00;391.85;383.35;387.15;286715
FR0000121485;14/12/17;385.65;390.25;384.20;388.65;214598
FR0000121485;15/12/17;386.95;389.25;385.25;388.85;344013
FR0000121485;18/12/17;391.80;398.15;391.50;397.75;179928
FR0000121485;19/12/17;398.00;399.65;395.30;395.65;139708
FR0000121485;20/12/17;395.85;396.70;388.30;389.35;164585
FR0000121485;21/12/17;389.35;399.70;388.90;396.60;189014
FR0000121485;22/12/17;395.45;396.80;391.30;391.30;110352
FR0000121485;27/12/17;391.00;395.15;390.15;393.95;82116
FR0000121485;28/12/17;394.45;395.45;392.75;393.65;70335
FR0000121485;29/12/17;393.45;393.90;388.65;393.00;109523
FR0000121501;01/12/17;17.32;17.38;16.805;16.90;6677913
FR0000121501;04/12/17;17.095;17.265;17.01;17.19;4655251
FR0000121501;05/12/17;17.22;17.38;16.975;17.21;3560702
FR0000121501;06/12/17;17.205;17.22;16.905;17.025;3699732
FR0000121501;07/12/17;17.13;17.205;17.015;17.135;2470737
FR0000121501;08/12/17;16.99;17.335;16.895;16.91;4127407
FR0000121501;11/12/17;16.925;17.185;16.88;17.025;2648371
FR0000121501;12/12/17;17.035;17.13;16.855;17.035;2431256
FR0000121501;13/12/17;17.06;17.18;16.915;16.985;2922355
FR0000121501;14/12/17;17.22;17.36;17.185;17.275;4861742
FR0000121501;15/12/17;17.25;17.255;16.98;17.195;5594653
FR0000121501;18/12/17;17.31;17.48;17.22;17.26;3353343
FR0000121501;19/12/17;17.225;17.45;17.095;17.145;2356548
FR0000121501;20/12/17;17.15;17.225;16.965;17.055;2190613
FR0000121501;21/12/17;17.04;17.285;16.93;17.185;2085142
FR0000121501;22/12/17;17.205;17.225;17.05;17.095;1483936
FR0000121501;27/12/17;17.07;17.215;17.06;17.15;1569412
FR0000121501;28/12/17;17.145;17.17;16.96;17.005;1763907
FR0000121501;29/12/17;17.005;17.06;16.92;16.955;1330464
FR0000121667;01/12/17;108.10;108.85;105.95;107.70;881957
FR0000121667;04/12/17;108.00;112.80;107.75;112.80;1091452
FR0000121667;05/12/17;111.95;112.95;111.30;112.80;741884
FR0000121667;06/12/17;112.10;113.80;111.40;113.25;727582
FR0000121667;07/12/17;113.35;114.90;113.30;114.55;602668
FR0000121667;08/12/17;114.55;115.00;113.65;114.35;594654
FR0000121667;11/12/17;114.95;114.95;112.75;112.75;596794
FR0000121667;12/12/17;113.25;113.25;111.65;112.30;641997
FR0000121667;13/12/17;111.90;113.25;111.75;112.15;524747
FR0000121667;14/12/17;112.15;114.40;111.35;112.50;909219
FR0000121667;15/12/17;112.45;112.45;111.20;112.45;957440
FR0000121667;18/12/17;113.00;114.10;112.75;113.85;744329
FR0000121667;19/12/17;114.00;114.85;113.70;114.10;511758
FR0000121667;20/12/17;113.90;114.85;113.55;113.75;655872
FR0000121667;21/12/17;113.60;114.55;113.25;114.45;709705
FR0000121667;22/12/17;113.80;115.65;113.75;115.25;485594
FR0000121667;27/12/17;115.40;116.65;114.85;116.20;468086
FR0000121667;28/12/17;116.50;116.60;114.90;115.05;382828
FR0000121667;29/12/17;115.40;115.95;114.75;114.95;548773
FR0000121972;01/12/17;72.25;72.29;70.82;70.99;1640454
FR0000121972;04/12/17;71.78;71.84;71.30;71.56;996703
FR0000121972;05/12/17;71.43;71.91;70.86;71.20;976404
FR0000121972;06/12/17;70.00;70.77;69.75;70.61;1659374
FR0000121972;07/12/17;70.50;71.47;70.49;71.31;1003424
FR0000121972;08/12/17;71.74;72.17;71.15;71.17;1005905
FR0000121972;11/12/17;70.76;71.42;70.75;71.08;837063
FR0000121972;12/12/17;70.80;71.86;70.48;71.86;1247782
FR0000121972;13/12/17;71.00;71.75;70.58;70.62;1537030
FR0000121972;14/12/17;70.76;71.35;70.21;70.66;1166910
FR0000121972;15/12/17;70.63;71.21;70.38;71.21;2087826
FR0000121972;18/12/17;71.77;72.66;71.72;72.34;1185311
FR0000121972;19/12/17;72.10;72.57;71.46;71.52;1001326
FR0000121972;20/12/17;71.40;71.62;70.98;71.44;1047875
FR0000121972;21/12/17;71.12;72.40;70.94;72.24;1136011
FR0000121972;22/12/17;72.01;72.63;71.87;72.32;790437
FR0000121972;27/12/17;72.20;72.50;71.75;71.92;752482
FR0000121972;28/12/17;71.69;72.12;71.32;71.36;794738
FR0000121972;29/12/17;71.31;71.43;70.86;70.86;837139
FR0000124141;01/12/17;21.23;21.34;20.895;21.08;2384188
FR0000124141;04/12/17;21.22;21.365;21.155;21.22;1607917
FR0000124141;05/12/17;21.22;21.375;21.13;21.22;2115646
FR0000124141;06/12/17;21.115;21.385;21.01;21.35;1650843
FR0000124141;07/12/17;21.455;21.62;21.275;21.42;2420943
FR0000124141;08/12/17;21.485;21.545;21.21;21.33;1664796
FR0000124141;11/12/17;21.33;21.33;20.92;21.12;1995746
FR0000124141;12/12/17;21.12;21.265;20.995;21.185;2627247
FR0000124141;13/12/17;21.22;21.28;20.855;20.925;2684937
FR0000124141;14/12/17;20.90;21.165;20.79;20.845;2149355
FR0000124141;15/12/17;20.77;21.005;20.70;20.925;3144287
FR0000124141;18/12/17;21.04;21.195;21.03;21.13;2026769
FR0000124141;19/12/17;21.225;21.445;21.165;21.225;2043098
FR0000124141;20/12/17;21.22;21.33;21.035;21.27;1873489
FR0000124141;21/12/17;21.195;21.54;21.11;21.425;2402634
FR0000124141;22/12/17;21.405;21.525;21.245;21.485;1303300
FR0000124141;27/12/17;21.43;21.585;21.315;21.445;758236
FR0000124141;28/12/17;21.425;21.445;21.245;21.31;875518
FR0000124141;29/12/17;21.30;21.435;21.23;21.275;925969
FR0000124711;01/12/17;215.45;216.50;213.90;214.55;360054
FR0000124711;04/12/17;215.85;217.85;214.65;217.85;246215
FR0000124711;05/12/17;218.25;221.55;218.10;220.55;310969
FR0000124711;06/12/17;220.45;224.70;218.80;223.80;385396
FR0000124711;07/12/17;224.65;225.10;222.95;224.70;294856
FR0000124711;08/12/17;225.35;225.90;223.45;224.50;267518
FR0000124711;11/12/17;224.90;225.15;223.60;224.10;203267
FR0000124711;12/12/17;219.00;220.00;213.80;215.00;1025153
FR0000124711;13/12/17;218.00;218.55;214.45;214.45;668228
FR0000124711;14/12/17;213.00;215.00;210.80;211.10;626471
FR0000124711;15/12/17;211.00;212.50;208.95;212.05;929747
FR0000124711;18/12/17;214.00;217.00;213.20;215.35;595521
FR0000124711;19/12/17;215.85;217.50;215.65;217.45;437719
FR0000124711;20/12/17;216.95;217.15;213.30;214.20;369816
FR0000124711;21/12/17;213.20;214.65;209.80;214.60;390464
FR0000124711;22/12/17;214.30;214.30;209.70;210.65;351007
FR0000124711;27/12/17;211.80;212.40;209.80;211.30;240476
FR0000124711;28/12/17;210.50;212.35;210.10;211.75;228602
FR0000124711;29/12/17;211.00;211.90;209.75;210.00;245130
FR0000125007;01/12/17;47.925;48.015;46.65;46.81;2887549
FR0000125007;04/12/17;47.49;47.63;47.21;47.375;1819952
FR0000125007;05/12/17;47.34;47.685;47.205;47.51;1624000
FR0000125007;06/12/17;47.15;48.025;46.88;47.86;1191884
FR0000125007;07/12/17;47.87;48.03;47.58;47.91;1196602
FR0000125007;08/12/17;48.18;48.385;47.72;47.72;1149311
FR0000125007;11/12/17;47.92;48.135;47.735;47.89;1378464
FR0000125007;12/12/17;47.35;47.45;46.46;47.185;2334671
FR0000125007;13/12/17;47.155;47.635;47.085;47.33;1881382
FR0000125007;14/12/17;47.18;47.325;46.765;46.86;1593549
FR0000125007;15/12/17;46.70;47.00;46.58;47.00;2882110
FR0000125007;18/12/17;47.39;47.77;47.30;47.65;1937234
FR0000125007;19/12/17;47.575;47.68;47.05;47.05;1356187
FR0000125007;20/12/17;46.93;47.155;46.275;46.405;1952646
FR0000125007;21/12/17;46.17;46.77;45.97;46.675;1527350
FR0000125007;22/12/17;46.48;46.745;46.325;46.45;943379
FR0000125007;27/12/17;46.40;46.555;46.07;46.42;1141532
FR0000125007;28/12/17;46.275;46.695;46.225;46.40;1096493
FR0000125007;29/12/17;46.565;46.565;45.98;45.98;897759
FR0000125338;01/12/17;97.20;97.78;95.40;96.66;704238
FR0000125338;04/12/17;97.73;98.35;96.58;96.98;619309
FR0000125338;05/12/17;96.63;96.85;95.03;96.50;777491
FR0000125338;06/12/17;95.41;96.29;94.95;95.58;634563
FR0000125338;07/12/17;96.00;96.77;95.69;96.44;517236
FR0000125338;08/12/17;97.50;98.14;97.15;97.96;523654
FR0000125338;11/12/17;97.89;97.89;96.40;96.70;413330
FR0000125338;12/12/17;97.00;99.10;96.52;99.10;762940
FR0000125338;13/12/17;98.87;99.13;97.94;99.13;537418
FR0000125338;14/12/17;99.09;99.45;98.26;98.96;581338
FR0000125338;15/12/17;98.60;98.95;96.92;97.05;1020037
FR0000125338;18/12/17;97.78;99.07;97.66;98.72;569878
FR0000125338;19/12/17;98.80;99.09;98.30;98.61;365778
FR0000125338;20/12/17;98.52;98.88;97.29;98.16;483123
FR0000125338;21/12/17;97.73;98.83;96.98;98.64;511435
FR0000125338;22/12/17;98.19;99.54;97.80;99.52;454710
FR0000125338;27/12/17;99.37;99.63;97.92;98.75;371084
FR0000125338;28/12/17;98.75;99.19;98.58;98.88;309220
FR0000125338;29/12/17;98.88;99.15;98.21;98.89;219497
FR0000125486;01/12/17;86.28;86.28;84.62;84.92;1955794
FR0000125486;04/12/17;85.66;86.84;85.30;86.51;1187995
FR0000125486;05/12/17;86.59;87.27;86.59;87.10;1129368
FR0000125486;06/12/17;86.41;88.15;86.15;87.97;1150301
FR0000125486;07/12/17;88.08;88.57;87.62;88.21;1016495
FR0000125486;08/12/17;88.59;88.77;87.56;87.76;1102432
FR0000125486;11/12/17;88.00;88.00;86.38;86.45;1098651
FR0000125486;12/12/17;86.54;87.06;85.85;86.95;1020595
FR0000125486;13/12/17;86.77;87.25;86.23;86.23;1500199
FR0000125486;14/12/17;86.53;87.32;86.45;86.45;1173227
FR0000125486;15/12/17;86.15;87.03;85.80;87.03;1860064
FR0000125486;18/12/17;87.55;87.89;87.08;87.84;1659510
FR0000125486;19/12/17;87.42;87.73;86.85;87.21;942295
FR0000125486;20/12/17;86.68;87.12;86.00;86.24;1078175
FR0000125486;21/12/17;85.77;86.38;85.62;86.24;1041108
FR0000125486;22/12/17;85.80;86.23;85.51;85.93;843211
FR0000125486;27/12/17;85.48;86.03;85.25;85.75;750778
FR0000125486;28/12/17;85.87;86.28;85.48;85.62;820795
FR0000125486;29/12/17;85.51;85.70;85.15;85.15;836140
FR0000127771;01/12/17;22.335;22.39;22.03;22.05;3572787
FR0000127771;04/12/17;22.24;22.365;21.975;22.095;3107593
FR0000127771;05/12/17;22.055;22.175;21.94;22.095;2588131
FR0000127771;06/12/17;22.015;22.11;21.795;22.06;2413364
FR0000127771;07/12/17;22.07;22.345;21.98;22.00;2727538
FR0000127771;08/12/17;22.135;22.285;22.11;22.195;2495579
FR0000127771;11/12/17;22.25;23.06;22.22;22.80;4667561
FR0000127771;12/12/17;22.855;22.96;22.62;22.90;3496412
FR0000127771;13/12/17;22.705;22.955;22.64;22.70;5235443
FR0000127771;14/12/17;22.585;22.64;22.245;22.30;3091217
FR0000127771;15/12/17;22.19;22.50;22.125;22.42;4968171
FR0000127771;18/12/17;22.615;22.825;22.565;22.685;4123852
FR0000127771;19/12/17;22.68;22.88;22.55;22.74;2847792
FR0000127771;20/12/17;22.835;23.265;22.605;22.705;3649542
FR0000127771;21/12/17;22.60;23.00;22.48;22.955;3785465
FR0000127771;22/12/17;23.00;23.27;22.665;22.765;2443027
FR0000127771;27/12/17;22.72;22.84;22.64;22.75;1666915
FR0000127771;28/12/17;22.76;22.785;22.55;22.60;1488335
FR0000127771;29/12/17;22.53;22.595;22.42;22.42;2144927
FR0000130577;01/12/17;55.93;55.93;54.93;55.17;667665
FR0000130577;04/12/17;55.57;56.14;55.25;56.11;581546
FR0000130577;05/12/17;55.98;56.76;55.95;55.95;700307
FR0000130577;06/12/17;55.90;56.61;55.71;56.56;638770
FR0000130577;07/12/17;56.48;56.76;56.28;56.66;449303
FR0000130577;08/12/17;56.87;57.05;56.72;56.91;427118
FR0000130577;11/12/17;57.20;57.78;57.00;57.41;504326
FR0000130577;12/12/17;57.57;57.85;57.19;57.77;899458
FR0000130577;13/12/17;57.91;58.50;57.30;57.64;757672
FR0000130577;14/12/17;57.48;57.73;57.08;57.42;579284
FR0000130577;15/12/17;57.19;57.56;56.91;57.56;687375
FR0000130577;18/12/17;57.81;57.96;56.67;56.88;721248
FR0000130577;19/12/17;56.97;57.14;56.05;56.63;715440
FR0000130577;20/12/17;56.71;56.78;55.83;56.34;486108
FR0000130577;21/12/17;56.02;56.70;56.01;56.50;485411
FR0000130577;22/12/17;56.53;57.34;56.40;56.79;355748
FR0000130577;27/12/17;56.69;57.15;56.61;56.62;292723
FR0000130577;28/12/17;56.63;57.23;56.45;56.53;293432
FR0000130577;29/12/17;56.45;57.07;56.37;56.65;242299
FR0000130809;01/12/17;42.40;42.615;41.885;41.96;4580736
FR0000130809;04/12/17;42.735;43.085;42.50;42.95;5336675
FR0000130809;05/12/17;42.875;43.42;42.57;42.73;3479463
FR0000130809;06/12/17;42.455;42.575;42.085;42.415;3408648
FR0000130809;07/12/17;42.75;43.115;42.50;42.95;4150269
FR0000130809;08/12/17;43.85;45.035;43.825;43.915;7180104
FR0000130809;11/12/17;44.225;44.29;43.675;43.945;2991744
FR0000130809;12/12/17;44.07;44.625;43.47;44.53;4667500
FR0000130809;13/12/17;44.35;45.005;44.18;44.54;4311872
FR0000130809;14/12/17;44.215;44.915;43.995;44.025;4083448
FR0000130809;15/12/17;43.995;43.995;42.805;43.195;8299459
FR0000130809;18/12/17;43.405;43.51;43.175;43.32;3109225
FR0000130809;19/12/17;43.35;43.895;43.305;43.70;3473876
FR0000130809;20/12/17;43.725;43.735;43.135;43.37;3440340
FR0000130809;21/12/17;43.17;44.05;42.98;43.80;3204186
FR0000130809;22/12/17;43.53;43.98;43.395;43.455;2052010
FR0000130809;27/12/17;43.355;43.79;43.11;43.27;1793369
FR0000130809;28/12/17;43.16;43.31;43.01;43.09;1827170
FR0000130809;29/12/17;43.045;43.295;42.90;43.05;1980653
FR0000131104;01/12/17;63.60;63.87;62.64;62.85;3486007
FR0000131104;04/12/17;63.97;64.42;63.69;64.06;4052735
FR0000131104;05/12/17;63.94;64.54;63.16;63.51;3370440
FR0000131104;06/12/17;62.92;63.25;62.60;62.86;3185510
FR0000131104;07/12/17;63.10;63.27;62.70;63.14;3519975
FR0000131104;08/12/17;64.39;65.89;64.16;65.04;6311145
FR0000131104;11/12/17;65.30;65.32;64.41;64.46;2888008
FR0000131104;12/12/17;64.70;65.00;63.78;64.83;4039934
FR0000131104;13/12/17;64.46;65.12;64.16;64.36;3869883
FR0000131104;14/12/17;64.32;64.88;63.49;63.49;4014314
FR0000131104;15/12/17;63.49;63.54;62.58;62.92;6688658
FR0000131104;18/12/17;63.52;63.78;63.11;63.36;3370749
FR0000131104;19/12/17;63.25;63.81;63.04;63.06;2693004
FR0000131104;20/12/17;63.10;63.10;62.31;62.83;2937725
FR0000131104;21/12/17;62.65;63.61;62.32;63.29;3145708
FR0000131104;22/12/17;62.81;63.38;62.67;62.95;1845064
FR0000131104;27/12/17;62.89;63.29;62.63;62.72;1707416
FR0000131104;28/12/17;62.60;63.06;62.52;62.60;2109424
FR0000131104;29/12/17;62.72;62.89;62.03;62.25;2428173
FR0000131906;01/12/17;85.51;85.52;83.13;83.20;1291319
FR0000131906;04/12/17;84.22;85.65;83.83;85.23;1009199
FR0000131906;05/12/17;85.34;85.65;84.09;84.88;683438
FR0000131906;06/12/17;84.03;84.49;83.52;83.92;693355
FR0000131906;07/12/17;84.25;84.38;83.35;83.51;737731
FR0000131906;08/12/17;84.37;85.40;84.30;84.41;897160
FR0000131906;11/12/17;84.69;84.70;84.00;84.17;729872
FR0000131906;12/12/17;84.36;84.75;83.36;84.70;854551
FR0000131906;13/12/17;84.78;85.34;84.59;84.86;725995
FR0000131906;14/12/17;85.22;85.75;85.05;85.05;732621
FR0000131906;15/12/17;84.65;85.07;83.52;83.85;1659377
FR0000131906;18/12/17;84.57;85.71;84.57;84.86;1044456
FR0000131906;19/12/17;84.99;85.16;84.33;84.40;707306
FR0000131906;20/12/17;84.38;84.47;83.23;83.57;881181
FR0000131906;21/12/17;83.45;84.95;83.24;84.47;795855
FR0000131906;22/12/17;84.29;84.34;83.92;84.18;413655
FR0000131906;27/12/17;84.00;84.48;83.62;83.68;357085
FR0000131906;28/12/17;83.68;84.07;83.30;83.67;392934
FR0000131906;29/12/17;83.67;83.92;83.46;83.91;375631
FR0000133308;01/12/17;14.47;14.61;14.35;14.45;8773653
FR0000133308;04/12/17;14.52;14.60;14.42;14.51;7055529
FR0000133308;05/12/17;14.25;14.44;14.24;14.24;8548743
FR0000133308;06/12/17;14.17;14.295;14.105;14.24;7636167
FR0000133308;07/12/17;14.26;14.68;14.165;14.57;13741248
FR0000133308;08/12/17;14.74;14.785;14.595;14.64;9032903
FR0000133308;11/12/17;14.75;14.75;14.62;14.64;6898328
FR0000133308;12/12/17;14.705;14.87;14.59;14.825;10019054
FR0000133308;13/12/17;14.83;14.845;14.655;14.655;11841665
FR0000133308;14/12/17;14.695;14.705;14.55;14.575;7854213
FR0000133308;15/12/17;14.575;14.66;14.53;14.66;13655403
FR0000133308;18/12/17;14.715;14.775;14.695;14.725;5105571
FR0000133308;19/12/17;14.74;14.83;14.675;14.685;4721992
FR0000133308;20/12/17;14.685;14.695;14.49;14.64;8796084
FR0000133308;21/12/17;14.64;14.76;14.515;14.755;6544293
FR0000133308;22/12/17;14.755;14.785;14.575;14.64;4875049
FR0000133308;27/12/17;14.635;14.70;14.55;14.55;3713207
FR0000133308;28/12/17;14.57;14.58;14.455;14.505;4067131
FR0000133308;29/12/17;14.46;14.55;14.445;14.475;3966624
FR0010208488;01/12/17;14.66;14.76;14.57;14.69;6540541
FR0010208488;04/12/17;14.73;14.83;14.67;14.775;4598042
FR0010208488;05/12/17;14.78;14.88;14.745;14.83;5347463
FR0010208488;06/12/17;14.77;14.94;14.73;14.89;5095658
FR0010208488;07/12/17;14.935;15.065;14.87;14.915;4012327
FR0010208488;08/12/17;14.975;14.975;14.77;14.815;5804517
FR0010208488;11/12/17;14.86;14.86;14.71;14.755;3421785
FR0010208488;12/12/17;14.795;14.905;14.74;14.855;5029813
FR0010208488;13/12/17;14.835;14.895;14.645;14.70;7749072
FR0010208488;14/12/17;14.715;14.815;14.44;14.47;6422862
FR0010208488;15/12/17;14.465;14.695;14.415;14.54;19579199
FR0010208488;18/12/17;14.56;14.79;14.56;14.70;7984855
FR0010208488;19/12/17;14.715;14.795;14.51;14.515;4492442
FR0010208488;20/12/17;14.51;14.56;14.385;14.495;4858633
FR0010208488;21/12/17;14.44;14.545;14.355;14.53;4061218
FR0010208488;22/12/17;14.455;14.60;14.455;14.565;2727974
FR0010208488;27/12/17;14.53;14.66;14.44;14.495;2431647
FR0010208488;28/12/17;14.48;14.51;14.38;14.395;3420915
FR0010208488;29/12/17;14.37;14.43;14.335;14.335;3865952
FR0010307819;01/12/17;62.87;63.00;62.06;62.14;732024
FR0010307819;04/12/17;62.75;63.13;62.35;63.04;571294
FR0010307819;05/12/17;63.14;63.73;62.69;62.84;613426
FR0010307819;06/12/17;62.47;63.05;62.05;62.79;476301
FR0010307819;07/12/17;62.73;63.22;62.73;63.22;363112
FR0010307819;08/12/17;63.30;63.50;63.03;63.07;453010
FR0010307819;11/12/17;63.25;63.32;62.91;63.00;325159
FR0010307819;12/12/17;63.00;63.79;62.54;63.75;510457
FR0010307819;13/12/17;63.81;63.99;63.12;63.41;457531
FR0010307819;14/12/17;63.23;63.40;62.78;62.91;523006
FR0010307819;15/12/17;62.75;63.32;62.66;63.32;759220
FR0010307819;18/12/17;63.80;64.34;63.71;64.15;614710
FR0010307819;19/12/17;63.98;64.23;63.90;64.05;317541
FR0010307819;20/12/17;63.90;64.06;63.41;63.64;376520
FR0010307819;21/12/17;63.33;64.31;63.10;64.30;482451
FR0010307819;22/12/17;64.05;64.36;64.00;64.35;338877
FR0010307819;27/12/17;64.28;64.78;64.18;64.72;366239
FR0010307819;28/12/17;64.66;64.73;64.35;64.46;288723
FR0010307819;29/12/17;64.24;64.44;64.08;64.19;253984
FR0013176526;01/12/17;61.50;61.55;59.28;59.31;1008541
FR0013176526;04/12/17;59.97;60.64;59.64;60.32;767382
FR0013176526;05/12/17;60.27;60.68;59.94;60.43;613497
FR0013176526;06/12/17;59.90;60.06;59.33;59.56;748771
FR0013176526;07/12/17;59.60;59.79;59.09;59.35;482751
FR0013176526;08/12/17;59.77;60.24;59.62;59.71;539726
FR0013176526;11/12/17;59.93;59.93;59.32;59.55;523869
FR0013176526;12/12/17;59.64;60.43;59.05;60.43;624612
FR0013176526;13/12/17;60.52;60.83;60.13;60.38;723111
FR0013176526;14/12/17;60.22;60.83;60.20;60.32;547110
FR0013176526;15/12/17;60.06;60.56;59.69;60.43;754022
FR0013176526;18/12/17;60.95;62.14;60.88;61.78;748861
FR0013176526;19/12/17;61.67;62.03;61.48;61.58;466133
FR0013176526;20/12/17;61.57;62.44;61.39;62.09;517025
FR0013176526;21/12/17;61.77;62.44;61.58;62.35;396929
FR0013176526;22/12/17;62.27;62.42;61.97;62.32;311938
FR0013176526;27/12/17;62.13;62.55;62.00;62.19;266393
FR0013176526;28/12/17;62.26;62.36;61.92;62.14;320143
FR0013176526;29/12/17;62.26;62.55;62.04;62.27;294892
GB00BDSFG982;01/12/17;23.92;24.61;23.805;24.34;1743397
GB00BDSFG982;04/12/17;24.74;24.925;24.575;24.80;1451678
GB00BDSFG982;05/12/17;24.44;24.62;24.145;24.205;1176761
GB00BDSFG982;06/12/17;24.00;24.02;23.32;23.32;1487871
GB00BDSFG982;07/12/17;23.305;23.355;22.895;23.04;1899479
GB00BDSFG982;08/12/17;23.15;23.365;22.985;23.09;1354149
GB00BDSFG982;11/12/17;23.07;24.06;23.015;24.06;1795897
GB00BDSFG982;12/12/17;24.21;24.82;24.00;24.63;1791858
GB00BDSFG982;13/12/17;24.53;24.67;24.185;24.20;1513798
GB00BDSFG982;14/12/17;24.21;24.36;23.79;23.79;1199072
GB00BDSFG982;15/12/17;23.50;23.62;23.27;23.405;2402063
GB00BDSFG982;18/12/17;23.75;24.29;23.565;24.20;1631783
GB00BDSFG982;19/12/17;24.225;24.405;24.01;24.055;1267532
GB00BDSFG982;20/12/17;24.135;24.885;24.12;24.885;1567986
GB00BDSFG982;21/12/17;24.90;25.985;24.855;25.985;2681391
GB00BDSFG982;22/12/17;25.80;26.49;25.80;26.10;1579960
GB00BDSFG982;27/12/17;26.245;26.55;26.22;26.46;1023525
GB00BDSFG982;28/12/17;26.41;26.49;26.105;26.14;653298
GB00BDSFG982;29/12/17;26.07;26.305;25.74;25.85;717755
LU1598757687;01/12/17;25.425;25.995;25.19;25.51;7507914
LU1598757687;04/12/17;26.00;26.27;25.86;26.20;6501069
LU1598757687;05/12/17;26.045;26.115;25.55;25.72;6500907
LU1598757687;06/12/17;25.24;26.24;24.79;26.18;6855548
LU1598757687;07/12/17;25.965;26.265;25.805;26.20;5150149
LU1598757687;08/12/17;26.35;26.585;26.34;26.455;5732985
LU1598757687;11/12/17;26.50;27.02;26.49;26.79;5624263
LU1598757687;12/12/17;26.955;27.01;26.56;26.97;5228947
LU1598757687;13/12/17;26.88;27.085;26.825;26.86;4577978
LU1598757687;14/12/17;26.945;26.99;26.605;26.635;4396436
LU1598757687;15/12/17;26.47;26.51;25.95;26.13;8041071
LU1598757687;18/12/17;26.215;26.72;26.20;26.685;4269139
LU1598757687;19/12/17;26.75;27.045;26.63;26.85;4753799
LU1598757687;20/12/17;26.885;27.04;26.62;26.975;4677568
LU1598757687;21/12/17;26.94;27.585;26.90;27.515;5648411
LU1598757687;22/12/17;27.60;27.60;27.36;27.47;3093536
LU1598757687;27/12/17;27.59;27.73;27.43;27.57;2685020
LU1598757687;28/12/17;27.70;27.70;27.22;27.25;2771394
LU1598757687;29/12/17;27.225;27.425;26.98;27.115;2690275
NL0000226223;01/12/17;19.05;19.05;18.345;18.375;4208970
NL0000226223;04/12/17;18.705;19.17;18.33;18.51;3737273
NL0000226223;05/12/17;18.39;18.935;18.13;18.765;4524892
NL0000226223;06/12/17;18.205;18.31;17.85;18.08;4363781
NL0000226223;07/12/17;18.18;18.37;17.985;18.075;3365396
NL0000226223;08/12/17;18.315;18.54;18.205;18.30;3191358
NL0000226223;11/12/17;18.405;18.435;18.085;18.335;1861765
NL0000226223;12/12/17;18.48;18.65;18.195;18.65;2617273
NL0000226223;13/12/17;18.525;19.04;18.505;18.84;2825127
NL0000226223;14/12/17;18.81;18.86;18.57;18.57;2616301
NL0000226223;15/12/17;18.365;18.57;18.235;18.305;4542731
NL0000226223;18/12/17;18.57;18.83;18.47;18.555;2741416
NL0000226223;19/12/17;18.59;18.865;18.395;18.695;1930608
NL0000226223;20/12/17;18.745;18.80;18.24;18.395;1781781
NL0000226223;21/12/17;18.405;18.695;18.335;18.52;1312875
NL0000226223;22/12/17;18.43;18.59;18.36;18.59;1050767
NL0000226223;27/12/17;18.375;18.535;18.125;18.52;1560373
NL0000226223;28/12/17;18.41;18.56;18.355;18.475;825073
NL0000226223;29/12/17;18.475;18.485;18.205;18.205;1022986
NL0000235190;01/12/17;87.30;87.33;85.28;85.31;2055769
NL0000235190;04/12/17;87.09;88.48;87.06;87.87;1741336
NL0000235190;05/12/17;87.66;88.57;87.06;88.57;1384086
NL0000235190;06/12/17;87.82;89.06;87.46;88.86;1315476
NL0000235190;07/12/17;88.99;89.27;87.42;88.02;1462679
NL0000235190;08/12/17;88.70;88.70;87.39;87.77;1264048
NL0000235190;11/12/17;87.67;87.69;85.84;85.93;1587035
NL0000235190;12/12/17;86.39;87.32;85.61;87.23;1181693
NL0000235190;13/12/17;86.40;87.05;86.13;86.25;1360675
NL0000235190;14/12/17;86.48;86.53;85.11;85.34;1742549
NL0000235190;15/12/17;85.29;85.93;84.52;85.25;5084321
NL0000235190;18/12/17;85.93;86.76;85.60;86.53;1338531
NL0000235190;19/12/17;86.53;86.95;85.67;85.67;1120208
NL0000235190;20/12/17;85.52;86.42;84.67;84.80;1499463
NL0000235190;21/12/17;84.53;85.15;83.96;84.92;1304060
NL0000235190;22/12/17;84.68;85.33;84.55;84.55;873485
NL0000235190;27/12/17;84.47;85.46;84.31;85.24;927650
NL0000235190;28/12/17;85.23;85.23;83.58;83.90;1023344
NL0000235190;29/12/17;83.90;84.19;83.00;83.00;1503780
