BE0003470755;12/10/17;124.65;125.85;124.40;125.80;148568
CH0012214059;12/10/17;49.125;49.53;48.87;49.40;154689
FR0000045072;12/10/17;15.015;15.02;14.885;14.95;3987245
FR0000051732;12/10/17;133.35;133.70;132.50;133.70;217899
FR0000073272;12/10/17;85.62;86.02;85.38;85.96;511561
FR0000120073;12/10/17;103.80;104.15;103.60;103.95;542764
FR0000120172;12/10/17;17.12;17.165;16.975;17.08;2579978
FR0000120271;12/10/17;46.00;46.00;45.595;45.665;3068974
FR0000120321;12/10/17;185.75;187.80;185.20;187.80;522505
FR0000120404;12/10/17;43.575;43.575;43.13;43.28;794907
FR0000120503;12/10/17;39.80;39.92;39.685;39.895;270362
FR0000120578;12/10/17;83.51;84.33;83.38;84.20;1539722
FR0000120628;12/10/17;25.875;25.88;25.57;25.60;4685317
FR0000120644;12/10/17;69.28;69.29;68.88;69.24;758502
FR0000120693;12/10/17;121.40;122.00;121.40;121.75;210563
FR0000121014;12/10/17;239.60;241.20;238.45;241.00;548653
FR0000121220;12/10/17;102.90;103.70;102.70;103.10;167299
FR0000121261;12/10/17;122.75;123.00;121.70;122.30;244924
FR0000121485;12/10/17;358.45;358.95;355.70;357.00;174558
FR0000121501;12/10/17;20.44;20.49;20.29;20.32;1971664
FR0000121667;12/10/17;102.55;102.65;101.10;101.50;1044468
FR0000121972;12/10/17;73.87;74.05;73.35;73.65;891406
FR0000124141;12/10/17;19.80;19.89;19.765;19.875;1056976
FR0000124711;12/10/17;207.35;209.00;206.95;208.50;211833
FR0000125007;12/10/17;49.46;50.06;49.455;50.06;1468309
FR0000125338;12/10/17;99.62;100.45;99.24;100.30;511362
FR0000125486;12/10/17;80.54;80.77;80.03;80.66;881063
FR0000127771;12/10/17;21.36;21.62;21.35;21.445;3590944
FR0000130577;12/10/17;60.32;60.44;59.76;60.37;405648
FR0000130809;12/10/17;48.595;48.65;48.115;48.385;2004609
FR0000131104;12/10/17;67.26;67.28;66.32;66.61;2485220
FR0000131906;12/10/17;85.30;85.32;83.81;84.51;847086
FR0000133308;12/10/17;13.88;13.895;13.80;13.83;5467753
FR0010208488;12/10/17;14.44;14.515;14.405;14.48;3252433
FR0010307819;12/10/17;61.51;61.81;61.36;61.54;343007
FR0013176526;12/10/17;63.50;64.05;63.41;63.86;578621
GB00BDSFG982;12/10/17;22.83;22.975;22.50;22.51;1062750
LU1598757687;12/10/17;22.37;22.94;22.35;22.94;5744478
NL0000226223;12/10/17;16.85;16.955;16.79;16.875;1699648
NL0000235190;12/10/17;77.86;78.32;77.72;78.16;1544613
