BE0003470755;25/09/17;125.00;125.25;124.00;124.20;206739
CH0012214059;25/09/17;50.85;51.09;49.015;49.125;371510
FR0000045072;25/09/17;15.135;15.135;14.865;14.96;5835772
FR0000051732;25/09/17;129.50;129.90;128.15;128.15;128418
FR0000073272;25/09/17;84.95;85.60;84.27;85.09;943205
FR0000120073;25/09/17;109.70;110.15;109.40;109.90;527983
FR0000120172;25/09/17;16.59;16.67;16.46;16.515;2038125
FR0000120271;25/09/17;45.29;45.725;44.89;45.63;6575170
FR0000120321;25/09/17;181.05;182.65;179.90;181.85;527792
FR0000120404;25/09/17;41.06;41.105;40.92;41.00;899877
FR0000120503;25/09/17;39.045;39.62;38.995;39.33;975603
FR0000120578;25/09/17;84.13;84.75;83.98;84.64;1396626
FR0000120628;25/09/17;24.815;24.94;24.65;24.765;4609616
FR0000120644;25/09/17;66.56;66.91;66.53;66.67;1093789
FR0000120693;25/09/17;115.35;116.50;115.25;116.05;334908
FR0000121014;25/09/17;229.90;231.80;229.60;230.75;335029
FR0000121220;25/09/17;103.00;104.25;102.40;104.15;203793
FR0000121261;25/09/17;123.90;124.80;123.60;124.45;328407
FR0000121485;25/09/17;334.95;336.15;332.80;334.00;120566
FR0000121501;25/09/17;19.45;19.74;19.44;19.74;1996966
FR0000121667;25/09/17;104.00;104.95;103.65;104.90;305926
FR0000121972;25/09/17;72.39;72.76;71.95;72.23;801792
FR0000124141;25/09/17;19.35;19.435;19.24;19.35;1370199
FR0000124711;25/09/17;204.30;205.35;204.30;205.35;207394
FR0000125007;25/09/17;49.69;49.995;49.55;49.61;898219
FR0000125338;25/09/17;99.00;99.05;98.42;98.63;370915
FR0000125486;25/09/17;79.98;80.16;79.74;80.00;656111
FR0000127771;25/09/17;20.71;20.875;20.685;20.755;2082640
FR0000130577;25/09/17;58.25;58.75;57.97;58.34;555667
FR0000130809;25/09/17;48.745;48.83;48.01;48.14;2627110
FR0000131104;25/09/17;67.10;67.41;66.17;66.33;3021049
FR0000131906;25/09/17;81.40;81.83;81.10;81.34;657382
FR0000133308;25/09/17;13.75;13.86;13.725;13.825;5070561
FR0010208488;25/09/17;14.355;14.435;14.265;14.40;3572827
FR0010307819;25/09/17;59.94;60.04;59.47;59.48;506295
FR0013176526;25/09/17;62.62;62.72;62.20;62.33;526564
GB00BDSFG982;25/09/17;22.505;22.78;22.255;22.69;1483825
LU1598757687;25/09/17;21.42;21.535;21.00;21.055;6727510
NL0000226223;25/09/17;16.335;16.335;15.665;15.745;3473714
NL0000235190;25/09/17;77.50;78.85;77.48;77.84;1800310
