BE0003470755;28/09/17;125.55;128.05;125.55;128.05;263006
CH0012214059;28/09/17;49.14;49.335;48.645;48.955;242397
FR0000045072;28/09/17;15.44;15.60;15.285;15.34;4753600
FR0000051732;28/09/17;129.55;130.60;129.35;130.60;170989
FR0000073272;28/09/17;84.84;85.89;84.68;85.79;614398
FR0000120073;28/09/17;111.00;112.15;110.55;111.55;729061
FR0000120172;28/09/17;17.01;17.01;16.85;16.955;2538843
FR0000120271;28/09/17;45.075;45.32;44.805;45.215;4312249
FR0000120321;28/09/17;177.50;177.90;176.35;177.90;626713
FR0000120404;28/09/17;41.00;42.695;40.955;42.045;1877372
FR0000120503;28/09/17;40.215;40.69;40.135;40.195;1316114
FR0000120578;28/09/17;84.43;84.60;83.76;84.02;1913241
FR0000120628;28/09/17;25.17;25.385;25.12;25.31;6827534
FR0000120644;28/09/17;65.70;65.81;65.33;65.80;1348109
FR0000120693;28/09/17;116.45;116.90;116.15;116.65;351561
FR0000121014;28/09/17;230.55;231.85;229.75;230.80;350927
FR0000121220;28/09/17;104.85;105.20;103.95;104.80;233185
FR0000121261;28/09/17;124.20;124.40;122.35;122.50;675291
FR0000121485;28/09/17;334.95;335.80;333.25;334.50;122570
FR0000121501;28/09/17;19.96;19.965;19.77;19.855;1874373
FR0000121667;28/09/17;102.95;103.65;102.45;103.35;570988
FR0000121972;28/09/17;72.19;73.23;72.07;73.13;1333442
FR0000124141;28/09/17;19.51;19.535;19.325;19.51;1267767
FR0000124711;28/09/17;204.05;204.05;202.15;203.20;253156
FR0000125007;28/09/17;49.46;50.15;49.46;50.14;1368297
FR0000125338;28/09/17;99.36;99.91;99.15;99.67;386898
FR0000125486;28/09/17;80.59;80.77;80.16;80.76;813803
FR0000127771;28/09/17;20.78;20.87;20.655;20.815;2161081
FR0000130577;28/09/17;58.89;59.12;58.55;58.84;507530
FR0000130809;28/09/17;49.05;49.58;48.63;48.885;2926775
FR0000131104;28/09/17;67.71;68.49;67.26;67.67;2878645
FR0000131906;28/09/17;82.20;82.43;81.31;82.11;658560
FR0000133308;28/09/17;13.875;13.88;13.78;13.82;6273381
FR0010208488;28/09/17;14.29;14.34;14.155;14.24;3880539
FR0010307819;28/09/17;60.23;61.05;60.23;61.05;525928
FR0013176526;28/09/17;62.44;62.48;61.84;62.02;639799
GB00BDSFG982;28/09/17;23.35;24.17;23.245;23.80;2117094
LU1598757687;28/09/17;21.35;21.62;21.235;21.51;6080232
NL0000226223;28/09/17;16.30;16.37;16.13;16.22;2315872
NL0000235190;28/09/17;80.45;80.68;79.81;80.00;1722169
