FR0000125486;01/09/16;68.24;68.93;67.93;68.25;1171283
FR0000125486;02/09/16;68.50;69.43;68.26;69.32;1248590
FR0000125486;05/09/16;69.30;69.50;68.80;68.82;848626
FR0000125486;06/09/16;69.11;69.35;68.90;69.03;929035
FR0000125486;07/09/16;69.24;69.49;68.93;69.32;1054701
FR0000125486;08/09/16;69.21;69.66;68.26;68.74;1283540
FR0000125486;09/09/16;68.63;68.89;66.96;67.28;1780869
FR0000125486;12/09/16;66.32;66.98;65.91;66.98;1487198
FR0000125486;13/09/16;67.31;67.47;66.37;66.39;1043890
FR0000125486;14/09/16;66.74;67.12;66.35;66.35;1440347
FR0000125486;15/09/16;66.08;66.85;65.90;66.76;1278616
FR0000125486;16/09/16;66.49;66.91;65.66;66.11;2652390
FR0000125486;19/09/16;66.77;67.49;66.59;67.38;1164032
FR0000125486;20/09/16;67.35;67.87;67.07;67.07;1079663
FR0000125486;21/09/16;67.63;68.03;66.97;67.02;925016
FR0000125486;22/09/16;67.68;69.19;67.64;68.80;1592415
FR0000125486;23/09/16;68.73;68.78;68.26;68.69;1021196
FR0000125486;26/09/16;68.28;68.28;67.51;67.70;1011654
FR0000125486;27/09/16;67.94;68.14;67.08;67.69;816849
FR0000125486;28/09/16;67.91;68.70;67.90;67.97;876036
FR0000125486;29/09/16;68.55;68.89;67.70;67.76;743542
FR0000125486;30/09/16;67.05;68.47;66.52;68.12;1621669
FR0000125486;03/10/16;68.04;68.31;67.65;68.06;581419
FR0000125486;04/10/16;68.19;68.74;68.06;68.43;1193002
FR0000125486;05/10/16;67.81;67.89;67.06;67.29;1125656
FR0000125486;06/10/16;67.38;67.63;67.01;67.02;943012
FR0000125486;07/10/16;67.08;67.10;66.26;66.35;1118585
FR0000125486;10/10/16;66.43;66.59;66.04;66.48;982730
FR0000125486;11/10/16;66.19;66.35;65.07;65.17;1539364
FR0000125486;12/10/16;65.32;65.65;65.06;65.20;1189342
FR0000125486;13/10/16;65.11;65.64;64.44;65.60;1652740
FR0000125486;14/10/16;66.06;67.49;66.00;67.04;1320116
FR0000125486;17/10/16;66.85;67.39;66.51;66.88;968055
FR0000125486;18/10/16;67.50;67.99;67.39;67.44;1222945
FR0000125486;19/10/16;67.43;67.45;67.11;67.23;899728
FR0000125486;20/10/16;67.47;67.50;66.66;67.17;882286
FR0000125486;21/10/16;67.38;67.53;67.12;67.38;1112456
FR0000125486;24/10/16;67.66;68.20;67.65;67.73;853613
FR0000125486;25/10/16;67.82;68.11;67.28;67.48;633133
FR0000125486;26/10/16;65.46;66.82;65.10;66.65;1662524
FR0000125486;27/10/16;66.49;67.08;65.72;65.79;1233290
FR0000125486;28/10/16;65.44;65.84;64.59;65.71;1358925
FR0000125486;31/10/16;65.54;66.35;65.53;65.98;1575701
FR0000125486;01/11/16;66.24;66.41;64.88;65.02;1133378
FR0000125486;02/11/16;64.72;65.20;64.52;64.82;1047891
FR0000125486;03/11/16;64.52;64.91;63.64;63.64;1335186
FR0000125486;04/11/16;63.40;63.44;62.68;62.85;1652452
FR0000125486;07/11/16;63.00;63.87;63.00;63.68;1308240
FR0000125486;08/11/16;63.07;63.87;62.91;63.58;1088593
FR0000125486;09/11/16;61.87;64.22;61.28;64.22;1932406
FR0000125486;10/11/16;64.47;65.10;60.98;61.23;3268842
FR0000125486;11/11/16;61.48;61.59;60.47;60.70;2071717
FR0000125486;14/11/16;61.30;61.35;59.61;60.03;2176089
FR0000125486;15/11/16;60.34;61.14;60.21;60.85;1428352
FR0000125486;16/11/16;60.91;61.54;60.63;60.89;1382313
FR0000125486;17/11/16;61.00;61.41;60.65;61.35;1350445
FR0000125486;18/11/16;61.59;61.75;60.75;61.09;1319858
FR0000125486;21/11/16;61.25;61.38;60.43;61.10;1069875
FR0000125486;22/11/16;61.54;62.20;49.93;58.80;6309680
FR0000125486;23/11/16;60.65;60.75;59.24;59.31;3543086
FR0000125486;24/11/16;59.90;60.24;59.74;60.11;1361492
FR0000125486;25/11/16;60.38;60.62;59.79;60.31;1353456
FR0000125486;28/11/16;60.31;60.41;59.88;60.19;1316733
FR0000125486;29/11/16;60.38;61.37;60.22;61.37;2254348
FR0000125486;30/11/16;61.35;62.02;61.03;61.23;1847866
FR0000125486;01/12/16;61.08;61.25;60.26;60.57;1693725
FR0000125486;02/12/16;60.51;60.55;59.76;60.34;1240931
FR0000125486;05/12/16;60.14;61.29;60.10;60.52;1308363
FR0000125486;06/12/16;60.79;61.57;60.32;61.51;1299681
FR0000125486;07/12/16;62.05;62.25;61.42;61.85;1411844
FR0000125486;08/12/16;62.26;62.68;61.74;62.33;1916467
FR0000125486;09/12/16;62.43;62.98;62.26;62.38;1506587
FR0000125486;12/12/16;62.72;62.98;62.01;62.96;1691427
FR0000125486;13/12/16;63.00;64.11;62.85;64.04;2070441
FR0000125486;14/12/16;63.66;63.66;62.77;63.34;1701022
FR0000125486;15/12/16;63.50;63.84;63.07;63.80;2011045
FR0000125486;16/12/16;63.95;64.95;63.84;64.27;3461423
FR0000125486;19/12/16;64.27;64.66;64.02;64.56;1219364
FR0000125486;20/12/16;64.57;64.57;64.08;64.32;1254873
FR0000125486;21/12/16;64.27;64.60;64.06;64.22;973473
FR0000125486;22/12/16;64.72;64.72;64.13;64.28;1139451
FR0000125486;23/12/16;64.21;64.64;64.21;64.48;668989
FR0000125486;27/12/16;64.62;64.79;64.38;64.53;438164
FR0000125486;28/12/16;64.46;64.57;64.15;64.19;762233
FR0000125486;29/12/16;64.07;64.52;64.00;64.39;540175
FR0000125486;30/12/16;64.56;64.70;64.03;64.70;963937
FR0000125486;02/01/17;64.51;64.91;64.48;64.65;489504
FR0000125486;03/01/17;65.00;65.42;64.90;65.35;1270473
FR0000125486;04/01/17;65.50;65.53;64.63;64.91;1039802
FR0000125486;05/01/17;64.76;65.22;64.57;65.14;971938
FR0000125486;06/01/17;65.11;65.76;64.93;65.73;768607
FR0000125486;09/01/17;65.75;66.00;65.26;66.00;866657
FR0000125486;10/01/17;66.00;66.39;65.51;65.91;1060917
FR0000125486;11/01/17;65.85;66.09;65.40;65.57;1160686
FR0000125486;12/01/17;65.26;65.72;64.69;65.51;1540664
FR0000125486;13/01/17;65.74;65.99;65.28;65.72;1434547
FR0000125486;16/01/17;65.34;65.63;65.25;65.47;835389
FR0000125486;17/01/17;64.99;65.24;64.59;64.99;1035492
FR0000125486;18/01/17;65.16;65.27;64.56;65.16;1085945
FR0000125486;19/01/17;65.29;65.61;64.78;65.18;1342183
FR0000125486;20/01/17;65.03;66.23;64.97;65.84;1936532
FR0000125486;23/01/17;66.00;67.50;65.94;66.90;1742478
FR0000125486;24/01/17;66.95;67.09;66.30;66.56;1165066
FR0000125486;25/01/17;66.97;67.06;66.59;66.65;1277956
FR0000125486;26/01/17;66.79;66.79;65.54;65.85;1327903
FR0000125486;27/01/17;65.94;66.06;65.24;65.56;1130576
FR0000125486;30/01/17;65.53;65.76;64.74;64.94;960201
FR0000125486;31/01/17;65.01;65.34;64.90;64.90;1513707
FR0000125486;01/02/17;65.17;65.78;65.08;65.28;1177550
FR0000125486;02/02/17;65.07;66.67;64.96;66.19;1401809
FR0000125486;03/02/17;66.19;66.93;66.03;66.54;1009542
FR0000125486;06/02/17;66.57;66.60;65.66;65.82;990420
FR0000125486;07/02/17;65.68;65.80;64.90;65.22;1234132
FR0000125486;08/02/17;66.70;68.77;66.70;68.27;3234172
FR0000125486;09/02/17;68.40;68.81;67.67;68.81;2091885
FR0000125486;10/02/17;68.84;68.99;68.46;68.76;1418066
FR0000125486;13/02/17;69.00;69.59;68.69;69.36;1358885
FR0000125486;14/02/17;69.27;69.74;68.77;68.82;1233819
FR0000125486;15/02/17;68.98;69.85;68.76;69.40;1359178
FR0000125486;16/02/17;69.59;69.78;68.71;68.90;1323954
FR0000125486;17/02/17;68.85;69.15;68.14;68.21;1500979
FR0000125486;20/02/17;68.60;68.98;68.40;68.53;812723
FR0000125486;21/02/17;68.68;68.83;68.24;68.31;1283041
FR0000125486;22/02/17;68.20;68.62;67.97;68.49;1315843
FR0000125486;23/02/17;68.44;68.86;68.05;68.17;968167
FR0000125486;24/02/17;68.47;68.56;67.16;67.49;1478918
FR0000125486;27/02/17;67.76;67.81;67.01;67.44;959970
FR0000125486;28/02/17;67.93;68.22;67.13;68.01;1183448
FR0000125486;01/03/17;68.53;70.19;68.53;69.73;1798012
FR0000125486;02/03/17;69.76;69.92;69.42;69.92;1101316
FR0000125486;03/03/17;69.12;70.35;69.12;70.00;1340932
FR0000125486;06/03/17;70.03;70.36;69.85;69.99;974492
FR0000125486;07/03/17;70.13;70.25;69.68;70.06;943153
FR0000125486;08/03/17;70.20;70.46;69.88;70.32;1167220
FR0000125486;09/03/17;70.31;70.82;70.20;70.74;971943
FR0000125486;10/03/17;70.73;70.87;70.29;70.34;1099892
FR0000125486;13/03/17;70.51;70.51;69.86;69.91;880761
FR0000125486;14/03/17;70.30;70.30;69.64;69.77;888545
FR0000125486;15/03/17;70.02;70.09;69.37;69.45;1277981
FR0000125486;16/03/17;69.82;70.57;69.54;70.37;1243605
FR0000125486;17/03/17;70.46;71.70;70.33;71.70;2938575
FR0000125486;20/03/17;71.43;71.95;71.40;71.69;1166306
FR0000125486;21/03/17;71.65;72.63;71.57;72.19;1829932
FR0000125486;22/03/17;72.07;72.51;71.63;72.19;1261908
FR0000125486;23/03/17;72.90;73.89;72.61;73.73;1881745
FR0000125486;24/03/17;73.93;74.48;73.66;74.36;1726331
FR0000125486;27/03/17;74.86;75.03;74.24;74.35;2204052
FR0000125486;28/03/17;74.55;74.78;73.49;73.93;1292176
FR0000125486;29/03/17;74.25;74.25;73.49;73.75;1164176
FR0000125486;30/03/17;74.05;74.17;73.76;74.16;1100737
FR0000125486;31/03/17;74.09;74.38;73.51;74.30;1503518
FR0000125486;03/04/17;74.40;74.72;73.92;74.46;1265564
FR0000125486;04/04/17;74.46;74.64;73.80;73.80;1440197
FR0000125486;05/04/17;74.00;74.45;73.78;73.97;1341834
FR0000125486;06/04/17;74.04;74.79;73.88;74.63;1060652
FR0000125486;07/04/17;74.29;74.65;74.11;74.54;1043240
FR0000125486;10/04/17;74.27;74.48;73.71;73.71;846668
FR0000125486;11/04/17;73.52;75.22;73.39;74.98;1801751
FR0000125486;12/04/17;74.31;74.92;73.68;73.69;1335662
FR0000125486;13/04/17;73.60;74.13;73.17;73.85;1515149
FR0000125486;18/04/17;73.67;74.11;72.33;72.56;1776780
FR0000125486;19/04/17;72.56;72.90;71.83;72.22;1986686
FR0000125486;20/04/17;72.22;74.27;71.91;73.99;2120481
FR0000125486;21/04/17;73.63;73.70;72.72;73.33;2255707
FR0000125486;24/04/17;77.67;78.68;76.75;78.50;3998482
FR0000125486;25/04/17;77.00;78.18;76.74;77.72;2335419
FR0000125486;26/04/17;77.35;77.66;76.90;77.21;1498800
FR0000125486;27/04/17;76.88;77.78;76.79;77.55;1245884
FR0000125486;28/04/17;77.55;78.25;77.41;78.10;1896695
FR0000125486;02/05/17;77.96;78.09;77.35;78.05;1650025
FR0000125486;03/05/17;78.00;78.03;77.01;77.07;1506238
FR0000125486;04/05/17;77.41;79.33;77.20;79.33;1686232
FR0000125486;05/05/17;79.20;79.50;78.27;79.50;1874950
FR0000125486;08/05/17;79.74;79.84;78.52;78.99;1320022
FR0000125486;09/05/17;78.64;79.14;78.47;79.00;1387230
FR0000125486;10/05/17;78.65;78.92;77.43;78.32;1663893
FR0000125486;11/05/17;78.49;78.81;77.40;77.78;1537006
FR0000125486;12/05/17;77.99;78.53;77.54;78.53;1181698
FR0000125486;15/05/17;78.49;78.68;77.59;78.37;1214594
FR0000125486;16/05/17;78.43;78.48;77.50;77.69;1341757
FR0000125486;17/05/17;77.36;77.79;76.58;76.95;1240230
FR0000125486;18/05/17;77.04;77.65;76.38;76.90;1882331
FR0000125486;19/05/17;76.83;77.18;76.35;76.65;1693181
FR0000125486;22/05/17;75.97;76.78;75.10;76.50;1448134
FR0000125486;23/05/17;76.50;77.08;76.50;76.83;840935
FR0000125486;24/05/17;77.21;77.26;76.35;76.53;1345736
FR0000125486;25/05/17;76.97;77.37;76.69;76.89;617678
FR0000125486;26/05/17;76.64;77.09;75.96;77.00;1041440
FR0000125486;29/05/17;76.79;77.02;76.42;76.90;486469
FR0000125486;30/05/17;76.25;76.69;75.89;76.54;987477
FR0000125486;31/05/17;76.78;78.28;76.57;77.73;1939025
FR0000125486;01/06/17;78.02;78.32;77.37;77.56;1149434
FR0000125486;02/06/17;78.00;78.30;77.60;78.09;969193
FR0000125486;05/06/17;78.01;78.26;77.55;77.80;612051
FR0000125486;06/06/17;77.28;77.44;76.69;76.77;1197832
FR0000125486;07/06/17;76.59;77.26;76.43;76.70;1082112
FR0000125486;08/06/17;76.79;77.23;76.53;77.06;884957
FR0000125486;09/06/17;77.21;78.15;77.17;78.01;1223473
FR0000125486;12/06/17;77.69;77.98;77.44;77.60;1340139
FR0000125486;13/06/17;77.85;77.90;77.45;77.69;1071330
FR0000125486;14/06/17;77.78;79.41;77.78;78.55;1556474
FR0000125486;15/06/17;78.23;78.49;77.46;78.46;1651811
FR0000125486;16/06/17;78.56;79.59;78.50;79.59;2637799
FR0000125486;19/06/17;79.50;80.40;79.49;79.80;1272950
FR0000125486;20/06/17;79.99;80.43;79.91;79.91;1159982
FR0000125486;21/06/17;79.83;79.93;79.40;79.50;1135240
FR0000125486;22/06/17;79.26;79.41;78.73;79.00;1143909
FR0000125486;23/06/17;78.78;79.21;78.40;78.97;938092
FR0000125486;26/06/17;79.25;79.78;79.04;79.51;1007946
FR0000125486;27/06/17;78.78;79.08;77.50;77.70;1615007
FR0000125486;28/06/17;77.30;77.84;76.83;77.36;1499053
FR0000125486;29/06/17;77.44;77.51;74.27;74.89;2763013
FR0000125486;30/06/17;74.82;75.72;74.53;74.73;1803182
FR0000125486;03/07/17;74.99;75.24;74.75;75.05;980106
FR0000125486;04/07/17;74.81;75.28;74.52;74.79;1019180
FR0000125486;05/07/17;74.91;75.66;74.55;75.34;1440966
FR0000125486;06/07/17;74.55;74.84;72.77;73.45;1828103
FR0000125486;07/07/17;73.29;73.92;73.25;73.89;1005934
FR0000125486;10/07/17;74.01;75.06;73.69;74.85;1067756
FR0000125486;11/07/17;75.34;75.85;74.99;75.12;1376979
FR0000125486;12/07/17;75.62;77.41;75.27;77.07;1655819
FR0000125486;13/07/17;77.18;78.53;77.12;77.96;1574138
FR0000125486;14/07/17;78.00;78.07;77.51;77.89;1020715
FR0000125486;17/07/17;77.96;78.35;77.59;77.76;799294
FR0000125486;18/07/17;77.52;78.08;77.06;77.15;1276247
FR0000125486;19/07/17;77.50;78.38;77.02;78.38;1164188
FR0000125486;20/07/17;79.05;79.61;77.64;77.95;1318384
FR0000125486;21/07/17;77.58;77.88;75.78;76.12;1839351
FR0000125486;24/07/17;76.40;77.33;76.10;76.79;1168633
FR0000125486;25/07/17;76.74;78.20;76.74;77.14;1204374
FR0000125486;26/07/17;77.12;77.99;76.90;77.20;950358
FR0000125486;27/07/17;76.88;77.86;76.53;77.26;1172666
FR0000125486;28/07/17;76.05;76.46;74.58;75.33;2055570
FR0000125486;31/07/17;75.30;76.34;75.17;75.74;1357197
FR0000125486;01/08/17;76.81;76.81;74.95;75.45;1181222
FR0000125486;02/08/17;75.36;75.47;74.36;74.68;1119682
FR0000125486;03/08/17;74.68;75.84;74.44;75.56;1067465
FR0000125486;04/08/17;75.50;77.16;75.34;77.05;1102687
FR0000125486;07/08/17;77.00;77.48;76.95;77.35;864130
FR0000125486;08/08/17;77.31;77.70;77.08;77.31;689741
FR0000125486;09/08/17;76.97;77.23;76.45;76.92;1065395
FR0000125486;10/08/17;77.17;77.66;76.28;76.61;1045159
FR0000125486;11/08/17;76.30;76.47;75.33;75.64;1050407
FR0000125486;14/08/17;75.90;76.89;75.80;76.79;734817
FR0000125486;15/08/17;77.07;77.35;76.76;76.95;499478
FR0000125486;16/08/17;77.08;78.17;76.96;77.71;715822
FR0000125486;17/08/17;77.55;77.88;77.15;77.17;806061
FR0000125486;18/08/17;76.80;76.80;75.85;76.57;975745
FR0000125486;21/08/17;76.30;76.43;75.73;76.14;687231
FR0000125486;22/08/17;76.46;76.75;76.27;76.65;557772
FR0000125486;23/08/17;76.79;77.24;76.01;76.10;694157
FR0000125486;24/08/17;76.36;76.63;75.67;75.73;983661
FR0000125486;25/08/17;76.02;77.12;75.83;76.50;961059
FR0000125486;28/08/17;76.04;76.59;75.81;76.00;525646
FR0000125486;29/08/17;75.41;75.89;74.79;75.48;1146471
FR0000125486;30/08/17;76.04;76.49;75.76;76.32;683957
FR0000125486;31/08/17;76.91;77.89;76.91;77.35;1356698
FR0000125486;01/09/17;77.70;78.77;77.70;78.36;1194136
FR0000125486;04/09/17;77.75;78.70;77.65;78.65;943753
FR0000125486;05/09/17;78.70;79.15;78.44;78.50;990276
FR0000125486;06/09/17;78.16;79.59;77.91;79.46;1323883
FR0000125486;07/09/17;79.46;80.60;79.10;79.64;1622175
FR0000125486;08/09/17;78.76;79.20;78.46;79.04;1002179
FR0000125486;11/09/17;79.42;80.26;79.40;80.26;1027789
FR0000125486;12/09/17;80.25;80.40;79.11;79.30;1273615
FR0000125486;13/09/17;79.02;80.24;78.85;80.19;1101332
FR0000125486;14/09/17;80.20;80.39;79.87;80.27;896376
FR0000125486;15/09/17;80.28;80.53;79.97;80.25;3641879
FR0000125486;18/09/17;80.48;80.60;80.15;80.49;652490
FR0000125486;19/09/17;80.08;80.52;80.03;80.51;701561
