FR0000121667;01/09/16;114.05;114.45;112.15;112.35;449669
FR0000121667;02/09/16;112.85;116.45;112.70;116.45;462761
FR0000121667;05/09/16;116.70;117.30;116.20;116.60;292042
FR0000121667;06/09/16;116.90;117.65;116.65;117.00;426758
FR0000121667;07/09/16;117.25;117.25;116.05;116.75;301727
FR0000121667;08/09/16;116.75;117.15;114.65;116.35;414773
FR0000121667;09/09/16;116.15;116.50;115.50;115.85;458489
FR0000121667;12/09/16;114.45;115.70;114.20;115.40;449401
FR0000121667;13/09/16;116.10;117.00;114.20;114.20;423354
FR0000121667;14/09/16;115.05;115.50;114.15;114.45;396384
FR0000121667;15/09/16;114.35;114.80;113.70;114.55;395862
FR0000121667;16/09/16;114.30;115.20;113.05;113.45;1038216
FR0000121667;19/09/16;114.45;115.20;114.10;115.05;327456
FR0000121667;20/09/16;115.25;116.60;115.20;115.50;382192
FR0000121667;21/09/16;116.65;116.90;115.75;115.90;346623
FR0000121667;22/09/16;116.75;119.15;116.45;118.45;569619
FR0000121667;23/09/16;117.95;118.95;117.70;118.40;369058
FR0000121667;26/09/16;117.85;117.95;116.45;116.45;395678
FR0000121667;27/09/16;116.85;117.25;115.70;116.55;366126
FR0000121667;28/09/16;116.95;117.80;116.45;116.75;259332
FR0000121667;29/09/16;117.50;117.55;114.40;114.55;446461
FR0000121667;30/09/16;113.40;115.30;112.80;114.80;501676
FR0000121667;03/10/16;115.30;117.05;114.80;115.25;453926
FR0000121667;04/10/16;115.05;115.80;114.40;114.75;600256
FR0000121667;05/10/16;113.70;113.90;113.05;113.60;352926
FR0000121667;06/10/16;114.15;114.40;112.40;112.40;363885
FR0000121667;07/10/16;112.30;112.55;110.85;111.50;483218
FR0000121667;10/10/16;112.00;113.25;111.25;113.20;382978
FR0000121667;11/10/16;112.70;113.10;111.80;111.80;379822
FR0000121667;12/10/16;111.90;112.05;110.55;110.55;391679
FR0000121667;13/10/16;110.20;110.45;109.20;110.35;536395
FR0000121667;14/10/16;111.00;112.00;110.45;111.20;396780
FR0000121667;17/10/16;110.75;110.90;109.40;109.90;447514
FR0000121667;18/10/16;110.65;111.80;110.35;111.65;421087
FR0000121667;19/10/16;111.85;111.85;110.70;111.25;390921
FR0000121667;20/10/16;111.80;111.80;110.60;111.10;400337
FR0000121667;21/10/16;108.30;108.30;104.35;104.90;1733760
FR0000121667;24/10/16;105.70;105.70;103.50;103.65;664650
FR0000121667;25/10/16;103.25;103.55;100.95;101.95;985684
FR0000121667;26/10/16;102.15;103.60;101.35;103.50;687916
FR0000121667;27/10/16;103.35;104.70;102.80;103.75;715025
FR0000121667;28/10/16;102.90;103.85;102.15;103.05;522309
FR0000121667;31/10/16;102.50;103.05;102.15;102.40;490745
FR0000121667;01/11/16;102.90;103.00;101.45;102.35;559200
FR0000121667;02/11/16;101.70;102.25;101.35;101.60;575759
FR0000121667;03/11/16;101.10;102.40;101.05;101.60;646080
FR0000121667;04/11/16;101.20;101.30;100.05;101.00;416339
FR0000121667;07/11/16;102.05;102.85;101.45;102.85;591585
FR0000121667;08/11/16;102.65;102.90;101.65;101.90;425721
FR0000121667;09/11/16;100.40;104.20;100.05;103.70;901772
FR0000121667;10/11/16;103.90;104.00;99.08;100.25;1225180
FR0000121667;11/11/16;100.10;101.20;99.71;100.50;519422
FR0000121667;14/11/16;101.30;102.05;100.60;101.20;547761
FR0000121667;15/11/16;102.00;103.10;101.60;102.15;533704
FR0000121667;16/11/16;101.85;101.95;100.80;101.50;399306
FR0000121667;17/11/16;101.40;102.15;100.85;102.05;299288
FR0000121667;18/11/16;102.05;102.25;101.40;101.95;358512
FR0000121667;21/11/16;102.30;102.45;100.80;101.80;348671
FR0000121667;22/11/16;97.50;97.80;93.41;95.63;2588209
FR0000121667;23/11/16;95.63;96.64;95.39;96.27;941426
FR0000121667;24/11/16;95.51;98.77;95.50;98.54;548255
FR0000121667;25/11/16;98.96;99.27;98.06;99.01;371143
FR0000121667;28/11/16;98.80;99.29;98.40;98.64;633912
FR0000121667;29/11/16;99.50;100.45;99.00;100.05;761460
FR0000121667;30/11/16;99.60;100.75;99.56;100.10;677728
FR0000121667;01/12/16;99.94;100.20;98.59;98.98;807425
FR0000121667;02/12/16;98.50;98.51;97.00;97.97;667806
FR0000121667;05/12/16;97.48;99.56;97.48;99.00;616905
FR0000121667;06/12/16;99.73;100.15;99.18;100.15;596424
FR0000121667;07/12/16;100.65;100.70;99.67;100.35;715513
FR0000121667;08/12/16;100.55;100.70;99.30;100.45;784737
FR0000121667;09/12/16;100.90;104.10;100.90;103.70;804459
FR0000121667;12/12/16;103.75;103.90;101.90;103.15;540329
FR0000121667;13/12/16;103.25;104.75;102.95;104.60;617100
FR0000121667;14/12/16;104.05;104.25;102.95;103.50;507088
FR0000121667;15/12/16;103.90;103.90;102.80;103.55;858688
FR0000121667;16/12/16;103.30;105.55;103.30;105.25;1692041
FR0000121667;19/12/16;105.25;105.75;104.35;105.05;564382
FR0000121667;20/12/16;105.55;106.10;105.15;105.65;374517
FR0000121667;21/12/16;105.55;105.55;104.65;105.35;314728
FR0000121667;22/12/16;105.05;105.35;104.60;105.10;370546
FR0000121667;23/12/16;104.95;105.70;104.75;105.45;276257
FR0000121667;27/12/16;105.95;106.15;105.15;105.85;154795
FR0000121667;28/12/16;105.60;105.95;105.20;105.85;185935
FR0000121667;29/12/16;105.75;106.35;105.50;106.15;231237
FR0000121667;30/12/16;106.35;107.35;106.00;107.35;439158
FR0000121667;02/01/17;107.45;107.95;107.10;107.30;194542
FR0000121667;03/01/17;107.60;107.80;106.30;106.30;437358
FR0000121667;04/01/17;106.75;106.80;104.95;105.40;584565
FR0000121667;05/01/17;105.20;105.60;104.85;105.40;426710
FR0000121667;06/01/17;105.35;105.95;105.00;105.80;315542
FR0000121667;09/01/17;106.20;106.20;103.95;105.25;464917
FR0000121667;10/01/17;105.50;106.05;104.50;105.05;354102
FR0000121667;11/01/17;105.05;105.45;103.60;104.50;437631
FR0000121667;12/01/17;102.95;103.05;101.45;101.80;901871
FR0000121667;13/01/17;102.50;102.55;101.60;102.10;487997
FR0000121667;16/01/17;118.00;121.15;113.50;114.20;3410147
FR0000121667;17/01/17;113.60;115.70;112.60;114.85;1256845
FR0000121667;18/01/17;115.00;115.25;113.30;113.50;862518
FR0000121667;19/01/17;113.55;113.60;109.75;109.90;1143705
FR0000121667;20/01/17;110.10;111.30;109.05;110.25;821340
FR0000121667;23/01/17;109.25;109.70;107.75;107.75;613973
FR0000121667;24/01/17;107.95;107.95;105.90;105.95;792220
FR0000121667;25/01/17;106.40;107.75;104.95;107.70;989675
FR0000121667;26/01/17;108.15;109.50;107.90;108.45;639105
FR0000121667;27/01/17;108.75;109.25;107.85;109.25;569182
FR0000121667;30/01/17;109.40;109.70;107.85;109.25;661582
FR0000121667;31/01/17;110.00;110.25;108.40;108.40;1024027
FR0000121667;01/02/17;108.80;109.25;106.30;106.40;878473
FR0000121667;02/02/17;106.45;108.40;105.85;108.05;708863
FR0000121667;03/02/17;108.80;109.45;108.35;108.55;417613
FR0000121667;06/02/17;108.50;108.50;106.40;107.15;500227
FR0000121667;07/02/17;107.30;108.25;107.00;107.85;413107
FR0000121667;08/02/17;107.80;108.30;106.90;107.65;495804
FR0000121667;09/02/17;108.15;109.45;107.55;109.20;389269
FR0000121667;10/02/17;109.70;109.70;107.85;108.55;421152
FR0000121667;13/02/17;108.55;109.80;108.40;109.45;455138
FR0000121667;14/02/17;109.90;110.40;109.25;110.25;441077
FR0000121667;15/02/17;110.50;111.05;110.00;110.00;526654
FR0000121667;16/02/17;110.75;110.75;108.55;108.55;775730
FR0000121667;17/02/17;109.05;110.15;106.90;107.75;676696
FR0000121667;20/02/17;109.60;109.60;107.20;107.85;498694
FR0000121667;21/02/17;107.60;108.05;106.90;107.50;514554
FR0000121667;22/02/17;107.60;108.90;107.20;108.20;474516
FR0000121667;23/02/17;107.75;108.30;107.30;107.85;439308
FR0000121667;24/02/17;108.10;109.10;107.80;108.75;555176
FR0000121667;27/02/17;109.45;109.60;107.90;108.25;362858
FR0000121667;28/02/17;108.25;108.75;107.25;108.15;423125
FR0000121667;01/03/17;108.85;110.65;108.50;109.50;552596
FR0000121667;02/03/17;109.20;109.20;106.70;108.50;751009
FR0000121667;03/03/17;108.05;108.90;106.95;108.90;494050
FR0000121667;06/03/17;108.40;108.55;107.70;108.40;302121
FR0000121667;07/03/17;108.70;108.70;107.55;108.00;398724
FR0000121667;08/03/17;108.55;109.45;107.55;109.25;485870
FR0000121667;09/03/17;108.80;111.80;108.70;111.80;777115
FR0000121667;10/03/17;112.30;113.50;111.85;111.85;759149
FR0000121667;13/03/17;111.85;112.45;111.20;111.45;392400
FR0000121667;14/03/17;111.35;111.60;110.50;110.80;354904
FR0000121667;15/03/17;110.80;110.95;110.05;110.35;389203
FR0000121667;16/03/17;110.85;110.85;109.85;110.50;497003
FR0000121667;17/03/17;111.10;112.90;110.40;112.45;1100116
FR0000121667;20/03/17;111.95;113.10;111.85;112.55;414246
FR0000121667;21/03/17;112.50;113.10;112.00;112.50;407274
FR0000121667;22/03/17;112.00;112.15;110.55;111.75;539198
FR0000121667;23/03/17;111.60;112.75;111.45;112.75;347287
FR0000121667;24/03/17;112.60;113.80;112.20;113.55;408703
FR0000121667;27/03/17;112.80;113.50;112.25;113.40;396997
FR0000121667;28/03/17;113.25;113.85;112.95;113.85;420851
FR0000121667;29/03/17;113.80;113.85;113.00;113.00;389718
FR0000121667;30/03/17;113.20;113.30;112.80;113.00;372559
FR0000121667;31/03/17;113.00;113.90;112.90;113.90;725311
FR0000121667;03/04/17;113.95;114.00;112.70;112.80;487953
FR0000121667;04/04/17;113.00;113.75;112.55;113.20;383996
FR0000121667;05/04/17;113.50;113.50;111.80;111.90;384848
FR0000121667;06/04/17;111.80;113.15;110.85;113.10;417032
FR0000121667;07/04/17;113.00;113.00;111.80;112.45;371412
FR0000121667;10/04/17;112.05;112.80;111.85;112.40;312038
FR0000121667;11/04/17;111.95;113.05;111.70;113.05;448155
FR0000121667;12/04/17;113.20;115.95;113.20;115.75;644251
FR0000121667;13/04/17;115.85;116.00;114.65;114.85;436336
FR0000121667;18/04/17;114.75;115.15;113.65;114.05;475878
FR0000121667;19/04/17;113.65;114.20;113.05;113.65;434096
FR0000121667;20/04/17;113.50;115.05;113.15;114.50;522494
FR0000121667;21/04/17;113.50;114.30;112.65;112.75;932173
FR0000121667;24/04/17;116.50;117.95;115.45;117.75;1290282
FR0000121667;25/04/17;118.00;119.15;117.85;118.80;701913
FR0000121667;26/04/17;118.55;119.00;117.85;118.85;714509
FR0000121667;27/04/17;118.85;119.45;118.30;119.25;478086
FR0000121667;28/04/17;118.65;118.95;118.30;118.95;780028
FR0000121667;02/05/17;118.70;118.80;117.35;118.30;662295
FR0000121667;03/05/17;118.60;119.50;118.30;118.70;574789
FR0000121667;04/05/17;119.45;119.95;118.50;119.75;658636
FR0000121667;05/05/17;120.00;120.50;119.40;120.25;620440
FR0000121667;08/05/17;120.20;120.35;119.25;119.85;568576
FR0000121667;09/05/17;120.55;121.95;119.55;121.60;711499
FR0000121667;10/05/17;121.45;121.50;120.35;120.80;563897
FR0000121667;11/05/17;120.70;120.90;118.90;119.30;641461
FR0000121667;12/05/17;119.55;120.20;119.00;120.15;485021
FR0000121667;15/05/17;120.75;120.75;119.20;120.45;367144
FR0000121667;16/05/17;120.80;121.40;120.25;120.95;495262
FR0000121667;17/05/17;119.10;119.95;117.80;118.50;695460
FR0000121667;18/05/17;118.60;119.35;117.35;118.50;541224
FR0000121667;19/05/17;118.95;119.25;118.15;118.75;533336
FR0000121667;22/05/17;118.50;119.10;118.15;119.10;359196
FR0000121667;23/05/17;118.35;119.50;118.25;119.30;365201
FR0000121667;24/05/17;119.45;119.50;118.75;119.20;395348
FR0000121667;25/05/17;119.60;119.85;118.95;119.65;260221
FR0000121667;26/05/17;119.75;120.00;118.90;120.00;407083
FR0000121667;29/05/17;119.95;120.00;118.95;119.30;185721
FR0000121667;30/05/17;118.80;118.85;117.85;118.75;433874
FR0000121667;31/05/17;118.95;119.20;118.30;118.35;597814
FR0000121667;01/06/17;118.65;119.30;117.50;118.70;482332
FR0000121667;02/06/17;119.70;119.95;118.60;119.20;360966
FR0000121667;05/06/17;119.50;119.50;118.50;118.70;238497
FR0000121667;06/06/17;117.95;118.50;117.20;118.15;515888
FR0000121667;07/06/17;118.25;119.00;117.50;117.65;415208
FR0000121667;08/06/17;117.95;118.20;117.05;117.50;425443
FR0000121667;09/06/17;118.25;118.80;117.65;118.25;349800
FR0000121667;12/06/17;118.35;118.55;116.60;116.80;402047
FR0000121667;13/06/17;117.60;120.20;117.30;119.85;845326
FR0000121667;14/06/17;120.00;121.40;119.95;120.05;600346
FR0000121667;15/06/17;120.55;120.55;118.40;119.65;644226
FR0000121667;16/06/17;120.00;120.80;119.65;120.75;1043027
FR0000121667;19/06/17;121.75;122.15;120.70;120.70;542707
FR0000121667;20/06/17;121.10;121.15;120.05;120.05;398045
FR0000121667;21/06/17;119.80;119.80;117.45;118.60;633941
FR0000121667;22/06/17;119.00;119.05;117.95;118.95;370546
FR0000121667;23/06/17;118.50;119.10;117.75;118.25;361363
FR0000121667;26/06/17;118.60;119.25;118.25;118.45;409270
FR0000121667;27/06/17;118.15;118.15;116.30;116.45;459022
FR0000121667;28/06/17;115.50;115.55;113.65;114.30;942202
FR0000121667;29/06/17;114.30;114.45;110.90;111.85;736682
FR0000121667;30/06/17;112.10;113.20;111.30;111.40;632685
FR0000121667;03/07/17;111.95;113.10;111.15;112.90;489558
FR0000121667;04/07/17;112.65;112.90;112.10;112.20;330144
FR0000121667;05/07/17;112.05;113.50;111.60;113.30;480709
FR0000121667;06/07/17;113.35;113.40;111.50;112.05;564397
FR0000121667;07/07/17;111.90;112.40;111.55;112.40;285507
FR0000121667;10/07/17;112.60;112.80;112.00;112.00;255575
FR0000121667;11/07/17;112.30;112.70;111.40;111.40;366297
FR0000121667;12/07/17;111.55;113.80;111.40;113.45;389281
FR0000121667;13/07/17;113.30;114.10;112.75;113.80;361477
FR0000121667;14/07/17;114.00;114.95;113.55;114.70;322904
FR0000121667;17/07/17;114.55;115.00;113.80;114.10;273275
FR0000121667;18/07/17;114.00;114.40;112.70;112.90;356904
FR0000121667;19/07/17;113.50;114.35;113.15;114.20;312526
FR0000121667;20/07/17;114.80;115.55;114.40;115.00;556020
FR0000121667;21/07/17;115.25;116.30;113.70;114.10;840320
FR0000121667;24/07/17;114.50;114.75;114.10;114.35;500907
FR0000121667;25/07/17;115.00;117.25;115.00;116.20;753329
FR0000121667;26/07/17;116.35;117.05;115.85;116.25;533920
FR0000121667;27/07/17;115.50;117.00;115.05;116.40;792887
FR0000121667;28/07/17;112.50;112.95;110.15;111.60;1562981
FR0000121667;31/07/17;111.45;111.50;107.10;107.10;1298767
FR0000121667;01/08/17;108.40;108.40;106.65;106.75;683298
FR0000121667;02/08/17;106.50;106.90;105.80;106.20;637205
FR0000121667;03/08/17;106.05;106.05;104.45;105.45;604323
FR0000121667;04/08/17;105.55;107.25;104.80;107.00;609553
FR0000121667;07/08/17;107.35;107.55;106.30;106.65;341660
FR0000121667;08/08/17;106.45;106.85;105.65;106.65;396164
FR0000121667;09/08/17;106.05;106.35;104.85;105.70;614802
FR0000121667;10/08/17;105.90;106.05;104.95;105.25;377955
FR0000121667;11/08/17;104.75;105.75;104.70;105.00;452227
FR0000121667;14/08/17;104.90;106.40;104.85;106.05;339912
FR0000121667;15/08/17;106.45;107.00;106.20;106.55;232895
FR0000121667;16/08/17;106.75;107.80;106.00;106.00;338224
FR0000121667;17/08/17;106.05;106.30;105.45;105.60;443571
FR0000121667;18/08/17;105.25;105.25;104.15;104.60;600476
FR0000121667;21/08/17;104.25;104.95;103.80;104.25;316994
FR0000121667;22/08/17;104.80;104.95;104.20;104.55;451451
FR0000121667;23/08/17;104.55;105.30;104.20;105.05;323675
FR0000121667;24/08/17;105.45;106.85;105.35;106.05;397279
FR0000121667;25/08/17;105.80;106.00;105.05;105.05;312247
FR0000121667;28/08/17;104.60;105.40;104.40;104.70;244074
FR0000121667;29/08/17;104.05;104.30;103.10;104.15;418918
FR0000121667;30/08/17;104.60;104.75;103.90;104.20;285136
FR0000121667;31/08/17;104.90;106.40;104.45;106.05;669303
FR0000121667;01/09/17;106.50;107.65;106.10;106.50;475896
FR0000121667;04/09/17;106.10;106.25;105.50;105.60;236948
FR0000121667;05/09/17;105.60;106.25;105.20;105.25;257652
FR0000121667;06/09/17;105.00;106.15;104.70;105.95;308422
FR0000121667;07/09/17;106.45;108.25;106.35;108.00;604833
FR0000121667;08/09/17;107.75;109.90;107.65;109.60;780755
FR0000121667;11/09/17;110.00;110.85;109.40;109.80;766349
FR0000121667;12/09/17;110.00;110.25;108.45;109.30;555617
FR0000121667;13/09/17;108.80;108.95;106.45;106.75;862973
FR0000121667;14/09/17;106.55;107.05;106.15;106.60;572114
FR0000121667;15/09/17;106.50;107.00;105.65;106.10;1416605
FR0000121667;18/09/17;106.35;106.75;105.95;106.00;340074
FR0000121667;19/09/17;106.00;106.40;105.30;105.55;421488
