FR0000120503;01/09/16;28.415;28.67;28.17;28.45;1473433
FR0000120503;02/09/16;28.505;29.145;28.385;29.12;1082789
FR0000120503;05/09/16;29.175;29.395;28.675;28.815;885223
FR0000120503;06/09/16;28.825;29.075;28.775;28.915;710541
FR0000120503;07/09/16;28.93;29.11;28.70;28.97;667224
FR0000120503;08/09/16;29.00;29.11;28.65;29.015;805750
FR0000120503;09/09/16;28.87;29.095;28.66;28.76;712438
FR0000120503;12/09/16;28.315;28.50;28.025;28.50;868313
FR0000120503;13/09/16;28.52;28.585;27.91;27.92;1014614
FR0000120503;14/09/16;28.055;28.205;27.965;28.04;635486
FR0000120503;15/09/16;27.95;28.295;27.92;28.08;844102
FR0000120503;16/09/16;28.01;29.09;27.90;28.87;2757658
FR0000120503;19/09/16;29.00;29.32;28.40;28.685;1275048
FR0000120503;20/09/16;28.60;29.04;28.475;28.915;776326
FR0000120503;21/09/16;29.045;29.34;28.925;28.965;673547
FR0000120503;22/09/16;29.10;29.635;29.06;29.56;1001101
FR0000120503;23/09/16;29.49;29.645;29.205;29.62;677459
FR0000120503;26/09/16;29.395;29.44;28.865;29.245;733457
FR0000120503;27/09/16;29.355;29.46;28.805;29.04;619728
FR0000120503;28/09/16;29.035;29.40;29.00;29.34;754387
FR0000120503;29/09/16;29.56;29.73;29.41;29.545;747200
FR0000120503;30/09/16;29.20;29.585;28.94;29.495;791513
FR0000120503;03/10/16;29.50;29.55;29.21;29.42;440692
FR0000120503;04/10/16;29.445;29.98;29.41;29.925;1087609
FR0000120503;05/10/16;29.65;29.87;29.355;29.83;753320
FR0000120503;06/10/16;29.845;30.07;29.475;29.485;920699
FR0000120503;07/10/16;29.53;29.535;29.20;29.44;741534
FR0000120503;10/10/16;29.49;29.75;29.28;29.73;582257
FR0000120503;11/10/16;29.71;29.865;29.45;29.52;513941
FR0000120503;12/10/16;29.59;29.67;29.33;29.415;644308
FR0000120503;13/10/16;29.33;29.395;29.10;29.255;1302465
FR0000120503;14/10/16;29.42;30.185;29.42;30.105;1095659
FR0000120503;17/10/16;29.995;30.03;29.58;29.715;684597
FR0000120503;18/10/16;29.78;30.295;29.78;30.08;891382
FR0000120503;19/10/16;30.025;30.06;29.69;29.905;730271
FR0000120503;20/10/16;29.90;29.965;29.525;29.645;849475
FR0000120503;21/10/16;29.66;29.92;29.56;29.86;693850
FR0000120503;24/10/16;29.955;30.14;29.77;29.83;473292
FR0000120503;25/10/16;29.82;30.375;29.82;30.22;1274480
FR0000120503;26/10/16;30.105;30.20;29.65;29.95;781193
FR0000120503;27/10/16;29.88;29.965;29.445;29.76;742399
FR0000120503;28/10/16;29.61;29.62;29.195;29.56;624788
FR0000120503;31/10/16;29.495;29.845;29.365;29.705;846056
FR0000120503;01/11/16;29.74;29.84;29.315;29.385;493076
FR0000120503;02/11/16;29.24;29.32;29.005;29.185;793401
FR0000120503;03/11/16;29.175;29.27;28.695;28.695;712153
FR0000120503;04/11/16;28.65;28.65;28.26;28.26;968853
FR0000120503;07/11/16;28.55;28.88;28.515;28.83;740573
FR0000120503;08/11/16;28.825;28.96;28.66;28.905;517744
FR0000120503;09/11/16;28.10;29.88;28.01;29.88;1509735
FR0000120503;10/11/16;29.995;31.08;29.97;30.54;2129669
FR0000120503;11/11/16;30.64;30.80;29.965;30.08;801370
FR0000120503;14/11/16;30.365;30.51;30.01;30.13;601706
FR0000120503;15/11/16;30.20;30.295;30.00;30.16;650460
FR0000120503;16/11/16;30.765;31.75;30.70;30.96;2026061
FR0000120503;17/11/16;31.115;31.45;30.875;31.415;1188190
FR0000120503;18/11/16;31.46;31.745;31.26;31.615;991464
FR0000120503;21/11/16;31.80;31.80;31.23;31.72;748302
FR0000120503;22/11/16;32.575;33.05;31.81;32.40;1762178
FR0000120503;23/11/16;32.35;32.55;31.93;31.93;985236
FR0000120503;24/11/16;31.95;32.385;31.855;32.385;527174
FR0000120503;25/11/16;32.45;32.515;32.035;32.34;542863
FR0000120503;28/11/16;32.35;32.41;31.60;31.70;1003293
FR0000120503;29/11/16;31.70;32.005;31.53;31.865;528383
FR0000120503;30/11/16;31.905;32.15;31.825;32.00;1102817
FR0000120503;01/12/16;31.95;32.245;31.775;32.195;707189
FR0000120503;02/12/16;32.035;32.10;31.505;31.57;720931
FR0000120503;05/12/16;31.535;32.18;31.435;31.705;835744
FR0000120503;06/12/16;31.75;32.215;31.49;32.205;708747
FR0000120503;07/12/16;32.34;32.905;32.34;32.905;1255303
FR0000120503;08/12/16;32.95;33.275;32.805;33.27;1241617
FR0000120503;09/12/16;33.255;33.50;33.00;33.465;986243
FR0000120503;12/12/16;33.49;33.515;33.22;33.46;771113
FR0000120503;13/12/16;33.36;33.495;33.00;33.275;1103859
FR0000120503;14/12/16;33.20;33.44;33.07;33.39;1068043
FR0000120503;15/12/16;33.39;34.015;33.335;34.015;1004204
FR0000120503;16/12/16;33.90;34.09;33.695;33.85;1587015
FR0000120503;19/12/16;33.845;34.18;33.655;34.10;759965
FR0000120503;20/12/16;34.175;34.435;34.075;34.075;733487
FR0000120503;21/12/16;34.00;34.295;33.88;34.195;608307
FR0000120503;22/12/16;34.145;34.40;34.09;34.14;526953
FR0000120503;23/12/16;34.13;34.53;34.095;34.53;466800
FR0000120503;27/12/16;34.495;34.57;34.26;34.32;290872
FR0000120503;28/12/16;34.30;34.335;33.99;34.00;502889
FR0000120503;29/12/16;33.95;34.15;33.565;34.10;436021
FR0000120503;30/12/16;34.04;34.155;33.95;34.045;286700
FR0000120503;02/01/17;34.045;34.42;34.01;34.195;353741
FR0000120503;03/01/17;34.30;34.555;34.20;34.375;653250
FR0000120503;04/01/17;34.415;34.47;34.07;34.155;478289
FR0000120503;05/01/17;34.15;34.16;33.85;33.99;445609
FR0000120503;06/01/17;33.99;34.135;33.82;34.10;373561
FR0000120503;09/01/17;34.12;34.19;33.76;33.93;407801
FR0000120503;10/01/17;33.995;34.11;33.635;33.87;501849
FR0000120503;11/01/17;34.005;34.325;33.76;34.22;711484
FR0000120503;12/01/17;34.185;34.21;33.86;33.885;639562
FR0000120503;13/01/17;34.06;35.59;33.93;35.28;1583918
FR0000120503;16/01/17;35.21;35.28;34.82;34.90;751549
FR0000120503;17/01/17;34.865;34.865;34.30;34.50;656312
FR0000120503;18/01/17;34.64;34.64;34.00;34.21;841858
FR0000120503;19/01/17;34.21;34.335;33.98;34.06;547595
FR0000120503;20/01/17;34.09;34.995;33.895;34.975;1156320
FR0000120503;23/01/17;35.08;35.19;34.78;34.94;777905
FR0000120503;24/01/17;34.98;35.10;34.72;34.965;457511
FR0000120503;25/01/17;35.145;35.45;34.98;35.055;761360
FR0000120503;26/01/17;35.06;35.21;34.615;34.71;673210
FR0000120503;27/01/17;34.715;34.995;34.48;34.69;564720
FR0000120503;30/01/17;34.80;34.845;34.155;34.155;717327
FR0000120503;31/01/17;34.18;34.335;33.655;33.655;895821
FR0000120503;01/02/17;33.85;34.81;33.85;34.445;1005466
FR0000120503;02/02/17;34.30;34.89;34.205;34.63;948056
FR0000120503;03/02/17;34.635;34.895;34.60;34.60;436629
FR0000120503;06/02/17;35.00;35.175;34.205;34.265;695526
FR0000120503;07/02/17;34.23;34.41;33.58;33.65;738539
FR0000120503;08/02/17;33.815;34.32;33.80;34.205;740687
FR0000120503;09/02/17;34.35;34.445;34.03;34.29;641170
FR0000120503;10/02/17;34.45;34.60;34.22;34.25;463037
FR0000120503;13/02/17;34.30;35.095;34.30;34.64;669352
FR0000120503;14/02/17;35.26;35.88;34.89;35.065;1230680
FR0000120503;15/02/17;35.335;35.52;35.015;35.475;603707
FR0000120503;16/02/17;35.39;35.595;35.225;35.41;566465
FR0000120503;17/02/17;35.50;35.66;34.905;35.045;543247
FR0000120503;20/02/17;35.18;35.415;34.645;34.75;518653
FR0000120503;21/02/17;34.555;34.825;34.345;34.70;671885
FR0000120503;22/02/17;34.85;34.965;34.365;34.60;487717
FR0000120503;23/02/17;35.50;36.845;35.36;36.015;1824223
FR0000120503;24/02/17;35.99;36.15;35.375;35.70;923958
FR0000120503;27/02/17;35.80;36.06;35.565;35.925;817958
FR0000120503;28/02/17;36.175;36.415;35.92;36.37;998153
FR0000120503;01/03/17;36.585;37.11;36.57;37.10;1015567
FR0000120503;02/03/17;37.15;37.32;36.785;36.98;935773
FR0000120503;03/03/17;36.79;37.255;36.785;37.255;594692
FR0000120503;06/03/17;37.195;37.215;36.90;37.165;570949
FR0000120503;07/03/17;37.125;37.175;36.88;36.925;541536
FR0000120503;08/03/17;36.835;37.19;36.75;37.185;509288
FR0000120503;09/03/17;37.185;37.58;37.09;37.525;719448
FR0000120503;10/03/17;37.60;37.96;37.53;37.915;646144
FR0000120503;13/03/17;38.00;39.055;37.87;38.20;1874844
FR0000120503;14/03/17;38.25;38.25;37.935;38.06;643856
FR0000120503;15/03/17;38.10;38.295;37.905;38.15;637816
FR0000120503;16/03/17;38.25;38.505;38.12;38.26;1236208
FR0000120503;17/03/17;38.245;38.495;38.15;38.41;1463322
FR0000120503;20/03/17;38.38;38.565;38.31;38.425;616283
FR0000120503;21/03/17;38.50;38.50;37.96;38.01;595795
FR0000120503;22/03/17;37.90;38.50;37.33;38.445;1110965
FR0000120503;23/03/17;38.44;38.50;38.055;38.50;755620
FR0000120503;24/03/17;38.41;38.64;38.275;38.45;673069
FR0000120503;27/03/17;38.22;38.255;38.02;38.19;829185
FR0000120503;28/03/17;38.20;38.345;38.125;38.25;969354
FR0000120503;29/03/17;38.205;38.41;38.155;38.195;686709
FR0000120503;30/03/17;38.145;38.50;38.145;38.43;817571
FR0000120503;31/03/17;38.375;38.385;37.905;38.155;1155025
FR0000120503;03/04/17;38.225;38.59;38.14;38.40;1050861
FR0000120503;04/04/17;38.415;38.60;38.235;38.235;863501
FR0000120503;05/04/17;38.30;38.42;38.09;38.23;1000886
FR0000120503;06/04/17;38.00;38.40;37.85;38.275;782591
FR0000120503;07/04/17;38.125;38.40;38.045;38.395;597775
FR0000120503;10/04/17;38.345;38.40;38.045;38.045;668867
FR0000120503;11/04/17;38.00;38.42;37.875;38.05;981834
FR0000120503;12/04/17;38.10;38.22;37.135;37.135;1161099
FR0000120503;13/04/17;37.14;37.43;37.01;37.365;780257
FR0000120503;18/04/17;37.37;37.525;36.37;36.37;1239084
FR0000120503;19/04/17;36.435;36.77;36.29;36.705;874453
FR0000120503;20/04/17;36.69;37.41;36.535;37.35;954684
FR0000120503;21/04/17;37.295;37.545;37.185;37.305;1033942
FR0000120503;24/04/17;38.61;39.38;38.51;39.00;2261304
FR0000120503;25/04/17;39.00;39.435;38.98;39.175;1134303
FR0000120503;26/04/17;39.20;39.28;38.87;38.87;895176
FR0000120503;27/04/17;38.80;38.905;38.63;38.78;746508
FR0000120503;28/04/17;38.85;38.91;38.435;38.595;1162040
FR0000120503;02/05/17;38.745;39.06;38.55;39.06;936394
FR0000120503;03/05/17;37.62;37.69;37.335;37.36;1203832
FR0000120503;04/05/17;37.515;38.195;37.43;38.10;1691682
FR0000120503;05/05/17;38.20;38.715;38.12;38.54;1777306
FR0000120503;08/05/17;38.70;38.735;37.945;38.16;823821
FR0000120503;09/05/17;38.21;38.645;38.205;38.46;990721
FR0000120503;10/05/17;38.325;38.36;37.935;38.31;968126
FR0000120503;11/05/17;38.25;38.605;37.92;38.125;868627
FR0000120503;12/05/17;38.165;38.40;37.935;38.40;720230
FR0000120503;15/05/17;38.295;38.745;38.265;38.73;911975
FR0000120503;16/05/17;38.75;38.75;38.305;38.575;850023
FR0000120503;17/05/17;38.50;39.01;38.025;38.285;1577561
FR0000120503;18/05/17;38.08;38.385;37.445;37.545;1241976
FR0000120503;19/05/17;37.55;37.965;37.35;37.64;1111062
FR0000120503;22/05/17;37.62;37.875;37.475;37.655;735076
FR0000120503;23/05/17;37.58;38.145;37.495;37.86;902810
FR0000120503;24/05/17;37.95;38.07;37.78;37.86;476100
FR0000120503;25/05/17;37.92;38.005;37.62;37.71;380942
FR0000120503;26/05/17;37.75;37.81;37.37;37.81;414008
FR0000120503;29/05/17;37.67;37.715;37.485;37.51;451567
FR0000120503;30/05/17;37.415;37.75;37.25;37.31;825326
FR0000120503;31/05/17;37.42;38.305;37.30;38.13;1412980
FR0000120503;01/06/17;38.00;38.37;37.93;38.075;672474
FR0000120503;02/06/17;38.24;38.59;38.135;38.38;763407
FR0000120503;05/06/17;38.13;38.33;38.08;38.23;380071
FR0000120503;06/06/17;38.285;38.745;38.06;38.195;943352
FR0000120503;07/06/17;38.105;38.375;37.765;37.765;810075
FR0000120503;08/06/17;37.85;38.075;37.56;38.075;713283
FR0000120503;09/06/17;38.13;38.335;37.875;38.335;502592
FR0000120503;12/06/17;38.295;38.295;37.815;38.07;758240
FR0000120503;13/06/17;38.15;38.42;38.015;38.265;689976
FR0000120503;14/06/17;38.475;38.625;38.28;38.345;961642
FR0000120503;15/06/17;38.31;38.345;37.79;38.195;890286
FR0000120503;16/06/17;38.365;38.95;38.36;38.85;2015361
FR0000120503;19/06/17;38.79;39.565;38.75;39.50;1883380
FR0000120503;20/06/17;39.44;39.70;39.43;39.475;693842
FR0000120503;21/06/17;39.455;39.455;38.945;39.43;554553
FR0000120503;22/06/17;39.36;39.38;38.815;38.895;682187
FR0000120503;23/06/17;39.025;39.185;38.725;39.075;518065
FR0000120503;26/06/17;39.045;39.47;39.00;39.21;546165
FR0000120503;27/06/17;39.015;39.05;38.52;38.54;779543
FR0000120503;28/06/17;38.39;38.56;38.08;38.425;777638
FR0000120503;29/06/17;38.545;38.60;36.91;36.96;1828362
FR0000120503;30/06/17;37.00;37.26;36.825;36.92;1175615
FR0000120503;03/07/17;37.155;37.285;36.97;37.17;771851
FR0000120503;04/07/17;37.015;37.095;36.70;36.72;642986
FR0000120503;05/07/17;36.70;37.065;36.695;36.895;748288
FR0000120503;06/07/17;37.09;37.09;36.16;36.615;1043103
FR0000120503;07/07/17;36.765;36.765;36.455;36.69;612281
FR0000120503;10/07/17;36.90;37.175;36.745;37.025;699436
FR0000120503;11/07/17;37.08;37.24;36.545;36.65;536727
FR0000120503;12/07/17;36.76;37.78;36.76;37.535;1010154
FR0000120503;13/07/17;37.53;38.155;37.395;38.01;892409
FR0000120503;14/07/17;38.07;38.18;37.77;37.945;565721
FR0000120503;17/07/17;37.91;38.015;37.68;37.805;481677
FR0000120503;18/07/17;37.60;37.605;37.12;37.295;1066111
FR0000120503;19/07/17;37.44;37.845;37.29;37.84;549478
FR0000120503;20/07/17;37.965;38.225;37.11;37.17;917576
FR0000120503;21/07/17;37.17;37.39;36.26;36.60;1154314
FR0000120503;24/07/17;36.725;36.845;36.23;36.405;603055
FR0000120503;25/07/17;36.37;36.985;36.37;36.64;657090
FR0000120503;26/07/17;36.095;36.91;36.07;36.75;857056
FR0000120503;27/07/17;36.715;37.19;36.51;36.705;948049
FR0000120503;28/07/17;36.515;36.515;36.065;36.345;926132
FR0000120503;31/07/17;36.30;36.61;36.16;36.245;988187
FR0000120503;01/08/17;36.595;36.995;36.20;36.855;788103
FR0000120503;02/08/17;36.97;37.06;36.535;36.70;593423
FR0000120503;03/08/17;36.68;37.165;36.575;37.14;781218
FR0000120503;04/08/17;37.095;37.75;37.095;37.665;660753
FR0000120503;07/08/17;37.73;37.87;37.56;37.69;336910
FR0000120503;08/08/17;37.705;37.995;37.53;37.91;331281
FR0000120503;09/08/17;37.675;37.745;37.295;37.50;557401
FR0000120503;10/08/17;37.46;37.95;37.345;37.645;737824
FR0000120503;11/08/17;37.50;37.50;36.87;36.905;653565
FR0000120503;14/08/17;37.135;37.88;36.985;37.88;557698
FR0000120503;15/08/17;37.985;38.145;37.695;37.935;401085
FR0000120503;16/08/17;37.935;38.595;37.815;38.285;789421
FR0000120503;17/08/17;38.22;38.37;37.81;37.95;557200
FR0000120503;18/08/17;37.665;37.84;37.33;37.84;522693
FR0000120503;21/08/17;37.61;37.775;37.255;37.44;666165
FR0000120503;22/08/17;37.60;38.02;37.515;38.005;559932
FR0000120503;23/08/17;38.00;38.24;37.67;37.73;449917
FR0000120503;24/08/17;37.85;37.905;37.34;37.38;461255
FR0000120503;25/08/17;37.35;37.685;37.25;37.50;358582
FR0000120503;28/08/17;37.31;37.48;37.13;37.135;301279
FR0000120503;29/08/17;37.00;37.00;36.505;36.66;768869
FR0000120503;30/08/17;36.83;37.51;36.705;37.195;873428
FR0000120503;31/08/17;38.00;38.52;37.425;38.095;1112734
FR0000120503;01/09/17;38.20;39.00;38.155;38.82;1074642
FR0000120503;04/09/17;38.40;38.545;38.245;38.51;585465
FR0000120503;05/09/17;39.00;39.105;38.73;38.73;1145194
FR0000120503;06/09/17;38.52;38.975;38.315;38.83;777408
FR0000120503;07/09/17;38.96;39.06;38.625;38.69;662924
FR0000120503;08/09/17;38.475;38.75;38.42;38.585;477793
FR0000120503;11/09/17;38.60;39.07;38.60;38.845;531538
FR0000120503;12/09/17;38.795;39.20;38.795;38.90;755637
FR0000120503;13/09/17;38.90;39.005;38.765;38.80;584653
FR0000120503;14/09/17;38.835;38.915;38.615;38.73;587255
FR0000120503;15/09/17;38.695;38.975;38.395;38.395;1710189
FR0000120503;18/09/17;38.655;38.805;38.47;38.70;562066
FR0000120503;19/09/17;38.74;39.145;38.695;39.055;763923
