FR0000120271;01/09/16;42.895;43.19;42.285;42.55;4757945
FR0000120271;02/09/16;42.695;44.005;42.415;43.985;5633719
FR0000120271;05/09/16;43.90;44.955;43.835;44.27;4968762
FR0000120271;06/09/16;44.635;44.76;43.91;44.095;4101030
FR0000120271;07/09/16;43.89;44.675;43.865;44.605;4378917
FR0000120271;08/09/16;44.295;44.575;43.555;44.445;6135016
FR0000120271;09/09/16;44.34;44.35;43.705;43.855;4342612
FR0000120271;12/09/16;42.91;43.435;42.63;43.435;5156757
FR0000120271;13/09/16;43.325;43.52;42.00;42.00;6479837
FR0000120271;14/09/16;42.15;42.375;41.445;41.49;7291395
FR0000120271;15/09/16;41.37;41.57;40.905;41.51;7689720
FR0000120271;16/09/16;41.175;41.39;40.555;40.605;16574598
FR0000120271;19/09/16;41.00;41.795;40.945;41.685;6717333
FR0000120271;20/09/16;41.30;41.675;41.23;41.46;4699406
FR0000120271;21/09/16;41.93;42.05;41.355;41.525;4408983
FR0000120271;22/09/16;41.91;43.285;41.90;43.055;7651893
FR0000120271;23/09/16;42.87;43.00;42.40;42.535;5818834
FR0000120271;26/09/16;42.105;42.11;41.455;41.73;6263834
FR0000120271;27/09/16;41.47;41.51;40.53;40.77;6088801
FR0000120271;28/09/16;41.00;41.39;40.84;40.97;4333576
FR0000120271;29/09/16;42.975;43.12;42.46;42.67;7934813
FR0000120271;30/09/16;42.03;42.485;41.535;42.17;7665326
FR0000120271;03/10/16;42.25;42.82;42.16;42.325;4144437
FR0000120271;04/10/16;42.40;43.225;42.32;43.11;5844520
FR0000120271;05/10/16;42.585;43.20;42.34;43.07;5932836
FR0000120271;06/10/16;43.25;43.29;42.765;43.055;4823490
FR0000120271;07/10/16;43.01;43.40;42.56;42.93;6209018
FR0000120271;10/10/16;42.93;43.80;42.655;43.775;5504104
FR0000120271;11/10/16;43.705;44.225;43.34;43.34;4962910
FR0000120271;12/10/16;43.425;43.995;43.195;43.70;5519278
FR0000120271;13/10/16;43.50;43.505;42.915;43.40;5852523
FR0000120271;14/10/16;43.535;44.555;43.535;44.13;6145144
FR0000120271;17/10/16;43.85;43.90;43.41;43.60;5421393
FR0000120271;18/10/16;44.035;44.275;43.875;44.03;5499207
FR0000120271;19/10/16;44.095;44.28;43.815;44.155;4227712
FR0000120271;20/10/16;44.325;44.74;44.105;44.46;5549709
FR0000120271;21/10/16;44.46;44.575;43.92;44.32;5751678
FR0000120271;24/10/16;44.51;44.84;44.285;44.35;4498947
FR0000120271;25/10/16;44.365;44.82;44.305;44.46;3952043
FR0000120271;26/10/16;44.20;44.20;43.515;44.015;4069367
FR0000120271;27/10/16;44.00;44.60;43.76;44.565;4328263
FR0000120271;28/10/16;43.81;44.50;43.61;44.40;4969384
FR0000120271;31/10/16;44.10;44.24;43.505;43.72;5445194
FR0000120271;01/11/16;44.05;44.15;43.135;43.275;5990089
FR0000120271;02/11/16;43.10;43.225;42.375;42.40;5147378
FR0000120271;03/11/16;42.10;42.78;42.015;42.32;5051592
FR0000120271;04/11/16;42.175;42.265;41.825;42.125;5269409
FR0000120271;07/11/16;42.89;43.025;42.535;42.885;4256217
FR0000120271;08/11/16;42.98;43.315;42.715;43.205;3489966
FR0000120271;09/11/16;41.90;43.495;41.865;43.495;8183303
FR0000120271;10/11/16;43.83;44.23;43.20;43.59;5793249
FR0000120271;11/11/16;43.71;43.76;42.195;42.45;6822167
FR0000120271;14/11/16;42.83;42.92;41.855;42.16;5132046
FR0000120271;15/11/16;42.695;43.635;42.69;43.515;6239923
FR0000120271;16/11/16;43.98;44.00;43.19;43.37;4789433
FR0000120271;17/11/16;43.155;43.885;42.97;43.68;4375395
FR0000120271;18/11/16;43.525;43.68;42.93;43.12;4925359
FR0000120271;21/11/16;43.435;44.22;43.09;44.00;5652691
FR0000120271;22/11/16;44.33;44.705;44.065;44.16;5202611
FR0000120271;23/11/16;44.27;44.57;43.855;44.055;4719582
FR0000120271;24/11/16;44.01;44.275;43.905;44.095;2353188
FR0000120271;25/11/16;44.07;44.19;43.80;44.10;3530101
FR0000120271;28/11/16;43.695;44.14;43.36;44.035;5825579
FR0000120271;29/11/16;43.63;44.01;43.425;43.92;5321583
FR0000120271;30/11/16;43.50;45.405;43.50;44.955;12224423
FR0000120271;01/12/16;44.955;45.40;44.40;45.06;8809936
FR0000120271;02/12/16;44.50;45.125;44.205;44.905;6328429
FR0000120271;05/12/16;44.40;45.27;44.40;44.95;5422413
FR0000120271;06/12/16;44.345;45.12;44.11;45.085;6494859
FR0000120271;07/12/16;45.425;45.75;45.245;45.75;7567208
FR0000120271;08/12/16;45.70;46.26;45.455;45.915;7183138
FR0000120271;09/12/16;45.93;46.62;45.79;46.425;6638654
FR0000120271;12/12/16;46.865;47.49;46.865;46.99;7556730
FR0000120271;13/12/16;46.775;47.43;46.615;47.43;6194101
FR0000120271;14/12/16;47.12;47.55;46.91;47.11;7410469
FR0000120271;15/12/16;47.09;47.725;46.835;47.495;8963673
FR0000120271;16/12/16;47.625;48.48;47.54;48.21;18703046
FR0000120271;19/12/16;48.025;48.205;47.78;47.895;4520264
FR0000120271;20/12/16;47.605;48.50;47.52;48.27;5556336
FR0000120271;21/12/16;47.36;47.795;47.355;47.595;4197378
FR0000120271;22/12/16;47.56;48.19;47.455;48.19;5713589
FR0000120271;23/12/16;48.05;48.47;48.04;48.36;3456354
FR0000120271;27/12/16;48.38;48.50;48.17;48.375;1971874
FR0000120271;28/12/16;48.23;48.885;48.23;48.72;3447143
FR0000120271;29/12/16;48.485;48.86;48.35;48.635;2881821
FR0000120271;30/12/16;48.50;48.775;48.215;48.72;4671122
FR0000120271;02/01/17;48.50;48.805;48.465;48.80;2027830
FR0000120271;03/01/17;48.99;49.50;48.70;48.93;5238668
FR0000120271;04/01/17;49.00;49.12;48.57;48.905;5230702
FR0000120271;05/01/17;48.505;49.04;48.375;48.93;4539902
FR0000120271;06/01/17;48.77;48.85;48.515;48.77;3834273
FR0000120271;09/01/17;48.75;48.77;47.88;48.085;4256191
FR0000120271;10/01/17;48.225;48.425;47.995;48.23;4064314
FR0000120271;11/01/17;48.10;48.85;47.80;48.50;3714688
FR0000120271;12/01/17;48.295;48.84;48.275;48.695;4804025
FR0000120271;13/01/17;48.78;49.005;48.605;48.845;4031423
FR0000120271;16/01/17;48.59;48.67;48.185;48.46;3212439
FR0000120271;17/01/17;48.38;48.63;48.135;48.195;4207938
FR0000120271;18/01/17;48.155;48.42;47.815;48.255;4179201
FR0000120271;19/01/17;47.91;48.28;47.355;47.615;4529381
FR0000120271;20/01/17;47.75;48.34;47.515;48.115;8840723
FR0000120271;23/01/17;47.715;47.945;47.245;47.485;4070486
FR0000120271;24/01/17;47.60;47.915;47.52;47.64;3318995
FR0000120271;25/01/17;47.925;48.34;47.775;48.015;5167176
FR0000120271;26/01/17;47.995;48.165;47.61;47.80;4567474
FR0000120271;27/01/17;47.645;47.85;47.015;47.225;4441369
FR0000120271;30/01/17;47.015;47.10;46.385;46.705;4866424
FR0000120271;31/01/17;46.64;47.365;46.625;46.66;5725687
FR0000120271;01/02/17;47.10;47.19;46.54;46.72;4173501
FR0000120271;02/02/17;46.715;46.96;46.415;46.495;5013938
FR0000120271;03/02/17;46.76;47.43;46.675;47.15;5078979
FR0000120271;06/02/17;47.67;47.69;46.93;47.105;4321648
FR0000120271;07/02/17;47.105;47.19;46.565;46.625;4127214
FR0000120271;08/02/17;46.765;46.89;46.14;46.83;5766458
FR0000120271;09/02/17;47.70;47.76;46.80;47.425;5309145
FR0000120271;10/02/17;47.56;48.295;47.13;47.925;5211328
FR0000120271;13/02/17;48.215;48.53;47.845;48.075;4236376
FR0000120271;14/02/17;48.075;48.305;47.725;47.945;3400626
FR0000120271;15/02/17;48.085;48.295;47.92;47.955;3965147
FR0000120271;16/02/17;48.09;48.215;47.725;47.82;4380816
FR0000120271;17/02/17;47.68;47.77;46.99;47.44;6270097
FR0000120271;20/02/17;47.75;47.925;47.505;47.575;3287606
FR0000120271;21/02/17;47.75;48.815;47.605;48.40;5859517
FR0000120271;22/02/17;48.92;48.985;47.99;48.305;5444431
FR0000120271;23/02/17;48.215;48.585;48.10;48.29;3904254
FR0000120271;24/02/17;48.11;48.35;47.12;47.735;4937387
FR0000120271;27/02/17;47.40;47.60;47.195;47.24;4542744
FR0000120271;28/02/17;47.00;47.30;46.97;47.05;6772050
FR0000120271;01/03/17;47.25;47.885;47.25;47.75;5646676
FR0000120271;02/03/17;47.55;47.955;47.45;47.795;4023715
FR0000120271;03/03/17;47.655;48.22;47.58;48.075;4596460
FR0000120271;06/03/17;47.525;48.085;47.51;48.03;4541783
FR0000120271;07/03/17;47.65;47.88;47.475;47.705;4975946
FR0000120271;08/03/17;47.38;47.605;47.075;47.165;4751017
FR0000120271;09/03/17;46.78;46.79;45.85;46.79;8455345
FR0000120271;10/03/17;46.97;47.825;46.92;47.265;6256792
FR0000120271;13/03/17;47.085;47.425;46.885;47.10;4465846
FR0000120271;14/03/17;46.975;47.13;46.06;46.30;7032065
FR0000120271;15/03/17;46.59;46.985;46.465;46.98;5322576
FR0000120271;16/03/17;47.50;47.60;46.915;47.13;6711628
FR0000120271;17/03/17;46.92;47.73;46.90;47.36;13783809
FR0000120271;20/03/17;46.515;46.645;46.05;46.05;5869161
FR0000120271;21/03/17;46.26;46.735;46.07;46.32;5697212
FR0000120271;22/03/17;46.21;46.45;45.87;46.24;5190058
FR0000120271;23/03/17;46.21;46.50;45.89;46.50;5263462
FR0000120271;24/03/17;46.20;46.325;45.925;46.21;3605979
FR0000120271;27/03/17;45.855;46.30;45.825;46.125;5114084
FR0000120271;28/03/17;46.10;46.415;45.94;46.415;4827128
FR0000120271;29/03/17;46.51;46.75;46.03;46.615;4511535
FR0000120271;30/03/17;46.645;47.215;46.645;47.075;5431874
FR0000120271;31/03/17;47.07;47.415;46.815;47.415;6786119
FR0000120271;03/04/17;47.45;47.655;46.965;46.965;4938414
FR0000120271;04/04/17;47.12;47.75;47.12;47.75;5165283
FR0000120271;05/04/17;47.95;48.695;47.855;48.00;7045883
FR0000120271;06/04/17;47.78;48.69;47.615;48.53;5862628
FR0000120271;07/04/17;48.84;49.00;48.385;49.00;6282439
FR0000120271;10/04/17;49.00;49.00;48.49;48.63;4025918
FR0000120271;11/04/17;48.23;48.85;48.135;48.73;4802317
FR0000120271;12/04/17;48.805;49.075;48.535;48.64;4641557
FR0000120271;13/04/17;48.41;48.515;47.965;48.03;6073831
FR0000120271;18/04/17;47.67;47.865;47.08;47.115;6557281
FR0000120271;19/04/17;46.88;47.175;46.635;46.855;5935992
FR0000120271;20/04/17;46.59;47.305;46.435;47.07;7429833
FR0000120271;21/04/17;46.75;47.00;46.325;46.48;13081961
FR0000120271;24/04/17;48.20;48.395;47.625;47.825;12098175
FR0000120271;25/04/17;48.00;48.03;47.605;47.825;5475580
FR0000120271;26/04/17;47.55;48.12;47.465;47.845;5554663
FR0000120271;27/04/17;47.70;47.90;46.93;47.285;5968220
FR0000120271;28/04/17;47.475;47.625;47.17;47.17;6777333
FR0000120271;02/05/17;47.175;47.35;46.845;46.845;5511274
FR0000120271;03/05/17;46.50;46.85;46.50;46.765;4634438
FR0000120271;04/05/17;47.00;47.485;46.765;47.045;7703462
FR0000120271;05/05/17;46.315;48.015;46.285;48.00;9380467
FR0000120271;08/05/17;48.15;48.365;47.74;47.81;6044605
FR0000120271;09/05/17;48.10;48.21;47.825;47.825;4706208
FR0000120271;10/05/17;47.61;48.26;47.555;48.165;5968256
FR0000120271;11/05/17;48.20;48.305;47.48;47.89;5989628
FR0000120271;12/05/17;47.79;47.98;47.39;47.98;5361934
FR0000120271;15/05/17;48.17;48.775;48.17;48.35;5849556
FR0000120271;16/05/17;48.355;48.75;48.22;48.70;5366407
FR0000120271;17/05/17;48.49;48.785;48.18;48.45;6225593
FR0000120271;18/05/17;48.20;48.54;47.675;48.25;7019332
FR0000120271;19/05/17;48.345;48.72;48.185;48.40;6510603
FR0000120271;22/05/17;48.645;48.74;48.36;48.385;4278101
FR0000120271;23/05/17;48.30;48.635;48.155;48.20;4722918
FR0000120271;24/05/17;48.095;48.385;48.00;48.145;3906923
FR0000120271;25/05/17;48.155;48.40;47.57;47.73;4430086
FR0000120271;26/05/17;47.34;47.435;46.835;47.435;5909202
FR0000120271;29/05/17;47.47;47.65;47.33;47.54;1720642
FR0000120271;30/05/17;47.40;47.635;47.135;47.555;3923478
FR0000120271;31/05/17;47.535;47.725;47.13;47.27;13333539
FR0000120271;01/06/17;47.525;47.74;47.05;47.175;4924927
FR0000120271;02/06/17;47.10;47.33;46.52;46.80;7311919
FR0000120271;05/06/17;46.50;46.60;45.76;45.815;4436142
FR0000120271;06/06/17;45.735;45.91;45.505;45.745;5892944
FR0000120271;07/06/17;46.14;46.19;45.28;45.325;6488960
FR0000120271;08/06/17;45.41;45.81;45.315;45.535;5988428
FR0000120271;09/06/17;45.56;45.81;45.32;45.695;5035859
FR0000120271;12/06/17;46.105;46.11;45.41;45.485;6502016
FR0000120271;13/06/17;45.895;45.90;45.325;45.47;5031319
FR0000120271;14/06/17;45.80;45.81;44.755;44.755;9026497
FR0000120271;15/06/17;44.70;44.70;44.155;44.49;9980171
FR0000120271;16/06/17;44.60;44.925;44.515;44.81;13408800
FR0000120271;19/06/17;45.18;45.405;45.10;45.15;3833811
FR0000120271;20/06/17;45.105;45.21;44.305;44.555;5835711
FR0000120271;21/06/17;44.405;44.86;43.965;44.40;5995445
FR0000120271;22/06/17;44.10;44.41;43.555;44.35;7054201
FR0000120271;23/06/17;44.23;44.38;43.875;44.11;4268658
FR0000120271;26/06/17;44.26;44.56;43.94;44.105;4156979
FR0000120271;27/06/17;44.00;44.50;43.695;44.40;5881122
FR0000120271;28/06/17;44.20;44.46;43.875;44.435;6002922
FR0000120271;29/06/17;44.58;44.665;43.705;43.90;7529877
FR0000120271;30/06/17;43.755;43.95;43.145;43.285;6890591
FR0000120271;03/07/17;43.635;44.295;43.595;44.155;5162997
FR0000120271;04/07/17;44.125;44.27;43.96;43.98;3164643
FR0000120271;05/07/17;43.97;43.97;43.135;43.325;7921282
FR0000120271;06/07/17;43.35;43.40;42.775;43.10;6063988
FR0000120271;07/07/17;42.925;42.925;42.26;42.46;7008938
FR0000120271;10/07/17;42.75;42.97;42.575;42.765;4267823
FR0000120271;11/07/17;42.695;42.89;42.38;42.67;4088706
FR0000120271;12/07/17;42.945;43.40;42.825;43.075;6670326
FR0000120271;13/07/17;43.10;43.21;42.855;43.11;5025471
FR0000120271;14/07/17;43.27;43.60;43.095;43.335;5075580
FR0000120271;17/07/17;43.36;43.56;43.13;43.27;3396250
FR0000120271;18/07/17;43.15;43.38;42.875;42.915;4811911
FR0000120271;19/07/17;43.00;43.50;42.875;43.385;4074548
FR0000120271;20/07/17;43.575;43.99;43.14;43.345;5390043
FR0000120271;21/07/17;43.40;44.015;42.385;42.715;9239057
FR0000120271;24/07/17;42.70;42.995;42.225;42.655;5157172
FR0000120271;25/07/17;42.655;43.275;42.56;42.97;5433895
FR0000120271;26/07/17;43.065;43.52;43.00;43.22;5631824
FR0000120271;27/07/17;43.22;43.90;42.83;43.00;5404497
FR0000120271;28/07/17;42.88;43.05;42.50;42.99;6375988
FR0000120271;31/07/17;43.08;43.36;42.865;42.96;5544211
FR0000120271;01/08/17;43.845;43.915;43.00;43.445;6636034
FR0000120271;02/08/17;43.34;43.85;43.12;43.64;5904705
FR0000120271;03/08/17;43.39;43.73;43.18;43.57;4235296
FR0000120271;04/08/17;43.335;44.17;43.265;43.92;4642476
FR0000120271;07/08/17;43.95;44.165;43.69;43.84;3072645
FR0000120271;08/08/17;43.805;44.105;43.71;43.915;3936760
FR0000120271;09/08/17;43.71;43.835;43.225;43.45;6160966
FR0000120271;10/08/17;43.46;43.65;43.13;43.54;5719471
FR0000120271;11/08/17;43.165;43.275;42.675;42.75;5583010
FR0000120271;14/08/17;42.76;43.07;42.46;42.86;3737186
FR0000120271;15/08/17;42.835;43.115;42.715;42.745;3016840
FR0000120271;16/08/17;42.91;43.48;42.91;43.045;3667499
FR0000120271;17/08/17;42.91;43.065;42.67;42.76;4012066
FR0000120271;18/08/17;42.56;42.74;42.385;42.65;5154751
FR0000120271;21/08/17;42.665;42.955;42.28;42.78;5067548
FR0000120271;22/08/17;43.09;43.65;43.025;43.42;5725830
FR0000120271;23/08/17;43.37;43.80;43.295;43.675;4519627
FR0000120271;24/08/17;43.87;43.875;43.415;43.445;3701294
FR0000120271;25/08/17;43.35;43.60;43.245;43.325;3166188
FR0000120271;28/08/17;43.155;43.48;43.02;43.135;2675731
FR0000120271;29/08/17;42.965;43.215;42.455;42.955;5649776
FR0000120271;30/08/17;43.20;43.36;42.86;43.235;3819842
FR0000120271;31/08/17;43.26;43.65;43.055;43.445;7215009
FR0000120271;01/09/17;43.50;43.955;43.46;43.805;4781396
FR0000120271;04/09/17;43.465;43.995;43.46;43.72;2721666
FR0000120271;05/09/17;43.735;44.115;43.60;43.89;4788103
FR0000120271;06/09/17;43.56;44.21;43.505;44.03;5007841
FR0000120271;07/09/17;44.155;44.58;44.11;44.335;5062629
FR0000120271;08/09/17;44.20;44.32;43.93;43.99;3892162
FR0000120271;11/09/17;44.05;44.395;44.05;44.37;4219950
FR0000120271;12/09/17;44.295;44.555;44.25;44.51;3570167
FR0000120271;13/09/17;44.335;44.86;44.215;44.74;5199684
FR0000120271;14/09/17;44.615;45.025;44.615;44.96;5409963
FR0000120271;15/09/17;44.90;45.20;44.74;44.925;14037756
FR0000120271;18/09/17;45.065;45.16;44.88;44.945;3253391
FR0000120271;19/09/17;44.875;45.40;44.805;45.18;4631793
