GB00BDSFG982;01/09/16;26.50;26.90;25.805;25.925;1617538
GB00BDSFG982;02/09/16;26.06;26.36;25.81;26.31;1154596
GB00BDSFG982;05/09/16;26.355;26.975;26.33;26.795;919268
GB00BDSFG982;06/09/16;26.80;26.92;26.50;26.525;1692780
GB00BDSFG982;07/09/16;26.60;27.05;26.42;26.445;1837008
GB00BDSFG982;08/09/16;26.37;26.645;26.09;26.595;1933210
GB00BDSFG982;09/09/16;26.65;26.845;26.25;26.335;2072220
GB00BDSFG982;12/09/16;25.985;26.20;25.625;26.20;1821140
GB00BDSFG982;13/09/16;26.29;26.41;25.59;25.65;1874208
GB00BDSFG982;14/09/16;25.775;26.135;25.435;25.49;1986490
GB00BDSFG982;15/09/16;25.445;25.625;25.18;25.32;1907174
GB00BDSFG982;16/09/16;25.20;25.395;24.78;25.20;2717518
GB00BDSFG982;19/09/16;25.50;25.97;25.425;25.80;1740816
GB00BDSFG982;20/09/16;25.645;25.65;25.41;25.56;2325346
GB00BDSFG982;21/09/16;25.705;25.84;25.42;25.57;1297456
GB00BDSFG982;22/09/16;25.675;26.245;25.675;25.73;1511110
GB00BDSFG982;23/09/16;25.725;25.825;25.38;25.745;1248302
GB00BDSFG982;26/09/16;25.54;25.605;25.215;25.555;1687330
GB00BDSFG982;27/09/16;25.50;25.50;24.93;25.115;1727082
GB00BDSFG982;28/09/16;25.125;25.515;25.115;25.215;939328
GB00BDSFG982;29/09/16;27.20;27.20;26.58;27.125;3463736
GB00BDSFG982;30/09/16;26.875;27.71;26.75;27.335;2316520
GB00BDSFG982;03/10/16;27.325;27.695;27.105;27.24;1063356
GB00BDSFG982;04/10/16;27.245;27.75;27.19;27.75;1139986
GB00BDSFG982;05/10/16;27.50;28.36;27.43;28.36;1864450
GB00BDSFG982;06/10/16;28.36;28.535;28.19;28.40;1542324
GB00BDSFG982;07/10/16;28.34;29.33;28.245;28.925;2656246
GB00BDSFG982;10/10/16;28.805;29.665;28.62;29.62;1574194
GB00BDSFG982;11/10/16;29.365;29.735;29.01;29.12;1750204
GB00BDSFG982;12/10/16;29.165;29.645;29.035;29.405;1941030
GB00BDSFG982;13/10/16;29.105;29.60;28.93;29.60;2258710
GB00BDSFG982;14/10/16;29.675;30.01;29.465;29.605;1284316
GB00BDSFG982;17/10/16;29.595;29.83;29.23;29.30;1094198
GB00BDSFG982;18/10/16;29.50;29.835;28.99;29.075;1551406
GB00BDSFG982;19/10/16;29.15;29.39;28.80;29.345;2063220
GB00BDSFG982;20/10/16;29.44;30.655;29.44;30.595;2740156
GB00BDSFG982;21/10/16;30.555;31.185;30.10;31.14;2439578
GB00BDSFG982;24/10/16;31.19;31.20;30.265;30.265;1656612
GB00BDSFG982;25/10/16;30.35;30.575;30.23;30.385;1087252
GB00BDSFG982;26/10/16;30.305;30.315;29.595;29.595;1658148
GB00BDSFG982;27/10/16;31.00;31.425;30.025;30.25;2333228
GB00BDSFG982;28/10/16;30.005;30.68;29.90;30.55;1632968
GB00BDSFG982;31/10/16;30.35;30.65;30.11;30.21;1831030
GB00BDSFG982;01/11/16;30.235;30.50;29.725;29.775;1928406
GB00BDSFG982;02/11/16;29.60;29.60;28.795;29.01;2122138
GB00BDSFG982;03/11/16;29.105;29.725;29.04;29.625;1475108
GB00BDSFG982;04/11/16;29.53;29.965;29.205;29.48;1985844
GB00BDSFG982;07/11/16;29.92;30.15;29.725;30.065;1199720
GB00BDSFG982;08/11/16;30.00;30.335;30.00;30.27;1266032
GB00BDSFG982;09/11/16;29.495;31.10;29.25;31.10;2442652
GB00BDSFG982;10/11/16;31.10;32.075;31.025;32.04;2808564
GB00BDSFG982;11/11/16;32.04;32.20;31.37;31.465;1877480
GB00BDSFG982;14/11/16;31.655;32.07;31.595;32.035;1818490
GB00BDSFG982;15/11/16;32.21;33.035;32.21;33.035;2139972
GB00BDSFG982;16/11/16;33.16;33.48;32.545;32.86;1508174
GB00BDSFG982;17/11/16;32.535;32.975;32.40;32.80;1209340
GB00BDSFG982;18/11/16;32.875;32.95;32.34;32.65;1791436
GB00BDSFG982;21/11/16;32.655;33.13;32.30;33.005;1209942
GB00BDSFG982;22/11/16;33.285;33.43;32.695;32.695;1287482
GB00BDSFG982;23/11/16;32.755;32.99;32.35;32.645;1517406
GB00BDSFG982;24/11/16;32.685;33.035;32.685;33.03;591744
GB00BDSFG982;25/11/16;33.00;33.015;31.98;31.98;1628644
GB00BDSFG982;28/11/16;31.72;31.74;30.995;31.50;1739844
GB00BDSFG982;29/11/16;31.36;31.585;30.705;31.015;1845502
GB00BDSFG982;30/11/16;30.75;32.895;30.675;32.68;3511750
GB00BDSFG982;01/12/16;32.825;33.445;32.19;33.125;2630604
GB00BDSFG982;02/12/16;32.56;33.50;32.43;33.455;2541836
GB00BDSFG982;05/12/16;33.20;34.02;33.125;33.985;1549226
GB00BDSFG982;06/12/16;33.865;33.865;33.40;33.63;2087070
GB00BDSFG982;07/12/16;33.75;33.825;33.22;33.55;2053158
GB00BDSFG982;08/12/16;33.40;33.525;33.055;33.46;2118630
GB00BDSFG982;09/12/16;33.575;33.97;33.145;33.525;1850864
GB00BDSFG982;12/12/16;33.945;34.725;33.875;34.35;2165544
GB00BDSFG982;13/12/16;34.25;34.25;33.42;33.45;1689214
GB00BDSFG982;14/12/16;33.44;33.685;33.17;33.33;1676016
GB00BDSFG982;15/12/16;33.275;33.805;32.525;33.455;2202626
GB00BDSFG982;16/12/16;33.665;33.845;33.28;33.29;2346780
GB00BDSFG982;19/12/16;33.30;33.415;33.065;33.065;1050774
GB00BDSFG982;20/12/16;33.125;33.87;33.055;33.82;1080632
GB00BDSFG982;21/12/16;33.515;33.83;33.215;33.445;1123696
GB00BDSFG982;22/12/16;33.25;34.025;33.03;34.025;1166460
GB00BDSFG982;23/12/16;33.93;33.975;33.465;33.925;690084
GB00BDSFG982;27/12/16;33.925;34.14;33.705;34.10;697002
GB00BDSFG982;28/12/16;34.00;34.695;33.955;34.365;809202
GB00BDSFG982;29/12/16;34.005;34.305;33.81;33.94;673060
GB00BDSFG982;30/12/16;34.00;34.145;33.765;33.905;450094
GB00BDSFG982;02/01/17;33.615;34.31;33.575;34.31;311874
GB00BDSFG982;03/01/17;34.425;35.19;34.345;35.02;1432996
GB00BDSFG982;04/01/17;34.985;35.06;34.62;34.88;1358356
GB00BDSFG982;05/01/17;34.655;35.01;34.35;34.575;1198934
GB00BDSFG982;06/01/17;34.58;34.63;33.965;34.245;1287104
GB00BDSFG982;09/01/17;34.455;35.00;33.91;34.20;1377438
GB00BDSFG982;10/01/17;34.15;34.20;33.52;34.01;1207048
GB00BDSFG982;11/01/17;33.99;34.93;33.66;34.75;1878002
GB00BDSFG982;12/01/17;34.505;35.00;34.09;34.20;2392890
GB00BDSFG982;13/01/17;33.99;34.025;33.10;33.565;18315216
GB00BDSFG982;16/01/17;33.68;34.005;33.465;33.70;8125894
GB00BDSFG982;18/01/17;33.00;33.19;32.03;32.71;3581403
GB00BDSFG982;19/01/17;32.56;32.85;32.19;32.20;2995189
GB00BDSFG982;20/01/17;31.90;32.265;31.72;32.05;2008444
GB00BDSFG982;23/01/17;31.31;31.615;31.025;31.23;2339880
GB00BDSFG982;24/01/17;31.325;31.59;30.94;31.55;2371634
GB00BDSFG982;25/01/17;31.85;32.635;31.85;32.525;1970193
GB00BDSFG982;26/01/17;32.51;33.11;32.435;33.11;1729619
GB00BDSFG982;27/01/17;33.10;33.40;33.00;33.255;1308562
GB00BDSFG982;30/01/17;32.80;32.99;31.36;31.36;1532497
GB00BDSFG982;31/01/17;30.89;31.07;30.36;30.36;1779419
GB00BDSFG982;01/02/17;30.92;31.41;30.80;31.35;1601576
GB00BDSFG982;02/02/17;31.42;31.42;30.30;30.30;2050426
GB00BDSFG982;03/02/17;30.45;30.91;30.17;30.81;1244784
GB00BDSFG982;06/02/17;30.80;30.835;30.12;30.12;1239474
GB00BDSFG982;07/02/17;30.00;30.04;29.18;29.18;1957443
GB00BDSFG982;08/02/17;29.30;29.49;28.605;29.01;2008260
GB00BDSFG982;09/02/17;29.00;29.515;28.86;29.29;1209205
GB00BDSFG982;10/02/17;29.25;29.735;28.875;29.55;1610637
GB00BDSFG982;13/02/17;29.65;30.26;29.65;30.00;1283909
GB00BDSFG982;14/02/17;30.18;30.595;29.77;30.08;1386860
GB00BDSFG982;15/02/17;30.27;30.995;30.27;30.85;1575544
GB00BDSFG982;16/02/17;31.04;31.04;30.28;30.635;1795595
GB00BDSFG982;17/02/17;30.40;30.565;29.97;30.19;1208557
GB00BDSFG982;20/02/17;30.08;30.86;30.08;30.835;791501
GB00BDSFG982;21/02/17;30.90;31.075;30.295;30.90;874958
GB00BDSFG982;22/02/17;30.86;31.125;30.705;31.125;850020
GB00BDSFG982;23/02/17;31.095;31.53;30.805;30.95;1174328
GB00BDSFG982;24/02/17;30.84;30.875;29.91;30.38;1576077
GB00BDSFG982;27/02/17;30.60;30.915;29.625;30.65;1991765
GB00BDSFG982;28/02/17;31.02;31.095;30.325;30.445;1974981
GB00BDSFG982;01/03/17;30.51;31.31;30.51;31.30;1423037
GB00BDSFG982;02/03/17;31.50;32.105;31.495;31.58;1434108
GB00BDSFG982;03/03/17;31.48;31.58;31.245;31.245;1084780
GB00BDSFG982;06/03/17;30.51;30.62;30.25;30.26;1397348
GB00BDSFG982;07/03/17;30.30;30.39;29.93;29.99;1152400
GB00BDSFG982;08/03/17;29.90;30.26;29.515;30.01;1372967
GB00BDSFG982;09/03/17;30.00;30.00;29.175;29.34;2193082
GB00BDSFG982;10/03/17;29.545;29.895;29.315;29.47;1575527
GB00BDSFG982;13/03/17;29.78;30.025;29.64;29.71;1275971
GB00BDSFG982;14/03/17;29.70;29.805;29.12;29.25;1431685
GB00BDSFG982;15/03/17;29.60;29.93;29.54;29.74;1781921
GB00BDSFG982;16/03/17;29.955;30.125;29.35;29.60;1617318
GB00BDSFG982;17/03/17;29.27;29.735;29.00;29.00;8583527
GB00BDSFG982;20/03/17;29.26;29.30;28.945;29.095;1565386
GB00BDSFG982;21/03/17;29.29;29.42;29.015;29.25;1307197
GB00BDSFG982;22/03/17;29.205;29.565;29.02;29.50;1629426
GB00BDSFG982;23/03/17;29.60;29.63;29.18;29.235;1882324
GB00BDSFG982;24/03/17;29.275;29.36;29.00;29.05;1086698
GB00BDSFG982;27/03/17;28.99;28.99;28.65;28.90;1218388
GB00BDSFG982;28/03/17;28.975;29.26;28.77;29.06;1678951
GB00BDSFG982;29/03/17;29.44;30.40;29.44;30.39;1817329
GB00BDSFG982;30/03/17;30.55;30.96;30.405;30.56;1044910
GB00BDSFG982;31/03/17;30.245;30.775;30.10;30.59;957274
GB00BDSFG982;03/04/17;30.72;30.895;30.23;30.26;970267
GB00BDSFG982;04/04/17;30.30;30.73;30.11;30.685;867177
GB00BDSFG982;05/04/17;30.59;31.665;30.54;31.305;1818059
GB00BDSFG982;06/04/17;30.63;31.965;30.605;31.805;2059850
GB00BDSFG982;07/04/17;31.75;32.175;31.60;31.835;1060381
GB00BDSFG982;10/04/17;31.72;31.885;31.22;31.70;850531
GB00BDSFG982;11/04/17;31.48;31.85;31.275;31.445;827598
GB00BDSFG982;12/04/17;31.56;31.89;31.54;31.635;738281
GB00BDSFG982;13/04/17;31.435;31.44;30.93;31.015;1092677
GB00BDSFG982;18/04/17;31.00;31.03;30.22;30.305;976551
GB00BDSFG982;19/04/17;30.30;30.395;30.16;30.27;832298
GB00BDSFG982;20/04/17;29.95;30.30;29.785;30.11;1295409
GB00BDSFG982;21/04/17;30.155;30.24;29.475;29.475;1645518
GB00BDSFG982;24/04/17;30.295;30.895;29.655;29.75;1959164
GB00BDSFG982;25/04/17;29.36;29.755;29.21;29.35;1694089
GB00BDSFG982;26/04/17;29.38;29.885;29.285;29.78;1921843
GB00BDSFG982;27/04/17;29.30;29.475;26.37;28.045;5752469
GB00BDSFG982;28/04/17;27.75;27.92;27.28;27.60;2733639
GB00BDSFG982;02/05/17;27.79;28.54;27.505;28.47;2406849
GB00BDSFG982;03/05/17;28.24;28.595;28.095;28.595;1527946
GB00BDSFG982;04/05/17;28.81;28.85;28.16;28.32;2151415
GB00BDSFG982;05/05/17;28.155;29.05;27.935;29.05;1778003
GB00BDSFG982;08/05/17;29.18;29.25;28.64;28.925;1170095
GB00BDSFG982;09/05/17;28.985;29.215;28.77;28.90;957651
GB00BDSFG982;10/05/17;28.98;29.82;28.88;29.695;1550366
GB00BDSFG982;11/05/17;29.53;29.91;28.95;29.20;1662473
GB00BDSFG982;12/05/17;29.22;29.275;28.47;28.505;1855568
GB00BDSFG982;15/05/17;28.60;29.075;28.515;29.015;2033152
GB00BDSFG982;16/05/17;28.74;28.89;28.355;28.50;2117136
GB00BDSFG982;17/05/17;28.32;28.505;27.855;28.22;1905193
GB00BDSFG982;18/05/17;28.075;28.30;27.65;28.195;1869874
GB00BDSFG982;19/05/17;28.335;28.63;28.265;28.49;1322839
GB00BDSFG982;22/05/17;28.655;28.985;28.54;28.60;985409
GB00BDSFG982;23/05/17;28.68;28.865;28.38;28.435;753844
GB00BDSFG982;24/05/17;28.37;28.535;28.225;28.30;1237330
GB00BDSFG982;25/05/17;27.97;28.145;26.625;26.80;2819718
GB00BDSFG982;26/05/17;26.39;26.60;25.425;26.00;4405345
GB00BDSFG982;29/05/17;26.10;26.13;25.80;25.985;1232394
GB00BDSFG982;30/05/17;25.955;25.97;25.73;25.73;1885167
GB00BDSFG982;31/05/17;25.795;25.97;25.29;25.29;2310047
GB00BDSFG982;01/06/17;25.62;26.05;25.45;25.69;2146346
GB00BDSFG982;02/06/17;26.16;26.185;25.50;25.87;2659358
GB00BDSFG982;05/06/17;25.75;25.92;25.495;25.695;964772
GB00BDSFG982;06/06/17;25.85;25.85;25.46;25.55;1210546
GB00BDSFG982;07/06/17;25.59;25.635;25.025;25.075;1830152
GB00BDSFG982;08/06/17;25.02;25.32;24.825;25.16;1675199
GB00BDSFG982;09/06/17;24.985;25.215;24.74;25.18;1641882
GB00BDSFG982;12/06/17;25.44;25.785;25.135;25.50;1870360
GB00BDSFG982;13/06/17;25.65;25.72;25.37;25.55;1731415
GB00BDSFG982;14/06/17;25.65;25.87;24.955;24.955;2024841
GB00BDSFG982;15/06/17;25.26;25.28;24.39;24.69;2986993
GB00BDSFG982;16/06/17;24.82;24.99;24.36;24.40;3336321
GB00BDSFG982;19/06/17;24.455;24.595;24.155;24.395;1738228
GB00BDSFG982;20/06/17;24.375;24.505;23.72;23.935;2203136
GB00BDSFG982;21/06/17;23.765;24.275;23.64;23.745;1995978
GB00BDSFG982;22/06/17;23.655;24.255;23.405;24.11;2508435
GB00BDSFG982;23/06/17;24.105;24.18;23.935;23.955;1382650
GB00BDSFG982;26/06/17;23.985;24.63;23.905;24.04;1543562
GB00BDSFG982;27/06/17;23.98;24.265;23.825;24.115;1919508
GB00BDSFG982;28/06/17;23.74;24.165;23.61;24.13;2134424
GB00BDSFG982;29/06/17;24.00;24.215;23.68;23.73;2091891
GB00BDSFG982;30/06/17;23.77;23.95;23.435;23.745;1982851
GB00BDSFG982;03/07/17;23.935;24.695;23.84;24.625;2070718
GB00BDSFG982;04/07/17;24.565;24.80;24.49;24.69;835553
GB00BDSFG982;05/07/17;24.605;24.725;23.91;23.98;2151668
GB00BDSFG982;06/07/17;24.245;24.42;23.79;23.925;1747798
GB00BDSFG982;07/07/17;23.89;23.89;23.14;23.28;1745506
GB00BDSFG982;10/07/17;23.32;23.72;23.11;23.69;1309604
GB00BDSFG982;11/07/17;23.805;24.46;23.685;24.235;1998274
GB00BDSFG982;12/07/17;24.15;24.66;23.945;24.22;2079535
GB00BDSFG982;13/07/17;23.98;24.01;23.51;23.745;2343159
GB00BDSFG982;14/07/17;23.95;24.75;23.87;24.40;2493797
GB00BDSFG982;17/07/17;24.40;24.63;24.195;24.395;1006615
GB00BDSFG982;18/07/17;24.35;24.505;24.07;24.085;1197424
GB00BDSFG982;19/07/17;24.115;24.49;23.875;24.44;1161522
GB00BDSFG982;20/07/17;24.80;25.10;24.32;24.375;1688075
GB00BDSFG982;21/07/17;24.50;24.635;23.935;24.07;1395250
GB00BDSFG982;24/07/17;24.015;24.15;23.735;24.04;1387330
GB00BDSFG982;25/07/17;23.55;23.72;21.67;23.60;7629748
GB00BDSFG982;26/07/17;23.84;24.145;23.66;24.09;1720705
GB00BDSFG982;27/07/17;24.50;24.795;23.665;23.805;1937602
GB00BDSFG982;28/07/17;24.50;24.84;24.01;24.725;2057860
GB00BDSFG982;31/07/17;24.70;24.725;24.065;24.135;1238672
GB00BDSFG982;01/08/17;24.27;24.365;23.745;23.755;1291822
GB00BDSFG982;02/08/17;23.975;23.975;23.345;23.545;1729111
GB00BDSFG982;03/08/17;23.475;23.495;23.01;23.32;1159287
GB00BDSFG982;04/08/17;23.18;23.535;22.975;23.34;1437491
GB00BDSFG982;07/08/17;23.41;23.545;23.19;23.225;738633
GB00BDSFG982;08/08/17;23.125;23.295;22.855;23.15;1297923
GB00BDSFG982;09/08/17;22.935;23.31;22.85;22.97;1107648
GB00BDSFG982;10/08/17;23.06;23.18;22.885;23.015;751782
GB00BDSFG982;11/08/17;22.82;22.83;22.26;22.425;1442342
GB00BDSFG982;14/08/17;22.42;22.695;22.285;22.49;973008
GB00BDSFG982;15/08/17;22.45;22.555;22.115;22.135;1176913
GB00BDSFG982;16/08/17;22.25;22.58;22.225;22.27;1182902
GB00BDSFG982;17/08/17;22.25;22.345;22.035;22.035;1035818
GB00BDSFG982;18/08/17;22.00;22.00;21.655;21.87;963191
GB00BDSFG982;21/08/17;21.82;21.845;21.55;21.55;1427499
GB00BDSFG982;22/08/17;21.615;21.905;21.615;21.64;808483
GB00BDSFG982;23/08/17;21.57;21.775;21.48;21.77;672202
GB00BDSFG982;24/08/17;21.865;21.895;21.42;21.42;792695
GB00BDSFG982;25/08/17;21.25;21.78;21.235;21.62;850960
GB00BDSFG982;28/08/17;21.545;21.685;21.29;21.36;558636
GB00BDSFG982;29/08/17;21.20;21.245;20.955;21.02;1218942
GB00BDSFG982;30/08/17;21.34;21.555;21.12;21.275;1235207
GB00BDSFG982;31/08/17;21.35;21.655;21.24;21.54;765949
GB00BDSFG982;01/09/17;21.70;22.11;21.68;22.065;1252584
GB00BDSFG982;04/09/17;21.875;22.00;21.68;21.95;1078608
GB00BDSFG982;05/09/17;21.875;22.425;21.875;22.30;1751569
GB00BDSFG982;06/09/17;22.14;22.475;22.135;22.46;1322015
GB00BDSFG982;07/09/17;22.05;22.225;21.715;21.99;1679937
GB00BDSFG982;08/09/17;21.965;22.015;21.47;21.54;1217826
GB00BDSFG982;11/09/17;21.29;21.63;21.29;21.555;1260676
GB00BDSFG982;12/09/17;21.56;21.79;21.465;21.71;1129316
GB00BDSFG982;13/09/17;21.74;21.975;21.565;21.92;1829794
GB00BDSFG982;14/09/17;22.06;22.695;22.015;22.635;2467863
GB00BDSFG982;15/09/17;22.40;22.67;22.195;22.40;2063413
GB00BDSFG982;18/09/17;22.565;22.855;22.44;22.575;954862
GB00BDSFG982;19/09/17;22.75;22.975;22.57;22.915;1083697
