FR0000121485;01/09/16;170.45;172.70;170.05;171.00;156745
FR0000121485;02/09/16;171.70;176.10;171.55;175.85;213756
FR0000121485;05/09/16;176.20;176.65;174.75;174.90;158019
FR0000121485;06/09/16;175.25;175.80;174.20;174.35;178434
FR0000121485;07/09/16;174.90;176.85;174.15;176.25;176589
FR0000121485;08/09/16;176.40;178.90;176.15;177.55;402576
FR0000121485;09/09/16;176.55;178.05;174.70;175.50;151697
FR0000121485;12/09/16;172.90;174.90;171.35;174.90;182902
FR0000121485;13/09/16;175.75;176.55;174.25;174.40;155484
FR0000121485;14/09/16;173.00;173.70;170.85;172.50;274529
FR0000121485;15/09/16;172.30;174.20;172.00;173.65;198261
FR0000121485;16/09/16;173.05;175.05;171.60;174.70;320779
FR0000121485;19/09/16;176.00;177.95;176.00;176.85;187885
FR0000121485;20/09/16;176.30;178.40;176.00;177.40;200847
FR0000121485;21/09/16;178.80;179.45;176.65;176.70;137970
FR0000121485;22/09/16;177.60;183.65;177.30;183.45;304617
FR0000121485;23/09/16;182.40;183.30;181.35;182.25;193884
FR0000121485;26/09/16;180.00;181.00;178.90;179.90;246824
FR0000121485;27/09/16;184.00;184.35;177.20;178.95;309027
FR0000121485;28/09/16;179.90;181.45;179.25;179.50;142479
FR0000121485;29/09/16;180.75;181.60;177.00;177.40;180609
FR0000121485;30/09/16;176.05;179.70;174.20;179.55;212506
FR0000121485;03/10/16;179.35;181.05;179.00;180.80;119958
FR0000121485;04/10/16;180.80;186.70;180.40;186.55;346484
FR0000121485;05/10/16;185.10;186.90;183.55;185.90;235444
FR0000121485;06/10/16;187.40;189.20;186.80;187.30;303992
FR0000121485;07/10/16;187.30;188.20;185.55;185.90;142596
FR0000121485;10/10/16;186.00;188.45;185.40;188.05;209335
FR0000121485;11/10/16;189.65;192.95;189.30;190.95;358157
FR0000121485;12/10/16;191.65;192.25;189.70;190.55;198075
FR0000121485;13/10/16;189.25;189.25;186.45;188.05;249061
FR0000121485;14/10/16;188.75;193.50;188.75;192.45;196052
FR0000121485;17/10/16;192.35;193.90;189.55;190.00;243095
FR0000121485;18/10/16;190.25;191.60;189.50;190.20;255481
FR0000121485;19/10/16;190.30;191.10;189.35;190.10;216036
FR0000121485;20/10/16;190.10;191.45;188.50;189.60;268367
FR0000121485;21/10/16;190.50;191.70;189.60;189.80;220462
FR0000121485;24/10/16;190.55;192.90;190.15;190.70;224096
FR0000121485;25/10/16;190.80;191.95;187.70;188.40;240017
FR0000121485;26/10/16;198.00;206.40;198.00;203.00;1046682
FR0000121485;27/10/16;202.50;203.35;200.60;203.00;306674
FR0000121485;28/10/16;201.65;204.00;200.00;204.00;254680
FR0000121485;31/10/16;203.20;203.85;199.85;202.05;357951
FR0000121485;01/11/16;202.70;203.70;200.00;200.60;188059
FR0000121485;02/11/16;199.70;200.10;197.45;197.60;207459
FR0000121485;03/11/16;196.80;198.80;196.20;197.95;258771
FR0000121485;04/11/16;197.25;197.60;193.80;194.65;227860
FR0000121485;07/11/16;197.45;198.45;196.95;197.85;121038
FR0000121485;08/11/16;197.60;198.90;197.00;198.70;185759
FR0000121485;09/11/16;191.95;200.00;191.30;199.65;327928
FR0000121485;10/11/16;200.05;200.05;192.60;194.00;410490
FR0000121485;11/11/16;194.40;196.05;193.80;195.60;259059
FR0000121485;14/11/16;197.60;198.85;195.30;195.60;149095
FR0000121485;15/11/16;196.00;198.85;196.00;198.40;144646
FR0000121485;16/11/16;199.00;199.00;193.80;195.40;216495
FR0000121485;17/11/16;194.95;197.55;194.80;197.25;163241
FR0000121485;18/11/16;198.20;199.45;197.50;199.15;207749
FR0000121485;21/11/16;200.30;201.10;196.30;200.55;172913
FR0000121485;22/11/16;202.00;202.85;200.60;201.50;192267
FR0000121485;23/11/16;201.80;201.80;198.35;199.40;142623
FR0000121485;24/11/16;199.80;200.70;198.65;200.70;115108
FR0000121485;25/11/16;200.80;201.20;199.45;200.40;81091
FR0000121485;28/11/16;200.80;200.80;198.80;199.40;140313
FR0000121485;29/11/16;199.95;205.45;199.35;204.35;339801
FR0000121485;30/11/16;205.20;206.95;204.40;205.00;269018
FR0000121485;01/12/16;204.40;204.40;201.30;202.10;201693
FR0000121485;02/12/16;201.30;202.25;200.55;201.95;155783
FR0000121485;05/12/16;201.75;207.10;201.50;204.80;168249
FR0000121485;06/12/16;205.00;205.45;203.15;204.80;174984
FR0000121485;07/12/16;206.40;208.95;206.20;208.60;186242
FR0000121485;08/12/16;209.80;213.20;209.75;212.95;280504
FR0000121485;09/12/16;213.15;214.80;212.25;212.55;236076
FR0000121485;12/12/16;212.55;212.80;210.40;211.95;250026
FR0000121485;13/12/16;211.55;214.20;210.95;211.40;223051
FR0000121485;14/12/16;210.40;211.65;207.90;208.35;199623
FR0000121485;15/12/16;208.15;210.75;207.60;209.00;203658
FR0000121485;16/12/16;207.05;212.85;206.90;211.90;371562
FR0000121485;19/12/16;211.45;213.10;210.85;212.90;140164
FR0000121485;20/12/16;212.75;214.25;210.75;211.50;159558
FR0000121485;21/12/16;211.30;212.85;211.15;211.90;129714
FR0000121485;22/12/16;211.25;213.70;211.00;213.10;102061
FR0000121485;23/12/16;213.00;213.10;211.30;212.05;54980
FR0000121485;27/12/16;212.50;213.65;212.30;213.15;41576
FR0000121485;28/12/16;212.85;214.50;212.85;214.35;89223
FR0000121485;29/12/16;213.05;214.90;213.00;213.45;58316
FR0000121485;30/12/16;213.05;214.00;212.20;213.30;81651
FR0000121485;02/01/17;213.00;217.15;213.00;216.65;72053
FR0000121485;03/01/17;217.30;218.45;214.05;214.15;158276
FR0000121485;04/01/17;214.50;214.50;210.25;211.30;224391
FR0000121485;05/01/17;210.55;210.55;208.55;209.60;192210
FR0000121485;06/01/17;209.00;214.10;208.90;212.95;181071
FR0000121485;09/01/17;213.10;216.35;212.40;216.35;183182
FR0000121485;10/01/17;216.65;218.20;214.85;216.65;231352
FR0000121485;11/01/17;220.10;224.80;220.05;223.00;366666
FR0000121485;12/01/17;223.75;227.70;223.75;226.45;225796
FR0000121485;13/01/17;227.55;228.75;225.60;228.75;175280
FR0000121485;16/01/17;225.65;227.35;224.55;226.25;208035
FR0000121485;17/01/17;225.30;225.50;223.25;224.90;139497
FR0000121485;18/01/17;225.80;226.50;224.25;226.35;115030
FR0000121485;19/01/17;228.95;230.10;226.75;230.10;213596
FR0000121485;20/01/17;230.00;230.20;228.55;228.90;232620
FR0000121485;23/01/17;228.30;228.30;226.50;227.05;212212
FR0000121485;24/01/17;227.25;228.05;226.10;227.10;190256
FR0000121485;25/01/17;228.90;231.15;228.90;230.30;192404
FR0000121485;26/01/17;230.40;230.95;227.35;228.55;168989
FR0000121485;27/01/17;231.60;232.90;224.65;226.25;264130
FR0000121485;30/01/17;225.45;225.45;223.25;224.45;186737
FR0000121485;31/01/17;225.00;225.70;220.20;220.20;405543
FR0000121485;01/02/17;221.30;224.50;220.85;221.65;276599
FR0000121485;02/02/17;220.90;224.05;220.30;222.70;174954
FR0000121485;03/02/17;223.00;225.80;223.00;223.15;155539
FR0000121485;06/02/17;223.20;223.90;220.70;221.80;154626
FR0000121485;07/02/17;220.75;223.85;220.75;221.60;143417
FR0000121485;08/02/17;222.05;222.50;219.40;219.85;207472
FR0000121485;09/02/17;220.35;224.40;219.65;224.40;258609
FR0000121485;10/02/17;234.80;235.00;227.90;230.30;393009
FR0000121485;13/02/17;232.50;233.00;230.70;232.00;270835
FR0000121485;14/02/17;232.35;232.50;230.80;232.25;189825
FR0000121485;15/02/17;232.90;232.90;228.55;229.55;225241
FR0000121485;16/02/17;230.05;230.50;227.00;228.95;267346
FR0000121485;17/02/17;228.95;228.95;225.05;225.70;196790
FR0000121485;20/02/17;227.30;228.05;226.65;227.60;115441
FR0000121485;21/02/17;227.55;228.75;226.40;228.40;135903
FR0000121485;22/02/17;229.30;231.60;229.30;231.05;173188
FR0000121485;23/02/17;230.90;232.00;229.95;230.45;105732
FR0000121485;24/02/17;230.85;232.70;227.60;229.65;164142
FR0000121485;27/02/17;231.25;232.70;230.65;231.00;204658
FR0000121485;28/02/17;232.00;233.50;229.75;229.75;221728
FR0000121485;01/03/17;231.40;235.60;231.40;234.50;255101
FR0000121485;02/03/17;234.70;234.80;232.00;232.00;146590
FR0000121485;03/03/17;231.80;233.15;230.65;232.60;134931
FR0000121485;06/03/17;232.80;234.00;232.60;233.75;152036
FR0000121485;07/03/17;234.45;234.50;232.40;232.85;137908
FR0000121485;08/03/17;232.05;234.30;232.05;233.75;191466
FR0000121485;09/03/17;233.85;236.95;232.15;236.85;232189
FR0000121485;10/03/17;237.40;237.90;234.70;235.40;132466
FR0000121485;13/03/17;235.95;241.60;235.45;239.00;347557
FR0000121485;14/03/17;239.00;239.95;237.05;238.80;169568
FR0000121485;15/03/17;239.00;240.10;237.75;238.95;145933
FR0000121485;16/03/17;240.05;243.10;239.60;242.80;354850
FR0000121485;17/03/17;242.00;242.00;238.40;240.15;556699
FR0000121485;20/03/17;239.95;240.00;236.50;236.75;229238
FR0000121485;21/03/17;237.10;238.75;235.05;235.65;226924
FR0000121485;22/03/17;235.00;236.15;231.35;235.50;313661
FR0000121485;23/03/17;235.30;238.50;235.05;238.50;222887
FR0000121485;24/03/17;238.90;239.45;237.30;237.55;182481
FR0000121485;27/03/17;236.85;238.10;235.80;236.80;196941
FR0000121485;28/03/17;238.45;239.00;237.00;238.55;190506
FR0000121485;29/03/17;240.00;240.00;237.60;239.35;160376
FR0000121485;30/03/17;240.00;241.90;239.15;241.30;205382
FR0000121485;31/03/17;241.50;242.45;239.80;242.45;236265
FR0000121485;03/04/17;242.55;243.60;241.70;242.75;199589
FR0000121485;04/04/17;243.35;245.25;243.00;243.95;190038
FR0000121485;05/04/17;244.70;244.70;241.50;241.50;144380
FR0000121485;06/04/17;240.55;246.40;239.95;246.40;279186
FR0000121485;07/04/17;245.95;253.05;245.50;251.20;400700
FR0000121485;10/04/17;251.30;252.35;249.50;249.50;201947
FR0000121485;11/04/17;252.25;252.95;248.20;249.45;296457
FR0000121485;12/04/17;251.00;251.25;249.20;249.45;160114
FR0000121485;13/04/17;250.00;251.30;249.45;250.75;187722
FR0000121485;18/04/17;252.05;252.85;247.75;249.25;204835
FR0000121485;19/04/17;250.25;251.65;249.80;250.25;166198
FR0000121485;20/04/17;249.55;252.20;249.10;251.00;283773
FR0000121485;21/04/17;250.70;250.70;247.00;247.45;269646
FR0000121485;24/04/17;255.00;257.90;254.55;256.05;308825
FR0000121485;25/04/17;259.00;260.60;256.95;259.15;229021
FR0000121485;26/04/17;285.00;288.00;281.00;284.40;982541
FR0000121485;27/04/17;284.05;284.45;282.40;284.05;274858
FR0000121485;28/04/17;283.40;285.40;282.90;284.55;273764
FR0000121485;02/05/17;286.00;286.10;282.80;285.00;240086
FR0000121485;03/05/17;281.00;285.30;281.00;284.70;243618
FR0000121485;04/05/17;285.75;290.85;285.40;290.50;234927
FR0000121485;05/05/17;290.50;294.80;290.40;293.35;286631
FR0000121485;08/05/17;294.50;294.95;288.10;289.95;249762
FR0000121485;09/05/17;290.85;290.90;287.95;289.20;254278
FR0000121485;10/05/17;289.20;291.20;288.25;290.50;217509
FR0000121485;11/05/17;290.80;295.00;290.80;294.25;260907
FR0000121485;12/05/17;294.00;294.70;289.40;291.30;242533
FR0000121485;15/05/17;291.05;293.50;290.40;293.40;142719
FR0000121485;16/05/17;293.40;293.40;289.85;291.90;159766
FR0000121485;17/05/17;290.60;290.85;285.15;286.65;246909
FR0000121485;18/05/17;286.65;288.95;284.05;288.95;226482
FR0000121485;19/05/17;288.00;290.40;287.35;290.35;251842
FR0000121485;22/05/17;290.40;290.75;289.15;290.55;199717
FR0000121485;23/05/17;290.20;292.55;289.50;292.40;191956
FR0000121485;24/05/17;292.40;293.60;291.05;293.55;198971
FR0000121485;25/05/17;294.55;296.10;292.10;295.50;104955
FR0000121485;26/05/17;295.70;295.70;291.75;294.80;145775
FR0000121485;29/05/17;294.10;295.45;293.45;294.60;53009
FR0000121485;30/05/17;294.25;295.25;292.35;294.90;113789
FR0000121485;31/05/17;295.40;296.95;293.30;294.40;204525
FR0000121485;01/06/17;294.05;297.30;293.75;296.75;141540
FR0000121485;02/06/17;298.95;303.75;298.65;299.85;249960
FR0000121485;05/06/17;299.85;300.10;298.00;298.70;77548
FR0000121485;06/06/17;298.70;300.60;295.70;295.85;255582
FR0000121485;07/06/17;295.45;300.40;293.80;298.90;216679
FR0000121485;08/06/17;299.00;299.80;294.05;294.90;285526
FR0000121485;09/06/17;295.05;297.55;294.00;295.70;170841
FR0000121485;12/06/17;295.10;295.20;289.75;290.90;220998
FR0000121485;13/06/17;290.90;300.00;289.65;297.90;255118
FR0000121485;14/06/17;299.50;303.60;299.45;300.05;268852
FR0000121485;15/06/17;300.15;300.40;293.15;294.65;284998
FR0000121485;16/06/17;296.15;299.50;295.95;299.45;294838
FR0000121485;19/06/17;302.65;305.40;302.05;304.45;165097
FR0000121485;20/06/17;306.00;311.00;305.60;307.90;226738
FR0000121485;21/06/17;307.10;307.60;302.80;307.15;169170
FR0000121485;22/06/17;306.60;307.75;305.35;306.85;126423
FR0000121485;23/06/17;306.25;308.15;305.05;307.35;144234
FR0000121485;26/06/17;308.85;313.05;308.80;308.80;234357
FR0000121485;27/06/17;309.85;310.30;306.60;309.10;196647
FR0000121485;28/06/17;308.00;308.25;305.50;305.85;201203
FR0000121485;29/06/17;306.80;307.45;297.95;299.30;315485
FR0000121485;30/06/17;299.65;304.75;298.10;298.20;209482
FR0000121485;03/07/17;299.05;301.20;299.05;301.20;137792
FR0000121485;04/07/17;299.85;302.70;299.10;302.00;117091
FR0000121485;05/07/17;301.75;304.60;300.90;303.50;148736
FR0000121485;06/07/17;304.35;305.20;299.05;300.95;228334
FR0000121485;07/07/17;300.50;301.00;298.65;300.25;163855
FR0000121485;10/07/17;302.00;302.05;299.05;302.00;149655
FR0000121485;11/07/17;301.80;302.75;296.65;297.30;191743
FR0000121485;12/07/17;298.75;304.85;298.70;304.35;166978
FR0000121485;13/07/17;304.05;305.70;303.55;303.75;149680
FR0000121485;14/07/17;303.55;306.10;303.55;306.10;102471
FR0000121485;17/07/17;306.50;310.25;305.60;309.35;146044
FR0000121485;18/07/17;308.55;309.40;302.65;304.90;178548
FR0000121485;19/07/17;307.00;310.55;306.20;310.55;192822
FR0000121485;20/07/17;312.50;314.50;309.10;311.40;196248
FR0000121485;21/07/17;311.80;313.10;305.70;306.60;163733
FR0000121485;24/07/17;308.00;308.75;305.45;307.65;155119
FR0000121485;25/07/17;308.40;309.60;305.95;306.35;190103
FR0000121485;26/07/17;305.90;311.40;305.55;308.35;251584
FR0000121485;27/07/17;308.85;311.80;301.40;305.10;310694
FR0000121485;28/07/17;308.00;310.00;292.50;293.45;587130
FR0000121485;31/07/17;292.85;296.85;292.25;295.50;324325
FR0000121485;01/08/17;297.50;297.50;294.25;295.60;250133
FR0000121485;02/08/17;294.75;299.40;293.20;298.40;199871
FR0000121485;03/08/17;297.00;302.60;295.70;300.60;214708
FR0000121485;04/08/17;300.75;306.65;299.70;304.85;159967
FR0000121485;07/08/17;305.55;309.15;304.65;307.25;161113
FR0000121485;08/08/17;306.85;308.95;305.25;308.80;145233
FR0000121485;09/08/17;307.15;307.15;300.75;305.70;213999
FR0000121485;10/08/17;305.55;308.05;302.60;303.55;196576
FR0000121485;11/08/17;301.65;301.70;297.50;300.40;239483
FR0000121485;14/08/17;301.80;306.40;300.35;305.55;205829
FR0000121485;15/08/17;306.85;308.40;304.95;305.70;113321
FR0000121485;16/08/17;307.00;309.65;306.10;307.90;122423
FR0000121485;17/08/17;307.40;311.80;307.00;310.45;219412
FR0000121485;18/08/17;309.00;309.55;305.80;307.55;168076
FR0000121485;21/08/17;306.35;309.10;305.40;307.20;122818
FR0000121485;22/08/17;308.70;311.35;307.70;311.15;103029
FR0000121485;23/08/17;310.85;312.30;308.65;310.60;121479
FR0000121485;24/08/17;310.95;314.60;310.60;313.40;136403
FR0000121485;25/08/17;313.85;314.50;310.60;312.90;133779
FR0000121485;28/08/17;311.30;314.50;309.65;312.35;104627
FR0000121485;29/08/17;310.40;310.40;305.75;309.00;164713
FR0000121485;30/08/17;311.20;312.85;310.05;312.15;101899
FR0000121485;31/08/17;313.70;318.35;313.70;315.30;201645
FR0000121485;01/09/17;317.10;320.55;317.05;319.80;173095
FR0000121485;04/09/17;318.00;319.60;316.65;318.20;108225
FR0000121485;05/09/17;319.75;319.75;316.35;316.65;126167
FR0000121485;06/09/17;315.35;318.25;313.45;315.50;169116
FR0000121485;07/09/17;315.00;322.60;314.75;322.45;201908
FR0000121485;08/09/17;321.55;323.55;318.50;323.10;141306
FR0000121485;11/09/17;324.75;328.75;324.75;327.25;189965
FR0000121485;12/09/17;328.20;329.20;326.70;327.10;123309
FR0000121485;13/09/17;327.40;330.90;325.85;330.00;163270
FR0000121485;14/09/17;329.35;329.35;324.20;327.25;212915
FR0000121485;15/09/17;326.00;330.30;325.40;330.30;218892
FR0000121485;18/09/17;331.50;332.00;329.20;329.85;64198
FR0000121485;19/09/17;328.95;330.60;326.45;330.45;170463
