LU1598757687;01/09/16;15.885;16.308;15.708;15.90;6867187
LU1598757687;02/09/16;16.11;16.569;15.759;16.308;8261514
LU1598757687;05/09/16;16.521;16.965;16.449;16.755;6167089
LU1598757687;06/09/16;16.911;16.986;16.485;16.527;5565819
LU1598757687;07/09/16;16.77;17.046;16.596;17.01;5589313
LU1598757687;08/09/16;16.92;17.022;16.476;16.701;6115021
LU1598757687;09/09/16;16.50;16.635;16.062;16.185;7693025
LU1598757687;12/09/16;15.60;15.861;15.303;15.735;7258555
LU1598757687;13/09/16;16.05;16.065;15.144;15.144;6570940
LU1598757687;14/09/16;15.06;15.54;14.763;14.94;7782449
LU1598757687;15/09/16;14.835;15.084;14.664;15.063;6074788
LU1598757687;16/09/16;15.042;15.147;14.622;14.745;6962175
LU1598757687;19/09/16;14.928;15.324;14.862;15.27;5209971
LU1598757687;20/09/16;15.189;15.213;14.703;14.835;4729631
LU1598757687;21/09/16;15.042;15.255;14.943;15.255;4991704
LU1598757687;22/09/16;15.78;16.23;15.591;16.092;8922403
LU1598757687;23/09/16;16.008;16.497;15.789;16.494;7257567
LU1598757687;26/09/16;16.239;16.353;16.026;16.26;4498339
LU1598757687;27/09/16;16.434;16.461;15.786;15.945;5164976
LU1598757687;28/09/16;16.08;16.512;16.071;16.278;5583661
LU1598757687;29/09/16;16.767;16.824;16.476;16.65;6613302
LU1598757687;30/09/16;16.20;16.401;15.939;16.344;7547721
LU1598757687;03/10/16;16.395;16.608;16.143;16.425;3552213
LU1598757687;04/10/16;16.41;16.77;16.341;16.461;5779808
LU1598757687;05/10/16;16.215;16.593;16.185;16.578;5297893
LU1598757687;06/10/16;16.77;16.815;16.512;16.614;5291238
LU1598757687;07/10/16;16.776;17.382;16.71;16.959;10104251
LU1598757687;10/10/16;17.10;17.55;17.073;17.46;6672512
LU1598757687;11/10/16;17.46;17.70;17.094;17.121;7184582
LU1598757687;12/10/16;17.10;17.289;16.845;17.289;5637379
LU1598757687;13/10/16;16.938;17.13;16.632;16.773;6988337
LU1598757687;14/10/16;17.01;17.358;16.98;17.046;5763384
LU1598757687;17/10/16;17.04;17.295;16.917;17.163;3297330
LU1598757687;18/10/16;17.355;17.562;17.223;17.337;5181596
LU1598757687;19/10/16;17.412;17.754;17.331;17.658;6316222
LU1598757687;20/10/16;17.772;17.877;17.298;17.712;7919314
LU1598757687;21/10/16;17.928;18.654;17.82;18.519;12006659
LU1598757687;24/10/16;18.69;19.077;18.435;18.615;6065378
LU1598757687;25/10/16;18.90;19.068;18.702;18.861;6519229
LU1598757687;26/10/16;18.57;18.675;18.225;18.564;5788652
LU1598757687;27/10/16;18.45;18.651;18.273;18.399;6541346
LU1598757687;28/10/16;18.33;18.477;18.093;18.336;5132280
LU1598757687;31/10/16;18.144;18.45;18.03;18.414;5925905
LU1598757687;01/11/16;18.66;18.84;18.042;18.084;5282565
LU1598757687;02/11/16;17.841;18.03;17.40;17.958;7162216
LU1598757687;03/11/16;17.82;18.366;17.712;18.153;5292122
LU1598757687;04/11/16;18.03;18.105;17.607;17.781;5519800
LU1598757687;07/11/16;18.09;18.519;18.09;18.393;5666996
LU1598757687;08/11/16;17.55;17.835;17.10;17.595;13978513
LU1598757687;09/11/16;16.635;19.44;16.464;19.44;19106715
LU1598757687;10/11/16;19.374;20.235;19.188;19.647;13370250
LU1598757687;11/11/16;19.77;19.98;18.75;19.113;8239376
LU1598757687;14/11/16;19.74;20.238;19.539;20.055;10372808
LU1598757687;15/11/16;19.83;20.22;19.65;19.947;7828566
LU1598757687;16/11/16;20.22;20.238;19.884;20.049;5954381
LU1598757687;17/11/16;20.04;20.175;19.863;20.097;5365342
LU1598757687;18/11/16;20.127;20.157;19.608;19.716;5926157
LU1598757687;21/11/16;19.86;20.049;19.524;19.902;5737661
LU1598757687;22/11/16;20.322;21.252;20.283;21.036;10769576
LU1598757687;23/11/16;21.60;21.708;20.973;21.225;7343522
LU1598757687;24/11/16;21.39;21.525;21.213;21.525;3437445
LU1598757687;25/11/16;21.72;21.90;21.39;21.537;4982877
LU1598757687;28/11/16;21.555;21.612;21.006;21.279;5137288
LU1598757687;29/11/16;21.06;21.321;20.856;21.156;5613894
LU1598757687;30/11/16;20.91;21.645;20.733;21.384;10418439
LU1598757687;01/12/16;21.69;21.927;21.45;21.786;7229456
LU1598757687;02/12/16;21.531;21.789;21.261;21.513;5898431
LU1598757687;05/12/16;21.804;22.635;21.762;22.569;7752042
LU1598757687;06/12/16;22.773;22.818;22.245;22.527;6529394
LU1598757687;07/12/16;23.07;23.73;22.95;23.649;9418818
LU1598757687;08/12/16;24.00;24.78;23.865;24.426;11612799
LU1598757687;09/12/16;24.24;24.312;23.043;23.043;8460168
LU1598757687;12/12/16;23.163;23.769;23.106;23.127;6701010
LU1598757687;13/12/16;23.10;23.106;22.197;22.35;7302777
LU1598757687;14/12/16;22.50;22.854;22.089;22.74;5997701
LU1598757687;15/12/16;22.776;22.878;21.924;22.371;8762277
LU1598757687;16/12/16;22.68;22.725;22.191;22.371;7886043
LU1598757687;19/12/16;21.81;21.909;21.204;21.33;9001998
LU1598757687;20/12/16;21.123;21.852;20.88;21.786;6006692
LU1598757687;21/12/16;21.96;22.182;21.636;21.927;4281093
LU1598757687;22/12/16;21.801;21.816;21.30;21.402;3800206
LU1598757687;23/12/16;21.387;21.387;21.057;21.258;3105234
LU1598757687;27/12/16;21.057;21.216;20.868;21.201;2906329
LU1598757687;28/12/16;21.246;21.81;21.186;21.591;4734599
LU1598757687;29/12/16;21.435;21.486;20.967;21.138;4409327
LU1598757687;30/12/16;21.105;21.345;20.97;21.048;2800475
LU1598757687;02/01/17;20.88;21.417;20.841;21.099;2641623
LU1598757687;03/01/17;21.213;21.642;21.165;21.372;5511589
LU1598757687;04/01/17;21.75;21.75;21.129;21.309;4805963
LU1598757687;05/01/17;21.87;22.311;21.48;22.035;7800257
LU1598757687;06/01/17;21.96;22.083;21.723;21.807;4430116
LU1598757687;09/01/17;21.99;22.158;21.345;21.669;4998495
LU1598757687;10/01/17;21.90;22.689;21.54;22.662;8276498
LU1598757687;11/01/17;22.86;23.355;22.821;23.145;6005097
LU1598757687;12/01/17;23.16;23.301;22.35;22.359;7045206
LU1598757687;13/01/17;22.35;22.863;22.332;22.863;4824268
LU1598757687;16/01/17;22.71;23.10;22.647;23.04;3337547
LU1598757687;17/01/17;22.80;22.827;22.449;22.56;4999711
LU1598757687;18/01/17;22.80;23.28;22.638;23.235;5572194
LU1598757687;19/01/17;23.28;23.685;22.806;22.821;5554097
LU1598757687;20/01/17;22.614;23.25;22.557;22.965;5092933
LU1598757687;23/01/17;22.872;23.121;22.623;22.845;3716274
LU1598757687;24/01/17;23.10;23.298;22.938;23.10;6859106
LU1598757687;25/01/17;23.40;23.532;22.599;22.599;8356654
LU1598757687;26/01/17;22.872;23.103;22.323;22.725;6703142
LU1598757687;27/01/17;22.689;23.046;22.527;22.812;5420120
LU1598757687;30/01/17;22.80;22.866;22.008;22.065;5282663
LU1598757687;31/01/17;22.20;22.29;21.54;21.567;6130288
LU1598757687;01/02/17;21.687;22.749;21.687;22.02;6945090
LU1598757687;02/02/17;22.59;22.95;22.35;22.632;8726165
LU1598757687;03/02/17;22.11;22.464;22.008;22.113;7270448
LU1598757687;06/02/17;22.221;22.407;21.915;22.02;4772854
LU1598757687;07/02/17;22.02;22.32;22.002;22.08;3928396
LU1598757687;08/02/17;22.281;22.398;21.552;22.047;5572473
LU1598757687;09/02/17;22.161;22.65;21.591;22.554;8130291
LU1598757687;10/02/17;23.34;24.744;23.274;24.66;18355979
LU1598757687;13/02/17;26.061;26.115;24.84;25.848;12857947
LU1598757687;14/02/17;26.10;26.10;25.398;25.767;7302528
LU1598757687;15/02/17;25.932;26.313;25.599;26.25;6652580
LU1598757687;16/02/17;26.085;26.10;25.773;25.899;6592502
LU1598757687;17/02/17;25.743;25.779;25.44;25.644;5266257
LU1598757687;20/02/17;25.95;26.211;25.827;26.049;3643458
LU1598757687;21/02/17;26.25;26.52;26.172;26.295;4715062
LU1598757687;22/02/17;26.43;26.484;25.755;25.821;5508327
LU1598757687;23/02/17;25.995;26.523;25.14;25.248;7866231
LU1598757687;24/02/17;24.99;25.275;24.129;24.885;9467682
LU1598757687;27/02/17;24.987;25.317;24.492;25.239;6024053
LU1598757687;28/02/17;25.068;25.212;24.735;24.93;5101709
LU1598757687;01/03/17;25.17;26.241;25.164;26.22;8433288
LU1598757687;02/03/17;26.292;26.52;25.521;25.668;6544209
LU1598757687;03/03/17;25.32;25.614;25.134;25.227;6123502
LU1598757687;06/03/17;25.095;25.206;24.54;24.765;6278275
LU1598757687;07/03/17;24.855;24.93;24.411;24.492;4752061
LU1598757687;08/03/17;24.42;24.891;24.27;24.414;4808031
LU1598757687;09/03/17;24.24;24.543;23.574;24.105;8288160
LU1598757687;10/03/17;24.06;24.435;23.544;23.664;6293109
LU1598757687;13/03/17;23.85;24.819;23.79;24.78;7242086
LU1598757687;14/03/17;24.945;25.14;24.18;24.678;7628202
LU1598757687;15/03/17;25.05;25.245;24.753;24.99;6594430
LU1598757687;16/03/17;25.788;25.923;25.434;25.605;9846011
LU1598757687;17/03/17;25.383;25.737;25.203;25.554;7383564
LU1598757687;20/03/17;25.26;25.524;25.161;25.377;3969610
LU1598757687;21/03/17;25.47;25.53;24.408;24.567;7476327
LU1598757687;22/03/17;24.06;24.63;23.727;24.429;8726414
LU1598757687;23/03/17;24.498;24.855;24.036;24.105;6967138
LU1598757687;24/03/17;24.225;24.45;23.814;23.961;4605205
LU1598757687;27/03/17;23.001;23.40;22.368;22.794;10856477
LU1598757687;28/03/17;23.04;23.259;22.566;23.256;5860214
LU1598757687;29/03/17;23.382;23.853;23.172;23.406;5779025
LU1598757687;30/03/17;23.34;23.961;23.13;23.937;5471800
LU1598757687;31/03/17;24.00;24.12;23.523;23.658;6743508
LU1598757687;03/04/17;23.796;23.916;23.235;23.319;5455564
LU1598757687;04/04/17;23.274;23.574;22.953;23.574;5945443
LU1598757687;05/04/17;23.79;24.093;23.553;23.553;6347383
LU1598757687;06/04/17;23.181;23.691;23.067;23.37;6346881
LU1598757687;07/04/17;23.10;23.202;22.836;23.202;5729616
LU1598757687;10/04/17;23.37;23.424;22.956;22.956;4122974
LU1598757687;11/04/17;22.851;23.037;22.137;22.497;7131970
LU1598757687;12/04/17;22.443;22.50;21.345;21.42;10783455
LU1598757687;13/04/17;21.21;21.597;21.135;21.393;5252924
LU1598757687;18/04/17;20.88;21.078;19.89;20.07;13517506
LU1598757687;19/04/17;20.19;20.904;20.145;20.814;9702186
LU1598757687;20/04/17;20.58;21.327;20.55;21.234;8653082
LU1598757687;21/04/17;21.75;21.93;21.336;21.42;9894343
LU1598757687;24/04/17;22.47;22.47;21.93;22.065;7834000
LU1598757687;25/04/17;22.197;22.569;21.84;22.167;7344585
LU1598757687;26/04/17;21.75;22.182;21.399;22.095;9671322
LU1598757687;27/04/17;21.894;21.918;21.135;21.297;7145723
LU1598757687;28/04/17;21.384;22.023;21.381;21.729;7498851
LU1598757687;02/05/17;21.75;22.032;21.342;21.657;6970298
LU1598757687;03/05/17;21.60;21.60;20.976;21.003;7803096
LU1598757687;04/05/17;20.865;21.117;20.448;20.745;9481987
LU1598757687;05/05/17;20.685;21.615;20.448;21.615;9123656
LU1598757687;08/05/17;21.789;21.789;21.042;21.345;7075771
LU1598757687;09/05/17;21.438;21.747;21.369;21.555;8178317
LU1598757687;10/05/17;21.57;21.708;21.243;21.60;6986940
LU1598757687;11/05/17;21.75;22.23;21.378;21.684;11320707
LU1598757687;12/05/17;21.657;21.741;19.902;19.947;25226548
LU1598757687;15/05/17;20.019;20.616;19.707;20.589;10562801
LU1598757687;16/05/17;20.553;20.856;20.31;20.574;6968230
LU1598757687;17/05/17;20.799;20.97;19.71;19.971;9242806
LU1598757687;18/05/17;19.81;19.85;19.245;19.73;11000024
LU1598757687;19/05/17;19.85;20.185;19.665;20.105;8972141
LU1598757687;22/05/17;20.26;20.465;20.12;20.165;7093872
LU1598757687;23/05/17;20.165;20.29;19.79;20.095;7617454
LU1598757687;24/05/17;20.25;20.395;19.975;20.01;11453797
LU1598757687;25/05/17;19.95;20.05;19.395;19.615;10158547
LU1598757687;26/05/17;19.65;19.975;19.52;19.95;8254699
LU1598757687;29/05/17;19.915;20.01;19.81;19.865;2302197
LU1598757687;30/05/17;19.795;20.01;19.66;19.96;6741224
LU1598757687;31/05/17;19.80;19.825;19.215;19.305;15725233
LU1598757687;01/06/17;19.265;19.58;19.14;19.495;9675159
LU1598757687;02/06/17;19.60;19.665;18.605;18.825;13950995
LU1598757687;05/06/17;18.705;18.935;18.36;18.785;6989667
LU1598757687;06/06/17;18.64;18.645;18.15;18.34;10528790
LU1598757687;07/06/17;18.43;18.78;18.21;18.45;8295089
LU1598757687;08/06/17;18.45;18.895;18.325;18.80;8834161
LU1598757687;09/06/17;19.10;19.20;18.84;19.00;10040866
LU1598757687;12/06/17;19.04;19.125;18.675;18.88;6314488
LU1598757687;13/06/17;18.84;19.015;18.755;18.935;7043680
LU1598757687;14/06/17;19.06;19.275;18.565;18.575;13081469
LU1598757687;15/06/17;18.61;18.67;17.82;18.045;11827280
LU1598757687;16/06/17;18.025;18.225;17.725;17.865;10845324
LU1598757687;19/06/17;18.15;18.595;18.08;18.40;10021855
LU1598757687;20/06/17;18.34;18.54;17.715;17.835;9426919
LU1598757687;21/06/17;17.85;18.38;17.72;18.205;8556107
LU1598757687;22/06/17;18.06;18.80;17.89;18.77;11059323
LU1598757687;23/06/17;18.74;18.985;18.595;18.855;8202531
LU1598757687;26/06/17;19.00;19.16;18.805;18.945;6190558
LU1598757687;27/06/17;19.195;19.69;19.195;19.555;12406680
LU1598757687;28/06/17;19.44;19.945;19.24;19.865;9915926
LU1598757687;29/06/17;20.38;20.49;19.655;19.655;12793572
LU1598757687;30/06/17;19.63;20.095;19.335;19.86;9490176
LU1598757687;03/07/17;20.10;20.65;20.06;20.61;8834056
LU1598757687;04/07/17;20.34;20.795;20.23;20.73;6114716
LU1598757687;05/07/17;20.83;21.005;20.275;20.49;9937773
LU1598757687;06/07/17;20.39;20.605;20.205;20.38;8302430
LU1598757687;07/07/17;20.21;20.48;19.855;20.08;8044042
LU1598757687;10/07/17;20.36;20.60;19.99;20.55;7087123
LU1598757687;11/07/17;20.74;21.075;20.705;20.90;9157073
LU1598757687;12/07/17;21.10;21.45;20.955;21.23;9110281
LU1598757687;13/07/17;21.70;21.93;21.355;21.715;11981477
LU1598757687;14/07/17;22.05;22.145;21.875;21.945;8354240
LU1598757687;17/07/17;22.00;22.235;21.985;22.23;7384265
LU1598757687;18/07/17;22.265;22.305;21.78;21.975;7460871
LU1598757687;19/07/17;22.21;22.65;22.14;22.535;9513703
LU1598757687;20/07/17;22.695;22.775;21.97;22.09;10556188
LU1598757687;21/07/17;22.00;22.32;21.555;21.59;7991889
LU1598757687;24/07/17;21.60;21.86;21.42;21.775;5744909
LU1598757687;25/07/17;21.95;22.485;21.95;22.485;8973580
LU1598757687;26/07/17;22.50;22.61;22.00;22.05;9746100
LU1598757687;27/07/17;21.90;22.465;21.53;22.365;10567863
LU1598757687;28/07/17;22.07;22.145;21.85;22.025;8343860
LU1598757687;31/07/17;22.15;22.475;22.10;22.195;8727181
LU1598757687;01/08/17;22.335;22.38;22.00;22.00;6235011
LU1598757687;02/08/17;21.97;22.00;21.19;21.32;10488220
LU1598757687;03/08/17;21.31;21.71;21.00;21.645;8164939
LU1598757687;04/08/17;21.53;22.19;21.50;22.165;8302705
LU1598757687;07/08/17;22.515;23.225;22.41;23.20;14644426
LU1598757687;08/08/17;23.00;23.315;22.805;23.285;7166744
LU1598757687;09/08/17;23.04;23.41;22.89;22.955;7215523
LU1598757687;10/08/17;22.90;23.01;22.67;22.93;7523553
LU1598757687;11/08/17;22.25;22.30;21.76;21.89;13056364
LU1598757687;14/08/17;22.06;22.25;21.935;21.97;5466877
LU1598757687;15/08/17;21.81;22.06;21.665;21.895;4730951
LU1598757687;16/08/17;21.93;22.54;21.93;22.495;6530545
LU1598757687;17/08/17;22.40;22.68;22.025;22.08;5835832
LU1598757687;18/08/17;21.80;22.20;21.755;22.20;7592046
LU1598757687;21/08/17;22.26;22.52;22.105;22.18;5503738
LU1598757687;22/08/17;22.26;22.36;22.01;22.24;5818164
LU1598757687;23/08/17;22.155;22.28;21.895;22.18;5240504
LU1598757687;24/08/17;22.25;22.30;22.06;22.20;3974313
LU1598757687;25/08/17;22.26;22.70;22.25;22.305;6029462
LU1598757687;28/08/17;22.29;22.30;22.085;22.20;3645962
LU1598757687;29/08/17;22.02;22.02;21.465;21.68;7082139
LU1598757687;30/08/17;22.015;22.285;21.95;22.285;5034596
LU1598757687;31/08/17;22.45;22.925;22.385;22.44;6907289
LU1598757687;01/09/17;22.71;23.055;22.665;23.00;6745269
LU1598757687;04/09/17;22.76;22.975;22.69;22.80;3359386
LU1598757687;05/09/17;22.85;22.98;22.48;22.51;5043638
LU1598757687;06/09/17;22.35;22.67;22.275;22.455;4275901
LU1598757687;07/09/17;22.565;22.59;22.33;22.46;5693099
LU1598757687;08/09/17;22.315;22.755;22.175;22.28;6981912
LU1598757687;11/09/17;22.565;22.81;22.48;22.81;5872121
LU1598757687;12/09/17;22.88;23.08;22.765;22.96;6532357
LU1598757687;13/09/17;22.84;23.05;22.815;22.92;5013216
LU1598757687;14/09/17;22.75;22.795;22.50;22.63;6227136
LU1598757687;15/09/17;22.535;22.645;22.335;22.45;8006267
LU1598757687;18/09/17;22.61;22.76;22.47;22.72;4755021
LU1598757687;19/09/17;22.60;22.64;22.245;22.35;6018583
