FR0000120321;01/09/16;168.90;170.30;167.75;168.65;549285
FR0000120321;02/09/16;169.20;174.65;169.00;174.55;539730
FR0000120321;05/09/16;175.00;175.55;173.70;173.75;338506
FR0000120321;06/09/16;173.90;174.30;172.45;173.75;421185
FR0000120321;07/09/16;172.95;174.20;172.80;173.50;456485
FR0000120321;08/09/16;173.15;173.75;170.30;170.45;508928
FR0000120321;09/09/16;170.00;170.35;166.60;167.15;594766
FR0000120321;12/09/16;165.10;167.55;164.30;167.25;600442
FR0000120321;13/09/16;168.10;168.80;165.45;165.50;401265
FR0000120321;14/09/16;166.40;166.65;164.80;164.90;490803
FR0000120321;15/09/16;164.80;166.35;164.45;166.00;539885
FR0000120321;16/09/16;165.65;166.50;163.95;164.60;1199279
FR0000120321;19/09/16;165.45;166.85;165.35;166.60;369424
FR0000120321;20/09/16;166.15;167.60;165.85;166.35;349360
FR0000120321;21/09/16;167.30;167.65;165.50;166.10;411406
FR0000120321;22/09/16;167.40;170.25;166.90;169.70;665852
FR0000120321;23/09/16;169.00;170.00;168.55;169.00;353632
FR0000120321;26/09/16;168.10;168.20;166.30;166.65;456439
FR0000120321;27/09/16;167.90;168.65;166.90;167.55;433051
FR0000120321;28/09/16;168.45;169.60;167.75;168.45;382823
FR0000120321;29/09/16;169.55;169.90;167.20;167.65;354474
FR0000120321;30/09/16;166.25;168.60;164.85;168.10;580712
FR0000120321;03/10/16;167.50;168.75;167.40;168.25;343323
FR0000120321;04/10/16;168.40;170.65;168.40;170.35;549128
FR0000120321;05/10/16;168.85;168.85;166.05;166.20;479757
FR0000120321;06/10/16;166.60;167.00;164.55;164.75;536090
FR0000120321;07/10/16;164.85;165.10;163.15;163.25;566090
FR0000120321;10/10/16;163.50;165.05;162.70;164.70;493791
FR0000120321;11/10/16;164.95;166.30;163.75;164.05;502654
FR0000120321;12/10/16;164.00;164.05;162.65;163.55;435527
FR0000120321;13/10/16;162.50;162.80;160.70;162.75;666036
FR0000120321;14/10/16;165.00;169.35;164.95;167.90;878972
FR0000120321;17/10/16;167.20;167.35;166.00;166.35;493593
FR0000120321;18/10/16;167.10;168.65;167.10;168.50;583899
FR0000120321;19/10/16;169.00;169.60;168.00;168.30;498484
FR0000120321;20/10/16;168.70;168.95;166.50;167.55;436086
FR0000120321;21/10/16;167.65;168.60;166.70;167.20;549129
FR0000120321;24/10/16;167.60;168.25;166.05;166.35;393595
FR0000120321;25/10/16;166.95;167.50;165.20;165.65;383447
FR0000120321;26/10/16;165.70;166.35;164.40;165.35;482785
FR0000120321;27/10/16;164.95;167.20;164.70;165.80;424356
FR0000120321;28/10/16;165.00;166.20;164.10;166.00;354619
FR0000120321;31/10/16;165.35;165.60;163.05;163.05;600581
FR0000120321;01/11/16;163.85;165.00;162.60;163.10;447745
FR0000120321;02/11/16;162.25;162.90;161.55;161.60;543944
FR0000120321;03/11/16;161.10;163.50;161.10;161.60;734397
FR0000120321;04/11/16;170.00;170.00;163.95;165.10;1123177
FR0000120321;07/11/16;166.20;166.45;164.95;165.45;599652
FR0000120321;08/11/16;165.20;166.95;164.75;166.70;442531
FR0000120321;09/11/16;162.15;164.50;160.55;163.90;950880
FR0000120321;10/11/16;164.80;164.80;157.65;158.95;1081367
FR0000120321;11/11/16;159.35;160.35;156.50;157.15;929184
FR0000120321;14/11/16;158.50;160.25;156.80;157.00;688517
FR0000120321;15/11/16;157.80;159.50;157.35;157.90;580091
FR0000120321;16/11/16;158.70;158.85;156.75;157.30;489531
FR0000120321;17/11/16;157.55;158.05;156.55;157.55;515595
FR0000120321;18/11/16;158.30;159.70;157.65;159.40;819613
FR0000120321;21/11/16;160.15;160.20;158.40;159.35;466961
FR0000120321;22/11/16;160.00;160.70;159.65;159.90;491698
FR0000120321;23/11/16;159.95;161.50;159.70;159.70;958821
FR0000120321;24/11/16;160.30;161.35;159.30;160.20;329604
FR0000120321;25/11/16;160.30;162.25;160.20;161.85;348617
FR0000120321;28/11/16;161.95;162.05;160.00;160.00;392143
FR0000120321;29/11/16;161.35;161.75;160.25;161.15;575615
FR0000120321;30/11/16;161.25;164.00;161.05;161.05;777050
FR0000120321;01/12/16;160.45;160.45;157.90;158.60;790271
FR0000120321;02/12/16;158.30;159.25;156.85;158.85;466687
FR0000120321;05/12/16;158.95;161.65;158.60;159.10;478283
FR0000120321;06/12/16;159.50;161.25;158.45;160.80;532378
FR0000120321;07/12/16;162.95;163.10;161.10;162.15;680818
FR0000120321;08/12/16;163.15;163.65;161.65;162.60;588326
FR0000120321;09/12/16;162.95;168.40;162.70;167.20;901391
FR0000120321;12/12/16;166.90;167.25;165.40;166.25;612124
FR0000120321;13/12/16;166.30;168.45;165.95;168.05;659906
FR0000120321;14/12/16;167.30;169.05;165.65;168.25;533478
FR0000120321;15/12/16;168.20;169.70;165.65;167.85;802604
FR0000120321;16/12/16;167.80;170.00;167.05;169.10;1333913
FR0000120321;19/12/16;169.15;170.00;168.60;170.00;484303
FR0000120321;20/12/16;170.00;171.00;169.45;170.90;503395
FR0000120321;21/12/16;170.65;171.25;169.60;170.55;428896
FR0000120321;22/12/16;170.25;171.50;169.70;171.50;331059
FR0000120321;23/12/16;171.70;173.10;171.30;172.55;348012
FR0000120321;27/12/16;172.20;172.90;172.05;172.70;179616
FR0000120321;28/12/16;172.15;172.80;171.40;172.40;367579
FR0000120321;29/12/16;171.90;172.95;171.70;172.60;256725
FR0000120321;30/12/16;172.85;173.40;171.70;173.40;410465
FR0000120321;02/01/17;172.65;173.60;171.95;173.45;165897
FR0000120321;03/01/17;173.95;174.00;170.15;170.15;690394
FR0000120321;04/01/17;170.75;170.75;169.15;169.85;594894
FR0000120321;05/01/17;169.65;170.30;168.45;170.30;440092
FR0000120321;06/01/17;170.00;170.25;168.90;170.25;482102
FR0000120321;09/01/17;170.70;171.65;169.40;171.35;344763
FR0000120321;10/01/17;171.65;172.55;169.70;171.05;419500
FR0000120321;11/01/17;173.00;173.35;170.40;171.85;547265
FR0000120321;12/01/17;171.35;171.50;170.05;170.40;521169
FR0000120321;13/01/17;170.65;171.45;170.25;171.45;790644
FR0000120321;16/01/17;170.00;171.75;169.70;170.80;445578
FR0000120321;17/01/17;170.55;170.70;169.05;169.60;673821
FR0000120321;18/01/17;170.65;171.35;169.05;169.55;502085
FR0000120321;19/01/17;170.00;170.70;168.90;170.50;650960
FR0000120321;20/01/17;170.55;171.35;169.20;170.05;743067
FR0000120321;23/01/17;169.70;171.45;168.85;171.15;555723
FR0000120321;24/01/17;171.00;171.90;170.45;171.30;489465
FR0000120321;25/01/17;172.00;172.75;171.40;171.55;464029
FR0000120321;26/01/17;171.95;171.95;170.45;171.30;543734
FR0000120321;27/01/17;171.85;172.15;171.15;171.30;442644
FR0000120321;30/01/17;170.60;171.30;169.25;171.00;454571
FR0000120321;31/01/17;170.75;171.05;168.35;168.35;785192
FR0000120321;01/02/17;169.30;170.35;168.50;168.90;696908
FR0000120321;02/02/17;168.10;171.40;167.75;170.60;553937
FR0000120321;03/02/17;170.85;172.35;170.60;171.05;442246
FR0000120321;06/02/17;171.05;171.50;169.30;170.20;430337
FR0000120321;07/02/17;170.40;172.45;170.20;171.50;378083
FR0000120321;08/02/17;172.55;173.65;171.00;173.35;566869
FR0000120321;09/02/17;173.40;174.00;172.35;174.00;531297
FR0000120321;10/02/17;171.55;173.45;169.15;170.10;856511
FR0000120321;13/02/17;170.90;174.15;170.65;173.70;869205
FR0000120321;14/02/17;172.90;174.05;172.55;172.55;741034
FR0000120321;15/02/17;172.90;174.15;172.45;173.80;651118
FR0000120321;16/02/17;173.00;173.00;170.35;171.85;756058
FR0000120321;17/02/17;171.10;176.10;170.40;176.10;1352434
FR0000120321;20/02/17;175.00;175.00;172.05;172.65;711588
FR0000120321;21/02/17;171.85;173.55;171.85;173.45;631626
FR0000120321;22/02/17;172.80;176.50;172.50;176.50;975577
FR0000120321;23/02/17;176.00;177.00;175.10;176.90;613702
FR0000120321;24/02/17;177.00;177.25;174.80;175.55;666000
FR0000120321;27/02/17;176.45;177.20;175.10;175.30;498571
FR0000120321;28/02/17;175.95;176.05;173.85;175.55;614893
FR0000120321;01/03/17;176.75;177.25;176.10;176.60;721117
FR0000120321;02/03/17;176.00;176.20;174.05;176.05;693973
FR0000120321;03/03/17;176.10;176.70;175.60;176.45;543852
FR0000120321;06/03/17;176.05;176.50;175.45;176.30;542579
FR0000120321;07/03/17;176.00;176.85;175.10;175.50;524289
FR0000120321;08/03/17;174.85;175.65;174.50;175.10;609714
FR0000120321;09/03/17;174.50;176.40;173.90;176.40;715477
FR0000120321;10/03/17;177.00;177.95;176.20;177.35;643934
FR0000120321;13/03/17;177.20;177.20;176.45;176.45;455479
FR0000120321;14/03/17;176.80;177.70;176.15;177.55;481090
FR0000120321;15/03/17;177.60;177.75;176.90;177.30;424839
FR0000120321;16/03/17;177.40;178.00;176.60;177.75;477284
FR0000120321;17/03/17;177.15;177.50;176.30;177.45;927301
FR0000120321;20/03/17;176.55;178.35;176.55;176.90;423874
FR0000120321;21/03/17;177.10;177.75;176.25;177.40;516500
FR0000120321;22/03/17;177.00;179.60;176.65;178.30;663903
FR0000120321;23/03/17;178.05;179.05;176.50;178.50;426038
FR0000120321;24/03/17;178.10;179.05;177.00;177.85;478901
FR0000120321;27/03/17;176.60;179.50;176.35;179.50;546422
FR0000120321;28/03/17;179.50;179.50;178.00;178.70;434879
FR0000120321;29/03/17;179.60;180.15;177.55;179.80;480597
FR0000120321;30/03/17;179.45;179.70;178.45;179.05;473301
FR0000120321;31/03/17;178.65;180.15;177.60;180.15;706089
FR0000120321;03/04/17;180.00;180.70;179.20;179.50;410484
FR0000120321;04/04/17;179.80;180.75;179.50;180.30;394484
FR0000120321;05/04/17;179.95;180.00;178.65;178.85;475263
FR0000120321;06/04/17;178.15;179.75;177.80;179.35;460965
FR0000120321;07/04/17;179.25;180.70;178.45;180.70;478166
FR0000120321;10/04/17;179.55;181.15;178.90;180.90;464870
FR0000120321;11/04/17;180.40;181.45;180.05;181.00;541314
FR0000120321;12/04/17;181.10;182.00;180.85;181.95;442256
FR0000120321;13/04/17;182.10;182.10;180.75;181.05;623284
FR0000120321;18/04/17;182.00;182.25;180.05;180.10;774787
FR0000120321;19/04/17;180.10;181.95;179.95;181.40;928554
FR0000120321;20/04/17;180.70;183.00;180.65;181.75;749589
FR0000120321;21/04/17;181.15;181.55;179.30;180.80;923412
FR0000120321;24/04/17;185.00;185.85;183.60;185.55;1302253
FR0000120321;25/04/17;185.90;186.20;184.55;184.65;615645
FR0000120321;26/04/17;184.25;185.80;183.55;185.35;644013
FR0000120321;27/04/17;185.00;186.40;184.25;185.80;720889
FR0000120321;28/04/17;183.00;183.85;182.40;182.85;848406
FR0000120321;02/05/17;182.90;184.45;182.80;184.45;521428
FR0000120321;03/05/17;184.80;184.80;183.80;184.55;335586
FR0000120321;04/05/17;184.90;186.75;184.45;186.75;550012
FR0000120321;05/05/17;186.45;188.90;186.20;188.55;680887
FR0000120321;08/05/17;188.70;188.90;187.20;187.90;619756
FR0000120321;09/05/17;188.00;189.65;187.60;189.50;534321
FR0000120321;10/05/17;188.75;189.50;187.20;188.95;643455
FR0000120321;11/05/17;189.10;190.05;188.30;189.15;605077
FR0000120321;12/05/17;189.15;190.05;188.20;190.05;452150
FR0000120321;15/05/17;190.00;190.25;189.15;189.90;345446
FR0000120321;16/05/17;190.35;191.05;188.85;189.95;543555
FR0000120321;17/05/17;189.15;190.10;187.45;188.15;616931
FR0000120321;18/05/17;188.75;189.65;184.70;185.60;1051420
FR0000120321;19/05/17;185.95;187.35;185.40;187.10;875654
FR0000120321;22/05/17;186.95;187.85;186.65;187.50;386671
FR0000120321;23/05/17;187.35;188.75;187.00;188.70;487662
FR0000120321;24/05/17;187.65;188.95;186.90;188.25;448903
FR0000120321;25/05/17;189.00;189.65;188.10;188.70;302330
FR0000120321;26/05/17;188.00;189.10;187.35;189.10;519515
FR0000120321;29/05/17;188.65;189.40;188.05;189.40;227702
FR0000120321;30/05/17;188.80;189.60;187.35;189.60;530548
FR0000120321;31/05/17;189.40;191.80;189.35;190.45;821229
FR0000120321;01/06/17;190.55;192.05;190.40;190.95;533897
FR0000120321;02/06/17;192.40;193.35;191.45;192.90;572037
FR0000120321;05/06/17;192.45;192.95;191.00;191.20;278242
FR0000120321;06/06/17;190.85;192.30;190.25;191.25;523811
FR0000120321;07/06/17;190.45;192.75;189.30;190.25;563255
FR0000120321;08/06/17;190.15;191.05;188.20;188.30;592160
FR0000120321;09/06/17;189.00;191.30;188.60;190.05;525672
FR0000120321;12/06/17;189.40;189.60;187.20;187.50;724256
FR0000120321;13/06/17;188.15;188.15;186.85;187.35;479715
FR0000120321;14/06/17;188.05;189.70;187.60;188.10;513222
FR0000120321;15/06/17;187.55;188.50;186.60;188.30;788853
FR0000120321;16/06/17;188.80;191.00;188.75;191.00;1145316
FR0000120321;19/06/17;192.25;193.10;190.90;190.90;452092
FR0000120321;20/06/17;191.65;192.90;191.25;191.25;460963
FR0000120321;21/06/17;191.05;191.05;188.35;190.00;549201
FR0000120321;22/06/17;189.80;190.00;188.65;189.60;472378
FR0000120321;23/06/17;189.10;189.35;187.45;188.10;349491
FR0000120321;26/06/17;192.00;197.15;192.00;195.35;1152037
FR0000120321;27/06/17;194.95;194.95;191.20;191.20;633717
FR0000120321;28/06/17;190.95;192.05;189.40;190.20;601818
FR0000120321;29/06/17;190.80;191.00;183.05;183.45;809420
FR0000120321;30/06/17;184.45;184.95;182.20;182.40;836029
FR0000120321;03/07/17;183.20;183.40;182.00;182.95;467542
FR0000120321;04/07/17;182.15;182.15;181.35;181.35;393742
FR0000120321;05/07/17;181.05;181.95;180.50;181.50;517119
FR0000120321;06/07/17;181.35;181.45;177.70;178.55;987687
FR0000120321;07/07/17;179.05;179.55;178.10;179.35;433384
FR0000120321;10/07/17;179.85;180.95;178.30;180.05;319678
FR0000120321;11/07/17;179.85;180.00;178.80;179.10;412126
FR0000120321;12/07/17;180.00;183.30;179.45;182.00;639003
FR0000120321;13/07/17;182.00;183.95;181.05;183.10;445968
FR0000120321;14/07/17;183.70;184.85;182.80;184.15;365448
FR0000120321;17/07/17;184.00;185.05;183.90;184.25;413817
FR0000120321;18/07/17;184.20;185.60;183.50;183.50;652437
FR0000120321;19/07/17;184.55;185.25;183.95;185.25;360681
FR0000120321;20/07/17;185.70;186.25;183.70;184.60;623991
FR0000120321;21/07/17;184.40;185.50;179.85;180.90;788264
FR0000120321;24/07/17;181.90;182.05;179.20;179.70;526798
FR0000120321;25/07/17;179.15;181.90;179.00;180.20;533187
FR0000120321;26/07/17;180.05;182.30;180.00;180.80;460782
FR0000120321;27/07/17;180.15;182.40;180.00;181.05;605504
FR0000120321;28/07/17;178.00;178.00;174.10;176.05;1302350
FR0000120321;31/07/17;175.80;176.45;174.90;175.10;689795
FR0000120321;01/08/17;176.75;176.80;174.00;175.90;700825
FR0000120321;02/08/17;175.80;176.30;174.80;174.95;550994
FR0000120321;03/08/17;174.60;176.15;173.75;175.10;660823
FR0000120321;04/08/17;174.50;177.35;174.45;176.55;441256
FR0000120321;07/08/17;176.55;177.00;175.20;176.05;334489
FR0000120321;08/08/17;175.70;177.40;175.10;176.50;374895
FR0000120321;09/08/17;175.50;175.80;173.90;175.60;565242
FR0000120321;10/08/17;175.50;175.95;172.95;173.70;660722
FR0000120321;11/08/17;173.15;174.95;172.55;173.60;607128
FR0000120321;14/08/17;174.00;175.60;173.45;175.15;360603
FR0000120321;15/08/17;175.70;176.50;174.65;175.30;279280
FR0000120321;16/08/17;175.70;176.95;175.35;176.40;374986
FR0000120321;17/08/17;176.35;177.50;176.05;176.30;437250
FR0000120321;18/08/17;175.00;175.55;173.40;175.40;661885
FR0000120321;21/08/17;174.55;175.30;173.70;175.00;320487
FR0000120321;22/08/17;175.65;177.25;175.50;177.15;485201
FR0000120321;23/08/17;176.85;179.05;176.85;178.25;706711
FR0000120321;24/08/17;178.65;180.40;178.30;179.90;720466
FR0000120321;25/08/17;179.55;180.05;177.85;178.05;410176
FR0000120321;28/08/17;177.05;178.35;175.80;177.30;337866
FR0000120321;29/08/17;175.85;177.05;175.30;176.50;543408
FR0000120321;30/08/17;177.10;177.20;176.15;176.25;323221
FR0000120321;31/08/17;177.00;178.45;176.15;177.35;569717
FR0000120321;01/09/17;177.75;178.75;177.45;177.95;495002
FR0000120321;04/09/17;176.90;177.85;176.55;177.30;317800
FR0000120321;05/09/17;177.45;178.55;176.35;176.85;466392
FR0000120321;06/09/17;175.85;177.85;175.35;177.70;436083
FR0000120321;07/09/17;178.55;179.00;177.65;178.35;543212
FR0000120321;08/09/17;177.90;178.75;177.50;178.60;333064
FR0000120321;11/09/17;179.30;180.90;179.15;180.70;418845
FR0000120321;12/09/17;180.80;180.95;179.50;179.90;372689
FR0000120321;13/09/17;179.90;180.25;178.90;180.20;530905
FR0000120321;14/09/17;180.20;180.60;179.30;179.40;448093
FR0000120321;15/09/17;179.45;179.95;178.25;178.90;1363091
FR0000120321;18/09/17;179.10;179.60;178.25;179.00;274820
FR0000120321;19/09/17;178.15;178.60;177.15;177.50;408813
