FR0000133308;01/09/16;13.485;13.60;13.35;13.415;11736245
FR0000133308;02/09/16;13.455;13.715;13.435;13.70;6459145
FR0000133308;05/09/16;13.73;13.795;13.62;13.66;4478500
FR0000133308;06/09/16;13.645;13.69;13.585;13.595;3756689
FR0000133308;07/09/16;13.645;13.67;13.51;13.605;4310836
FR0000133308;08/09/16;13.635;13.75;13.555;13.72;5553856
FR0000133308;09/09/16;13.71;13.725;13.555;13.62;4307348
FR0000133308;12/09/16;13.365;13.465;13.28;13.39;7159421
FR0000133308;13/09/16;13.465;13.54;13.16;13.175;8707879
FR0000133308;14/09/16;13.275;13.29;13.045;13.10;7132212
FR0000133308;15/09/16;13.085;13.19;13.035;13.10;9286419
FR0000133308;16/09/16;13.07;13.545;13.04;13.365;18023527
FR0000133308;19/09/16;13.45;13.55;13.355;13.425;5019696
FR0000133308;20/09/16;13.42;13.535;13.37;13.45;5380544
FR0000133308;21/09/16;13.60;13.735;13.53;13.59;5963469
FR0000133308;22/09/16;13.68;13.83;13.61;13.74;7441560
FR0000133308;23/09/16;13.70;13.775;13.66;13.74;4403472
FR0000133308;26/09/16;13.64;13.705;13.48;13.525;4979090
FR0000133308;27/09/16;13.75;13.915;13.70;13.76;8700810
FR0000133308;28/09/16;13.82;14.00;13.815;13.935;5263647
FR0000133308;29/09/16;14.04;14.13;13.895;13.95;4372087
FR0000133308;30/09/16;13.82;13.97;13.67;13.93;6483117
FR0000133308;03/10/16;13.815;13.925;13.71;13.80;4882972
FR0000133308;04/10/16;13.82;14.125;13.815;14.045;6887001
FR0000133308;05/10/16;13.945;13.96;13.80;13.85;4741704
FR0000133308;06/10/16;13.90;13.90;13.57;13.67;5825920
FR0000133308;07/10/16;13.685;13.695;13.495;13.60;5027578
FR0000133308;10/10/16;13.625;13.85;13.605;13.84;4703940
FR0000133308;11/10/16;13.81;13.945;13.755;13.85;4146122
FR0000133308;12/10/16;13.855;13.90;13.705;13.72;4674744
FR0000133308;13/10/16;13.64;13.68;13.465;13.68;5045113
FR0000133308;14/10/16;13.795;13.975;13.72;13.905;4763749
FR0000133308;17/10/16;13.88;14.02;13.835;13.925;3472568
FR0000133308;18/10/16;14.04;14.145;14.005;14.13;3879886
FR0000133308;19/10/16;14.135;14.135;13.965;14.015;3724458
FR0000133308;20/10/16;14.06;14.06;13.84;14.015;5321465
FR0000133308;21/10/16;14.025;14.085;13.935;14.08;4998671
FR0000133308;24/10/16;14.15;14.185;14.025;14.085;4811845
FR0000133308;25/10/16;14.37;14.845;14.34;14.665;11233112
FR0000133308;26/10/16;14.905;14.92;14.565;14.69;5311100
FR0000133308;27/10/16;14.69;14.80;14.49;14.595;6655699
FR0000133308;28/10/16;14.535;14.55;14.38;14.505;5989766
FR0000133308;31/10/16;14.40;14.45;14.27;14.35;5782384
FR0000133308;01/11/16;14.385;14.425;14.135;14.15;4958148
FR0000133308;02/11/16;14.03;14.225;14.005;14.11;5638238
FR0000133308;03/11/16;14.10;14.15;14.015;14.015;4683306
FR0000133308;04/11/16;14.01;14.035;13.78;13.80;6973676
FR0000133308;07/11/16;13.995;14.03;13.875;13.98;5273380
FR0000133308;08/11/16;13.915;14.02;13.855;13.97;3807445
FR0000133308;09/11/16;13.61;14.06;13.575;14.06;10326564
FR0000133308;10/11/16;14.15;14.155;13.53;13.685;14332612
FR0000133308;11/11/16;13.715;13.755;13.495;13.545;6656649
FR0000133308;14/11/16;13.625;13.63;13.34;13.425;6472189
FR0000133308;15/11/16;13.55;13.71;13.52;13.625;6429523
FR0000133308;16/11/16;13.70;13.805;13.505;13.54;5135216
FR0000133308;17/11/16;13.585;13.785;13.485;13.74;6120438
FR0000133308;18/11/16;13.785;13.815;13.55;13.66;6620389
FR0000133308;21/11/16;13.735;13.755;13.555;13.715;3636183
FR0000133308;22/11/16;13.785;13.865;13.75;13.815;6219157
FR0000133308;23/11/16;13.81;13.83;13.665;13.725;4420021
FR0000133308;24/11/16;13.745;13.785;13.63;13.71;2182901
FR0000133308;25/11/16;13.72;13.775;13.645;13.77;2411374
FR0000133308;28/11/16;13.71;13.755;13.56;13.60;4293797
FR0000133308;29/11/16;13.60;13.87;13.59;13.77;5530762
FR0000133308;30/11/16;13.765;13.915;13.71;13.755;7298334
FR0000133308;01/12/16;13.70;13.765;13.58;13.63;6247595
FR0000133308;02/12/16;13.495;13.495;13.325;13.40;8884062
FR0000133308;05/12/16;13.135;13.51;13.09;13.24;8605337
FR0000133308;06/12/16;13.17;13.475;13.17;13.425;6930457
FR0000133308;07/12/16;13.53;13.55;13.335;13.49;8822865
FR0000133308;08/12/16;13.55;13.89;13.525;13.735;9894792
FR0000133308;09/12/16;13.735;13.78;13.47;13.50;12002990
FR0000133308;12/12/16;13.525;13.56;13.445;13.515;5216369
FR0000133308;13/12/16;13.52;13.78;13.515;13.77;8123219
FR0000133308;14/12/16;13.70;13.875;13.655;13.86;7272858
FR0000133308;15/12/16;13.81;13.865;13.675;13.715;9884458
FR0000133308;16/12/16;13.77;14.075;13.75;14.00;23130362
FR0000133308;19/12/16;14.00;14.24;13.965;14.21;7573084
FR0000133308;20/12/16;14.25;14.41;14.175;14.215;5482833
FR0000133308;21/12/16;14.20;14.29;14.12;14.19;4412254
FR0000133308;22/12/16;14.19;14.245;14.095;14.135;4762652
FR0000133308;23/12/16;14.21;14.345;14.165;14.29;3104952
FR0000133308;27/12/16;14.305;14.365;14.20;14.275;2094445
FR0000133308;28/12/16;14.25;14.265;14.175;14.22;2698314
FR0000133308;29/12/16;14.175;14.445;14.16;14.375;3132063
FR0000133308;30/12/16;14.40;14.445;14.30;14.435;3594089
FR0000133308;02/01/17;14.395;14.61;14.365;14.57;2306553
FR0000133308;03/01/17;14.625;14.635;14.475;14.59;4314413
FR0000133308;04/01/17;14.635;14.72;14.545;14.705;5563953
FR0000133308;05/01/17;14.62;14.835;14.605;14.795;4935238
FR0000133308;06/01/17;14.795;14.88;14.695;14.79;3823411
FR0000133308;09/01/17;14.83;14.83;14.62;14.78;3387678
FR0000133308;10/01/17;14.80;14.80;14.475;14.61;6318863
FR0000133308;11/01/17;14.64;14.69;14.465;14.65;5397032
FR0000133308;12/01/17;14.65;14.78;14.455;14.78;6750963
FR0000133308;13/01/17;14.78;15.045;14.735;14.99;7227458
FR0000133308;16/01/17;14.99;15.02;14.85;14.915;5216347
FR0000133308;17/01/17;14.865;14.985;14.70;14.96;4877165
FR0000133308;18/01/17;14.97;15.015;14.865;14.97;4385929
FR0000133308;19/01/17;14.93;14.98;14.775;14.865;5029653
FR0000133308;20/01/17;14.87;14.98;14.765;14.865;10153106
FR0000133308;23/01/17;14.78;14.79;14.655;14.725;3435106
FR0000133308;24/01/17;14.685;14.78;14.525;14.63;5458843
FR0000133308;25/01/17;14.74;14.76;14.485;14.53;6932402
FR0000133308;26/01/17;14.56;14.59;14.455;14.555;5153173
FR0000133308;27/01/17;14.57;14.57;14.345;14.45;5531957
FR0000133308;30/01/17;14.45;14.52;14.29;14.37;4133837
FR0000133308;31/01/17;14.355;14.485;14.325;14.325;5180508
FR0000133308;01/02/17;14.40;14.51;14.21;14.265;6206105
FR0000133308;02/02/17;14.18;14.415;14.11;14.28;5579127
FR0000133308;03/02/17;14.325;14.42;14.295;14.365;2985959
FR0000133308;06/02/17;14.555;14.605;14.28;14.28;4697309
FR0000133308;07/02/17;14.275;14.31;14.105;14.15;4635709
FR0000133308;08/02/17;14.225;14.295;14.07;14.28;4400142
FR0000133308;09/02/17;14.325;14.50;14.28;14.45;4457365
FR0000133308;10/02/17;14.455;14.50;14.335;14.405;4667217
FR0000133308;13/02/17;14.43;14.525;14.34;14.405;4244107
FR0000133308;14/02/17;14.65;14.71;14.455;14.495;8177072
FR0000133308;15/02/17;14.60;14.665;14.51;14.595;4818283
FR0000133308;16/02/17;14.615;14.70;14.55;14.655;4224136
FR0000133308;17/02/17;14.695;14.695;14.30;14.395;6996257
FR0000133308;20/02/17;14.50;14.51;14.28;14.35;6248693
FR0000133308;21/02/17;14.51;14.52;14.42;14.455;5998017
FR0000133308;22/02/17;14.49;14.70;14.405;14.54;6424217
FR0000133308;23/02/17;14.75;14.795;14.50;14.61;6574233
FR0000133308;24/02/17;14.65;14.685;14.355;14.42;7580534
FR0000133308;27/02/17;14.49;14.50;14.215;14.265;5689177
FR0000133308;28/02/17;14.32;14.34;14.14;14.265;6305347
FR0000133308;01/03/17;14.36;14.445;14.26;14.40;6019119
FR0000133308;02/03/17;14.435;14.435;14.255;14.37;6331941
FR0000133308;03/03/17;14.25;14.495;14.25;14.375;6715324
FR0000133308;06/03/17;14.40;14.435;14.295;14.40;5277870
FR0000133308;07/03/17;14.47;14.475;14.285;14.345;5838383
FR0000133308;08/03/17;14.31;14.40;14.23;14.385;4567407
FR0000133308;09/03/17;14.39;14.675;14.335;14.635;6431180
FR0000133308;10/03/17;14.72;14.86;14.65;14.765;6571792
FR0000133308;13/03/17;14.745;15.155;14.66;14.695;7929317
FR0000133308;14/03/17;14.695;14.73;14.515;14.595;4962007
FR0000133308;15/03/17;14.605;14.605;14.49;14.52;3820643
FR0000133308;16/03/17;14.665;14.755;14.575;14.73;6742041
FR0000133308;17/03/17;14.725;14.855;14.61;14.855;8552928
FR0000133308;20/03/17;14.80;14.915;14.76;14.78;3882600
FR0000133308;21/03/17;14.81;14.87;14.64;14.695;5636120
FR0000133308;22/03/17;14.68;14.84;14.615;14.825;5296330
FR0000133308;23/03/17;14.795;14.86;14.58;14.80;6581260
FR0000133308;24/03/17;14.77;14.78;14.61;14.65;7008709
FR0000133308;27/03/17;14.55;14.78;14.51;14.78;4932079
FR0000133308;28/03/17;14.73;14.77;14.59;14.685;6234365
FR0000133308;29/03/17;14.67;14.68;14.55;14.60;5271576
FR0000133308;30/03/17;14.615;14.625;14.48;14.625;4618537
FR0000133308;31/03/17;14.565;14.605;14.36;14.565;10500152
FR0000133308;03/04/17;14.65;14.65;14.52;14.55;5437236
FR0000133308;04/04/17;14.575;14.60;14.45;14.46;5264366
FR0000133308;05/04/17;14.495;14.495;14.375;14.385;4720680
FR0000133308;06/04/17;14.365;14.405;14.29;14.355;5369804
FR0000133308;07/04/17;14.315;14.35;14.22;14.305;6083467
FR0000133308;10/04/17;14.305;14.355;14.215;14.29;4108111
FR0000133308;11/04/17;14.21;14.34;14.21;14.34;4721164
FR0000133308;12/04/17;14.38;14.44;14.295;14.36;6358811
FR0000133308;13/04/17;14.345;14.39;14.115;14.15;6664734
FR0000133308;18/04/17;14.19;14.20;13.91;13.965;8609088
FR0000133308;19/04/17;13.935;14.045;13.88;14.03;6235145
FR0000133308;20/04/17;14.015;14.095;13.92;14.05;7885165
FR0000133308;21/04/17;14.005;14.055;13.905;14.01;10402112
FR0000133308;24/04/17;14.755;14.80;14.45;14.715;16580010
FR0000133308;25/04/17;14.755;14.76;14.605;14.64;7652299
FR0000133308;26/04/17;14.65;14.835;14.60;14.725;8687310
FR0000133308;27/04/17;14.80;14.82;14.44;14.54;8601097
FR0000133308;28/04/17;14.565;14.57;14.115;14.20;11768370
FR0000133308;02/05/17;14.275;14.36;14.20;14.32;7608374
FR0000133308;03/05/17;14.32;14.435;14.25;14.385;5209250
FR0000133308;04/05/17;14.48;14.635;14.40;14.60;8302391
FR0000133308;05/05/17;14.695;15.00;14.65;15.00;10444977
FR0000133308;08/05/17;15.15;15.25;14.925;15.045;7126437
FR0000133308;09/05/17;15.125;15.16;14.98;15.05;7787554
FR0000133308;10/05/17;15.05;15.075;14.84;14.91;6294001
FR0000133308;11/05/17;14.96;14.96;14.82;14.835;5923128
FR0000133308;12/05/17;14.85;15.34;14.825;15.325;9142972
FR0000133308;15/05/17;15.36;15.405;15.205;15.265;4437746
FR0000133308;16/05/17;15.33;15.515;15.27;15.44;6113392
FR0000133308;17/05/17;15.40;15.40;15.16;15.245;6275437
FR0000133308;18/05/17;15.275;15.30;15.01;15.215;6632142
FR0000133308;19/05/17;15.225;15.335;15.16;15.29;6402993
FR0000133308;22/05/17;15.28;15.61;15.24;15.60;7654922
FR0000133308;23/05/17;15.55;15.795;15.51;15.58;7242124
FR0000133308;24/05/17;15.62;15.76;15.545;15.70;6009723
FR0000133308;25/05/17;15.75;15.765;15.62;15.69;4027109
FR0000133308;26/05/17;15.705;15.76;15.60;15.73;4165167
FR0000133308;29/05/17;15.70;15.76;15.65;15.735;1956574
FR0000133308;30/05/17;15.65;15.735;15.575;15.65;4921458
FR0000133308;31/05/17;15.685;15.79;15.605;15.64;8704677
FR0000133308;01/06/17;15.65;15.725;15.53;15.53;7983923
FR0000133308;02/06/17;15.60;15.645;15.445;15.55;6961058
FR0000133308;05/06/17;15.565;15.60;15.405;15.46;2409482
FR0000133308;06/06/17;15.415;15.495;15.275;15.42;5411725
FR0000133308;07/06/17;15.34;15.54;15.295;15.315;6175892
FR0000133308;08/06/17;15.30;15.37;15.205;15.245;6093674
FR0000133308;09/06/17;15.215;15.42;15.215;15.27;5893212
FR0000133308;12/06/17;14.90;15.065;14.825;15.065;8408545
FR0000133308;13/06/17;14.97;15.025;14.79;14.88;7741153
FR0000133308;14/06/17;14.91;15.04;14.855;14.855;6977822
FR0000133308;15/06/17;14.82;14.825;14.455;14.64;10989490
FR0000133308;16/06/17;14.68;14.745;14.605;14.735;9447142
FR0000133308;19/06/17;14.78;14.835;14.56;14.56;6707643
FR0000133308;20/06/17;14.60;14.62;14.41;14.415;9468144
FR0000133308;21/06/17;14.40;14.545;14.265;14.51;6898927
FR0000133308;22/06/17;14.475;14.485;14.285;14.40;6470027
FR0000133308;23/06/17;14.35;14.40;14.285;14.37;3931602
FR0000133308;26/06/17;14.43;14.49;14.345;14.39;4244820
FR0000133308;27/06/17;14.39;14.39;14.175;14.25;4964439
FR0000133308;28/06/17;14.20;14.345;14.125;14.19;5549457
FR0000133308;29/06/17;14.235;14.255;13.925;14.035;8608492
FR0000133308;30/06/17;14.025;14.095;13.85;13.89;7901631
FR0000133308;03/07/17;14.00;14.105;13.95;14.08;5079865
FR0000133308;04/07/17;14.05;14.085;13.94;14.065;4937414
FR0000133308;05/07/17;14.065;14.155;14.03;14.08;7428915
FR0000133308;06/07/17;14.075;14.13;13.96;14.03;6074896
FR0000133308;07/07/17;14.00;14.065;13.905;14.005;4485172
FR0000133308;10/07/17;14.05;14.09;13.945;14.045;3696030
FR0000133308;11/07/17;14.10;14.13;13.90;13.925;4404468
FR0000133308;12/07/17;13.955;14.245;13.93;14.13;6818943
FR0000133308;13/07/17;14.18;14.485;14.14;14.36;7751018
FR0000133308;14/07/17;14.415;14.44;14.22;14.295;4317532
FR0000133308;17/07/17;14.335;14.41;14.275;14.375;5023668
FR0000133308;18/07/17;14.365;14.485;14.24;14.25;4706896
FR0000133308;19/07/17;14.295;14.40;14.245;14.35;3290422
FR0000133308;20/07/17;14.44;14.50;14.29;14.375;4592638
FR0000133308;21/07/17;14.44;14.535;14.13;14.225;7515341
FR0000133308;24/07/17;14.27;14.275;14.09;14.19;4971335
FR0000133308;25/07/17;14.205;14.415;14.18;14.23;5069564
FR0000133308;26/07/17;14.23;14.435;14.175;14.33;4445254
FR0000133308;27/07/17;14.765;14.785;14.395;14.48;12548225
FR0000133308;28/07/17;14.48;14.48;14.265;14.325;8612389
FR0000133308;31/07/17;14.31;14.375;14.21;14.22;6178475
FR0000133308;01/08/17;14.43;14.43;14.21;14.26;5580105
FR0000133308;02/08/17;14.30;14.30;14.18;14.235;4479951
FR0000133308;03/08/17;14.20;14.34;14.15;14.30;4239663
FR0000133308;04/08/17;14.25;14.535;14.25;14.455;4274961
FR0000133308;07/08/17;14.455;14.515;14.415;14.51;3240424
FR0000133308;08/08/17;14.50;14.565;14.405;14.47;4597477
FR0000133308;09/08/17;14.39;14.39;14.175;14.325;7574249
FR0000133308;10/08/17;14.32;14.385;14.25;14.285;5418350
FR0000133308;11/08/17;14.22;14.265;14.035;14.065;6168310
FR0000133308;14/08/17;14.095;14.33;14.025;14.285;4539440
FR0000133308;15/08/17;14.315;14.43;14.31;14.33;3800562
FR0000133308;16/08/17;14.39;14.40;14.31;14.33;3615723
FR0000133308;17/08/17;14.32;14.35;14.195;14.245;5022717
FR0000133308;18/08/17;14.175;14.25;14.115;14.225;5245160
FR0000133308;21/08/17;14.20;14.21;14.10;14.155;5508134
FR0000133308;22/08/17;14.21;14.265;14.17;14.245;4652801
FR0000133308;23/08/17;14.27;14.355;14.225;14.25;3458238
FR0000133308;24/08/17;14.27;14.305;14.185;14.215;3191857
FR0000133308;25/08/17;14.225;14.25;14.10;14.15;3884264
FR0000133308;28/08/17;14.105;14.21;14.05;14.15;2874465
FR0000133308;29/08/17;14.055;14.135;13.965;14.11;5612752
FR0000133308;30/08/17;14.205;14.27;14.155;14.21;5126589
FR0000133308;31/08/17;14.245;14.325;14.20;14.275;5354757
FR0000133308;01/09/17;14.275;14.345;14.22;14.255;4868694
FR0000133308;04/09/17;14.185;14.275;14.165;14.235;3172377
FR0000133308;05/09/17;14.05;14.14;13.90;13.95;9666947
FR0000133308;06/09/17;13.90;13.965;13.81;13.89;4321721
FR0000133308;07/09/17;13.91;13.94;13.78;13.93;6564966
FR0000133308;08/09/17;13.90;13.925;13.79;13.81;5225303
FR0000133308;11/09/17;13.885;13.965;13.85;13.95;5711831
FR0000133308;12/09/17;13.95;13.985;13.87;13.94;5842469
FR0000133308;13/09/17;13.96;13.985;13.855;13.975;6174694
FR0000133308;14/09/17;13.975;13.99;13.89;13.92;4574217
FR0000133308;15/09/17;13.935;13.98;13.825;13.895;12462330
FR0000133308;18/09/17;13.97;14.05;13.925;14.01;5363502
FR0000133308;19/09/17;14.02;14.105;13.93;14.085;5911331
