FR0000073272;01/09/16;62.82;63.59;62.63;62.81;868513
FR0000073272;02/09/16;63.15;64.18;62.96;64.06;692810
FR0000073272;05/09/16;64.15;64.65;63.87;64.60;610329
FR0000073272;06/09/16;64.66;65.01;64.42;64.61;696757
FR0000073272;07/09/16;64.92;65.22;64.18;64.51;692772
FR0000073272;08/09/16;64.60;65.07;63.79;64.63;826193
FR0000073272;09/09/16;64.54;64.91;64.43;64.69;856419
FR0000073272;12/09/16;63.98;64.13;63.17;63.79;965303
FR0000073272;13/09/16;64.08;64.49;63.87;63.87;794475
FR0000073272;14/09/16;64.19;64.28;63.57;63.78;1278189
FR0000073272;15/09/16;63.70;63.99;63.09;63.39;1214131
FR0000073272;16/09/16;63.19;63.75;62.60;63.04;2403006
FR0000073272;19/09/16;63.49;64.15;63.44;64.01;644434
FR0000073272;20/09/16;63.90;64.20;63.58;63.65;679110
FR0000073272;21/09/16;64.33;64.60;64.11;64.32;686437
FR0000073272;22/09/16;64.59;66.20;64.58;65.60;997710
FR0000073272;23/09/16;65.42;65.55;65.02;65.04;758428
FR0000073272;26/09/16;64.74;64.79;63.39;63.39;905537
FR0000073272;27/09/16;63.76;63.88;62.47;63.10;847869
FR0000073272;28/09/16;63.35;64.25;63.35;63.83;461032
FR0000073272;29/09/16;64.34;64.73;63.60;63.74;607941
FR0000073272;30/09/16;63.04;64.22;62.48;64.00;1109899
FR0000073272;03/10/16;63.95;64.45;63.74;64.42;801255
FR0000073272;04/10/16;64.50;66.65;64.33;66.48;1279611
FR0000073272;05/10/16;65.77;66.19;65.50;65.90;933296
FR0000073272;06/10/16;65.90;66.73;65.86;66.50;913536
FR0000073272;07/10/16;66.41;66.41;65.35;65.70;890553
FR0000073272;10/10/16;65.94;66.15;65.22;65.69;998227
FR0000073272;11/10/16;65.40;65.40;63.81;63.83;965609
FR0000073272;12/10/16;63.83;63.93;63.10;63.22;883997
FR0000073272;13/10/16;62.98;62.98;61.34;62.15;1286014
FR0000073272;14/10/16;62.29;62.89;62.22;62.74;869332
FR0000073272;17/10/16;62.62;63.28;62.43;62.97;651170
FR0000073272;18/10/16;63.47;63.86;63.27;63.40;758159
FR0000073272;19/10/16;63.61;64.70;63.50;64.68;899007
FR0000073272;20/10/16;64.79;64.97;64.01;64.57;916044
FR0000073272;21/10/16;64.82;64.92;63.79;64.38;1075573
FR0000073272;24/10/16;64.43;65.14;64.04;64.07;739856
FR0000073272;25/10/16;62.50;62.87;61.78;62.75;1355103
FR0000073272;26/10/16;62.09;63.30;62.05;63.30;1080996
FR0000073272;27/10/16;63.19;63.87;62.94;63.70;1343919
FR0000073272;28/10/16;63.41;63.50;63.02;63.15;1139464
FR0000073272;31/10/16;62.86;63.15;62.22;62.63;994256
FR0000073272;01/11/16;63.00;63.14;61.97;62.19;773184
FR0000073272;02/11/16;61.94;61.94;60.89;60.98;836689
FR0000073272;03/11/16;60.89;61.04;60.28;60.28;922469
FR0000073272;04/11/16;60.20;60.26;59.46;60.06;834787
FR0000073272;07/11/16;60.68;61.43;60.64;61.41;804935
FR0000073272;08/11/16;61.42;61.88;61.12;61.52;778775
FR0000073272;09/11/16;59.59;62.56;59.42;62.52;1525367
FR0000073272;10/11/16;62.80;64.55;62.71;63.81;1292996
FR0000073272;11/11/16;63.89;64.35;62.63;62.84;708175
FR0000073272;14/11/16;63.49;64.14;62.79;63.10;1424354
FR0000073272;15/11/16;63.36;63.56;61.88;62.58;993244
FR0000073272;16/11/16;62.85;63.05;61.74;61.88;743708
FR0000073272;17/11/16;61.84;62.20;61.45;62.16;1076680
FR0000073272;18/11/16;62.54;62.82;62.09;62.46;1097709
FR0000073272;21/11/16;62.69;64.02;62.23;63.85;991389
FR0000073272;22/11/16;64.41;65.03;64.23;64.26;1052441
FR0000073272;23/11/16;62.90;64.15;62.81;64.02;1431023
FR0000073272;24/11/16;64.30;64.50;63.80;63.87;556764
FR0000073272;25/11/16;64.04;64.19;63.51;63.78;496766
FR0000073272;28/11/16;63.78;63.90;63.00;63.30;657012
FR0000073272;29/11/16;63.25;64.14;63.18;64.10;638807
FR0000073272;30/11/16;64.00;65.08;64.00;64.77;1176735
FR0000073272;01/12/16;64.58;65.20;64.25;65.20;1145393
FR0000073272;02/12/16;64.81;65.21;64.23;64.91;1145647
FR0000073272;05/12/16;64.85;66.49;64.85;65.48;1071087
FR0000073272;06/12/16;65.60;66.18;64.90;66.10;1086521
FR0000073272;07/12/16;66.60;66.95;65.90;66.58;991317
FR0000073272;08/12/16;66.77;67.12;65.81;66.47;1412016
FR0000073272;09/12/16;66.45;66.56;65.95;66.54;751165
FR0000073272;12/12/16;66.56;67.44;66.55;67.09;1009983
FR0000073272;13/12/16;67.05;67.80;66.97;67.51;918224
FR0000073272;14/12/16;67.45;67.60;66.83;67.39;776403
FR0000073272;15/12/16;67.55;69.04;67.51;68.85;1468133
FR0000073272;16/12/16;68.80;69.89;68.40;68.61;2251516
FR0000073272;19/12/16;68.11;68.68;67.42;67.81;964171
FR0000073272;20/12/16;67.95;68.19;67.58;68.01;736067
FR0000073272;21/12/16;67.72;68.49;67.67;68.06;503328
FR0000073272;22/12/16;68.00;68.43;67.80;68.07;507935
FR0000073272;23/12/16;68.05;68.33;67.76;67.98;357338
FR0000073272;27/12/16;67.90;68.27;67.90;68.00;332254
FR0000073272;28/12/16;67.90;68.42;67.90;68.28;500902
FR0000073272;29/12/16;67.98;68.23;67.89;68.15;474215
FR0000073272;30/12/16;68.14;68.43;67.43;68.42;703309
FR0000073272;02/01/17;68.35;69.08;68.32;68.53;385610
FR0000073272;03/01/17;68.74;68.97;68.12;68.70;738562
FR0000073272;04/01/17;68.82;68.84;68.04;68.51;730113
FR0000073272;05/01/17;67.84;68.32;66.98;67.76;1074963
FR0000073272;06/01/17;67.70;67.82;66.99;67.70;927455
FR0000073272;09/01/17;67.80;67.80;67.02;67.61;595635
FR0000073272;10/01/17;67.60;67.80;67.18;67.33;687405
FR0000073272;11/01/17;67.34;67.99;67.06;67.63;459317
FR0000073272;12/01/17;67.60;67.84;67.14;67.21;641895
FR0000073272;13/01/17;67.35;67.66;67.19;67.65;865429
FR0000073272;16/01/17;67.15;67.60;67.15;67.20;461082
FR0000073272;17/01/17;67.17;67.44;66.82;67.12;715459
FR0000073272;18/01/17;67.19;67.41;66.75;67.27;794315
FR0000073272;19/01/17;67.75;69.87;63.44;63.62;6986452
FR0000073272;20/01/17;64.45;64.80;63.37;64.45;3801326
FR0000073272;23/01/17;64.46;65.58;63.88;65.53;1744086
FR0000073272;24/01/17;65.80;65.81;64.70;64.90;1169888
FR0000073272;25/01/17;65.14;65.62;64.87;64.92;1414145
FR0000073272;26/01/17;64.90;64.90;64.03;64.48;1212088
FR0000073272;27/01/17;63.83;64.15;63.07;63.63;1217523
FR0000073272;30/01/17;63.49;63.75;62.71;62.81;1117251
FR0000073272;31/01/17;62.90;63.36;62.70;62.70;1407253
FR0000073272;01/02/17;61.77;62.85;61.51;62.73;1266666
FR0000073272;02/02/17;62.51;63.42;62.22;63.14;1004994
FR0000073272;03/02/17;63.20;63.95;62.97;63.51;872648
FR0000073272;06/02/17;63.45;63.74;62.98;63.05;915590
FR0000073272;07/02/17;63.00;63.46;62.98;63.34;1192146
FR0000073272;08/02/17;63.35;63.57;63.15;63.47;1319058
FR0000073272;09/02/17;63.55;63.88;63.45;63.68;1015022
FR0000073272;10/02/17;64.00;64.10;63.56;63.88;758567
FR0000073272;13/02/17;63.93;64.53;63.87;64.32;1060673
FR0000073272;14/02/17;64.30;64.63;63.98;64.20;783007
FR0000073272;15/02/17;64.85;66.18;64.85;66.05;1594969
FR0000073272;16/02/17;65.46;65.46;64.54;64.90;1619262
FR0000073272;17/02/17;64.70;64.95;64.04;64.38;1122735
FR0000073272;20/02/17;64.51;65.32;64.51;65.24;521454
FR0000073272;21/02/17;65.20;65.49;65.01;65.17;734309
FR0000073272;22/02/17;65.10;65.31;64.60;64.73;853940
FR0000073272;23/02/17;64.78;67.55;64.78;65.99;1253238
FR0000073272;24/02/17;66.01;66.35;65.11;65.50;1312936
FR0000073272;27/02/17;65.98;66.00;65.50;65.77;889164
FR0000073272;28/02/17;65.95;67.16;65.90;67.16;1492544
FR0000073272;01/03/17;67.50;68.25;67.19;67.93;1246162
FR0000073272;02/03/17;68.20;68.80;68.06;68.77;1073370
FR0000073272;03/03/17;68.73;68.89;68.17;68.60;1020084
FR0000073272;06/03/17;68.67;69.12;68.40;69.00;696917
FR0000073272;07/03/17;69.05;69.05;68.68;68.80;732438
FR0000073272;08/03/17;68.28;69.40;68.28;69.30;674414
FR0000073272;09/03/17;69.25;69.37;68.82;69.14;774983
FR0000073272;10/03/17;69.24;69.43;68.96;69.05;751317
FR0000073272;13/03/17;69.10;69.20;68.57;68.72;534131
FR0000073272;14/03/17;68.78;68.83;68.10;68.40;807821
FR0000073272;15/03/17;68.00;68.41;67.22;67.84;1746131
FR0000073272;16/03/17;68.36;68.41;67.30;67.80;1238762
FR0000073272;17/03/17;67.76;68.11;67.17;68.11;1436345
FR0000073272;20/03/17;68.22;68.29;67.89;68.20;511652
FR0000073272;21/03/17;68.34;68.66;67.79;68.15;892615
FR0000073272;22/03/17;68.10;69.19;67.54;69.19;1238675
FR0000073272;23/03/17;68.97;70.10;68.68;69.86;1045844
FR0000073272;24/03/17;69.85;69.96;69.43;69.60;775787
FR0000073272;27/03/17;69.60;69.71;68.53;69.65;693408
FR0000073272;28/03/17;69.79;69.89;69.13;69.76;757684
FR0000073272;29/03/17;69.94;70.17;69.66;69.86;576982
FR0000073272;30/03/17;69.84;70.30;69.75;70.04;745592
FR0000073272;31/03/17;69.44;70.14;69.23;70.03;1461662
FR0000073272;03/04/17;69.95;71.46;69.81;70.69;1217023
FR0000073272;04/04/17;70.67;71.18;70.06;70.56;716160
FR0000073272;05/04/17;70.58;71.06;70.50;70.82;833234
FR0000073272;06/04/17;70.60;72.00;70.48;71.93;1199934
FR0000073272;07/04/17;71.75;72.83;71.27;72.83;1201384
FR0000073272;10/04/17;72.80;73.31;72.47;72.85;1050741
FR0000073272;11/04/17;72.50;73.13;72.03;73.07;860349
FR0000073272;12/04/17;73.23;73.74;72.92;73.07;702779
FR0000073272;13/04/17;73.10;73.31;72.67;72.80;817667
FR0000073272;18/04/17;72.76;73.75;72.44;72.73;1158698
FR0000073272;19/04/17;72.72;72.93;72.57;72.65;859463
FR0000073272;20/04/17;72.62;73.93;72.57;73.66;1011488
FR0000073272;21/04/17;73.60;74.16;72.95;73.73;1351792
FR0000073272;24/04/17;75.53;77.12;75.32;75.84;2190150
FR0000073272;25/04/17;75.95;75.95;75.11;75.77;1029410
FR0000073272;26/04/17;75.99;76.49;75.53;76.00;1411114
FR0000073272;27/04/17;76.01;76.91;75.78;76.75;987587
FR0000073272;28/04/17;76.71;76.72;75.53;76.02;1277081
FR0000073272;02/05/17;75.81;77.45;75.64;77.34;1070959
FR0000073272;03/05/17;77.31;77.55;76.55;76.96;868267
FR0000073272;04/05/17;77.00;77.96;76.95;77.83;961051
FR0000073272;05/05/17;77.97;78.35;76.98;78.13;1141273
FR0000073272;08/05/17;78.15;78.15;77.49;77.90;813732
FR0000073272;09/05/17;78.27;78.41;77.69;77.71;831133
FR0000073272;10/05/17;77.65;78.23;77.41;77.49;1112554
FR0000073272;11/05/17;77.10;77.16;75.65;75.82;1545112
FR0000073272;12/05/17;75.80;77.15;75.78;77.03;895721
FR0000073272;15/05/17;77.00;77.22;76.57;77.00;681127
FR0000073272;16/05/17;77.22;77.22;76.55;76.91;682162
FR0000073272;17/05/17;76.90;76.96;74.97;75.37;1056139
FR0000073272;18/05/17;75.86;76.75;75.00;76.35;1333329
FR0000073272;19/05/17;76.49;77.12;75.86;76.36;1089774
FR0000073272;22/05/17;76.33;76.43;75.81;75.95;753432
FR0000073272;23/05/17;75.91;76.44;75.72;76.17;596444
FR0000073272;24/05/17;76.15;76.34;75.97;76.11;38260
FR0000073272;25/05/17;76.80;78.47;75.93;78.47;2141234
FR0000073272;26/05/17;78.75;79.72;78.20;79.57;1765122
FR0000073272;29/05/17;79.96;80.09;79.33;79.59;593076
FR0000073272;30/05/17;79.55;79.68;78.98;79.15;760778
FR0000073272;31/05/17;79.29;80.00;78.80;78.80;1244751
FR0000073272;01/06/17;79.21;80.49;79.03;79.91;1150069
FR0000073272;02/06/17;80.04;80.36;79.64;79.78;863569
FR0000073272;05/06/17;80.08;80.33;79.89;80.07;571203
FR0000073272;06/06/17;79.70;80.18;79.55;79.66;977134
FR0000073272;07/06/17;79.50;80.03;79.23;79.23;792671
FR0000073272;08/06/17;79.21;79.31;78.42;78.70;984583
FR0000073272;09/06/17;78.85;79.61;78.76;79.20;1018179
FR0000073272;12/06/17;79.18;79.26;77.93;78.06;779290
FR0000073272;13/06/17;78.02;78.52;77.80;78.29;751583
FR0000073272;14/06/17;78.20;79.20;78.02;78.02;691670
FR0000073272;15/06/17;78.03;78.11;76.96;77.86;1415629
FR0000073272;16/06/17;77.86;80.21;77.75;80.21;1722176
FR0000073272;19/06/17;79.87;81.05;79.72;80.83;1087036
FR0000073272;20/06/17;81.00;81.68;80.81;81.14;1070762
FR0000073272;21/06/17;80.73;81.53;80.05;81.48;1085848
FR0000073272;22/06/17;81.52;81.95;81.39;81.92;1092120
FR0000073272;23/06/17;81.85;82.15;81.48;81.82;783165
FR0000073272;26/06/17;81.90;82.79;81.90;82.01;805519
FR0000073272;27/06/17;81.62;81.73;80.82;81.37;934621
FR0000073272;28/06/17;81.14;81.41;80.12;80.91;835578
FR0000073272;29/06/17;81.08;81.17;79.30;79.84;1166805
FR0000073272;30/06/17;79.80;81.30;79.80;80.24;1418876
FR0000073272;03/07/17;80.67;81.28;80.53;80.99;806801
FR0000073272;04/07/17;80.92;81.15;80.48;80.89;460350
FR0000073272;05/07/17;82.50;82.62;81.63;81.89;835567
FR0000073272;06/07/17;81.96;82.43;80.83;81.05;872808
FR0000073272;07/07/17;81.05;81.97;81.05;81.97;614930
FR0000073272;10/07/17;82.26;82.40;81.83;82.00;517506
FR0000073272;11/07/17;82.07;82.17;81.51;81.51;769077
FR0000073272;12/07/17;81.70;83.43;81.70;83.19;1169122
FR0000073272;13/07/17;83.25;83.47;82.88;83.10;672326
FR0000073272;14/07/17;83.25;83.88;82.94;83.43;501951
FR0000073272;17/07/17;83.41;83.72;82.60;83.05;915506
FR0000073272;18/07/17;83.00;83.19;81.65;81.65;982079
FR0000073272;19/07/17;82.00;83.07;81.72;82.76;904306
FR0000073272;20/07/17;82.86;83.00;81.12;81.50;885626
FR0000073272;21/07/17;81.10;81.87;80.46;81.05;1590952
FR0000073272;24/07/17;81.21;81.38;80.69;81.03;649271
FR0000073272;25/07/17;80.83;82.70;80.83;81.67;870438
FR0000073272;26/07/17;81.65;82.27;81.57;82.26;824144
FR0000073272;27/07/17;81.52;82.20;80.03;81.47;1253854
FR0000073272;28/07/17;81.40;81.41;80.04;80.16;1086489
FR0000073272;31/07/17;80.16;80.62;79.60;79.93;1116871
FR0000073272;01/08/17;81.32;81.32;80.03;80.74;1037458
FR0000073272;02/08/17;80.73;80.96;78.94;79.31;980050
FR0000073272;03/08/17;79.25;80.07;79.11;79.60;908283
FR0000073272;04/08/17;79.57;81.88;79.20;81.77;1041586
FR0000073272;07/08/17;81.84;82.35;81.68;81.75;924635
FR0000073272;08/08/17;81.86;81.98;81.09;81.63;598950
FR0000073272;09/08/17;81.73;81.73;80.35;81.42;921348
FR0000073272;10/08/17;81.46;81.76;80.99;81.25;762014
FR0000073272;11/08/17;81.13;81.13;79.67;80.24;853042
FR0000073272;14/08/17;80.44;82.01;80.38;81.85;587591
FR0000073272;15/08/17;82.22;82.76;81.43;82.09;588347
FR0000073272;16/08/17;82.33;83.74;82.27;83.27;734498
FR0000073272;17/08/17;83.20;84.09;83.20;83.65;985016
FR0000073272;18/08/17;83.60;83.63;82.42;82.99;867369
FR0000073272;21/08/17;82.95;83.15;82.09;82.78;589329
FR0000073272;22/08/17;82.88;83.79;82.69;83.74;724922
FR0000073272;23/08/17;83.71;84.03;83.33;83.43;645550
FR0000073272;24/08/17;83.85;83.85;83.03;83.35;542281
FR0000073272;25/08/17;83.58;84.27;83.26;83.45;579840
FR0000073272;28/08/17;83.29;83.29;82.30;82.30;384164
FR0000073272;29/08/17;82.00;82.06;80.36;80.45;1073169
FR0000073272;30/08/17;80.81;81.61;80.79;81.52;628526
FR0000073272;31/08/17;81.60;82.19;81.52;81.59;905650
FR0000073272;01/09/17;82.65;82.95;82.07;82.24;743594
FR0000073272;04/09/17;82.14;82.17;81.57;81.63;503548
FR0000073272;05/09/17;81.79;81.94;81.25;81.58;667113
FR0000073272;06/09/17;81.41;81.62;80.85;81.25;636264
FR0000073272;07/09/17;81.46;82.47;81.24;81.95;1047067
FR0000073272;08/09/17;81.88;81.88;80.72;81.36;763123
FR0000073272;11/09/17;81.82;83.08;81.69;83.08;901604
FR0000073272;12/09/17;83.36;83.91;83.01;83.65;717268
FR0000073272;13/09/17;83.68;84.11;83.45;83.70;815776
FR0000073272;14/09/17;83.65;85.02;83.58;85.01;1007417
FR0000073272;15/09/17;85.20;85.56;84.61;85.00;2393720
FR0000073272;18/09/17;85.00;85.74;84.85;85.70;1446409
FR0000073272;19/09/17;85.65;85.83;85.12;85.38;740067
