FR0000125007;01/09/16;39.34;39.94;39.245;39.43;1428865
FR0000125007;02/09/16;39.675;40.00;39.185;39.865;1502445
FR0000125007;05/09/16;39.90;40.00;39.72;39.735;766754
FR0000125007;06/09/16;39.955;39.96;39.46;39.50;949280
FR0000125007;07/09/16;39.64;39.87;39.39;39.705;914166
FR0000125007;08/09/16;39.78;39.785;38.975;39.28;1618521
FR0000125007;09/09/16;39.195;39.35;38.32;38.50;1756850
FR0000125007;12/09/16;37.84;38.065;37.535;38.065;1361354
FR0000125007;13/09/16;38.20;38.415;37.49;37.545;1386350
FR0000125007;14/09/16;37.82;38.07;37.475;37.495;1205840
FR0000125007;15/09/16;37.41;37.745;37.32;37.69;1591380
FR0000125007;16/09/16;37.595;37.835;37.04;37.565;3435623
FR0000125007;19/09/16;37.89;38.24;37.89;38.18;1280361
FR0000125007;20/09/16;38.14;38.385;37.97;38.065;1085550
FR0000125007;21/09/16;38.35;38.835;38.295;38.32;1207296
FR0000125007;22/09/16;38.68;39.50;38.68;39.17;2027307
FR0000125007;23/09/16;39.16;39.19;38.87;39.07;1347350
FR0000125007;26/09/16;38.865;38.865;38.00;38.00;1547865
FR0000125007;27/09/16;38.285;38.295;37.49;37.99;1685433
FR0000125007;28/09/16;38.145;38.65;38.145;38.45;1286925
FR0000125007;29/09/16;38.88;39.11;38.34;38.395;882830
FR0000125007;30/09/16;37.885;38.675;37.38;38.47;1755285
FR0000125007;03/10/16;38.40;38.65;38.285;38.625;812825
FR0000125007;04/10/16;38.66;39.07;38.61;38.765;1240706
FR0000125007;05/10/16;38.385;38.90;38.08;38.88;1216456
FR0000125007;06/10/16;39.115;39.29;38.695;38.905;1136121
FR0000125007;07/10/16;38.90;38.90;37.945;37.97;1930026
FR0000125007;10/10/16;38.125;38.54;37.815;38.535;880739
FR0000125007;11/10/16;38.395;38.66;38.075;38.13;1052493
FR0000125007;12/10/16;38.165;38.415;37.87;38.085;1033024
FR0000125007;13/10/16;37.90;37.90;37.365;37.80;1246325
FR0000125007;14/10/16;38.00;38.67;38.00;38.425;959678
FR0000125007;17/10/16;38.23;38.515;38.045;38.37;851423
FR0000125007;18/10/16;38.70;39.025;38.585;38.805;1103219
FR0000125007;19/10/16;38.78;38.925;38.44;38.855;1115278
FR0000125007;20/10/16;38.945;39.00;38.50;38.825;1093791
FR0000125007;21/10/16;38.935;38.945;38.69;38.945;942670
FR0000125007;24/10/16;39.08;39.545;39.03;39.225;1279921
FR0000125007;25/10/16;39.215;39.535;39.08;39.30;1083237
FR0000125007;26/10/16;39.12;39.19;38.335;38.84;1391831
FR0000125007;27/10/16;38.835;38.97;38.335;38.64;1423336
FR0000125007;28/10/16;39.02;41.18;38.855;40.81;4075926
FR0000125007;31/10/16;40.50;40.70;39.58;40.445;2327471
FR0000125007;01/11/16;40.74;40.785;39.385;39.55;1782831
FR0000125007;02/11/16;39.305;39.52;39.05;39.21;1504798
FR0000125007;03/11/16;39.195;39.73;38.82;39.25;1532584
FR0000125007;04/11/16;39.075;39.145;38.60;38.88;1451780
FR0000125007;07/11/16;39.475;39.775;39.28;39.59;1373483
FR0000125007;08/11/16;39.54;39.74;39.33;39.61;1000797
FR0000125007;09/11/16;38.21;40.985;38.05;40.93;2787481
FR0000125007;10/11/16;41.145;42.50;41.125;41.605;3367066
FR0000125007;11/11/16;41.79;42.05;40.79;40.985;1403807
FR0000125007;14/11/16;41.34;41.945;40.975;41.215;1440110
FR0000125007;15/11/16;41.355;41.615;40.885;41.14;1265378
FR0000125007;16/11/16;41.28;41.40;40.605;40.85;1768946
FR0000125007;17/11/16;40.93;41.45;40.725;41.45;1580038
FR0000125007;18/11/16;41.70;41.75;41.025;41.34;1696729
FR0000125007;21/11/16;41.60;41.76;40.925;41.44;1077274
FR0000125007;22/11/16;41.91;42.07;41.415;41.525;1575048
FR0000125007;23/11/16;41.55;41.69;40.85;41.06;1364117
FR0000125007;24/11/16;41.00;41.17;40.635;41.04;1145084
FR0000125007;25/11/16;41.18;41.25;40.435;40.85;987232
FR0000125007;28/11/16;40.93;40.93;39.925;40.185;1351770
FR0000125007;29/11/16;40.20;40.65;39.995;40.605;1346279
FR0000125007;30/11/16;40.665;40.975;40.57;40.925;1790982
FR0000125007;01/12/16;40.785;40.90;40.29;40.68;1374780
FR0000125007;02/12/16;40.505;40.505;39.815;40.23;1255567
FR0000125007;05/12/16;40.005;40.925;39.865;40.79;1200525
FR0000125007;06/12/16;40.805;41.435;40.23;41.325;1450894
FR0000125007;07/12/16;41.995;42.48;41.745;42.48;2129445
FR0000125007;08/12/16;42.50;43.135;42.335;42.835;2198164
FR0000125007;09/12/16;42.895;43.07;42.59;42.695;1450429
FR0000125007;12/12/16;42.625;42.75;42.30;42.49;1440240
FR0000125007;13/12/16;42.465;43.035;42.325;42.985;1636019
FR0000125007;14/12/16;43.33;43.875;43.255;43.345;2412267
FR0000125007;15/12/16;43.495;43.875;43.195;43.695;1920810
FR0000125007;16/12/16;43.59;44.00;43.24;43.425;3577161
FR0000125007;19/12/16;43.49;43.83;43.28;43.50;1299558
FR0000125007;20/12/16;43.655;43.66;43.205;43.63;1667002
FR0000125007;21/12/16;43.50;43.745;43.37;43.645;889622
FR0000125007;22/12/16;43.73;43.835;43.505;43.64;1133954
FR0000125007;23/12/16;43.63;43.715;43.415;43.695;580440
FR0000125007;27/12/16;43.62;43.91;43.47;43.705;672298
FR0000125007;28/12/16;43.765;43.875;43.635;43.795;711021
FR0000125007;29/12/16;43.585;43.965;43.55;43.965;663071
FR0000125007;30/12/16;43.925;44.255;43.74;44.255;1180280
FR0000125007;02/01/17;44.02;44.53;43.98;44.325;626305
FR0000125007;03/01/17;44.50;45.05;44.36;44.835;1578066
FR0000125007;04/01/17;44.95;44.995;44.515;44.70;1300606
FR0000125007;05/01/17;44.62;44.815;44.315;44.58;1120930
FR0000125007;06/01/17;44.525;44.835;44.24;44.835;1054160
FR0000125007;09/01/17;44.79;44.875;44.29;44.875;1281984
FR0000125007;10/01/17;44.82;45.09;44.53;44.99;1467271
FR0000125007;11/01/17;44.895;45.215;44.635;44.84;1395116
FR0000125007;12/01/17;44.65;45.25;44.55;45.19;1603003
FR0000125007;13/01/17;45.40;45.61;44.98;45.60;1598305
FR0000125007;16/01/17;45.22;45.41;45.09;45.265;738686
FR0000125007;17/01/17;45.03;45.39;44.695;45.25;1188844
FR0000125007;18/01/17;45.26;45.63;44.985;45.63;1283374
FR0000125007;19/01/17;45.545;45.93;45.295;45.535;1481102
FR0000125007;20/01/17;45.465;46.85;45.36;46.505;2903635
FR0000125007;23/01/17;46.31;46.35;45.795;46.195;1544513
FR0000125007;24/01/17;46.42;46.815;46.15;46.815;1640452
FR0000125007;25/01/17;47.125;48.115;47.125;47.725;2670197
FR0000125007;26/01/17;47.565;47.66;46.795;47.00;2056664
FR0000125007;27/01/17;46.97;47.035;46.44;46.86;1290170
FR0000125007;30/01/17;46.76;46.795;45.76;45.845;1750252
FR0000125007;31/01/17;45.90;46.27;45.50;45.50;2213371
FR0000125007;01/02/17;46.08;46.82;45.94;46.195;1840631
FR0000125007;02/02/17;46.04;46.425;45.885;46.085;1072261
FR0000125007;03/02/17;46.21;46.465;45.97;46.005;1170586
FR0000125007;06/02/17;45.945;46.25;45.305;45.42;1058292
FR0000125007;07/02/17;45.39;45.70;45.155;45.275;1044065
FR0000125007;08/02/17;45.45;45.665;45.01;45.355;1374877
FR0000125007;09/02/17;45.50;45.81;45.115;45.365;1170663
FR0000125007;10/02/17;45.44;45.97;45.37;45.695;1112688
FR0000125007;13/02/17;45.80;46.67;45.72;46.425;1161900
FR0000125007;14/02/17;46.375;46.685;46.105;46.64;1125476
FR0000125007;15/02/17;46.68;46.735;46.325;46.635;1086243
FR0000125007;16/02/17;46.80;46.80;45.765;45.98;1651118
FR0000125007;17/02/17;46.10;46.10;45.22;45.46;1695917
FR0000125007;20/02/17;45.74;46.045;45.615;45.80;984388
FR0000125007;21/02/17;45.65;46.15;45.15;45.925;1674258
FR0000125007;22/02/17;45.88;46.045;45.005;45.445;2317444
FR0000125007;23/02/17;45.25;45.765;45.095;45.27;1549530
FR0000125007;24/02/17;45.50;45.50;43.395;44.37;2649019
FR0000125007;27/02/17;44.64;45.12;44.00;45.08;2359784
FR0000125007;28/02/17;45.515;45.59;44.885;45.23;1563481
FR0000125007;01/03/17;45.76;46.28;45.575;46.10;1961186
FR0000125007;02/03/17;46.46;46.495;45.485;45.595;1836368
FR0000125007;03/03/17;45.55;46.19;45.29;46.17;1270070
FR0000125007;06/03/17;46.07;46.07;45.45;45.52;1235204
FR0000125007;07/03/17;45.71;45.90;45.475;45.75;982985
FR0000125007;08/03/17;45.79;46.185;45.715;45.82;1179184
FR0000125007;09/03/17;45.845;46.31;45.645;46.22;1367700
FR0000125007;10/03/17;46.28;46.65;46.085;46.125;1309762
FR0000125007;13/03/17;46.235;46.47;46.025;46.23;894383
FR0000125007;14/03/17;46.465;46.465;45.74;45.87;1229330
FR0000125007;15/03/17;46.01;46.37;45.94;46.365;1097940
FR0000125007;16/03/17;46.77;46.85;46.43;46.795;1453487
FR0000125007;17/03/17;46.635;47.00;46.485;46.745;2269229
FR0000125007;20/03/17;46.565;46.81;46.285;46.63;1061623
FR0000125007;21/03/17;46.71;46.995;46.115;46.22;1231228
FR0000125007;22/03/17;46.15;46.325;45.505;46.205;1412888
FR0000125007;23/03/17;46.13;46.66;46.03;46.66;1495549
FR0000125007;24/03/17;46.605;46.80;46.315;46.64;932419
FR0000125007;27/03/17;46.20;46.245;45.75;46.00;1601017
FR0000125007;28/03/17;46.275;46.69;46.18;46.67;1244086
FR0000125007;29/03/17;46.90;46.95;46.42;46.63;1014611
FR0000125007;30/03/17;46.635;47.625;46.63;47.625;1433907
FR0000125007;31/03/17;47.55;48.135;47.31;48.135;2153298
FR0000125007;03/04/17;48.29;48.405;47.68;47.68;1641964
FR0000125007;04/04/17;47.62;47.935;47.28;47.55;1070968
FR0000125007;05/04/17;47.73;47.755;47.275;47.365;1157383
FR0000125007;06/04/17;47.305;47.655;46.77;47.46;1284993
FR0000125007;07/04/17;47.22;47.725;47.055;47.69;1232876
FR0000125007;10/04/17;47.60;47.60;46.97;46.97;1267730
FR0000125007;11/04/17;46.695;47.22;46.53;47.035;1653968
FR0000125007;12/04/17;47.10;47.37;46.42;46.62;1098687
FR0000125007;13/04/17;46.56;46.585;46.075;46.205;1482149
FR0000125007;18/04/17;46.41;46.535;45.345;45.39;1781417
FR0000125007;19/04/17;45.415;45.895;45.18;45.785;1316062
FR0000125007;20/04/17;45.66;46.95;45.485;46.715;2161890
FR0000125007;21/04/17;46.525;46.57;45.96;46.195;2722783
FR0000125007;24/04/17;49.50;49.75;48.41;49.295;4761610
FR0000125007;25/04/17;49.66;49.69;48.93;49.565;2583112
FR0000125007;26/04/17;49.50;50.00;49.175;49.815;2148298
FR0000125007;27/04/17;50.00;50.51;49.685;49.90;2137739
FR0000125007;28/04/17;49.66;49.845;49.365;49.55;1970918
FR0000125007;02/05/17;49.885;50.73;49.50;50.62;2050589
FR0000125007;03/05/17;50.53;50.53;49.70;50.22;1954609
FR0000125007;04/05/17;50.46;51.27;50.05;51.03;2322064
FR0000125007;05/05/17;51.07;52.28;50.98;52.28;3115553
FR0000125007;08/05/17;52.30;52.40;50.87;50.96;1985509
FR0000125007;09/05/17;51.22;51.42;50.84;51.03;1470206
FR0000125007;10/05/17;50.97;51.10;50.60;50.91;1383297
FR0000125007;11/05/17;50.95;51.16;49.925;50.41;1850223
FR0000125007;12/05/17;50.34;50.45;49.915;50.27;1313632
FR0000125007;15/05/17;50.47;50.77;50.29;50.70;1351280
FR0000125007;16/05/17;50.83;51.18;50.48;50.92;1419923
FR0000125007;17/05/17;50.75;51.00;49.345;49.64;3181759
FR0000125007;18/05/17;49.72;50.40;48.96;50.14;3176235
FR0000125007;19/05/17;50.34;50.91;50.18;50.43;1936845
FR0000125007;22/05/17;50.58;50.68;49.995;50.04;1497922
FR0000125007;23/05/17;49.79;50.35;49.785;50.05;1605974
FR0000125007;24/05/17;50.00;50.15;49.815;50.08;1577202
FR0000125007;25/05/17;50.35;50.61;49.86;50.05;1136887
FR0000125007;26/05/17;50.03;50.14;49.535;50.05;1532925
FR0000125007;29/05/17;50.15;50.18;49.875;50.02;865976
FR0000125007;30/05/17;49.705;50.06;49.425;50.05;1956891
FR0000125007;31/05/17;50.00;50.26;49.58;49.775;3029432
FR0000125007;01/06/17;50.01;50.74;49.90;50.47;1606198
FR0000125007;02/06/17;50.10;50.40;49.83;50.00;3181928
FR0000125007;05/06/17;50.20;50.20;49.835;50.02;1111329
FR0000125007;06/06/17;49.80;49.895;49.05;49.24;2106265
FR0000125007;07/06/17;49.295;49.485;49.09;49.215;1982172
FR0000125007;08/06/17;49.26;49.43;48.88;49.27;2034768
FR0000125007;09/06/17;49.40;50.18;49.28;49.97;2379626
FR0000125007;12/06/17;48.78;48.905;48.41;48.665;2775943
FR0000125007;13/06/17;48.81;49.245;48.625;48.935;1948712
FR0000125007;14/06/17;49.095;49.745;48.84;48.85;1829155
FR0000125007;15/06/17;48.80;48.855;47.74;47.98;2679019
FR0000125007;16/06/17;48.00;48.575;47.97;48.14;3116460
FR0000125007;19/06/17;48.635;49.06;48.59;48.665;1332253
FR0000125007;20/06/17;48.91;48.91;48.30;48.34;1447522
FR0000125007;21/06/17;48.20;48.455;47.80;48.365;1622921
FR0000125007;22/06/17;48.185;48.285;47.805;48.17;1590281
FR0000125007;23/06/17;48.08;48.265;47.84;48.205;1568272
FR0000125007;26/06/17;48.49;48.545;48.07;48.07;1617685
FR0000125007;27/06/17;47.905;47.905;47.035;47.56;2786567
FR0000125007;28/06/17;47.335;47.82;46.785;47.52;2302104
FR0000125007;29/06/17;47.68;47.855;46.40;46.70;2560758
FR0000125007;30/06/17;46.63;47.775;46.535;46.78;2529635
FR0000125007;03/07/17;47.17;47.50;47.155;47.43;1429012
FR0000125007;04/07/17;47.13;47.49;47.08;47.205;1065969
FR0000125007;05/07/17;47.175;47.73;47.125;47.655;1710430
FR0000125007;06/07/17;47.70;47.77;46.78;47.195;2140760
FR0000125007;07/07/17;47.385;47.395;46.77;47.115;1443761
FR0000125007;10/07/17;47.11;47.51;46.955;47.33;1306113
FR0000125007;11/07/17;47.48;47.61;46.725;46.795;1043012
FR0000125007;12/07/17;47.00;48.055;46.88;47.95;1992634
FR0000125007;13/07/17;47.61;48.25;47.50;48.03;1537087
FR0000125007;14/07/17;48.06;48.075;47.60;47.75;1042276
FR0000125007;17/07/17;47.88;47.975;47.325;47.435;998944
FR0000125007;18/07/17;47.40;47.55;47.095;47.405;1621358
FR0000125007;19/07/17;47.545;47.655;47.02;47.415;1140015
FR0000125007;20/07/17;47.77;48.47;47.30;47.56;1684389
FR0000125007;21/07/17;47.495;47.545;46.00;46.625;2669389
FR0000125007;24/07/17;47.15;47.32;46.67;47.00;1809129
FR0000125007;25/07/17;47.00;47.26;46.56;46.715;2102241
FR0000125007;26/07/17;46.70;47.395;46.46;47.395;1596329
FR0000125007;27/07/17;47.29;47.77;46.485;46.735;2112371
FR0000125007;28/07/17;46.75;47.71;46.67;47.41;3288723
FR0000125007;31/07/17;47.38;47.47;46.79;46.89;2037557
FR0000125007;01/08/17;48.405;48.405;46.995;47.485;1771967
FR0000125007;02/08/17;47.545;47.91;47.21;47.33;2253477
FR0000125007;03/08/17;47.29;48.015;47.13;47.65;1551987
FR0000125007;04/08/17;47.545;48.46;47.445;48.25;1453689
FR0000125007;07/08/17;48.33;48.465;48.18;48.405;810180
FR0000125007;08/08/17;48.33;48.42;48.015;48.165;1149868
FR0000125007;09/08/17;47.80;47.80;46.98;47.35;1736228
FR0000125007;10/08/17;47.30;47.405;46.56;46.79;1354671
FR0000125007;11/08/17;46.645;46.645;45.905;46.02;1659004
FR0000125007;14/08/17;46.22;46.90;46.135;46.765;1031352
FR0000125007;15/08/17;47.00;47.215;46.685;46.87;858096
FR0000125007;16/08/17;47.045;47.45;47.00;47.245;930924
FR0000125007;17/08/17;47.04;47.14;46.565;46.68;946465
FR0000125007;18/08/17;46.21;46.365;45.91;46.31;1206934
FR0000125007;21/08/17;46.19;46.305;45.735;46.00;878487
FR0000125007;22/08/17;46.21;46.55;46.13;46.455;875943
FR0000125007;23/08/17;46.395;46.765;45.985;46.135;1073398
FR0000125007;24/08/17;46.28;46.45;46.03;46.03;942451
FR0000125007;25/08/17;46.12;46.405;45.87;45.95;807604
FR0000125007;28/08/17;45.75;46.075;45.51;45.83;763666
FR0000125007;29/08/17;45.52;45.80;44.865;45.25;1838437
FR0000125007;30/08/17;45.585;45.77;45.395;45.66;974210
FR0000125007;31/08/17;46.215;46.495;45.96;46.075;1816926
FR0000125007;01/09/17;46.28;47.01;46.27;46.675;1510055
FR0000125007;04/09/17;46.315;46.65;46.29;46.53;821406
FR0000125007;05/09/17;46.54;46.905;46.395;46.575;992377
FR0000125007;06/09/17;46.23;46.68;45.985;46.47;1035805
FR0000125007;07/09/17;46.765;47.265;46.60;47.03;1715978
FR0000125007;08/09/17;46.75;46.94;46.67;46.915;929500
FR0000125007;11/09/17;47.25;47.98;47.185;47.865;1323920
FR0000125007;12/09/17;47.99;48.95;47.805;48.68;2199844
FR0000125007;13/09/17;48.715;48.875;48.415;48.765;1646668
FR0000125007;14/09/17;48.865;49.45;48.785;49.24;2085568
FR0000125007;15/09/17;49.175;49.395;48.875;49.115;5864206
FR0000125007;18/09/17;49.295;49.40;49.05;49.365;1167926
FR0000125007;19/09/17;49.285;49.365;49.125;49.305;1186307
