NL0000226223;01/09/16;6.75;6.802;6.664;6.69;1484951
NL0000226223;02/09/16;6.51;6.58;6.404;6.503;2688690
NL0000226223;05/09/16;6.515;6.58;6.461;6.509;1382941
NL0000226223;06/09/16;6.547;6.654;6.536;6.619;2432928
NL0000226223;07/09/16;6.609;6.81;6.595;6.81;1933821
NL0000226223;08/09/16;6.784;6.818;6.699;6.759;1923001
NL0000226223;09/09/16;6.746;6.789;6.681;6.77;1887847
NL0000226223;12/09/16;6.589;6.689;6.545;6.684;1898320
NL0000226223;13/09/16;6.725;6.809;6.725;6.778;1983499
NL0000226223;14/09/16;6.791;6.837;6.737;6.743;3155916
NL0000226223;15/09/16;6.783;6.886;6.705;6.886;2439914
NL0000226223;16/09/16;6.825;6.975;6.805;6.852;3488844
NL0000226223;19/09/16;6.872;7.05;6.868;7.027;3235481
NL0000226223;20/09/16;6.999;7.15;6.967;7.131;2064944
NL0000226223;21/09/16;7.149;7.215;7.149;7.196;2184593
NL0000226223;22/09/16;7.219;7.307;7.204;7.263;1940209
NL0000226223;23/09/16;7.228;7.248;7.159;7.186;1230618
NL0000226223;26/09/16;7.161;7.163;7.057;7.145;1836788
NL0000226223;27/09/16;7.196;7.212;7.078;7.145;2156185
NL0000226223;28/09/16;7.207;7.249;7.166;7.237;1798822
NL0000226223;29/09/16;7.277;7.32;6.977;6.99;2257438
NL0000226223;30/09/16;7.00;7.266;6.941;7.266;3108096
NL0000226223;03/10/16;7.203;7.26;7.163;7.201;1471014
NL0000226223;04/10/16;7.252;7.26;7.179;7.248;1718987
NL0000226223;05/10/16;7.149;7.278;7.105;7.232;1532438
NL0000226223;06/10/16;7.278;7.34;7.24;7.335;1955982
NL0000226223;07/10/16;7.35;7.45;7.271;7.425;1923675
NL0000226223;10/10/16;7.50;7.535;7.436;7.51;1712882
NL0000226223;11/10/16;7.453;7.477;7.28;7.299;2003471
NL0000226223;12/10/16;7.286;7.286;7.087;7.096;2134565
NL0000226223;13/10/16;7.146;7.303;7.062;7.127;2401148
NL0000226223;14/10/16;7.181;7.287;7.095;7.239;1271462
NL0000226223;17/10/16;7.278;7.396;7.216;7.349;1288565
NL0000226223;18/10/16;7.387;7.499;7.38;7.473;2330711
NL0000226223;19/10/16;7.45;7.598;7.40;7.506;2158203
NL0000226223;20/10/16;7.541;7.541;7.305;7.329;1709942
NL0000226223;21/10/16;7.348;7.503;7.321;7.403;2197964
NL0000226223;24/10/16;7.397;7.451;7.368;7.422;1361196
NL0000226223;25/10/16;7.407;7.435;7.237;7.246;2017256
NL0000226223;26/10/16;7.259;7.283;7.151;7.224;2006446
NL0000226223;27/10/16;7.52;8.00;7.52;7.984;5860387
NL0000226223;28/10/16;7.975;8.434;7.89;8.434;4276965
NL0000226223;31/10/16;8.422;8.71;8.381;8.687;3433193
NL0000226223;01/11/16;8.695;8.705;8.336;8.383;2388582
NL0000226223;02/11/16;8.312;8.438;8.172;8.188;2964715
NL0000226223;03/11/16;8.127;8.20;8.07;8.11;2489454
NL0000226223;04/11/16;8.174;8.274;8.008;8.105;2263125
NL0000226223;07/11/16;8.154;8.443;8.154;8.443;2700216
NL0000226223;08/11/16;8.50;8.50;8.295;8.462;1575438
NL0000226223;09/11/16;8.051;8.60;8.044;8.60;2892739
NL0000226223;10/11/16;8.62;8.748;8.28;8.311;3116467
NL0000226223;11/11/16;8.353;8.386;8.21;8.265;2335713
NL0000226223;14/11/16;8.372;8.575;8.372;8.468;1658045
NL0000226223;15/11/16;8.476;8.558;8.398;8.555;1846623
NL0000226223;16/11/16;8.59;8.67;8.397;8.585;1496256
NL0000226223;17/11/16;8.568;8.706;8.46;8.706;1763834
NL0000226223;18/11/16;8.70;8.90;8.642;8.883;3051014
NL0000226223;21/11/16;8.869;9.026;8.829;8.981;2654546
NL0000226223;22/11/16;9.10;9.296;9.072;9.276;3029563
NL0000226223;23/11/16;9.275;9.398;9.187;9.375;2198972
NL0000226223;24/11/16;9.358;9.48;9.29;9.349;1619426
NL0000226223;25/11/16;9.353;9.353;9.205;9.26;1877976
NL0000226223;28/11/16;9.20;9.23;9.087;9.218;1733962
NL0000226223;29/11/16;9.218;9.396;9.181;9.311;2341410
NL0000226223;30/11/16;9.266;9.65;9.266;9.624;3895774
NL0000226223;01/12/16;9.65;9.70;9.326;9.391;2824652
NL0000226223;02/12/16;9.236;9.358;9.095;9.299;2190561
NL0000226223;05/12/16;9.299;9.613;9.242;9.564;2100122
NL0000226223;06/12/16;9.588;9.729;9.498;9.671;1922249
NL0000226223;07/12/16;9.761;9.84;9.579;9.671;2266079
NL0000226223;08/12/16;9.748;10.13;9.61;10.13;3520997
NL0000226223;09/12/16;10.125;10.325;9.969;9.981;3353306
NL0000226223;12/12/16;9.98;10.06;9.848;9.871;1625796
NL0000226223;13/12/16;9.845;10.12;9.836;10.095;1708004
NL0000226223;14/12/16;10.055;10.185;9.999;10.07;3183540
NL0000226223;15/12/16;10.09;10.325;10.005;10.215;2367146
NL0000226223;16/12/16;10.265;10.525;10.235;10.43;4329694
NL0000226223;19/12/16;10.35;10.59;10.32;10.475;2596160
NL0000226223;20/12/16;10.52;10.69;10.505;10.645;2175576
NL0000226223;21/12/16;10.635;10.745;10.555;10.72;1355336
NL0000226223;22/12/16;10.74;10.805;10.54;10.615;1620974
NL0000226223;23/12/16;10.62;10.745;10.59;10.745;761645
NL0000226223;27/12/16;10.785;10.84;10.70;10.84;531310
NL0000226223;28/12/16;10.87;10.90;10.74;10.795;1105813
NL0000226223;29/12/16;10.77;10.80;10.65;10.70;988400
NL0000226223;30/12/16;10.70;10.875;10.695;10.775;846332
NL0000226223;02/01/17;10.795;10.855;10.76;10.805;464252
NL0000226223;03/01/17;10.84;10.89;10.54;10.54;2067400
NL0000226223;04/01/17;10.335;10.415;10.165;10.415;3589923
NL0000226223;05/01/17;10.38;10.525;10.29;10.395;3046458
NL0000226223;06/01/17;10.40;10.40;10.01;10.21;2604361
NL0000226223;09/01/17;10.275;10.55;10.26;10.505;2610535
NL0000226223;10/01/17;10.57;10.81;10.56;10.715;2427419
NL0000226223;11/01/17;10.705;10.88;10.65;10.815;1820267
NL0000226223;12/01/17;10.78;10.79;10.59;10.67;1930781
NL0000226223;13/01/17;10.68;10.97;10.68;10.97;1593631
NL0000226223;16/01/17;10.94;11.08;10.74;10.78;1848984
NL0000226223;17/01/17;10.80;10.91;10.69;10.705;1925230
NL0000226223;18/01/17;10.70;10.82;10.56;10.82;2195190
NL0000226223;19/01/17;10.75;10.945;10.75;10.88;1978849
NL0000226223;20/01/17;10.975;10.975;10.775;10.85;1629232
NL0000226223;23/01/17;10.795;10.885;10.69;10.77;1399209
NL0000226223;24/01/17;10.855;11.095;10.85;11.03;2476557
NL0000226223;25/01/17;11.18;11.54;11.12;11.20;2235744
NL0000226223;26/01/17;11.70;12.315;11.49;12.055;5082810
NL0000226223;27/01/17;12.30;12.625;11.93;12.50;4523437
NL0000226223;30/01/17;12.57;12.81;12.435;12.495;3239733
NL0000226223;31/01/17;12.56;12.615;12.05;12.195;3221050
NL0000226223;01/02/17;12.30;12.74;12.30;12.615;2518618
NL0000226223;02/02/17;12.68;13.235;12.63;13.235;3925565
NL0000226223;03/02/17;13.24;13.355;13.02;13.275;3699067
NL0000226223;06/02/17;13.31;13.325;13.01;13.19;1990956
NL0000226223;07/02/17;13.205;13.465;13.15;13.39;2104111
NL0000226223;08/02/17;13.45;13.60;12.98;13.015;3400701
NL0000226223;09/02/17;13.13;13.235;12.56;12.85;3895506
NL0000226223;10/02/17;12.90;12.935;12.47;12.72;3236107
NL0000226223;13/02/17;12.79;13.02;12.75;12.915;1758550
NL0000226223;14/02/17;12.93;12.97;12.765;12.97;1421478
NL0000226223;15/02/17;13.015;13.175;12.84;13.13;1556935
NL0000226223;16/02/17;13.145;13.49;13.125;13.345;2609471
NL0000226223;17/02/17;13.45;13.45;13.075;13.315;2676564
NL0000226223;20/02/17;13.39;13.585;13.225;13.585;1896691
NL0000226223;21/02/17;13.535;13.82;13.46;13.755;2223171
NL0000226223;22/02/17;13.985;14.45;13.945;14.165;3643294
NL0000226223;23/02/17;14.225;14.405;14.175;14.27;2242271
NL0000226223;24/02/17;14.31;14.44;13.915;14.16;2394230
NL0000226223;27/02/17;14.27;14.59;14.205;14.49;2257306
NL0000226223;28/02/17;14.60;14.645;14.26;14.40;2050376
NL0000226223;01/03/17;14.47;14.68;14.425;14.67;1809268
NL0000226223;02/03/17;14.775;14.825;14.555;14.715;2163916
NL0000226223;03/03/17;14.77;14.81;14.59;14.73;1719653
NL0000226223;06/03/17;14.70;14.70;14.42;14.44;1444901
NL0000226223;07/03/17;14.50;14.59;14.43;14.575;2498779
NL0000226223;08/03/17;14.515;14.84;14.51;14.775;1937134
NL0000226223;09/03/17;14.78;14.78;13.77;14.395;4728432
NL0000226223;10/03/17;14.395;14.40;14.18;14.19;2293001
NL0000226223;13/03/17;14.155;14.40;13.80;14.235;3885809
NL0000226223;14/03/17;14.205;14.305;14.115;14.29;1648719
NL0000226223;15/03/17;14.345;14.45;14.13;14.435;2175414
NL0000226223;16/03/17;14.515;14.60;14.395;14.445;2107466
NL0000226223;17/03/17;14.50;14.595;14.37;14.525;2298925
NL0000226223;20/03/17;14.50;14.55;14.23;14.335;2815916
NL0000226223;21/03/17;14.415;14.415;13.69;13.735;2082390
NL0000226223;22/03/17;13.60;13.995;13.305;13.95;3354093
NL0000226223;23/03/17;13.975;14.18;13.89;14.18;1773772
NL0000226223;24/03/17;14.19;14.805;14.07;14.785;2719093
NL0000226223;27/03/17;14.55;14.75;14.17;14.405;2004642
NL0000226223;28/03/17;14.515;14.515;14.31;14.455;1837648
NL0000226223;29/03/17;14.40;14.57;14.325;14.45;1859667
NL0000226223;30/03/17;14.49;14.535;14.33;14.365;1497456
NL0000226223;31/03/17;14.435;14.46;14.305;14.33;1281764
NL0000226223;03/04/17;14.465;14.53;14.26;14.29;1637350
NL0000226223;04/04/17;14.25;14.335;14.085;14.215;1286654
NL0000226223;05/04/17;14.22;14.63;14.14;14.345;2803677
NL0000226223;06/04/17;14.275;14.445;14.155;14.295;1975824
NL0000226223;07/04/17;14.44;14.69;14.345;14.675;2029189
NL0000226223;10/04/17;14.67;14.72;14.455;14.575;1472436
NL0000226223;11/04/17;14.46;14.525;13.955;14.045;3077209
NL0000226223;12/04/17;14.14;14.29;13.91;13.93;1546760
NL0000226223;13/04/17;13.805;13.95;13.625;13.865;1890129
NL0000226223;18/04/17;13.90;13.93;13.325;13.50;2177266
NL0000226223;19/04/17;13.50;13.735;13.21;13.625;2473702
NL0000226223;20/04/17;13.575;13.87;13.545;13.725;1445880
NL0000226223;21/04/17;13.77;13.995;13.62;13.65;1948119
NL0000226223;24/04/17;14.07;14.19;13.85;14.105;2294509
NL0000226223;25/04/17;14.185;14.755;14.185;14.755;3082592
NL0000226223;26/04/17;14.745;14.78;14.48;14.505;2091340
NL0000226223;27/04/17;14.56;15.03;14.14;14.32;5251098
NL0000226223;28/04/17;14.35;14.85;14.345;14.85;3213114
NL0000226223;02/05/17;14.85;15.335;14.85;15.11;3841456
NL0000226223;03/05/17;15.085;15.09;14.70;14.845;2298476
NL0000226223;04/05/17;14.815;14.99;14.665;14.795;1473615
NL0000226223;05/05/17;14.83;15.05;14.715;15.05;1915429
NL0000226223;08/05/17;15.195;15.22;14.755;15.04;2112676
NL0000226223;09/05/17;15.04;15.205;15.01;15.15;1615850
NL0000226223;10/05/17;15.225;15.445;15.16;15.395;2153159
NL0000226223;11/05/17;15.395;15.585;14.89;15.06;4746893
NL0000226223;12/05/17;15.26;15.42;15.07;15.17;3023283
NL0000226223;15/05/17;15.18;15.365;15.10;15.315;2156097
NL0000226223;16/05/17;15.40;15.41;15.14;15.395;2038596
NL0000226223;17/05/17;15.35;15.40;14.56;14.70;2654430
NL0000226223;18/05/17;14.455;14.615;14.065;14.485;4570832
NL0000226223;19/05/17;14.57;14.80;14.515;14.675;1942652
NL0000226223;22/05/17;14.655;14.655;14.225;14.365;1807047
NL0000226223;23/05/17;14.42;14.52;14.31;14.42;1966159
NL0000226223;24/05/17;14.37;14.635;14.37;14.54;1581637
NL0000226223;25/05/17;14.61;14.815;14.27;14.735;1712778
NL0000226223;26/05/17;14.655;14.72;14.485;14.715;1284876
NL0000226223;29/05/17;14.71;14.74;14.435;14.50;866831
NL0000226223;30/05/17;14.375;14.83;14.34;14.805;1563079
NL0000226223;31/05/17;14.85;14.92;14.61;14.685;2592334
NL0000226223;01/06/17;14.625;14.715;14.375;14.555;1532195
NL0000226223;02/06/17;14.59;14.96;14.585;14.73;1843522
NL0000226223;05/06/17;14.775;14.84;14.51;14.75;873418
NL0000226223;06/06/17;14.695;14.70;14.365;14.51;1822518
NL0000226223;07/06/17;14.50;15.13;14.435;15.045;2320699
NL0000226223;08/06/17;15.12;15.34;15.075;15.22;2232624
NL0000226223;09/06/17;15.36;15.57;15.22;15.32;2689988
NL0000226223;12/06/17;14.70;14.70;13.67;13.96;6857792
NL0000226223;13/06/17;14.05;14.32;13.94;14.10;3384594
NL0000226223;14/06/17;14.195;14.36;13.90;13.90;2207495
NL0000226223;15/06/17;13.80;13.81;13.37;13.545;3486665
NL0000226223;16/06/17;13.655;13.80;13.515;13.55;3028207
NL0000226223;19/06/17;13.715;14.025;13.63;13.975;1986538
NL0000226223;20/06/17;13.99;14.195;13.635;13.635;2480220
NL0000226223;21/06/17;13.54;13.80;13.42;13.755;2318794
NL0000226223;22/06/17;13.645;13.65;13.14;13.42;7240548
NL0000226223;23/06/17;13.55;13.71;13.37;13.41;5204561
NL0000226223;26/06/17;13.395;13.50;12.935;12.94;3745965
NL0000226223;27/06/17;13.035;13.295;12.82;12.82;4069542
NL0000226223;28/06/17;12.595;12.835;12.40;12.815;4649221
NL0000226223;29/06/17;13.10;13.10;12.465;12.51;4387716
NL0000226223;30/06/17;12.565;12.795;12.45;12.57;3880891
NL0000226223;03/07/17;12.805;12.82;12.57;12.675;2056036
NL0000226223;04/07/17;12.60;12.62;12.45;12.51;1777149
NL0000226223;05/07/17;12.525;12.95;12.47;12.875;2875270
NL0000226223;06/07/17;12.94;13.11;12.73;12.99;3381954
NL0000226223;07/07/17;13.02;13.28;12.89;13.155;2772181
NL0000226223;10/07/17;13.26;13.445;13.26;13.425;2163132
NL0000226223;11/07/17;13.72;13.80;13.385;13.39;4806296
NL0000226223;12/07/17;13.54;13.845;13.515;13.82;3006018
NL0000226223;13/07/17;13.92;14.00;13.725;13.84;2890842
NL0000226223;14/07/17;13.85;13.92;13.685;13.86;1865946
NL0000226223;17/07/17;13.945;14.18;13.84;13.865;3303324
NL0000226223;18/07/17;13.845;13.92;13.565;13.67;3084844
NL0000226223;19/07/17;13.77;14.115;13.77;14.01;3378774
NL0000226223;20/07/17;14.155;14.35;13.94;14.165;3401793
NL0000226223;21/07/17;14.065;14.345;13.93;14.065;2942581
NL0000226223;24/07/17;14.07;14.335;14.00;14.25;2501566
NL0000226223;25/07/17;14.335;14.525;14.245;14.34;4259013
NL0000226223;26/07/17;14.86;14.90;14.43;14.625;3415926
NL0000226223;27/07/17;14.555;14.715;14.405;14.615;2045882
NL0000226223;28/07/17;14.225;14.395;14.05;14.24;3164131
NL0000226223;31/07/17;14.255;14.535;14.22;14.43;3057467
NL0000226223;01/08/17;14.38;14.495;14.225;14.37;2286164
NL0000226223;02/08/17;14.555;14.75;14.40;14.505;2818496
NL0000226223;03/08/17;14.50;14.685;14.465;14.67;2354679
NL0000226223;04/08/17;14.495;14.615;14.315;14.56;2692386
NL0000226223;07/08/17;14.565;14.685;14.445;14.67;1549616
NL0000226223;08/08/17;14.67;14.835;14.58;14.83;1781059
NL0000226223;09/08/17;14.63;14.67;14.475;14.59;2226568
NL0000226223;10/08/17;14.515;14.69;14.30;14.36;1808449
NL0000226223;11/08/17;14.19;14.195;13.745;13.97;3095503
NL0000226223;14/08/17;14.125;14.335;14.085;14.29;1290995
NL0000226223;15/08/17;14.43;14.565;14.255;14.44;1091400
NL0000226223;16/08/17;14.485;14.57;14.335;14.56;1213484
NL0000226223;17/08/17;14.50;14.63;14.40;14.40;1746189
NL0000226223;18/08/17;14.22;14.225;14.08;14.18;1915081
NL0000226223;21/08/17;14.125;14.265;13.995;14.09;1898302
NL0000226223;22/08/17;14.16;14.46;14.145;14.46;1400063
NL0000226223;23/08/17;14.43;14.545;14.305;14.40;1247222
NL0000226223;24/08/17;14.425;14.535;14.345;14.345;1308162
NL0000226223;25/08/17;14.42;14.58;14.35;14.435;1282395
NL0000226223;28/08/17;14.325;14.42;14.18;14.395;954962
NL0000226223;29/08/17;14.315;14.315;14.005;14.10;1974440
NL0000226223;30/08/17;14.21;14.28;14.055;14.195;1312860
NL0000226223;31/08/17;14.225;14.68;14.225;14.555;2643945
NL0000226223;01/09/17;14.69;14.865;14.675;14.735;1781267
NL0000226223;04/09/17;14.58;15.015;14.545;14.915;1532237
NL0000226223;05/09/17;14.945;15.17;14.855;15.015;1917268
NL0000226223;06/09/17;14.935;15.10;14.755;15.08;2051392
NL0000226223;07/09/17;15.165;15.475;15.125;15.47;3292476
NL0000226223;08/09/17;15.53;15.88;15.49;15.57;6686697
NL0000226223;11/09/17;15.695;15.875;15.55;15.775;2639604
NL0000226223;12/09/17;15.93;16.11;15.69;15.73;3370169
NL0000226223;13/09/17;15.58;15.78;15.45;15.755;4167948
NL0000226223;14/09/17;15.725;16.08;15.615;16.08;4492544
NL0000226223;15/09/17;16.05;16.175;15.925;16.07;17138626
NL0000226223;18/09/17;16.075;16.435;16.05;16.435;2794238
NL0000226223;19/09/17;16.375;16.58;16.285;16.58;3613971
