FR0000121220;01/09/16;104.25;105.10;104.00;104.75;153860
FR0000121220;02/09/16;104.85;106.05;103.50;106.00;313640
FR0000121220;05/09/16;106.40;106.85;105.65;106.55;130104
FR0000121220;06/09/16;106.55;106.75;105.30;105.65;139956
FR0000121220;07/09/16;105.95;106.45;105.20;106.10;161485
FR0000121220;08/09/16;106.05;106.90;104.90;104.90;242224
FR0000121220;09/09/16;104.90;105.10;103.05;103.25;152321
FR0000121220;12/09/16;102.25;102.60;101.45;102.10;195137
FR0000121220;13/09/16;102.45;103.15;101.75;101.80;143545
FR0000121220;14/09/16;101.85;102.70;101.35;101.35;192725
FR0000121220;15/09/16;101.35;102.60;101.10;102.30;162246
FR0000121220;16/09/16;101.80;102.50;101.05;101.90;419884
FR0000121220;19/09/16;103.75;105.65;103.60;104.40;321534
FR0000121220;20/09/16;104.35;105.35;104.05;104.45;211088
FR0000121220;21/09/16;105.15;105.50;104.15;104.30;167957
FR0000121220;22/09/16;104.95;105.35;104.60;104.80;146406
FR0000121220;23/09/16;104.60;105.35;104.30;105.35;158675
FR0000121220;26/09/16;104.85;104.85;103.70;103.75;179603
FR0000121220;27/09/16;104.55;104.75;103.30;104.50;159131
FR0000121220;28/09/16;104.70;105.85;104.65;105.20;93251
FR0000121220;29/09/16;106.75;107.50;105.55;105.75;162080
FR0000121220;30/09/16;104.50;106.15;103.75;106.00;209615
FR0000121220;03/10/16;105.40;107.25;105.35;107.25;113947
FR0000121220;04/10/16;107.60;108.20;107.45;107.70;172628
FR0000121220;05/10/16;107.10;107.30;105.15;105.20;188845
FR0000121220;06/10/16;105.80;105.95;104.85;105.00;113955
FR0000121220;07/10/16;105.15;105.15;102.05;102.15;278824
FR0000121220;10/10/16;102.65;103.55;101.80;103.30;215523
FR0000121220;11/10/16;103.40;104.15;103.20;103.35;147094
FR0000121220;12/10/16;103.55;103.60;102.80;103.10;144457
FR0000121220;13/10/16;102.45;102.65;100.90;101.60;281768
FR0000121220;14/10/16;101.95;103.30;101.80;103.00;186898
FR0000121220;17/10/16;102.85;103.15;102.25;102.70;153014
FR0000121220;18/10/16;103.05;105.40;103.05;105.25;222894
FR0000121220;19/10/16;105.00;106.10;104.55;105.60;169157
FR0000121220;20/10/16;105.95;105.95;104.90;105.75;138685
FR0000121220;21/10/16;105.85;106.05;105.15;105.80;116464
FR0000121220;24/10/16;106.00;106.60;104.65;104.90;136334
FR0000121220;25/10/16;105.20;105.95;103.90;104.00;187454
FR0000121220;26/10/16;103.75;104.05;102.60;102.85;215152
FR0000121220;27/10/16;102.70;105.10;102.55;103.45;202662
FR0000121220;28/10/16;103.00;104.45;102.35;103.85;169656
FR0000121220;31/10/16;103.80;106.00;103.75;105.80;248125
FR0000121220;01/11/16;106.05;106.20;104.30;104.65;142480
FR0000121220;02/11/16;104.25;105.15;103.30;103.65;174638
FR0000121220;03/11/16;103.30;103.75;102.30;102.45;188555
FR0000121220;04/11/16;102.25;102.25;100.55;100.90;232321
FR0000121220;07/11/16;102.00;102.65;100.90;102.65;200856
FR0000121220;08/11/16;102.70;104.05;102.65;103.65;180139
FR0000121220;09/11/16;100.60;102.50;100.00;102.50;327374
FR0000121220;10/11/16;102.70;103.30;97.57;99.11;521010
FR0000121220;11/11/16;99.30;99.30;97.76;98.40;313489
FR0000121220;14/11/16;99.13;99.30;97.74;98.54;273079
FR0000121220;15/11/16;99.08;99.34;97.80;98.06;390559
FR0000121220;16/11/16;98.00;99.23;96.49;98.81;563040
FR0000121220;17/11/16;98.25;98.64;96.02;97.70;585792
FR0000121220;18/11/16;98.03;100.80;98.03;100.60;454210
FR0000121220;21/11/16;101.15;102.55;100.55;101.35;326219
FR0000121220;22/11/16;101.50;102.15;98.56;99.69;399907
FR0000121220;23/11/16;99.94;100.95;99.90;100.35;328023
FR0000121220;24/11/16;100.70;101.05;100.20;100.55;138846
FR0000121220;25/11/16;100.60;100.85;100.10;100.50;146012
FR0000121220;28/11/16;100.60;100.70;99.38;100.50;196703
FR0000121220;29/11/16;100.55;102.40;100.10;102.40;289268
FR0000121220;30/11/16;102.55;103.45;102.55;103.20;589004
FR0000121220;01/12/16;102.70;102.95;102.35;102.60;342587
FR0000121220;02/12/16;102.30;102.50;101.60;101.60;491929
FR0000121220;05/12/16;101.05;103.25;101.05;102.90;272378
FR0000121220;06/12/16;102.80;103.10;101.60;102.10;270439
FR0000121220;07/12/16;102.70;103.65;102.25;103.50;205441
FR0000121220;08/12/16;103.90;104.30;103.20;103.30;291065
FR0000121220;09/12/16;103.15;106.30;103.15;106.05;307478
FR0000121220;12/12/16;106.10;106.10;104.95;105.25;191926
FR0000121220;13/12/16;104.90;106.35;104.90;105.80;213662
FR0000121220;14/12/16;105.60;106.45;105.60;105.90;188640
FR0000121220;15/12/16;106.00;106.85;105.40;106.70;252870
FR0000121220;16/12/16;106.35;106.80;105.85;106.05;445926
FR0000121220;19/12/16;106.15;107.55;106.15;107.20;243403
FR0000121220;20/12/16;107.40;107.45;106.25;107.00;188608
FR0000121220;21/12/16;106.95;107.85;106.75;107.45;181021
FR0000121220;22/12/16;107.25;108.05;107.00;108.00;165843
FR0000121220;23/12/16;108.00;108.55;107.75;108.15;101255
FR0000121220;27/12/16;108.10;109.00;108.10;108.80;72898
FR0000121220;28/12/16;109.00;109.00;107.95;108.75;87472
FR0000121220;29/12/16;108.20;109.15;108.20;109.05;94471
FR0000121220;30/12/16;109.20;109.45;108.65;109.20;96893
FR0000121220;02/01/17;108.95;110.15;108.80;110.05;80623
FR0000121220;03/01/17;110.20;111.15;109.55;109.55;237884
FR0000121220;04/01/17;110.15;110.40;109.05;109.05;252164
FR0000121220;05/01/17;108.80;109.25;108.30;108.65;231261
FR0000121220;06/01/17;108.70;109.30;108.10;108.30;212146
FR0000121220;09/01/17;108.65;109.45;108.50;109.10;255817
FR0000121220;10/01/17;109.35;110.10;108.65;109.00;257061
FR0000121220;11/01/17;108.95;109.40;107.95;107.95;227275
FR0000121220;12/01/17;104.80;107.60;103.40;104.45;550772
FR0000121220;13/01/17;104.00;104.90;102.25;103.75;702737
FR0000121220;16/01/17;103.20;104.70;102.90;104.40;239177
FR0000121220;17/01/17;104.20;104.55;103.25;103.70;313546
FR0000121220;18/01/17;104.10;104.10;102.60;102.80;333794
FR0000121220;19/01/17;102.70;103.80;102.25;103.15;344369
FR0000121220;20/01/17;103.15;103.15;102.00;102.90;291215
FR0000121220;23/01/17;102.80;103.65;102.35;103.15;307287
FR0000121220;24/01/17;103.00;103.50;102.70;103.00;329248
FR0000121220;25/01/17;103.65;104.25;103.45;103.65;281531
FR0000121220;26/01/17;103.70;104.40;103.50;104.40;297967
FR0000121220;27/01/17;104.45;104.70;103.60;104.25;200990
FR0000121220;30/01/17;104.00;104.00;102.85;103.20;244963
FR0000121220;31/01/17;103.15;103.45;102.25;102.35;316830
FR0000121220;01/02/17;102.60;103.40;102.00;102.15;224107
FR0000121220;02/02/17;102.00;103.85;102.00;103.40;253663
FR0000121220;03/02/17;103.90;104.05;103.35;103.35;243283
FR0000121220;06/02/17;101.40;102.00;100.00;100.75;297812
FR0000121220;07/02/17;100.55;101.80;100.45;101.35;202328
FR0000121220;08/02/17;101.30;102.45;101.20;101.85;240767
FR0000121220;09/02/17;102.40;102.50;101.50;101.65;270842
FR0000121220;10/02/17;101.85;102.40;101.35;102.15;218908
FR0000121220;13/02/17;102.25;103.30;101.90;102.60;210050
FR0000121220;14/02/17;102.25;103.65;102.25;103.25;252074
FR0000121220;15/02/17;103.40;104.10;102.60;103.75;272164
FR0000121220;16/02/17;104.25;104.40;103.15;103.65;241802
FR0000121220;17/02/17;103.45;104.15;103.15;103.75;279509
FR0000121220;20/02/17;104.25;104.30;103.45;103.80;144141
FR0000121220;21/02/17;104.00;104.15;103.05;103.30;227294
FR0000121220;22/02/17;103.35;104.20;103.05;103.50;210197
FR0000121220;23/02/17;103.45;104.30;103.30;103.30;224856
FR0000121220;24/02/17;103.15;104.05;102.30;102.75;140803
FR0000121220;27/02/17;103.10;103.50;102.55;103.05;149790
FR0000121220;28/02/17;103.25;103.65;102.85;103.55;243736
FR0000121220;01/03/17;104.00;104.95;103.95;104.55;203439
FR0000121220;02/03/17;104.70;105.40;103.80;105.25;176544
FR0000121220;03/03/17;105.00;105.20;104.15;105.05;215270
FR0000121220;06/03/17;104.65;104.75;104.00;104.65;137717
FR0000121220;07/03/17;104.95;105.00;103.50;103.65;144439
FR0000121220;08/03/17;103.30;104.65;103.20;104.20;141391
FR0000121220;09/03/17;104.20;104.65;103.70;104.60;100584
FR0000121220;10/03/17;104.85;106.20;104.75;104.85;282212
FR0000121220;13/03/17;105.00;105.45;104.20;105.15;131217
FR0000121220;14/03/17;105.05;105.20;104.15;104.50;148182
FR0000121220;15/03/17;104.45;105.05;104.40;104.75;139068
FR0000121220;16/03/17;105.25;105.50;104.60;104.95;209166
FR0000121220;17/03/17;104.55;105.25;104.25;105.20;321703
FR0000121220;20/03/17;105.00;105.40;105.00;105.15;110414
FR0000121220;21/03/17;105.50;105.65;104.40;104.50;110332
FR0000121220;22/03/17;104.25;104.35;103.35;103.85;144142
FR0000121220;23/03/17;103.90;106.60;103.80;106.60;195166
FR0000121220;24/03/17;106.45;107.15;105.85;106.95;129895
FR0000121220;27/03/17;106.40;107.45;106.10;107.45;202308
FR0000121220;28/03/17;107.45;108.00;107.15;107.90;140484
FR0000121220;29/03/17;107.75;108.35;107.30;107.50;170994
FR0000121220;30/03/17;107.25;109.20;107.20;109.10;183521
FR0000121220;31/03/17;109.00;110.25;108.75;110.25;239608
FR0000121220;03/04/17;110.35;110.85;109.60;110.00;216497
FR0000121220;04/04/17;110.35;110.85;109.65;110.75;158108
FR0000121220;05/04/17;110.75;111.50;110.45;111.20;172482
FR0000121220;06/04/17;110.80;111.65;110.55;111.00;176681
FR0000121220;07/04/17;110.60;111.55;110.45;111.55;182833
FR0000121220;10/04/17;111.60;112.20;111.20;111.35;172176
FR0000121220;11/04/17;111.35;111.80;110.70;111.55;197093
FR0000121220;12/04/17;111.95;113.30;111.65;112.60;230720
FR0000121220;13/04/17;110.00;113.85;110.00;113.55;379569
FR0000121220;18/04/17;113.75;114.10;112.30;112.75;297358
FR0000121220;19/04/17;112.90;113.35;111.50;111.65;275324
FR0000121220;20/04/17;111.50;113.50;111.45;113.00;359463
FR0000121220;21/04/17;112.60;113.50;112.05;112.30;336542
FR0000121220;24/04/17;113.80;116.05;113.40;116.05;420777
FR0000121220;25/04/17;116.00;116.15;114.55;114.75;242863
FR0000121220;26/04/17;114.50;115.45;113.95;114.70;344704
FR0000121220;27/04/17;114.10;115.85;114.10;115.50;255399
FR0000121220;28/04/17;115.25;116.85;115.25;116.70;323231
FR0000121220;02/05/17;116.25;117.20;115.75;117.20;285805
FR0000121220;03/05/17;117.00;117.65;116.40;116.50;201410
FR0000121220;04/05/17;117.20;118.20;116.25;118.15;247909
FR0000121220;05/05/17;118.35;118.90;117.40;118.55;224952
FR0000121220;08/05/17;118.70;119.75;117.85;118.55;170492
FR0000121220;09/05/17;119.15;119.50;118.60;119.45;205358
FR0000121220;10/05/17;119.50;121.15;118.85;120.00;327371
FR0000121220;11/05/17;119.85;120.10;118.70;119.15;260165
FR0000121220;12/05/17;119.05;119.85;119.05;119.30;142302
FR0000121220;15/05/17;119.35;119.75;119.00;119.35;182601
FR0000121220;16/05/17;119.35;121.05;119.20;121.05;223860
FR0000121220;17/05/17;120.60;120.75;118.90;119.50;259093
FR0000121220;18/05/17;119.35;119.80;117.35;118.30;361480
FR0000121220;19/05/17;118.10;119.55;118.00;119.15;322087
FR0000121220;22/05/17;119.00;119.50;118.50;119.30;130026
FR0000121220;23/05/17;119.00;119.50;118.80;119.35;145659
FR0000121220;24/05/17;119.15;119.60;118.75;119.50;181482
FR0000121220;25/05/17;119.75;120.10;119.10;119.60;112952
FR0000121220;26/05/17;119.80;120.85;119.35;120.85;177781
FR0000121220;29/05/17;120.65;120.95;120.10;120.10;95189
FR0000121220;30/05/17;119.60;121.10;119.50;121.00;246797
FR0000121220;31/05/17;121.20;122.50;120.80;121.45;301220
FR0000121220;01/06/17;121.40;122.80;121.40;122.15;211402
FR0000121220;02/06/17;122.70;123.60;122.45;123.25;166825
FR0000121220;05/06/17;123.35;123.45;122.65;122.75;131524
FR0000121220;06/06/17;122.50;122.65;121.60;121.85;143705
FR0000121220;07/06/17;121.55;121.85;120.80;121.15;227835
FR0000121220;08/06/17;121.20;121.65;120.80;121.05;172763
FR0000121220;09/06/17;121.35;121.90;120.05;120.45;217122
FR0000121220;12/06/17;120.00;120.25;118.30;118.70;174800
FR0000121220;13/06/17;118.70;120.20;118.70;119.45;165520
FR0000121220;14/06/17;119.85;120.65;119.75;120.05;168110
FR0000121220;15/06/17;119.85;119.85;117.90;119.45;240123
FR0000121220;16/06/17;119.90;120.75;119.55;120.60;286257
FR0000121220;19/06/17;121.20;121.50;120.45;120.60;163068
FR0000121220;20/06/17;120.80;121.55;120.50;120.50;159196
FR0000121220;21/06/17;119.75;119.75;116.80;118.55;431380
FR0000121220;22/06/17;118.40;118.45;117.00;117.20;199066
FR0000121220;23/06/17;117.00;117.75;116.90;117.15;171507
FR0000121220;26/06/17;117.60;118.65;117.45;117.95;152454
FR0000121220;27/06/17;117.45;117.50;116.25;116.90;183107
FR0000121220;28/06/17;116.55;117.05;115.65;115.85;217291
FR0000121220;29/06/17;116.25;116.50;113.35;113.85;202934
FR0000121220;30/06/17;113.75;115.20;113.20;113.20;258652
FR0000121220;03/07/17;113.80;114.40;113.45;113.55;211683
FR0000121220;04/07/17;113.25;114.20;112.80;113.45;163214
FR0000121220;05/07/17;113.45;114.00;112.70;113.60;174839
FR0000121220;06/07/17;109.40;109.90;106.10;106.75;752635
FR0000121220;07/07/17;106.50;106.85;102.70;104.05;618114
FR0000121220;10/07/17;104.30;104.80;102.95;102.95;374309
FR0000121220;11/07/17;103.00;103.70;101.30;101.45;341494
FR0000121220;12/07/17;102.00;103.75;101.60;103.45;367517
FR0000121220;13/07/17;103.25;103.45;101.70;101.75;379877
FR0000121220;14/07/17;102.00;102.20;100.85;101.40;232903
FR0000121220;17/07/17;101.50;102.65;101.50;101.90;190109
FR0000121220;18/07/17;101.30;101.65;100.40;100.50;285152
FR0000121220;19/07/17;101.00;102.15;100.15;102.15;289503
FR0000121220;20/07/17;103.00;103.15;101.40;101.80;397003
FR0000121220;21/07/17;101.75;102.50;100.15;100.40;367957
FR0000121220;24/07/17;100.55;100.95;100.05;100.75;320939
FR0000121220;25/07/17;101.05;101.10;99.17;100.25;636547
FR0000121220;26/07/17;100.15;102.40;100.15;101.95;484414
FR0000121220;27/07/17;101.70;102.45;100.30;101.20;481786
FR0000121220;28/07/17;100.95;100.95;99.83;100.35;285260
FR0000121220;31/07/17;100.00;100.60;99.56;99.83;297288
FR0000121220;01/08/17;99.86;100.95;99.63;100.20;277806
FR0000121220;02/08/17;100.15;100.60;98.80;98.80;302348
FR0000121220;03/08/17;98.94;99.54;98.65;99.08;361833
FR0000121220;04/08/17;98.96;100.50;98.75;100.15;227506
FR0000121220;07/08/17;100.45;100.70;99.57;99.79;129224
FR0000121220;08/08/17;99.57;99.90;98.88;98.88;215716
FR0000121220;09/08/17;98.50;98.80;97.57;98.53;229608
FR0000121220;10/08/17;98.51;98.85;98.08;98.32;224851
FR0000121220;11/08/17;98.07;98.33;97.71;98.02;255359
FR0000121220;14/08/17;97.99;99.23;97.76;98.88;173640
FR0000121220;15/08/17;99.15;99.82;99.15;99.32;141329
FR0000121220;16/08/17;99.61;100.80;99.58;99.59;161619
FR0000121220;17/08/17;99.38;99.82;98.66;98.78;230539
FR0000121220;18/08/17;98.38;98.38;97.11;98.00;256511
FR0000121220;21/08/17;97.87;98.10;97.22;97.84;202103
FR0000121220;22/08/17;97.96;99.06;97.90;98.72;237088
FR0000121220;23/08/17;98.65;103.40;97.92;98.04;282262
FR0000121220;24/08/17;98.22;98.80;97.94;98.06;248514
FR0000121220;25/08/17;98.15;99.07;97.71;97.80;174625
FR0000121220;28/08/17;97.47;98.29;97.15;97.67;180849
FR0000121220;29/08/17;97.18;97.60;96.11;97.41;480254
FR0000121220;30/08/17;98.00;98.40;97.51;97.57;190533
FR0000121220;31/08/17;97.95;98.57;97.55;98.03;283032
FR0000121220;01/09/17;98.26;99.89;98.26;98.82;319430
FR0000121220;04/09/17;98.62;101.60;98.52;101.50;425476
FR0000121220;05/09/17;101.60;101.60;99.66;99.90;312988
FR0000121220;06/09/17;99.61;99.85;98.36;99.17;469116
FR0000121220;07/09/17;99.60;100.55;99.31;100.35;269266
FR0000121220;08/09/17;100.25;100.85;99.54;100.70;225660
FR0000121220;11/09/17;101.25;102.20;101.20;102.20;208219
FR0000121220;12/09/17;104.40;104.50;102.15;102.75;359992
FR0000121220;13/09/17;102.75;102.85;100.75;101.25;330459
FR0000121220;14/09/17;101.25;101.80;99.88;99.97;341508
FR0000121220;15/09/17;100.00;100.60;99.33;100.00;450182
FR0000121220;18/09/17;100.80;102.40;100.20;102.40;285592
FR0000121220;19/09/17;102.15;102.15;100.75;101.20;261631
