FR0000127771;01/09/16;17.34;17.57;17.34;17.525;3132296
FR0000127771;02/09/16;17.60;17.965;17.54;17.965;3790626
FR0000127771;05/09/16;18.00;18.14;17.955;18.005;2252451
FR0000127771;06/09/16;18.005;18.05;17.875;17.95;2244618
FR0000127771;07/09/16;17.995;18.035;17.87;18.025;2051232
FR0000127771;08/09/16;17.99;18.06;17.76;17.98;2670465
FR0000127771;09/09/16;17.97;17.97;17.635;17.69;2917712
FR0000127771;12/09/16;17.44;17.515;17.33;17.50;3502610
FR0000127771;13/09/16;17.57;17.62;17.27;17.27;4007464
FR0000127771;14/09/16;17.355;17.355;17.115;17.145;5514448
FR0000127771;15/09/16;17.07;17.20;16.925;17.055;4298946
FR0000127771;16/09/16;17.02;17.165;16.925;17.105;15673885
FR0000127771;19/09/16;17.255;17.49;17.255;17.385;3634457
FR0000127771;20/09/16;17.325;17.565;17.20;17.485;2908327
FR0000127771;21/09/16;17.685;17.74;17.51;17.52;1864632
FR0000127771;22/09/16;17.645;18.01;17.59;17.96;4071817
FR0000127771;23/09/16;17.94;18.005;17.885;17.98;2879206
FR0000127771;26/09/16;17.83;17.885;17.70;17.70;3928488
FR0000127771;27/09/16;17.815;17.87;17.455;17.625;3529950
FR0000127771;28/09/16;17.69;17.98;17.665;17.80;3486095
FR0000127771;29/09/16;17.90;18.035;17.87;17.925;3305478
FR0000127771;30/09/16;17.68;17.97;17.555;17.95;4573868
FR0000127771;03/10/16;17.92;17.945;17.635;17.655;3610676
FR0000127771;04/10/16;18.03;18.165;17.985;18.08;6849619
FR0000127771;05/10/16;17.925;18.135;17.89;18.12;3504885
FR0000127771;06/10/16;18.14;18.25;17.97;18.095;2945590
FR0000127771;07/10/16;18.07;18.14;17.99;18.08;2799491
FR0000127771;10/10/16;18.40;18.545;18.20;18.405;5390964
FR0000127771;11/10/16;18.31;18.425;18.17;18.195;2841233
FR0000127771;12/10/16;18.27;18.28;18.125;18.245;3415696
FR0000127771;13/10/16;18.115;18.16;17.86;18.07;3923370
FR0000127771;14/10/16;18.07;18.345;18.07;18.255;4146915
FR0000127771;17/10/16;18.17;18.305;18.075;18.085;3207063
FR0000127771;18/10/16;18.235;18.41;18.215;18.35;4316489
FR0000127771;19/10/16;18.34;18.49;18.275;18.465;2746457
FR0000127771;20/10/16;18.42;18.50;18.285;18.47;2699121
FR0000127771;21/10/16;18.53;18.615;18.37;18.615;3413496
FR0000127771;24/10/16;18.64;18.835;18.53;18.54;3093328
FR0000127771;25/10/16;18.565;18.575;18.24;18.26;2913364
FR0000127771;26/10/16;18.195;18.32;18.095;18.235;2668982
FR0000127771;27/10/16;18.24;18.42;18.105;18.42;2768048
FR0000127771;28/10/16;18.315;18.48;18.23;18.395;2506831
FR0000127771;31/10/16;18.31;18.475;18.255;18.42;2634912
FR0000127771;01/11/16;18.545;18.575;18.275;18.35;2466406
FR0000127771;02/11/16;18.29;18.325;18.125;18.205;2480960
FR0000127771;03/11/16;18.11;18.385;18.11;18.295;2710372
FR0000127771;04/11/16;18.225;18.23;18.05;18.095;2379718
FR0000127771;07/11/16;18.30;18.375;18.10;18.14;2222791
FR0000127771;08/11/16;18.10;18.19;17.875;18.01;2767683
FR0000127771;09/11/16;17.46;18.075;17.425;18.075;4020371
FR0000127771;10/11/16;18.99;20.09;18.98;19.70;12023837
FR0000127771;11/11/16;19.745;19.975;19.475;19.525;4721902
FR0000127771;14/11/16;19.725;19.87;19.475;19.575;3248063
FR0000127771;15/11/16;19.705;19.75;19.13;19.17;3753307
FR0000127771;16/11/16;19.20;19.405;19.055;19.20;4065079
FR0000127771;17/11/16;19.26;19.305;18.945;19.105;2672014
FR0000127771;18/11/16;19.08;19.095;18.355;18.355;5348438
FR0000127771;21/11/16;18.345;18.41;18.15;18.155;3879588
FR0000127771;22/11/16;18.215;18.385;17.985;18.12;4347563
FR0000127771;23/11/16;18.095;18.255;17.895;17.90;5351166
FR0000127771;24/11/16;17.955;17.955;17.695;17.775;2393355
FR0000127771;25/11/16;17.80;17.805;17.575;17.715;2388874
FR0000127771;28/11/16;17.795;17.80;17.605;17.63;3013372
FR0000127771;29/11/16;17.645;18.075;17.595;18.00;3648320
FR0000127771;30/11/16;18.00;18.07;17.935;17.99;13209740
FR0000127771;01/12/16;17.96;18.09;17.82;17.99;3203216
FR0000127771;02/12/16;17.855;17.86;17.47;17.62;3910465
FR0000127771;05/12/16;17.565;17.885;17.47;17.66;2927692
FR0000127771;06/12/16;17.74;17.90;17.605;17.90;3369504
FR0000127771;07/12/16;18.025;18.045;17.77;17.835;3230792
FR0000127771;08/12/16;17.75;17.89;17.655;17.735;4262069
FR0000127771;09/12/16;17.85;18.96;17.85;18.885;8665852
FR0000127771;12/12/16;18.80;18.85;18.415;18.495;3812708
FR0000127771;13/12/16;18.10;18.65;17.965;18.55;5183796
FR0000127771;14/12/16;18.485;18.55;18.08;18.08;5007128
FR0000127771;15/12/16;18.075;18.30;18.04;18.20;4241939
FR0000127771;16/12/16;18.14;18.295;18.085;18.18;13552785
FR0000127771;19/12/16;18.075;18.315;18.04;18.245;2579351
FR0000127771;20/12/16;18.225;18.515;18.07;18.375;3622953
FR0000127771;21/12/16;18.415;18.58;18.32;18.325;2201742
FR0000127771;22/12/16;18.27;18.35;17.855;17.855;3560591
FR0000127771;23/12/16;17.94;18.03;17.73;17.73;2012634
FR0000127771;27/12/16;17.70;17.855;17.65;17.855;1411372
FR0000127771;28/12/16;17.86;17.915;17.80;17.905;1844651
FR0000127771;29/12/16;17.87;18.035;17.82;18.00;1610928
FR0000127771;30/12/16;17.95;18.07;17.81;18.055;2243150
FR0000127771;02/01/17;18.00;18.095;17.935;18.095;1384849
FR0000127771;03/01/17;18.145;18.245;18.02;18.11;2620262
FR0000127771;04/01/17;18.155;18.26;18.11;18.21;2366946
FR0000127771;05/01/17;18.225;18.38;18.175;18.24;2192128
FR0000127771;06/01/17;18.25;18.365;18.115;18.33;1944176
FR0000127771;09/01/17;18.315;18.33;18.105;18.275;1998120
FR0000127771;10/01/17;18.10;18.195;17.875;18.14;3532620
FR0000127771;11/01/17;18.155;18.20;17.99;18.05;3969473
FR0000127771;12/01/17;18.00;18.00;17.68;17.775;3727332
FR0000127771;13/01/17;17.77;18.335;17.655;18.27;5107358
FR0000127771;16/01/17;18.065;18.075;17.75;17.79;3709202
FR0000127771;17/01/17;17.685;17.78;17.53;17.65;3679424
FR0000127771;18/01/17;17.62;17.665;17.315;17.55;4054106
FR0000127771;19/01/17;17.30;17.64;17.215;17.625;4583865
FR0000127771;20/01/17;17.80;17.985;17.655;17.785;5120719
FR0000127771;23/01/17;17.71;18.015;17.605;17.735;3840337
FR0000127771;24/01/17;17.81;17.955;17.73;17.90;2691328
FR0000127771;25/01/17;17.71;17.82;17.50;17.51;5447805
FR0000127771;26/01/17;17.53;17.67;17.385;17.455;3102396
FR0000127771;27/01/17;17.435;17.475;17.25;17.29;2274630
FR0000127771;30/01/17;17.29;17.335;17.095;17.20;2395001
FR0000127771;31/01/17;17.245;17.315;16.94;16.94;3647152
FR0000127771;01/02/17;17.045;17.24;16.94;17.095;2718308
FR0000127771;02/02/17;17.11;17.165;17.02;17.02;2084386
FR0000127771;03/02/17;17.045;17.10;16.925;16.98;2919446
FR0000127771;06/02/17;16.925;17.045;16.85;16.95;3231565
FR0000127771;07/02/17;16.985;17.105;16.905;16.94;1991624
FR0000127771;08/02/17;16.915;17.00;16.875;16.945;2599170
FR0000127771;09/02/17;16.955;17.20;16.89;17.175;2581395
FR0000127771;10/02/17;17.16;17.165;16.99;17.07;2278032
FR0000127771;13/02/17;17.10;17.455;17.10;17.265;3374014
FR0000127771;14/02/17;17.155;17.30;17.13;17.13;3004458
FR0000127771;15/02/17;17.265;17.265;16.90;16.99;3275980
FR0000127771;16/02/17;17.075;17.075;16.905;16.98;2457492
FR0000127771;17/02/17;16.98;17.03;16.825;16.97;3469952
FR0000127771;20/02/17;17.10;17.10;16.835;16.835;2620644
FR0000127771;21/02/17;16.84;17.025;16.81;16.945;3433955
FR0000127771;22/02/17;16.985;17.13;16.88;17.02;3937341
FR0000127771;23/02/17;16.95;17.055;16.78;16.99;3536908
FR0000127771;24/02/17;16.385;16.61;15.96;16.32;9866573
FR0000127771;27/02/17;16.30;16.55;16.165;16.515;5483340
FR0000127771;28/02/17;16.57;16.81;16.495;16.655;6478191
FR0000127771;01/03/17;16.725;16.78;16.50;16.73;5373299
FR0000127771;02/03/17;16.47;16.755;16.47;16.68;4412323
FR0000127771;03/03/17;16.685;16.685;16.48;16.545;4436754
FR0000127771;06/03/17;16.405;16.645;16.33;16.565;3371642
FR0000127771;07/03/17;16.495;16.77;16.475;16.735;4606236
FR0000127771;08/03/17;16.615;16.895;16.565;16.825;4452374
FR0000127771;09/03/17;17.00;17.395;16.98;17.345;6574586
FR0000127771;10/03/17;17.33;17.485;17.265;17.325;3810611
FR0000127771;13/03/17;17.365;17.365;17.125;17.245;3066150
FR0000127771;14/03/17;17.245;17.275;16.985;17.09;2832919
FR0000127771;15/03/17;17.13;17.135;17.015;17.035;2323783
FR0000127771;16/03/17;17.115;17.145;16.90;16.98;2792564
FR0000127771;17/03/17;16.91;17.185;16.91;17.13;8304886
FR0000127771;20/03/17;17.11;17.215;17.075;17.17;2550044
FR0000127771;21/03/17;17.17;17.255;16.98;16.98;3100496
FR0000127771;22/03/17;17.00;17.00;16.875;16.93;2233225
FR0000127771;23/03/17;16.85;17.20;16.85;17.175;3146671
FR0000127771;24/03/17;17.135;17.205;17.045;17.165;2077580
FR0000127771;27/03/17;17.00;17.34;16.99;17.295;2762267
FR0000127771;28/03/17;17.35;17.485;17.325;17.41;2293384
FR0000127771;29/03/17;17.49;17.725;17.435;17.675;3343760
FR0000127771;30/03/17;17.70;17.72;17.50;17.63;2730172
FR0000127771;31/03/17;17.635;18.25;17.585;18.225;7015183
FR0000127771;03/04/17;18.13;18.255;17.855;17.94;3880493
FR0000127771;04/04/17;17.99;18.265;17.90;18.125;4536895
FR0000127771;05/04/17;18.09;18.16;17.955;18.105;2441097
FR0000127771;06/04/17;17.965;18.275;17.82;18.075;3375487
FR0000127771;07/04/17;18.005;18.115;17.905;18.075;2160851
FR0000127771;10/04/17;18.015;18.06;17.835;17.97;2563819
FR0000127771;11/04/17;17.87;17.975;17.745;17.81;3442739
FR0000127771;12/04/17;18.195;18.305;17.965;17.985;4252170
FR0000127771;13/04/17;17.92;18.065;17.92;18.00;2658566
FR0000127771;18/04/17;18.00;18.065;17.545;17.655;4673729
FR0000127771;19/04/17;17.575;17.64;17.355;17.47;3793838
FR0000127771;20/04/17;17.42;17.875;17.42;17.865;4360024
FR0000127771;21/04/17;17.87;17.91;17.565;17.66;4887667
FR0000127771;24/04/17;18.32;18.80;18.185;18.765;8045872
FR0000127771;25/04/17;18.80;19.235;18.51;18.67;6262527
FR0000127771;26/04/17;18.85;19.16;18.75;18.915;5383244
FR0000127771;27/04/17;18.90;18.90;18.585;18.585;4208140
FR0000127771;28/04/17;18.56;18.645;18.215;18.215;6246042
FR0000127771;02/05/17;17.91;18.145;17.895;17.965;6208110
FR0000127771;03/05/17;18.00;18.005;17.895;17.92;3461742
FR0000127771;04/05/17;18.00;18.325;17.945;18.30;5203143
FR0000127771;05/05/17;18.39;18.82;18.31;18.745;5251802
FR0000127771;08/05/17;18.86;18.89;18.655;18.70;3806460
FR0000127771;09/05/17;18.73;19.08;18.715;19.025;4046678
FR0000127771;10/05/17;18.845;18.995;18.74;18.75;3984950
FR0000127771;11/05/17;18.56;18.745;18.21;18.39;5169438
FR0000127771;12/05/17;19.01;19.68;18.98;19.25;9521133
FR0000127771;15/05/17;19.225;19.295;19.115;19.25;3597102
FR0000127771;16/05/17;19.22;19.305;19.025;19.155;3936635
FR0000127771;17/05/17;18.88;19.09;18.74;18.895;4841744
FR0000127771;18/05/17;18.775;18.905;18.54;18.77;4810405
FR0000127771;19/05/17;18.53;18.995;18.50;18.94;6088452
FR0000127771;22/05/17;18.79;19.21;18.79;19.045;3233929
FR0000127771;23/05/17;19.30;19.66;19.28;19.39;6577462
FR0000127771;24/05/17;19.21;19.475;19.085;19.145;5021317
FR0000127771;25/05/17;19.10;19.37;19.10;19.24;2433498
FR0000127771;26/05/17;19.12;19.67;19.12;19.58;3677518
FR0000127771;29/05/17;19.42;19.555;19.405;19.515;1213817
FR0000127771;30/05/17;19.315;19.44;19.28;19.39;2978117
FR0000127771;31/05/17;19.28;19.475;19.235;19.305;5485730
FR0000127771;01/06/17;19.33;19.86;19.285;19.685;4656836
FR0000127771;02/06/17;19.80;20.165;19.755;19.92;4060610
FR0000127771;05/06/17;19.895;19.955;19.775;19.90;1899020
FR0000127771;06/06/17;19.855;19.965;19.745;19.885;3391748
FR0000127771;07/06/17;19.90;20.645;19.90;20.315;8493510
FR0000127771;08/06/17;20.33;20.345;20.095;20.095;3690588
FR0000127771;09/06/17;20.10;20.24;19.88;20.05;3147809
FR0000127771;12/06/17;20.02;20.02;19.57;19.635;4060805
FR0000127771;13/06/17;19.635;19.84;19.635;19.745;3028033
FR0000127771;14/06/17;19.755;20.035;19.755;19.85;4362450
FR0000127771;15/06/17;19.785;20.145;19.615;20.145;5899416
FR0000127771;16/06/17;20.23;20.755;20.23;20.56;14068153
FR0000127771;19/06/17;20.68;20.785;20.505;20.545;2628023
FR0000127771;20/06/17;20.65;20.74;20.385;20.665;3689007
FR0000127771;21/06/17;20.58;20.62;20.355;20.57;3660250
FR0000127771;22/06/17;20.42;20.575;20.295;20.575;2637267
FR0000127771;23/06/17;20.595;20.77;20.505;20.595;3064474
FR0000127771;26/06/17;20.70;20.82;20.425;20.435;2770443
FR0000127771;27/06/17;20.39;20.405;20.08;20.23;2780547
FR0000127771;28/06/17;20.145;20.41;20.04;20.30;3439015
FR0000127771;29/06/17;20.345;20.345;19.675;19.675;5881661
FR0000127771;30/06/17;19.675;19.845;19.49;19.49;3860241
FR0000127771;03/07/17;19.58;19.885;19.565;19.72;2949934
FR0000127771;04/07/17;19.625;19.77;19.515;19.57;2190924
FR0000127771;05/07/17;19.525;19.635;19.395;19.615;2766486
FR0000127771;06/07/17;19.535;19.58;19.295;19.46;3492441
FR0000127771;07/07/17;19.52;19.67;19.36;19.55;2931637
FR0000127771;10/07/17;19.61;19.895;19.585;19.76;3646996
FR0000127771;11/07/17;19.745;19.905;19.64;19.835;2993072
FR0000127771;12/07/17;19.80;20.28;19.745;20.055;3695393
FR0000127771;13/07/17;20.00;20.05;19.66;19.705;3486039
FR0000127771;14/07/17;19.77;19.92;19.72;19.815;2620896
FR0000127771;17/07/17;19.815;19.91;19.505;19.605;3026622
FR0000127771;18/07/17;19.585;19.61;19.25;19.42;3313604
FR0000127771;19/07/17;19.465;19.875;19.42;19.80;3011582
FR0000127771;20/07/17;19.85;20.155;19.785;19.88;3290459
FR0000127771;21/07/17;19.815;19.85;19.47;19.585;4684430
FR0000127771;24/07/17;19.62;19.765;19.56;19.75;2433760
FR0000127771;25/07/17;19.70;20.11;19.70;20.00;3811947
FR0000127771;26/07/17;19.95;20.09;19.93;20.025;2242841
FR0000127771;27/07/17;19.895;20.135;19.86;20.105;2913584
FR0000127771;28/07/17;19.97;20.02;19.73;19.83;3389950
FR0000127771;31/07/17;19.735;19.815;19.49;19.57;4771127
FR0000127771;01/08/17;19.84;20.195;19.565;20.125;4100945
FR0000127771;02/08/17;20.095;20.37;19.96;20.015;4444661
FR0000127771;03/08/17;20.025;20.185;19.86;20.115;2382636
FR0000127771;04/08/17;20.02;20.36;19.98;20.26;2304249
FR0000127771;07/08/17;20.25;20.26;19.975;19.985;2642624
FR0000127771;08/08/17;19.945;20.06;19.83;19.925;2011655
FR0000127771;09/08/17;19.74;19.74;19.125;19.35;6081343
FR0000127771;10/08/17;19.355;19.375;19.175;19.24;2774566
FR0000127771;11/08/17;19.14;19.17;18.88;18.975;3461822
FR0000127771;14/08/17;19.10;19.295;19.015;19.21;2324573
FR0000127771;15/08/17;19.245;19.335;19.145;19.165;1737512
FR0000127771;16/08/17;19.32;19.38;19.16;19.175;2313271
FR0000127771;17/08/17;19.115;19.235;18.995;19.07;3057750
FR0000127771;18/08/17;18.92;18.98;18.775;18.945;3021643
FR0000127771;21/08/17;18.88;18.945;18.65;18.72;2678748
FR0000127771;22/08/17;18.805;19.11;18.74;19.07;3778524
FR0000127771;23/08/17;19.13;19.16;18.995;19.075;3563500
FR0000127771;24/08/17;19.055;19.065;18.84;18.945;3242807
FR0000127771;25/08/17;18.98;19.625;18.96;19.38;4591997
FR0000127771;28/08/17;19.195;19.195;18.82;18.825;3427895
FR0000127771;29/08/17;18.72;18.95;18.395;18.89;4638672
FR0000127771;30/08/17;19.035;19.46;19.035;19.37;5199929
FR0000127771;31/08/17;19.305;19.465;19.15;19.275;3768870
FR0000127771;01/09/17;20.60;20.70;20.02;20.28;8559474
FR0000127771;04/09/17;20.065;20.235;20.03;20.10;2250835
FR0000127771;05/09/17;20.095;20.29;19.985;20.155;3095238
FR0000127771;06/09/17;20.08;20.21;20.015;20.115;2181925
FR0000127771;07/09/17;20.185;20.185;19.92;19.985;4038684
FR0000127771;08/09/17;19.865;20.025;19.82;19.94;1933282
FR0000127771;11/09/17;20.20;20.45;20.16;20.42;3623408
FR0000127771;12/09/17;20.475;20.67;20.32;20.66;3825778
FR0000127771;13/09/17;20.78;21.26;20.78;21.235;6682565
FR0000127771;14/09/17;21.035;21.22;20.97;21.025;4529666
FR0000127771;15/09/17;21.005;21.115;20.895;20.98;6069826
FR0000127771;18/09/17;21.00;21.09;20.84;20.895;1866430
FR0000127771;19/09/17;21.065;21.175;21.005;21.17;3193444
